Version	1.08	gmtime	1440675019
index	timestamp	eyeroihoriz	eyeroivert	eyeroizoomx	eyeroizoomy	blendmode	blendfactor	onlinecalib	eye_valid	eye_x	eye_y	eye_w	eye_h	eye_a	field_x	field_y	displaymode	displayeyedetection	event
7799	10554700	0	0	0	0	1	128	0	1	400	256	58	61	3501	0	0	0	1	
7800	10554734	0	0	0	0	1	128	0	1	400	254	58	59	3426	0	0	0	1	
7801	10554767	0	0	0	0	1	128	0	1	400	254	58	61	3509	0	0	0	1	
7802	10554800	0	0	0	0	1	128	0	1	400	254	58	61	3544	0	0	0	1	
7803	10554834	0	0	0	0	1	128	0	1	400	254	58	62	3584	0	0	0	1	
7804	10554867	0	0	0	0	1	128	0	1	400	252	58	62	3588	0	0	0	1	
7805	10554900	0	0	0	0	1	128	0	1	400	252	58	62	3615	0	0	0	1	
7806	10554934	0	0	0	0	1	128	0	1	400	252	59	63	3667	0	0	0	1	
7807	10554967	0	0	0	0	1	128	0	1	400	252	59	63	3700	0	0	0	1	
7808	10555001	0	0	0	0	1	128	0	1	404	250	59	63	3707	0	0	0	1	
7809	10555034	0	0	0	0	1	128	0	1	406	250	59	63	3711	0	0	0	1	
7810	10555067	0	0	0	0	1	128	0	1	406	248	59	63	3709	0	0	0	1	
7811	10555101	0	0	0	0	1	128	0	1	406	248	59	63	3688	0	0	0	1	
7812	10555134	0	0	0	0	1	128	0	1	408	248	59	62	3672	0	0	0	1	
7813	10555167	0	0	0	0	1	128	0	1	408	248	58	62	3633	0	0	0	1	
7814	10555201	0	0	0	0	1	128	0	1	408	248	58	62	3611	0	0	0	1	
7815	10555234	0	0	0	0	1	128	0	1	408	248	58	62	3595	0	0	0	1	
7816	10555268	0	0	0	0	1	128	0	1	408	248	58	62	3573	0	0	0	1	
7817	10555301	0	0	0	0	1	128	0	1	408	248	58	61	3547	0	0	0	1	
7818	10555334	0	0	0	0	1	128	0	1	408	248	58	61	3523	0	0	0	1	
7819	10555368	0	0	0	0	1	128	0	1	408	248	57	61	3496	0	0	0	1	
7820	10555401	0	0	0	0	1	128	0	1	408	246	57	61	3463	0	0	0	1	
7821	10555434	0	0	0	0	1	128	0	1	408	246	57	61	3455	0	0	0	1	
7822	10555468	0	0	0	0	1	128	0	1	408	246	57	61	3453	0	0	0	1	
7823	10555501	0	0	0	0	1	128	0	1	408	246	57	61	3435	0	0	0	1	
7824	10555534	0	0	0	0	1	128	0	1	408	246	57	61	3436	0	0	0	1	
7825	10555568	0	0	0	0	1	128	0	1	408	248	57	61	3434	0	0	0	1	
7826	10555601	0	0	0	0	1	128	0	1	400	248	57	60	3449	0	0	0	1	
7827	10555635	0	0	0	0	1	128	0	1	400	248	57	60	3447	0	0	0	1	
7828	10555668	0	0	0	0	1	128	0	1	400	248	57	60	3443	0	0	0	1	
7829	10555701	0	0	0	0	1	128	0	1	400	248	57	60	3424	0	0	0	1	
7830	10555735	0	0	0	0	1	128	0	1	400	248	57	60	3403	0	0	0	1	
7831	10555768	0	0	0	0	1	128	0	1	400	248	56	60	3375	0	0	0	1	
7832	10555801	0	0	0	0	1	128	0	1	400	248	56	60	3358	0	0	0	1	
7833	10555835	0	0	0	0	1	128	0	1	400	248	56	59	3350	0	0	0	1	
7834	10555868	0	0	0	0	1	128	0	1	400	248	56	59	3338	0	0	0	1	
7835	10555902	0	0	0	0	1	128	0	1	400	248	56	59	3328	0	0	0	1	
7836	10555935	0	0	0	0	1	128	0	1	400	248	56	59	3310	0	0	0	1	
7837	10555968	0	0	0	0	1	128	0	1	398	250	56	59	3320	0	0	0	1	
7838	10556002	0	0	0	0	1	128	0	1	398	250	56	59	3321	0	0	0	1	
7839	10556035	0	0	0	0	1	128	0	1	398	250	56	59	3309	0	0	0	1	
7840	10556068	0	0	0	0	1	128	0	1	398	250	56	59	3296	0	0	0	1	
7841	10556102	0	0	0	0	1	128	0	1	398	250	56	59	3269	0	0	0	1	
7842	10556135	0	0	0	0	1	128	0	1	388	252	57	58	3263	0	0	0	1	
7843	10556168	0	0	0	0	1	128	0	1	388	254	56	58	3248	0	0	0	1	
7844	10556202	0	0	0	0	1	128	0	1	388	254	56	58	3227	0	0	0	1	
7845	10556235	0	0	0	0	1	128	0	1	388	252	56	57	3215	0	0	0	1	
7846	10556269	0	0	0	0	1	128	0	1	388	252	56	57	3201	0	0	0	1	
7847	10556302	0	0	0	0	1	128	0	1	388	252	56	57	3196	0	0	0	1	
7848	10556335	0	0	0	0	1	128	0	1	406	248	54	58	3112	0	0	0	1	
7849	10556369	0	0	0	0	1	128	0	1	406	248	54	57	3108	0	0	0	1	
7850	10556402	0	0	0	0	1	128	0	1	406	248	54	57	3106	0	0	0	1	
7851	10556435	0	0	0	0	1	128	0	1	406	248	54	57	3107	0	0	0	1	
7852	10556469	0	0	0	0	1	128	0	1	406	248	54	57	3107	0	0	0	1	
7853	10556502	0	0	0	0	1	128	0	1	406	248	54	57	3102	0	0	0	1	
7854	10556535	0	0	0	0	1	128	0	1	406	252	54	56	3030	0	0	0	1	
7855	10556569	0	0	0	0	1	128	0	0	0	0	0	0	0	0	0	0	1	
7856	10556602	0	0	0	0	1	128	0	0	0	0	0	0	0	0	0	0	1	
7857	10556636	0	0	0	0	1	128	0	0	0	0	0	0	0	0	0	0	1	
7858	10556669	0	0	0	0	1	128	0	0	0	0	0	0	0	0	0	0	1	
7859	10556702	0	0	0	0	1	128	0	1	408	240	36	47	1706	0	0	0	1	
7860	10556736	0	0	0	0	1	128	0	1	400	248	46	53	2439	0	0	0	1	
7861	10556769	0	0	0	0	1	128	0	1	402	256	54	57	3113	0	0	0	1	
7862	10556802	0	0	0	0	1	128	0	1	402	256	55	58	3163	0	0	0	1	
7863	10556836	0	0	0	0	1	128	0	1	402	254	55	58	3180	0	0	0	1	
7864	10556869	0	0	0	0	1	128	0	1	402	254	55	58	3208	0	0	0	1	
7865	10556903	0	0	0	0	1	128	0	1	402	254	55	58	3230	0	0	0	1	
7866	10556936	0	0	0	0	1	128	0	1	402	252	56	59	3253	0	0	0	1	
7867	10556969	0	0	0	0	1	128	0	1	388	238	60	82	4905	0	0	0	1	
7868	10557003	0	0	0	0	1	128	0	0	0	0	0	0	0	0	0	0	1	
7869	10557036	0	0	0	0	1	128	0	1	336	332	51	58	2998	0	0	0	1	
7870	10557069	0	0	0	0	1	128	0	1	336	330	52	59	3045	0	0	0	1	
7871	10557103	0	0	0	0	1	128	0	1	336	330	52	59	3061	0	0	0	1	
7872	10557136	0	0	0	0	1	128	0	1	334	332	52	59	3064	0	0	0	1	
7873	10557170	0	0	0	0	1	128	0	1	334	332	52	59	3047	0	0	0	1	
7874	10557203	0	0	0	0	1	128	0	1	334	332	52	59	3029	0	0	0	1	
7875	10557236	0	0	0	0	1	128	0	1	334	332	51	58	2999	0	0	0	1	
7876	10557270	0	0	0	0	1	128	0	1	330	332	51	58	2968	0	0	0	1	
7877	10557303	0	0	0	0	1	128	0	1	330	334	51	57	2913	0	0	0	1	
7878	10557336	0	0	0	0	1	128	0	1	330	334	51	57	2880	0	0	0	1	
7879	10557370	0	0	0	0	1	128	0	1	330	334	50	57	2843	0	0	0	1	
7880	10557403	0	0	0	0	1	128	0	1	330	334	50	56	2810	0	0	0	1	
7881	10557436	0	0	0	0	1	128	0	1	330	334	50	56	2797	0	0	0	1	
7882	10557470	0	0	0	0	1	128	0	1	330	334	50	56	2780	0	0	0	1	
7883	10557503	0	0	0	0	1	128	0	1	330	334	49	56	2776	0	0	0	1	
7884	10557536	0	0	0	0	1	128	0	0	0	0	0	0	0	0	0	0	1	
7885	10557570	0	0	0	0	1	128	0	0	0	0	0	0	0	0	0	0	1	
7886	10557603	0	0	0	0	1	128	0	1	470	294	43	55	2331	0	0	0	1	
7887	10557637	0	0	0	0	1	128	0	1	470	294	43	55	2334	0	0	0	1	
7888	10557670	0	0	0	0	1	128	0	1	470	294	43	54	2323	0	0	0	1	
7889	10557703	0	0	0	0	1	128	0	1	470	294	42	54	2309	0	0	0	1	
7890	10557737	0	0	0	0	1	128	0	1	474	294	42	55	2302	0	0	0	1	
7891	10557770	0	0	0	0	1	128	0	1	480	290	42	54	2267	0	0	0	1	
7892	10557804	0	0	0	0	1	128	0	1	480	290	41	55	2265	0	0	0	1	
7893	10557837	0	0	0	0	1	128	0	1	480	290	42	55	2286	0	0	0	1	
7894	10557870	0	0	0	0	1	128	0	1	480	290	42	55	2314	0	0	0	1	
7895	10557904	0	0	0	0	1	128	0	1	480	290	42	55	2340	0	0	0	1	
7896	10557937	0	0	0	0	1	128	0	1	480	290	43	56	2390	0	0	0	1	
7897	10557970	0	0	0	0	1	128	0	1	478	290	43	56	2424	0	0	0	1	
7898	10558004	0	0	0	0	1	128	0	1	478	290	44	57	2470	0	0	0	1	
7899	10558037	0	0	0	0	1	128	0	1	478	290	44	57	2528	0	0	0	1	
7900	10558070	0	0	0	0	1	128	0	1	478	290	45	58	2586	0	0	0	1	
7901	10558104	0	0	0	0	1	128	0	1	476	278	47	58	2721	0	0	0	1	
7902	10558137	0	0	0	0	1	128	0	1	474	254	49	60	2933	0	0	0	1	
7903	10558171	0	0	0	0	1	128	0	1	472	252	50	60	2969	0	0	0	1	
7904	10558204	0	0	0	0	1	128	0	1	470	252	50	60	2990	0	0	0	1	
7905	10558237	0	0	0	0	1	128	0	1	468	250	50	60	3039	0	0	0	1	
7906	10558271	0	0	0	0	1	128	0	1	468	180	57	70	3986	0	0	0	1	
7907	10558304	0	0	0	0	1	128	0	1	450	176	53	62	3318	0	0	0	1	
7908	10558337	0	0	0	0	1	128	0	1	448	174	53	62	3324	0	0	0	1	
7909	10558371	0	0	0	0	1	128	0	1	448	174	53	63	3335	0	0	0	1	
7910	10558404	0	0	0	0	1	128	0	1	448	174	53	62	3323	0	0	0	1	
7911	10558437	0	0	0	0	1	128	0	1	446	174	53	62	3319	0	0	0	1	
7912	10558471	0	0	0	0	1	128	0	1	450	168	52	62	3226	0	0	0	1	
7913	10558504	0	0	0	0	1	128	0	1	450	168	52	62	3272	0	0	0	1	
7914	10558538	0	0	0	0	1	128	0	1	450	168	52	62	3273	0	0	0	1	
7915	10558571	0	0	0	0	1	128	0	1	450	168	52	62	3272	0	0	0	1	
7916	10558604	0	0	0	0	1	128	0	1	450	168	52	63	3280	0	0	0	1	
7917	10558638	0	0	0	0	1	128	0	1	450	168	52	63	3287	0	0	0	1	
7918	10558671	0	0	0	0	1	128	0	1	450	168	52	63	3286	0	0	0	1	
7919	10558704	0	0	0	0	1	128	0	1	450	168	52	63	3287	0	0	0	1	
7920	10558738	0	0	0	0	1	128	0	1	450	168	52	63	3281	0	0	0	1	
7921	10558771	0	0	0	0	1	128	0	1	450	168	52	62	3262	0	0	0	1	
7922	10558805	0	0	0	0	1	128	0	1	450	168	52	62	3237	0	0	0	1	
7923	10558838	0	0	0	0	1	128	0	0	0	0	0	0	0	0	0	0	1	
7924	10558871	0	0	0	0	1	128	0	0	0	0	0	0	0	0	0	0	1	
7925	10558905	0	0	0	0	1	128	0	1	472	280	47	56	2657	0	0	0	1	
7926	10558938	0	0	0	0	1	128	0	1	474	286	46	57	2627	0	0	0	1	
7927	10558971	0	0	0	0	1	128	0	1	474	288	45	57	2585	0	0	0	1	
7928	10559005	0	0	0	0	1	128	0	1	474	288	45	57	2557	0	0	0	1	
7929	10559038	0	0	0	0	1	128	0	1	474	288	45	57	2535	0	0	0	1	
7930	10559071	0	0	0	0	1	128	0	1	474	288	45	57	2521	0	0	0	1	
7931	10559105	0	0	0	0	1	128	0	1	480	288	43	56	2437	0	0	0	1	
7932	10559138	0	0	0	0	1	128	0	1	480	288	43	56	2442	0	0	0	1	
7933	10559172	0	0	0	0	1	128	0	1	480	288	43	56	2423	0	0	0	1	
7934	10559205	0	0	0	0	1	128	0	1	480	288	43	56	2413	0	0	0	1	
7935	10559238	0	0	0	0	1	128	0	1	480	288	43	56	2414	0	0	0	1	
7936	10559272	0	0	0	0	1	128	0	1	480	288	43	56	2431	0	0	0	1	
7937	10559305	0	0	0	0	1	128	0	1	474	288	44	55	2433	0	0	0	1	
7938	10559338	0	0	0	0	1	128	0	0	0	0	0	0	0	0	0	0	1	
7939	10559372	0	0	0	0	1	128	0	1	348	326	50	55	2762	0	0	0	1	
7940	10559405	0	0	0	0	1	128	0	1	344	328	51	57	2887	0	0	0	1	
7941	10559439	0	0	0	0	1	128	0	1	344	328	51	57	2921	0	0	0	1	
7942	10559472	0	0	0	0	1	128	0	1	344	328	52	57	2957	0	0	0	1	
7943	10559505	0	0	0	0	1	128	0	1	342	330	52	58	2990	0	0	0	1	
7944	10559539	0	0	0	0	1	128	0	1	328	328	52	59	3058	0	0	0	1	
7945	10559572	0	0	0	0	1	128	0	1	328	328	53	58	3076	0	0	0	1	
7946	10559605	0	0	0	0	1	128	0	1	328	328	53	58	3066	0	0	0	1	
7947	10559639	0	0	0	0	1	128	0	1	326	328	53	58	3044	0	0	0	1	
7948	10559672	0	0	0	0	1	128	0	1	326	328	52	58	3026	0	0	0	1	
7949	10559705	0	0	0	0	1	128	0	1	326	328	52	58	3004	0	0	0	1	
7950	10559739	0	0	0	0	1	128	0	1	326	328	52	58	2975	0	0	0	1	
7951	10559772	0	0	0	0	1	128	0	1	326	328	51	57	2943	0	0	0	1	
7952	10559806	0	0	0	0	1	128	0	1	326	328	51	57	2924	0	0	0	1	
7953	10559839	0	0	0	0	1	128	0	1	326	328	51	57	2901	0	0	0	1	
7954	10559872	0	0	0	0	1	128	0	1	312	296	151	180	27243	0	0	0	1	
7955	10559906	0	0	0	0	1	128	0	1	314	252	55	57	3139	0	0	0	1	
7956	10559939	0	0	0	0	1	128	0	1	310	216	56	60	3339	0	0	0	1	
7957	10559972	0	0	0	0	1	128	0	1	312	208	56	59	3289	0	0	0	1	
7958	10560006	0	0	0	0	1	128	0	1	310	208	56	59	3285	0	0	0	1	
7959	10560039	0	0	0	0	1	128	0	1	308	208	56	59	3282	0	0	0	1	
7960	10560073	0	0	0	0	1	128	0	1	308	208	56	59	3270	0	0	0	1	
7961	10560106	0	0	0	0	1	128	0	1	306	208	56	59	3250	0	0	0	1	
7962	10560139	0	0	0	0	1	128	0	1	306	208	56	58	3238	0	0	0	1	
7963	10560173	0	0	0	0	1	128	0	1	302	200	55	58	3242	0	0	0	1	
7964	10560206	0	0	0	0	1	128	0	1	302	202	55	58	3208	0	0	0	1	
7965	10560239	0	0	0	0	1	128	0	1	300	202	55	58	3194	0	0	0	1	
7966	10560273	0	0	0	0	1	128	0	1	300	202	55	58	3187	0	0	0	1	
7967	10560306	0	0	0	0	1	128	0	1	300	202	55	58	3190	0	0	0	1	
7968	10560339	0	0	0	0	1	128	0	1	300	202	55	58	3207	0	0	0	1	
7969	10560373	0	0	0	0	1	128	0	1	300	202	55	58	3215	0	0	0	1	
7970	10560406	0	0	0	0	1	128	0	1	300	202	55	58	3222	0	0	0	1	
7971	10560440	0	0	0	0	1	128	0	1	300	202	56	58	3225	0	0	0	1	
7972	10560473	0	0	0	0	1	128	0	1	300	202	56	58	3235	0	0	0	1	
7973	10560506	0	0	0	0	1	128	0	0	0	0	0	0	0	0	0	0	1	
7974	10560540	0	0	0	0	1	128	0	1	414	184	51	63	3227	0	0	0	1	
7975	10560573	0	0	0	0	1	128	0	1	442	172	49	56	2738	0	0	0	1	
7976	10560606	0	0	0	0	1	128	0	1	444	172	49	56	2737	0	0	0	1	
7977	10560640	0	0	0	0	1	128	0	1	444	172	48	56	2717	0	0	0	1	
7978	10560673	0	0	0	0	1	128	0	1	446	172	48	57	2705	0	0	0	1	
7979	10560707	0	0	0	0	1	128	0	1	446	172	48	56	2708	0	0	0	1	
7980	10560740	0	0	0	0	1	128	0	1	446	172	48	57	2726	0	0	0	1	
7981	10560773	0	0	0	0	1	128	0	1	446	172	48	57	2737	0	0	0	1	
7982	10560807	0	0	0	0	1	128	0	1	446	172	49	57	2755	0	0	0	1	
7983	10560840	0	0	0	0	1	128	0	1	446	172	49	57	2757	0	0	0	1	
7984	10560873	0	0	0	0	1	128	0	1	446	172	49	57	2790	0	0	0	1	
7985	10560907	0	0	0	0	1	128	0	1	446	172	49	57	2826	0	0	0	1	
7986	10560940	0	0	0	0	1	128	0	1	446	172	50	57	2846	0	0	0	1	
7987	10560973	0	0	0	0	1	128	0	1	446	172	50	58	2869	0	0	0	1	
7988	10561007	0	0	0	0	1	128	0	1	446	172	50	58	2898	0	0	0	1	
7989	10561040	0	0	0	0	1	128	0	1	444	172	50	58	2914	0	0	0	1	
7990	10561074	0	0	0	0	1	128	0	0	0	0	0	0	0	0	0	0	1	
7991	10561107	0	0	0	0	1	128	0	0	0	0	0	0	0	0	0	0	1	
7992	10561140	0	0	0	0	1	128	0	1	308	196	57	59	3404	0	0	0	1	
7993	10561174	0	0	0	0	1	128	0	1	310	196	57	60	3420	0	0	0	1	
7994	10561207	0	0	0	0	1	128	0	1	308	196	58	60	3458	0	0	0	1	
7995	10561240	0	0	0	0	1	128	0	1	308	196	58	60	3487	0	0	0	1	
7996	10561274	0	0	0	0	1	128	0	1	298	200	58	60	3494	0	0	0	1	
7997	10561307	0	0	0	0	1	128	0	1	298	200	58	61	3531	0	0	0	1	
7998	10561340	0	0	0	0	1	128	0	1	298	200	58	61	3544	0	0	0	1	
7999	10561374	0	0	0	0	1	128	0	1	298	200	58	61	3530	0	0	0	1	
8000	10561407	0	0	0	0	1	128	0	1	296	200	58	60	3511	0	0	0	1	
8001	10561441	0	0	0	0	1	128	0	1	296	200	58	60	3483	0	0	0	1	
8002	10561474	0	0	0	0	1	128	0	1	296	200	58	60	3446	0	0	0	1	
8003	10561507	0	0	0	0	1	128	0	1	296	200	57	60	3417	0	0	0	1	
8004	10561541	0	0	0	0	1	128	0	1	296	200	57	60	3405	0	0	0	1	
8005	10561574	0	0	0	0	1	128	0	1	296	200	57	60	3406	0	0	0	1	
8006	10561607	0	0	0	0	1	128	0	1	300	214	50	58	2939	0	0	0	1	
8007	10561641	0	0	0	0	1	128	0	0	0	0	0	0	0	0	0	0	1	
8008	10561674	0	0	0	0	1	128	0	1	324	310	49	56	2750	0	0	0	1	
8009	10561708	0	0	0	0	1	128	0	1	330	326	50	57	2852	0	0	0	1	
8010	10561741	0	0	0	0	1	128	0	1	330	326	51	57	2876	0	0	0	1	
8011	10561774	0	0	0	0	1	128	0	1	330	326	51	57	2887	0	0	0	1	
8012	10561808	0	0	0	0	1	128	0	1	330	326	51	57	2879	0	0	0	1	
8013	10561841	0	0	0	0	1	128	0	1	330	326	51	57	2881	0	0	0	1	
8014	10561874	0	0	0	0	1	128	0	1	350	320	50	52	2624	0	0	0	1	
8015	10561908	0	0	0	0	1	128	0	1	356	316	51	56	2866	0	0	0	1	
8016	10561941	0	0	0	0	1	128	0	1	358	316	51	56	2847	0	0	0	1	
8017	10561974	0	0	0	0	1	128	0	1	358	316	51	56	2849	0	0	0	1	
8018	10562008	0	0	0	0	1	128	0	1	394	246	54	57	3102	0	0	0	1	
8019	10562041	0	0	0	0	1	128	0	1	396	242	55	57	3115	0	0	0	1	
8020	10562075	0	0	0	0	1	128	0	1	396	242	55	57	3174	0	0	0	1	
8021	10562108	0	0	0	0	1	128	0	1	394	242	56	58	3220	0	0	0	1	
8022	10562141	0	0	0	0	1	128	0	1	394	242	57	58	3307	0	0	0	1	
8023	10562175	0	0	0	0	1	128	0	1	396	242	57	59	3359	0	0	0	1	
8024	10562208	0	0	0	0	1	128	0	1	398	246	57	60	3396	0	0	0	1	
8025	10562241	0	0	0	0	1	128	0	1	398	246	57	60	3452	0	0	0	1	
8026	10562275	0	0	0	0	1	128	0	1	398	246	58	61	3508	0	0	0	1	
8027	10562308	0	0	0	0	1	128	0	1	398	246	58	61	3551	0	0	0	1	
8028	10562341	0	0	0	0	1	128	0	1	398	246	58	62	3580	0	0	0	1	
8029	10562375	0	0	0	0	1	128	0	1	398	246	58	62	3588	0	0	0	1	
8030	10562408	0	0	0	0	1	128	0	1	398	246	58	62	3585	0	0	0	1	
8031	10562442	0	0	0	0	1	128	0	1	398	246	58	61	3563	0	0	0	1	
8032	10562475	0	0	0	0	1	128	0	1	398	246	58	61	3536	0	0	0	1	
8033	10562508	0	0	0	0	1	128	0	1	398	246	58	61	3513	0	0	0	1	
8034	10562542	0	0	0	0	1	128	0	1	398	246	57	61	3477	0	0	0	1	
8035	10562575	0	0	0	0	1	128	0	1	398	246	57	61	3459	0	0	0	1	
8036	10562608	0	0	0	0	1	128	0	1	398	246	57	60	3437	0	0	0	1	
8037	10562642	0	0	0	0	1	128	0	1	398	246	57	60	3418	0	0	0	1	
8038	10562675	0	0	0	0	1	128	0	1	398	246	57	60	3418	0	0	0	1	
8039	10562709	0	0	0	0	1	128	0	1	398	246	57	60	3409	0	0	0	1	
8040	10562742	0	0	0	0	1	128	0	1	398	246	57	60	3408	0	0	0	1	
8041	10562775	0	0	0	0	1	128	0	1	398	246	57	60	3412	0	0	0	1	
8042	10562809	0	0	0	0	1	128	0	1	398	246	57	60	3412	0	0	0	1	
8043	10562842	0	0	0	0	1	128	0	1	398	246	57	60	3421	0	0	0	1	
8044	10562875	0	0	0	0	1	128	0	1	398	246	57	60	3428	0	0	0	1	
8045	10562909	0	0	0	0	1	128	0	1	398	246	57	60	3440	0	0	0	1	
8046	10562942	0	0	0	0	1	128	0	1	396	246	57	61	3469	0	0	0	1	
8047	10562975	0	0	0	0	1	128	0	1	398	246	57	61	3489	0	0	0	1	
8048	10563009	0	0	0	0	1	128	0	1	398	246	58	61	3506	0	0	0	1	
8049	10563042	0	0	0	0	1	128	0	1	396	246	58	61	3520	0	0	0	1	
8050	10563076	0	0	0	0	1	128	0	1	396	246	58	61	3520	0	0	0	1	
8051	10563109	0	0	0	0	1	128	0	1	396	246	58	61	3515	0	0	0	1	
8052	10563142	0	0	0	0	1	128	0	1	398	246	58	61	3518	0	0	0	1	
8053	10563176	0	0	0	0	1	128	0	1	396	246	57	61	3511	0	0	0	1	
8054	10563209	0	0	0	0	1	128	0	1	396	246	57	61	3496	0	0	0	1	
8055	10563242	0	0	0	0	1	128	0	1	396	246	57	61	3479	0	0	0	1	
8056	10563276	0	0	0	0	1	128	0	1	396	246	57	61	3462	0	0	0	1	
8057	10563309	0	0	0	0	1	128	0	1	396	246	57	60	3450	0	0	0	1	
8058	10563343	0	0	0	0	1	128	0	1	398	246	57	60	3425	0	0	0	1	
8059	10563376	0	0	0	0	1	128	0	1	396	246	57	60	3418	0	0	0	1	
8060	10563409	0	0	0	0	1	128	0	1	398	246	57	60	3405	0	0	0	1	
8061	10563443	0	0	0	0	1	128	0	1	398	246	57	60	3404	0	0	0	1	
8062	10563476	0	0	0	0	1	128	0	1	398	246	57	60	3388	0	0	0	1	
8063	10563509	0	0	0	0	1	128	0	1	398	246	56	60	3366	0	0	0	1	
8064	10563543	0	0	0	0	1	128	0	1	398	246	56	59	3356	0	0	0	1	
8065	10563576	0	0	0	0	1	128	0	1	398	246	56	59	3342	0	0	0	1	
8066	10563610	0	0	0	0	1	128	0	1	398	246	56	59	3329	0	0	0	1	
8067	10563643	0	0	0	0	1	128	0	1	398	246	56	59	3308	0	0	0	1	
8068	10563676	0	0	0	0	1	128	0	1	398	246	56	59	3283	0	0	0	1	
8069	10563710	0	0	0	0	1	128	0	1	398	246	56	58	3260	0	0	0	1	
8070	10563743	0	0	0	0	1	128	0	1	398	248	55	58	3190	0	0	0	1	
8071	10563776	0	0	0	0	1	128	0	1	416	292	50	56	2770	0	0	0	1	
8072	10563810	0	0	0	0	1	128	0	1	418	296	51	56	2845	0	0	0	1	
8073	10563843	0	0	0	0	1	128	0	1	418	296	50	56	2833	0	0	0	1	
8074	10563877	0	0	0	0	1	128	0	1	418	296	50	56	2817	0	0	0	1	
8075	10563910	0	0	0	0	1	128	0	1	416	296	50	56	2804	0	0	0	1	
8076	10563943	0	0	0	0	1	128	0	1	416	296	50	56	2782	0	0	0	1	
8077	10563977	0	0	0	0	1	128	0	1	416	296	50	56	2775	0	0	0	1	
8078	10564010	0	0	0	0	1	128	0	1	416	296	50	56	2783	0	0	0	1	
8079	10564043	0	0	0	0	1	128	0	1	416	296	50	56	2794	0	0	0	1	
8080	10564077	0	0	0	0	1	128	0	1	416	296	50	56	2816	0	0	0	1	
8081	10564110	0	0	0	0	1	128	0	1	416	296	50	57	2860	0	0	0	1	
8082	10564143	0	0	0	0	1	128	0	1	416	296	51	57	2913	0	0	0	1	
8083	10564177	0	0	0	0	1	128	0	1	416	296	51	57	2951	0	0	0	1	
8084	10564210	0	0	0	0	1	128	0	1	416	296	52	58	3009	0	0	0	1	
8085	10564244	0	0	0	0	1	128	0	1	416	296	52	59	3060	0	0	0	1	
8086	10564277	0	0	0	0	1	128	0	1	414	296	53	59	3104	0	0	0	1	
8087	10564310	0	0	0	0	1	128	0	1	414	296	53	59	3126	0	0	0	1	
8088	10564344	0	0	0	0	1	128	0	1	414	296	53	59	3156	0	0	0	1	
8089	10564377	0	0	0	0	1	128	0	1	414	296	53	60	3182	0	0	0	1	
8090	10564410	0	0	0	0	1	128	0	1	414	296	53	60	3190	0	0	0	1	
8091	10564444	0	0	0	0	1	128	0	1	418	252	56	60	3395	0	0	0	1	
8092	10564477	0	0	0	0	1	128	0	1	414	240	57	60	3428	0	0	0	1	
8093	10564510	0	0	0	0	1	128	0	1	412	240	57	60	3440	0	0	0	1	
8094	10564544	0	0	0	0	1	128	0	1	410	240	57	60	3438	0	0	0	1	
8095	10564577	0	0	0	0	1	128	0	1	410	240	57	60	3437	0	0	0	1	
8096	10564611	0	0	0	0	1	128	0	1	410	240	57	60	3435	0	0	0	1	
8097	10564644	0	0	0	0	1	128	0	1	410	240	57	60	3433	0	0	0	1	
8098	10564677	0	0	0	0	1	128	0	1	408	242	57	59	3395	0	0	0	1	
8099	10564711	0	0	0	0	1	128	0	1	408	244	57	60	3401	0	0	0	1	
8100	10564744	0	0	0	0	1	128	0	1	408	244	57	59	3375	0	0	0	1	
8101	10564777	0	0	0	0	1	128	0	1	408	244	57	59	3355	0	0	0	1	
8102	10564811	0	0	0	0	1	128	0	1	408	244	57	59	3318	0	0	0	1	
8103	10564844	0	0	0	0	1	128	0	1	408	244	56	58	3285	0	0	0	1	
8104	10564878	0	0	0	0	1	128	0	1	408	244	56	58	3248	0	0	0	1	
8105	10564911	0	0	0	0	1	128	0	1	408	244	56	58	3212	0	0	0	1	
8106	10564944	0	0	0	0	1	128	0	1	406	244	55	58	3185	0	0	0	1	
8107	10564978	0	0	0	0	1	128	0	1	408	244	55	57	3163	0	0	0	1	
8108	10565011	0	0	0	0	1	128	0	1	408	244	55	57	3138	0	0	0	1	
8109	10565044	0	0	0	0	1	128	0	1	408	244	55	57	3116	0	0	0	1	
8110	10565078	0	0	0	0	1	128	0	1	408	244	54	57	3090	0	0	0	1	
8111	10565111	0	0	0	0	1	128	0	1	408	246	54	57	3075	0	0	0	1	
8112	10565144	0	0	0	0	1	128	0	1	408	246	54	57	3048	0	0	0	1	
8113	10565178	0	0	0	0	1	128	0	1	408	246	54	57	3033	0	0	0	1	
8114	10565211	0	0	0	0	1	128	0	0	0	0	0	0	0	0	0	0	1	
8115	10565245	0	0	0	0	1	128	0	1	336	278	54	56	3029	0	0	0	1	
8116	10565278	0	0	0	0	1	128	0	1	338	278	55	56	3070	0	0	0	1	
8117	10565311	0	0	0	0	1	128	0	1	336	278	55	56	3069	0	0	0	1	
8118	10565345	0	0	0	0	1	128	0	1	336	278	55	56	3080	0	0	0	1	
8119	10565378	0	0	0	0	1	128	0	1	336	278	55	56	3072	0	0	0	1	
8120	10565411	0	0	0	0	1	128	0	1	336	276	55	56	3123	0	0	0	1	
8121	10565445	0	0	0	0	1	128	0	1	332	270	55	57	3138	0	0	0	1	
8122	10565478	0	0	0	0	1	128	0	1	332	270	56	57	3161	0	0	0	1	
8123	10565512	0	0	0	0	1	128	0	1	332	270	56	57	3168	0	0	0	1	
8124	10565545	0	0	0	0	1	128	0	1	332	270	56	57	3189	0	0	0	1	
8125	10565578	0	0	0	0	1	128	0	1	332	270	56	57	3191	0	0	0	1	
8126	10565612	0	0	0	0	1	128	0	1	332	270	56	57	3205	0	0	0	1	
8127	10565645	0	0	0	0	1	128	0	1	332	270	56	57	3197	0	0	0	1	
8128	10565678	0	0	0	0	1	128	0	1	332	270	56	57	3188	0	0	0	1	
8129	10565712	0	0	0	0	1	128	0	1	332	270	56	57	3177	0	0	0	1	
8130	10565745	0	0	0	0	1	128	0	1	332	270	56	57	3161	0	0	0	1	
8131	10565778	0	0	0	0	1	128	0	1	332	270	55	57	3149	0	0	0	1	
8132	10565812	0	0	0	0	1	128	0	1	332	270	55	58	3192	0	0	0	1	
8133	10565845	0	0	0	0	1	128	0	1	332	270	55	57	3138	0	0	0	1	
8134	10565879	0	0	0	0	1	128	0	1	332	270	56	57	3159	0	0	0	1	
8135	10565912	0	0	0	0	1	128	0	1	332	270	56	57	3162	0	0	0	1	
8136	10565945	0	0	0	0	1	128	0	1	358	242	55	58	3212	0	0	0	1	
8137	10565979	0	0	0	0	1	128	0	1	358	240	56	58	3254	0	0	0	1	
8138	10566012	0	0	0	0	1	128	0	1	358	240	56	58	3266	0	0	0	1	
8139	10566045	0	0	0	0	1	128	0	1	358	240	57	58	3279	0	0	0	1	
8140	10566079	0	0	0	0	1	128	0	1	358	240	57	58	3305	0	0	0	1	
8141	10566112	0	0	0	0	1	128	0	1	356	238	56	62	3522	0	0	0	1	
8142	10566146	0	0	0	0	1	128	0	1	350	240	58	59	3406	0	0	0	1	
8143	10566179	0	0	0	0	1	128	0	1	352	240	57	58	3330	0	0	0	1	
8144	10566212	0	0	0	0	1	128	0	1	352	240	57	58	3343	0	0	0	1	
8145	10566246	0	0	0	0	1	128	0	1	350	240	57	59	3359	0	0	0	1	
8146	10566279	0	0	0	0	1	128	0	1	350	240	58	59	3405	0	0	0	1	
8147	10566312	0	0	0	0	1	128	0	1	350	240	58	59	3425	0	0	0	1	
8148	10566346	0	0	0	0	1	128	0	1	350	242	58	59	3417	0	0	0	1	
8149	10566379	0	0	0	0	1	128	0	1	350	240	58	60	3436	0	0	0	1	
8150	10566412	0	0	0	0	1	128	0	1	350	242	57	59	3368	0	0	0	1	
8151	10566446	0	0	0	0	1	128	0	1	350	242	57	59	3387	0	0	0	1	
8152	10566479	0	0	0	0	1	128	0	1	350	240	57	59	3374	0	0	0	1	
8153	10566513	0	0	0	0	1	128	0	1	350	242	57	59	3352	0	0	0	1	
8154	10566546	0	0	0	0	1	128	0	1	350	240	57	59	3344	0	0	0	1	
8155	10566579	0	0	0	0	1	128	0	1	350	240	57	59	3338	0	0	0	1	
8156	10566613	0	0	0	0	1	128	0	1	350	240	57	59	3331	0	0	0	1	
8157	10566646	0	0	0	0	1	128	0	1	350	242	57	59	3337	0	0	0	1	
8158	10566679	0	0	0	0	1	128	0	1	350	240	57	58	3310	0	0	0	1	
8159	10566713	0	0	0	0	1	128	0	1	412	204	58	75	4337	0	0	0	1	
8160	10566746	0	0	0	0	1	128	0	1	402	190	54	59	3198	0	0	0	1	
8161	10566780	0	0	0	0	1	128	0	1	402	190	54	59	3181	0	0	0	1	
8162	10566813	0	0	0	0	1	128	0	1	402	190	54	59	3176	0	0	0	1	
8163	10566846	0	0	0	0	1	128	0	1	400	190	54	59	3173	0	0	0	1	
8164	10566880	0	0	0	0	1	128	0	1	402	190	54	59	3181	0	0	0	1	
8165	10566913	0	0	0	0	1	128	0	1	406	190	54	59	3159	0	0	0	1	
8166	10566946	0	0	0	0	1	128	0	1	406	190	54	59	3161	0	0	0	1	
8167	10566980	0	0	0	0	1	128	0	1	406	190	54	59	3160	0	0	0	1	
8168	10567013	0	0	0	0	1	128	0	1	406	190	54	59	3176	0	0	0	1	
8169	10567046	0	0	0	0	1	128	0	1	406	190	54	59	3179	0	0	0	1	
8170	10567080	0	0	0	0	1	128	0	1	406	190	54	59	3179	0	0	0	1	
8171	10567113	0	0	0	0	1	128	0	1	406	190	54	59	3174	0	0	0	1	
8172	10567147	0	0	0	0	1	128	0	1	406	190	54	59	3176	0	0	0	1	
8173	10567180	0	0	0	0	1	128	0	1	406	190	54	59	3182	0	0	0	1	
8174	10567213	0	0	0	0	1	128	0	1	406	190	54	59	3185	0	0	0	1	
8175	10567247	0	0	0	0	1	128	0	1	406	190	54	59	3197	0	0	0	1	
8176	10567280	0	0	0	0	1	128	0	1	406	192	54	59	3209	0	0	0	1	
8177	10567313	0	0	0	0	1	128	0	1	406	192	54	60	3223	0	0	0	1	
8178	10567347	0	0	0	0	1	128	0	1	406	192	54	60	3231	0	0	0	1	
8179	10567380	0	0	0	0	1	128	0	1	404	192	54	60	3243	0	0	0	1	
8180	10567413	0	0	0	0	1	128	0	1	404	192	54	60	3257	0	0	0	1	
8181	10567447	0	0	0	0	1	128	0	1	402	200	49	59	2852	0	0	0	1	
8182	10567480	0	0	0	0	1	128	0	1	404	248	55	56	3096	0	0	0	1	
8183	10567514	0	0	0	0	1	128	0	1	404	248	55	58	3191	0	0	0	1	
8184	10567547	0	0	0	0	1	128	0	1	402	250	55	58	3198	0	0	0	1	
8185	10567580	0	0	0	0	1	128	0	1	402	250	56	58	3198	0	0	0	1	
8186	10567614	0	0	0	0	1	128	0	1	400	250	55	57	3186	0	0	0	1	
8187	10567647	0	0	0	0	1	128	0	1	400	250	55	57	3186	0	0	0	1	
8188	10567680	0	0	0	0	1	128	0	1	396	248	56	58	3222	0	0	0	1	
8189	10567714	0	0	0	0	1	128	0	1	396	248	56	58	3202	0	0	0	1	
8190	10567747	0	0	0	0	1	128	0	1	396	248	56	57	3190	0	0	0	1	
8191	10567781	0	0	0	0	1	128	0	1	396	248	56	57	3179	0	0	0	1	
8192	10567814	0	0	0	0	1	128	0	1	396	248	56	57	3181	0	0	0	1	
8193	10567847	0	0	0	0	1	128	0	1	396	248	56	57	3211	0	0	0	1	
8194	10567881	0	0	0	0	1	128	0	1	396	248	56	57	3194	0	0	0	1	
8195	10567914	0	0	0	0	1	128	0	1	396	248	56	58	3205	0	0	0	1	
8196	10567947	0	0	0	0	1	128	0	1	396	248	56	58	3205	0	0	0	1	
8197	10567981	0	0	0	0	1	128	0	1	396	248	56	57	3169	0	0	0	1	
8198	10568014	0	0	0	0	1	128	0	1	396	248	56	58	3226	0	0	0	1	
8199	10568048	0	0	0	0	1	128	0	1	396	248	56	58	3231	0	0	0	1	
8200	10568081	0	0	0	0	1	128	0	1	396	248	56	58	3242	0	0	0	1	
8201	10568114	0	0	0	0	1	128	0	1	396	248	56	58	3254	0	0	0	1	
8202	10568148	0	0	0	0	1	128	0	1	396	248	56	58	3262	0	0	0	1	
8203	10568181	0	0	0	0	1	128	0	1	396	248	56	58	3216	0	0	0	1	
8204	10568214	0	0	0	0	1	128	0	1	396	248	56	58	3271	0	0	0	1	
8205	10568248	0	0	0	0	1	128	0	1	396	248	56	57	3200	0	0	0	1	
8206	10568281	0	0	0	0	1	128	0	1	396	248	55	57	3189	0	0	0	1	
8207	10568314	0	0	0	0	1	128	0	1	394	244	56	58	3258	0	0	0	1	
8208	10568348	0	0	0	0	1	128	0	1	390	228	57	59	3345	0	0	0	1	
8209	10568381	0	0	0	0	1	128	0	1	388	226	57	59	3355	0	0	0	1	
8210	10568415	0	0	0	0	1	128	0	1	386	226	57	59	3375	0	0	0	1	
8211	10568448	0	0	0	0	1	128	0	1	386	226	57	59	3388	0	0	0	1	
8212	10568481	0	0	0	0	1	128	0	1	384	224	57	60	3415	0	0	0	1	
8213	10568515	0	0	0	0	1	128	0	1	366	224	58	60	3492	0	0	0	1	
8214	10568548	0	0	0	0	1	128	0	1	364	222	58	65	3758	0	0	0	1	
8215	10568581	0	0	0	0	1	128	0	1	362	224	58	64	3710	0	0	0	1	
8216	10568615	0	0	0	0	1	128	0	1	350	232	59	60	3506	0	0	0	1	
8217	10568648	0	0	0	0	1	128	0	1	352	232	58	60	3492	0	0	0	1	
8218	10568682	0	0	0	0	1	128	0	1	350	234	58	61	3517	0	0	0	1	
8219	10568715	0	0	0	0	1	128	0	1	348	234	58	60	3487	0	0	0	1	
8220	10568748	0	0	0	0	1	128	0	1	348	236	58	60	3510	0	0	0	1	
8221	10568782	0	0	0	0	1	128	0	1	346	238	58	60	3467	0	0	0	1	
8222	10568815	0	0	0	0	1	128	0	1	344	238	58	60	3476	0	0	0	1	
8223	10568848	0	0	0	0	1	128	0	1	332	242	58	59	3431	0	0	0	1	
8224	10568882	0	0	0	0	1	128	0	1	332	244	57	60	3413	0	0	0	1	
8225	10568915	0	0	0	0	1	128	0	1	330	246	57	60	3413	0	0	0	1	
8226	10568948	0	0	0	0	1	128	0	1	330	246	57	61	3463	0	0	0	1	
8227	10568982	0	0	0	0	1	128	0	1	330	250	57	60	3425	0	0	0	1	
8228	10569015	0	0	0	0	1	128	0	1	328	252	57	60	3447	0	0	0	1	
8229	10569049	0	0	0	0	1	128	0	1	328	256	57	60	3449	0	0	0	1	
8230	10569082	0	0	0	0	1	128	0	1	330	258	57	60	3423	0	0	0	1	
8231	10569115	0	0	0	0	1	128	0	1	336	264	57	59	3363	0	0	0	1	
8232	10569149	0	0	0	0	1	128	0	1	336	266	57	59	3334	0	0	0	1	
8233	10569182	0	0	0	0	1	128	0	1	338	268	56	59	3293	0	0	0	1	
8234	10569215	0	0	0	0	1	128	0	1	338	270	56	59	3291	0	0	0	1	
8235	10569249	0	0	0	0	1	128	0	1	340	272	56	58	3242	0	0	0	1	
8236	10569282	0	0	0	0	1	128	0	1	342	274	56	58	3229	0	0	0	1	
8237	10569316	0	0	0	0	1	128	0	1	342	276	55	57	3187	0	0	0	1	
8238	10569349	0	0	0	0	1	128	0	1	346	278	55	58	3187	0	0	0	1	
8239	10569382	0	0	0	0	1	128	0	1	348	280	55	57	3163	0	0	0	1	
8240	10569416	0	0	0	0	1	128	0	1	350	280	55	57	3167	0	0	0	1	
8241	10569449	0	0	0	0	1	128	0	1	356	280	56	57	3184	0	0	0	1	
8242	10569482	0	0	0	0	1	128	0	1	364	280	56	56	3142	0	0	0	1	
8243	10569516	0	0	0	0	1	128	0	1	368	280	56	57	3144	0	0	0	1	
8244	10569549	0	0	0	0	1	128	0	1	370	280	56	56	3144	0	0	0	1	
8245	10569582	0	0	0	0	1	128	0	1	372	280	56	57	3155	0	0	0	1	
8246	10569616	0	0	0	0	1	128	0	1	376	278	56	57	3151	0	0	0	1	
8247	10569649	0	0	0	0	1	128	0	1	378	278	56	57	3156	0	0	0	1	
8248	10569682	0	0	0	0	1	128	0	1	380	278	56	57	3147	0	0	0	1	
8249	10569716	0	0	0	0	1	128	0	1	384	276	56	57	3160	0	0	0	1	
8250	10569749	0	0	0	0	1	128	0	1	386	274	55	57	3180	0	0	0	1	
8251	10569783	0	0	0	0	1	128	0	1	388	272	55	58	3205	0	0	0	1	
8252	10569816	0	0	0	0	1	128	0	1	396	256	56	58	3245	0	0	0	1	
8253	10569849	0	0	0	0	1	128	0	1	396	256	56	58	3269	0	0	0	1	
8254	10569883	0	0	0	0	1	128	0	1	398	254	56	59	3305	0	0	0	1	
8255	10569916	0	0	0	0	1	128	0	1	398	252	56	59	3329	0	0	0	1	
8256	10569950	0	0	0	0	1	128	0	1	398	250	57	59	3365	0	0	0	1	
8257	10569983	0	0	0	0	1	128	0	1	400	248	57	60	3392	0	0	0	1	
8258	10570016	0	0	0	0	1	128	0	1	400	246	57	60	3417	0	0	0	1	
8259	10570050	0	0	0	0	1	128	0	1	400	246	57	60	3436	0	0	0	1	
8260	10570083	0	0	0	0	1	128	0	1	398	244	57	60	3444	0	0	0	1	
8261	10570116	0	0	0	0	1	128	0	1	392	236	58	61	3520	0	0	0	1	
8262	10570150	0	0	0	0	1	128	0	1	390	236	59	61	3565	0	0	0	1	
8263	10570183	0	0	0	0	1	128	0	1	390	234	58	61	3564	0	0	0	1	
8264	10570216	0	0	0	0	1	128	0	1	388	234	59	61	3581	0	0	0	1	
8265	10570250	0	0	0	0	1	128	0	1	388	234	59	61	3585	0	0	0	1	
8266	10570283	0	0	0	0	1	128	0	1	394	240	58	59	3424	0	0	0	1	
8267	10570317	0	0	0	0	1	128	0	1	396	242	58	60	3486	0	0	0	1	
8268	10570350	0	0	0	0	1	128	0	1	396	244	58	60	3470	0	0	0	1	
8269	10570383	0	0	0	0	1	128	0	1	396	244	58	60	3463	0	0	0	1	
8270	10570417	0	0	0	0	1	128	0	1	396	244	58	60	3440	0	0	0	1	
8271	10570450	0	0	0	0	1	128	0	1	396	244	57	59	3389	0	0	0	1	
8272	10570483	0	0	0	0	1	128	0	1	396	244	57	59	3373	0	0	0	1	
8273	10570517	0	0	0	0	1	128	0	1	396	244	57	59	3344	0	0	0	1	
8274	10570550	0	0	0	0	1	128	0	1	396	244	56	59	3313	0	0	0	1	
8275	10570583	0	0	0	0	1	128	0	1	396	244	56	58	3259	0	0	0	1	
8276	10570617	0	0	0	0	1	128	0	1	396	246	55	57	3130	0	0	0	1	
8277	10570650	0	0	0	0	1	128	0	0	0	0	0	0	0	0	0	0	1	
8278	10570684	0	0	0	0	1	128	0	0	0	0	0	0	0	0	0	0	1	
8279	10570717	0	0	0	0	1	128	0	0	0	0	0	0	0	0	0	0	1	
8280	10570750	0	0	0	0	1	128	0	0	0	0	0	0	0	0	0	0	1	
8281	10570784	0	0	0	0	1	128	0	1	400	234	31	47	1434	0	0	0	1	
8282	10570817	0	0	0	0	1	128	0	1	392	252	52	54	2796	0	0	0	1	
8283	10570850	0	0	0	0	1	128	0	1	394	254	55	56	3077	0	0	0	1	
8284	10570884	0	0	0	0	1	128	0	1	394	252	55	56	3050	0	0	0	1	
8285	10570917	0	0	0	0	1	128	0	1	396	252	54	56	3065	0	0	0	1	
8286	10570951	0	0	0	0	1	128	0	1	396	250	54	57	3066	0	0	0	1	
8287	10570984	0	0	0	0	1	128	0	1	396	250	54	57	3083	0	0	0	1	
8288	10571017	0	0	0	0	1	128	0	1	396	250	55	57	3106	0	0	0	1	
8289	10571051	0	0	0	0	1	128	0	1	396	250	55	57	3148	0	0	0	1	
8290	10571084	0	0	0	0	1	128	0	1	396	250	55	57	3161	0	0	0	1	
8291	10571117	0	0	0	0	1	128	0	1	396	250	55	57	3173	0	0	0	1	
8292	10571151	0	0	0	0	1	128	0	1	396	248	55	57	3167	0	0	0	1	
8293	10571184	0	0	0	0	1	128	0	1	396	248	55	57	3147	0	0	0	1	
8294	10571217	0	0	0	0	1	128	0	1	396	248	55	57	3104	0	0	0	1	
8295	10571251	0	0	0	0	1	128	0	1	396	248	54	56	3047	0	0	0	1	
8296	10571284	0	0	0	0	1	128	0	1	430	258	49	59	2892	0	0	0	1	
8297	10571318	0	0	0	0	1	128	0	1	438	266	49	54	2658	0	0	0	1	
8298	10571351	0	0	0	0	1	128	0	1	438	266	49	54	2630	0	0	0	1	
8299	10571384	0	0	0	0	1	128	0	1	438	266	48	54	2604	0	0	0	1	
8300	10571418	0	0	0	0	1	128	0	1	438	266	48	54	2587	0	0	0	1	
8301	10571451	0	0	0	0	1	128	0	1	444	268	47	54	2522	0	0	0	1	
8302	10571484	0	0	0	0	1	128	0	1	442	268	47	54	2535	0	0	0	1	
8303	10571518	0	0	0	0	1	128	0	1	442	268	47	54	2541	0	0	0	1	
8304	10571551	0	0	0	0	1	128	0	1	442	270	47	54	2549	0	0	0	1	
8305	10571584	0	0	0	0	1	128	0	1	442	270	48	54	2563	0	0	0	1	
8306	10571618	0	0	0	0	1	128	0	1	442	270	48	54	2591	0	0	0	1	
8307	10571651	0	0	0	0	1	128	0	1	442	270	48	54	2612	0	0	0	1	
8308	10571685	0	0	0	0	1	128	0	1	442	270	48	55	2637	0	0	0	1	
8309	10571718	0	0	0	0	1	128	0	1	440	270	49	55	2665	0	0	0	1	
8310	10571751	0	0	0	0	1	128	0	1	440	268	49	55	2696	0	0	0	1	
8311	10571785	0	0	0	0	1	128	0	1	440	268	49	56	2740	0	0	0	1	
8312	10571818	0	0	0	0	1	128	0	1	440	268	50	56	2788	0	0	0	1	
8313	10571852	0	0	0	0	1	128	0	1	440	268	50	56	2827	0	0	0	1	
8314	10571885	0	0	0	0	1	128	0	1	440	268	50	57	2849	0	0	0	1	
8315	10571918	0	0	0	0	1	128	0	1	440	268	51	57	2897	0	0	0	1	
8316	10571952	0	0	0	0	1	128	0	1	436	268	51	57	2915	0	0	0	1	
8317	10571985	0	0	0	0	1	128	0	1	388	252	57	58	3328	0	0	0	1	
8318	10572018	0	0	0	0	1	128	0	1	386	252	57	59	3359	0	0	0	1	
8319	10572052	0	0	0	0	1	128	0	1	386	252	57	59	3377	0	0	0	1	
8320	10572085	0	0	0	0	1	128	0	1	384	252	58	59	3406	0	0	0	1	
8321	10572118	0	0	0	0	1	128	0	1	384	252	58	59	3423	0	0	0	1	
8322	10572152	0	0	0	0	1	128	0	1	384	252	58	59	3433	0	0	0	1	
8323	10572185	0	0	0	0	1	128	0	1	384	252	58	60	3446	0	0	0	1	
8324	10572219	0	0	0	0	1	128	0	1	384	252	58	60	3448	0	0	0	1	
8325	10572252	0	0	0	0	1	128	0	1	384	252	58	60	3449	0	0	0	1	
8326	10572285	0	0	0	0	1	128	0	1	384	252	58	59	3426	0	0	0	1	
8327	10572319	0	0	0	0	1	128	0	1	384	252	57	59	3404	0	0	0	1	
8328	10572352	0	0	0	0	1	128	0	1	388	252	56	59	3332	0	0	0	1	
8329	10572385	0	0	0	0	1	128	0	1	398	256	56	58	3257	0	0	0	1	
8330	10572419	0	0	0	0	1	128	0	1	398	256	56	58	3235	0	0	0	1	
8331	10572452	0	0	0	0	1	128	0	1	398	256	56	58	3215	0	0	0	1	
8332	10572485	0	0	0	0	1	128	0	1	398	256	55	58	3210	0	0	0	1	
8333	10572519	0	0	0	0	1	128	0	1	398	256	55	58	3206	0	0	0	1	
8334	10572552	0	0	0	0	1	128	0	1	398	258	55	58	3216	0	0	0	1	
8335	10572586	0	0	0	0	1	128	0	1	398	258	55	58	3219	0	0	0	1	
8336	10572619	0	0	0	0	1	128	0	1	398	258	56	58	3232	0	0	0	1	
8337	10572652	0	0	0	0	1	128	0	1	396	256	56	58	3243	0	0	0	1	
8338	10572686	0	0	0	0	1	128	0	1	388	256	57	58	3311	0	0	0	1	
8339	10572719	0	0	0	0	1	128	0	1	388	256	57	59	3341	0	0	0	1	
8340	10572752	0	0	0	0	1	128	0	0	0	0	0	0	0	0	0	0	1	
8341	10572786	0	0	0	0	1	128	0	1	402	310	52	58	2998	0	0	0	1	
8342	10572819	0	0	0	0	1	128	0	1	402	310	52	59	3065	0	0	0	1	
8343	10572852	0	0	0	0	1	128	0	1	400	310	53	59	3102	0	0	0	1	
8344	10572886	0	0	0	0	1	128	0	1	400	310	53	59	3132	0	0	0	1	
8345	10572919	0	0	0	0	1	128	0	1	400	310	53	60	3147	0	0	0	1	
8346	10572953	0	0	0	0	1	128	0	1	398	312	53	59	3135	0	0	0	1	
8347	10572986	0	0	0	0	1	128	0	1	396	316	53	59	3130	0	0	0	1	
8348	10573019	0	0	0	0	1	128	0	1	396	316	53	59	3128	0	0	0	1	
8349	10573053	0	0	0	0	1	128	0	1	396	316	53	59	3128	0	0	0	1	
8350	10573086	0	0	0	0	1	128	0	1	396	316	53	59	3132	0	0	0	1	
8351	10573119	0	0	0	0	1	128	0	1	396	316	53	59	3148	0	0	0	1	
8352	10573153	0	0	0	0	1	128	0	1	396	316	53	60	3168	0	0	0	1	
8353	10573186	0	0	0	0	1	128	0	1	396	316	53	60	3207	0	0	0	1	
8354	10573220	0	0	0	0	1	128	0	1	394	316	54	60	3235	0	0	0	1	
8355	10573253	0	0	0	0	1	128	0	1	394	316	54	61	3268	0	0	0	1	
8356	10573286	0	0	0	0	1	128	0	1	394	316	54	61	3300	0	0	0	1	
8357	10573320	0	0	0	0	1	128	0	1	394	316	54	61	3329	0	0	0	1	
8358	10573353	0	0	0	0	1	128	0	1	394	314	55	62	3378	0	0	0	1	
8359	10573386	0	0	0	0	1	128	0	1	394	314	55	62	3417	0	0	0	1	
8360	10573420	0	0	0	0	1	128	0	1	394	314	55	62	3447	0	0	0	1	
8361	10573453	0	0	0	0	1	128	0	1	394	314	56	63	3483	0	0	0	1	
8362	10573486	0	0	0	0	1	128	0	1	394	314	56	63	3491	0	0	0	1	
8363	10573520	0	0	0	0	1	128	0	1	392	342	30	47	1395	0	0	0	1	
8364	10573553	0	0	0	0	1	128	0	1	392	312	57	63	3582	0	0	0	1	
8365	10573587	0	0	0	0	1	128	0	1	394	286	60	64	3794	0	0	0	1	
8366	10573620	0	0	0	0	1	128	0	1	394	286	60	64	3806	0	0	0	1	
8367	10573653	0	0	0	0	1	128	0	1	394	286	60	64	3827	0	0	0	1	
8368	10573687	0	0	0	0	1	128	0	1	394	284	60	64	3812	0	0	0	1	
8369	10573720	0	0	0	0	1	128	0	1	394	282	60	63	3813	0	0	0	1	
8370	10573753	0	0	0	0	1	128	0	1	394	282	60	63	3798	0	0	0	1	
8371	10573787	0	0	0	0	1	128	0	1	394	280	60	63	3787	0	0	0	1	
8372	10573820	0	0	0	0	1	128	0	1	394	278	60	63	3782	0	0	0	1	
8373	10573854	0	0	0	0	1	128	0	1	396	274	60	63	3760	0	0	0	1	
8374	10573887	0	0	0	0	1	128	0	1	398	256	61	63	3799	0	0	0	1	
8375	10573920	0	0	0	0	1	128	0	1	398	254	60	63	3776	0	0	0	1	
8376	10573954	0	0	0	0	1	128	0	1	398	252	60	62	3731	0	0	0	1	
8377	10573987	0	0	0	0	1	128	0	1	398	252	60	62	3706	0	0	0	1	
8378	10574020	0	0	0	0	1	128	0	1	398	250	60	62	3677	0	0	0	1	
8379	10574054	0	0	0	0	1	128	0	1	398	248	59	62	3638	0	0	0	1	
8380	10574087	0	0	0	0	1	128	0	1	398	248	59	62	3616	0	0	0	1	
8381	10574121	0	0	0	0	1	128	0	1	398	246	58	61	3577	0	0	0	1	
8382	10574154	0	0	0	0	1	128	0	1	398	244	58	61	3562	0	0	0	1	
8383	10574187	0	0	0	0	1	128	0	1	398	242	58	61	3518	0	0	0	1	
8384	10574221	0	0	0	0	1	128	0	1	398	240	58	61	3521	0	0	0	1	
8385	10574254	0	0	0	0	1	128	0	1	400	216	58	61	3530	0	0	0	1	
8386	10574287	0	0	0	0	1	128	0	1	400	216	58	61	3493	0	0	0	1	
8387	10574321	0	0	0	0	1	128	0	1	398	214	57	61	3490	0	0	0	1	
8388	10574354	0	0	0	0	1	128	0	1	398	232	57	58	3309	0	0	0	1	
8389	10574387	0	0	0	0	1	128	0	1	400	238	57	60	3423	0	0	0	1	
8390	10574421	0	0	0	0	1	128	0	1	398	238	57	60	3428	0	0	0	1	
8391	10574454	0	0	0	0	1	128	0	1	398	238	58	60	3439	0	0	0	1	
8392	10574488	0	0	0	0	1	128	0	1	398	238	58	60	3445	0	0	0	1	
8393	10574521	0	0	0	0	1	128	0	1	398	238	58	60	3445	0	0	0	1	
8394	10574554	0	0	0	0	1	128	0	1	398	238	58	60	3434	0	0	0	1	
8395	10574588	0	0	0	0	1	128	0	1	398	238	57	60	3414	0	0	0	1	
8396	10574621	0	0	0	0	1	128	0	1	398	238	57	59	3399	0	0	0	1	
8397	10574654	0	0	0	0	1	128	0	1	398	238	57	59	3376	0	0	0	1	
8398	10574688	0	0	0	0	1	128	0	1	398	238	57	59	3359	0	0	0	1	
8399	10574721	0	0	0	0	1	128	0	1	398	238	57	59	3360	0	0	0	1	
8400	10574755	0	0	0	0	1	128	0	1	396	238	57	59	3362	0	0	0	1	
8401	10574788	0	0	0	0	1	128	0	1	396	238	57	59	3369	0	0	0	1	
8402	10574821	0	0	0	0	1	128	0	1	396	238	57	59	3364	0	0	0	1	
8403	10574855	0	0	0	0	1	128	0	1	396	238	57	59	3349	0	0	0	1	
8404	10574888	0	0	0	0	1	128	0	1	396	240	57	59	3333	0	0	0	1	
8405	10574921	0	0	0	0	1	128	0	1	396	240	56	58	3299	0	0	0	1	
8406	10574955	0	0	0	0	1	128	0	1	396	238	56	58	3278	0	0	0	1	
8407	10574988	0	0	0	0	1	128	0	1	396	238	56	58	3247	0	0	0	1	
8408	10575021	0	0	0	0	1	128	0	1	396	238	56	58	3249	0	0	0	1	
8409	10575055	0	0	0	0	1	128	0	1	394	238	56	59	3252	0	0	0	1	
8410	10575088	0	0	0	0	1	128	0	1	372	212	57	59	3370	0	0	0	1	
8411	10575122	0	0	0	0	1	128	0	1	370	212	57	59	3366	0	0	0	1	
8412	10575155	0	0	0	0	1	128	0	1	370	214	57	59	3369	0	0	0	1	
8413	10575188	0	0	0	0	1	128	0	1	368	214	57	59	3372	0	0	0	1	
8414	10575222	0	0	0	0	1	128	0	1	368	212	57	60	3390	0	0	0	1	
8415	10575255	0	0	0	0	1	128	0	1	356	204	57	60	3456	0	0	0	1	
8416	10575288	0	0	0	0	1	128	0	1	356	204	57	60	3428	0	0	0	1	
8417	10575322	0	0	0	0	1	128	0	1	356	204	57	60	3466	0	0	0	1	
8418	10575355	0	0	0	0	1	128	0	1	354	204	58	60	3481	0	0	0	1	
8419	10575389	0	0	0	0	1	128	0	1	354	204	58	60	3471	0	0	0	1	
8420	10575422	0	0	0	0	1	128	0	1	354	204	58	60	3491	0	0	0	1	
8421	10575455	0	0	0	0	1	128	0	1	354	204	58	60	3498	0	0	0	1	
8422	10575489	0	0	0	0	1	128	0	1	354	204	58	61	3528	0	0	0	1	
8423	10575522	0	0	0	0	1	128	0	1	354	206	58	60	3495	0	0	0	1	
8424	10575555	0	0	0	0	1	128	0	1	354	206	58	60	3470	0	0	0	1	
8425	10575589	0	0	0	0	1	128	0	1	354	206	58	60	3443	0	0	0	1	
8426	10575622	0	0	0	0	1	128	0	1	354	206	57	59	3382	0	0	0	1	
8427	10575655	0	0	0	0	1	128	0	1	354	206	57	60	3416	0	0	0	1	
8428	10575689	0	0	0	0	1	128	0	1	354	206	57	59	3403	0	0	0	1	
8429	10575722	0	0	0	0	1	128	0	1	354	206	57	60	3422	0	0	0	1	
8430	10575755	0	0	0	0	1	128	0	1	352	208	57	59	3415	0	0	0	1	
8431	10575789	0	0	0	0	1	128	0	1	352	208	58	59	3418	0	0	0	1	
8432	10575822	0	0	0	0	1	128	0	1	332	230	56	60	3408	0	0	0	1	
8433	10575856	0	0	0	0	1	128	0	1	330	232	57	60	3411	0	0	0	1	
8434	10575889	0	0	0	0	1	128	0	1	328	232	57	60	3409	0	0	0	1	
8435	10575922	0	0	0	0	1	128	0	1	328	234	57	59	3401	0	0	0	1	
8436	10575956	0	0	0	0	1	128	0	1	326	234	57	60	3455	0	0	0	1	
8437	10575989	0	0	0	0	1	128	0	1	326	234	57	60	3438	0	0	0	1	
8438	10576023	0	0	0	0	1	128	0	1	326	234	58	60	3459	0	0	0	1	
8439	10576056	0	0	0	0	1	128	0	1	326	234	58	60	3472	0	0	0	1	
8440	10576089	0	0	0	0	1	128	0	1	326	234	58	60	3487	0	0	0	1	
8441	10576123	0	0	0	0	1	128	0	1	324	234	58	61	3528	0	0	0	1	
8442	10576156	0	0	0	0	1	128	0	1	324	234	58	61	3537	0	0	0	1	
8443	10576189	0	0	0	0	1	128	0	1	324	234	58	61	3574	0	0	0	1	
8444	10576223	0	0	0	0	1	128	0	1	324	234	59	62	3608	0	0	0	1	
8445	10576256	0	0	0	0	1	128	0	1	324	234	59	62	3625	0	0	0	1	
8446	10576289	0	0	0	0	1	128	0	1	324	234	59	62	3637	0	0	0	1	
8447	10576323	0	0	0	0	1	128	0	1	324	234	59	62	3650	0	0	0	1	
8448	10576356	0	0	0	0	1	128	0	1	324	234	59	62	3694	0	0	0	1	
8449	10576390	0	0	0	0	1	128	0	1	324	234	59	63	3715	0	0	0	1	
8450	10576423	0	0	0	0	1	128	0	1	324	234	60	62	3721	0	0	0	1	
8451	10576456	0	0	0	0	1	128	0	1	324	236	60	62	3714	0	0	0	1	
8452	10576490	0	0	0	0	1	128	0	1	324	236	60	63	3756	0	0	0	1	
8453	10576523	0	0	0	0	1	128	0	1	322	236	60	63	3790	0	0	0	1	
8454	10576556	0	0	0	0	1	128	0	1	324	236	61	63	3830	0	0	0	1	
8455	10576590	0	0	0	0	1	128	0	1	394	240	39	53	2073	0	0	0	1	
8456	10576623	0	0	0	0	1	128	0	1	382	246	60	60	3628	0	0	0	1	
8457	10576657	0	0	0	0	1	128	0	1	382	246	60	61	3633	0	0	0	1	
8458	10576690	0	0	0	0	1	128	0	1	384	246	60	61	3648	0	0	0	1	
8459	10576723	0	0	0	0	1	128	0	1	384	246	60	61	3679	0	0	0	1	
8460	10576757	0	0	0	0	1	128	0	1	396	244	59	62	3642	0	0	0	1	
8461	10576790	0	0	0	0	1	128	0	1	394	244	60	62	3683	0	0	0	1	
8462	10576823	0	0	0	0	1	128	0	1	396	244	60	62	3684	0	0	0	1	
8463	10576857	0	0	0	0	1	128	0	1	396	244	60	62	3717	0	0	0	1	
8464	10576890	0	0	0	0	1	128	0	1	396	244	60	62	3730	0	0	0	1	
8465	10576923	0	0	0	0	1	128	0	1	396	244	60	62	3755	0	0	0	1	
8466	10576957	0	0	0	0	1	128	0	1	396	244	61	62	3769	0	0	0	1	
8467	10576990	0	0	0	0	1	128	0	1	396	244	60	62	3770	0	0	0	1	
8468	10577023	0	0	0	0	1	128	0	1	396	244	60	62	3767	0	0	0	1	
8469	10577057	0	0	0	0	1	128	0	1	396	244	60	62	3762	0	0	0	1	
8470	10577090	0	0	0	0	1	128	0	1	396	244	60	62	3760	0	0	0	1	
8471	10577124	0	0	0	0	1	128	0	1	396	244	60	62	3762	0	0	0	1	
8472	10577157	0	0	0	0	1	128	0	1	396	242	60	63	3759	0	0	0	1	
8473	10577190	0	0	0	0	1	128	0	1	396	242	60	63	3776	0	0	0	1	
8474	10577224	0	0	0	0	1	128	0	1	396	242	60	63	3786	0	0	0	1	
8475	10577257	0	0	0	0	1	128	0	1	394	242	60	63	3789	0	0	0	1	
8476	10577290	0	0	0	0	1	128	0	1	394	244	60	63	3793	0	0	0	1	
8477	10577324	0	0	0	0	1	128	0	1	396	244	60	63	3780	0	0	0	1	
8478	10577357	0	0	0	0	1	128	0	1	396	246	60	61	3657	0	0	0	1	
8479	10577391	0	0	0	0	1	128	0	1	400	266	59	61	3593	0	0	0	1	
8480	10577424	0	0	0	0	1	128	0	1	398	266	59	61	3577	0	0	0	1	
8481	10577457	0	0	0	0	1	128	0	1	398	268	58	61	3543	0	0	0	1	
8482	10577491	0	0	0	0	1	128	0	1	398	270	58	61	3525	0	0	0	1	
8483	10577524	0	0	0	0	1	128	0	1	394	272	58	60	3447	0	0	0	1	
8484	10577557	0	0	0	0	1	128	0	1	382	284	57	60	3463	0	0	0	1	
8485	10577591	0	0	0	0	1	128	0	1	380	286	58	60	3456	0	0	0	1	
8486	10577624	0	0	0	0	1	128	0	1	378	288	57	60	3436	0	0	0	1	
8487	10577658	0	0	0	0	1	128	0	1	376	290	57	60	3430	0	0	0	1	
8488	10577691	0	0	0	0	1	128	0	1	364	288	57	59	3354	0	0	0	1	
8489	10577724	0	0	0	0	1	128	0	1	356	276	58	62	3603	0	0	0	1	
8490	10577758	0	0	0	0	1	128	0	1	354	278	59	61	3558	0	0	0	1	
8491	10577791	0	0	0	0	1	128	0	1	350	278	59	61	3577	0	0	0	1	
8492	10577824	0	0	0	0	1	128	0	1	348	274	59	65	3832	0	0	0	1	
8493	10577858	0	0	0	0	1	128	0	1	346	276	60	61	3634	0	0	0	1	
8494	10577891	0	0	0	0	1	128	0	1	344	276	60	61	3670	0	0	0	1	
8495	10577924	0	0	0	0	1	128	0	1	340	276	59	61	3609	0	0	0	1	
8496	10577958	0	0	0	0	1	128	0	1	326	264	61	64	3856	0	0	0	1	
8497	10577991	0	0	0	0	1	128	0	1	322	264	61	64	3882	0	0	0	1	
8498	10578025	0	0	0	0	1	128	0	1	320	262	61	64	3877	0	0	0	1	
8499	10578058	0	0	0	0	1	128	0	1	318	262	61	65	3929	0	0	0	1	
8500	10578091	0	0	0	0	1	128	0	1	318	260	61	64	3932	0	0	0	1	
8501	10578125	0	0	0	0	1	128	0	1	316	260	61	64	3941	0	0	0	1	
8502	10578158	0	0	0	0	1	128	0	1	316	258	61	64	3953	0	0	0	1	
8503	10578191	0	0	0	0	1	128	0	1	314	256	61	64	3931	0	0	0	1	
8504	10578225	0	0	0	0	1	128	0	1	310	234	61	65	3956	0	0	0	1	
8505	10578258	0	0	0	0	1	128	0	1	310	230	61	64	3900	0	0	0	1	
8506	10578292	0	0	0	0	1	128	0	1	310	230	61	64	3879	0	0	0	1	
8507	10578325	0	0	0	0	1	128	0	1	310	228	61	63	3856	0	0	0	1	
8508	10578358	0	0	0	0	1	128	0	1	312	226	61	64	3859	0	0	0	1	
8509	10578392	0	0	0	0	1	128	0	1	312	226	61	64	3855	0	0	0	1	
8510	10578425	0	0	0	0	1	128	0	1	312	224	61	63	3851	0	0	0	1	
8511	10578458	0	0	0	0	1	128	0	1	314	224	61	63	3843	0	0	0	1	
8512	10578492	0	0	0	0	1	128	0	1	316	222	61	64	3859	0	0	0	1	
8513	10578525	0	0	0	0	1	128	0	1	316	222	61	64	3863	0	0	0	1	
8514	10578558	0	0	0	0	1	128	0	1	318	220	61	64	3852	0	0	0	1	
8515	10578592	0	0	0	0	1	128	0	1	320	220	60	64	3847	0	0	0	1	
8516	10578625	0	0	0	0	1	128	0	1	324	218	60	64	3885	0	0	0	1	
8517	10578659	0	0	0	0	1	128	0	1	326	218	60	63	3839	0	0	0	1	
8518	10578692	0	0	0	0	1	128	0	1	328	218	60	64	3848	0	0	0	1	
8519	10578725	0	0	0	0	1	128	0	1	344	218	60	61	3624	0	0	0	1	
8520	10578759	0	0	0	0	1	128	0	1	348	220	60	63	3787	0	0	0	1	
8521	10578792	0	0	0	0	1	128	0	1	350	220	60	63	3780	0	0	0	1	
8522	10578825	0	0	0	0	1	128	0	1	352	220	60	63	3778	0	0	0	1	
8523	10578859	0	0	0	0	1	128	0	1	356	222	60	62	3736	0	0	0	1	
8524	10578892	0	0	0	0	1	128	0	1	358	224	60	63	3742	0	0	0	1	
8525	10578926	0	0	0	0	1	128	0	1	360	224	60	62	3722	0	0	0	1	
8526	10578959	0	0	0	0	1	128	0	1	360	224	59	66	3904	0	0	0	1	
8527	10578992	0	0	0	0	1	128	0	1	376	228	57	61	3505	0	0	0	1	
8528	10579026	0	0	0	0	1	128	0	1	382	230	59	61	3554	0	0	0	1	
8529	10579059	0	0	0	0	1	128	0	1	384	232	58	60	3510	0	0	0	1	
8530	10579092	0	0	0	0	1	128	0	1	386	236	58	60	3498	0	0	0	1	
8531	10579126	0	0	0	0	1	128	0	1	388	238	58	60	3494	0	0	0	1	
8532	10579159	0	0	0	0	1	128	0	1	388	240	58	60	3466	0	0	0	1	
8533	10579192	0	0	0	0	1	128	0	1	396	244	57	60	3383	0	0	0	1	
8534	10579226	0	0	0	0	1	128	0	1	398	248	57	60	3389	0	0	0	1	
8535	10579259	0	0	0	0	1	128	0	1	398	252	57	59	3349	0	0	0	1	
8536	10579293	0	0	0	0	1	128	0	1	398	254	56	59	3297	0	0	0	1	
8537	10579326	0	0	0	0	1	128	0	1	398	256	56	59	3291	0	0	0	1	
8538	10579359	0	0	0	0	1	128	0	1	398	258	56	58	3271	0	0	0	1	
8539	10579393	0	0	0	0	1	128	0	1	400	250	55	60	3324	0	0	0	1	
8540	10579426	0	0	0	0	1	128	0	1	398	246	56	59	3290	0	0	0	1	
8541	10579459	0	0	0	0	1	128	0	1	398	246	56	59	3277	0	0	0	1	
8542	10579493	0	0	0	0	1	128	0	1	398	246	56	59	3277	0	0	0	1	
8543	10579526	0	0	0	0	1	128	0	1	398	246	56	59	3278	0	0	0	1	
8544	10579559	0	0	0	0	1	128	0	1	398	246	56	59	3288	0	0	0	1	
8545	10579593	0	0	0	0	1	128	0	1	398	246	56	59	3310	0	0	0	1	
8546	10579626	0	0	0	0	1	128	0	1	398	246	56	59	3330	0	0	0	1	
8547	10579660	0	0	0	0	1	128	0	1	398	246	56	59	3346	0	0	0	1	
8548	10579693	0	0	0	0	1	128	0	1	398	246	56	60	3371	0	0	0	1	
8549	10579726	0	0	0	0	1	128	0	1	398	246	57	60	3400	0	0	0	1	
8550	10579760	0	0	0	0	1	128	0	1	398	246	57	60	3428	0	0	0	1	
8551	10579793	0	0	0	0	1	128	0	1	398	246	57	60	3438	0	0	0	1	
8552	10579826	0	0	0	0	1	128	0	1	398	246	57	60	3443	0	0	0	1	
8553	10579860	0	0	0	0	1	128	0	1	396	246	57	60	3450	0	0	0	1	
8554	10579893	0	0	0	0	1	128	0	1	396	246	57	60	3441	0	0	0	1	
8555	10579927	0	0	0	0	1	128	0	1	396	246	57	60	3435	0	0	0	1	
8556	10579960	0	0	0	0	1	128	0	1	396	246	57	60	3423	0	0	0	1	
8557	10579993	0	0	0	0	1	128	0	1	396	246	57	60	3398	0	0	0	1	
8558	10580027	0	0	0	0	1	128	0	1	396	246	57	60	3398	0	0	0	1	
8559	10580060	0	0	0	0	1	128	0	1	396	246	57	60	3379	0	0	0	1	
8560	10580093	0	0	0	0	1	128	0	1	396	246	57	59	3366	0	0	0	1	
8561	10580127	0	0	0	0	1	128	0	1	396	246	57	59	3366	0	0	0	1	
8562	10580160	0	0	0	0	1	128	0	1	396	246	57	59	3362	0	0	0	1	
8563	10580193	0	0	0	0	1	128	0	1	396	246	57	59	3369	0	0	0	1	
8564	10580227	0	0	0	0	1	128	0	1	396	246	57	60	3388	0	0	0	1	
8565	10580260	0	0	0	0	1	128	0	1	396	246	57	60	3411	0	0	0	1	
8566	10580294	0	0	0	0	1	128	0	1	396	246	57	60	3454	0	0	0	1	
8567	10580327	0	0	0	0	1	128	0	1	396	246	58	61	3490	0	0	0	1	
8568	10580360	0	0	0	0	1	128	0	1	400	266	56	59	3301	0	0	0	1	
8569	10580394	0	0	0	0	1	128	0	1	402	270	57	60	3419	0	0	0	1	
8570	10580427	0	0	0	0	1	128	0	1	402	270	57	60	3438	0	0	0	1	
8571	10580460	0	0	0	0	1	128	0	1	402	270	57	60	3463	0	0	0	1	
8572	10580494	0	0	0	0	1	128	0	1	400	270	57	61	3483	0	0	0	1	
8573	10580527	0	0	0	0	1	128	0	1	400	270	57	61	3492	0	0	0	1	
8574	10580561	0	0	0	0	1	128	0	1	400	270	57	61	3493	0	0	0	1	
8575	10580594	0	0	0	0	1	128	0	1	400	270	58	61	3510	0	0	0	1	
8576	10580627	0	0	0	0	1	128	0	1	400	270	58	61	3525	0	0	0	1	
8577	10580661	0	0	0	0	1	128	0	1	400	270	58	61	3547	0	0	0	1	
8578	10580694	0	0	0	0	1	128	0	1	400	270	58	61	3569	0	0	0	1	
8579	10580727	0	0	0	0	1	128	0	1	400	270	58	62	3600	0	0	0	1	
8580	10580761	0	0	0	0	1	128	0	1	400	270	59	62	3630	0	0	0	1	
8581	10580794	0	0	0	0	1	128	0	1	400	268	59	62	3660	0	0	0	1	
8582	10580828	0	0	0	0	1	128	0	1	400	268	59	62	3702	0	0	0	1	
8583	10580861	0	0	0	0	1	128	0	1	400	268	59	63	3717	0	0	0	1	
8584	10580894	0	0	0	0	1	128	0	1	400	268	60	63	3732	0	0	0	1	
8585	10580928	0	0	0	0	1	128	0	1	400	268	60	63	3733	0	0	0	1	
8586	10580961	0	0	0	0	1	128	0	1	400	268	60	63	3728	0	0	0	1	
8587	10580994	0	0	0	0	1	128	0	1	400	268	60	63	3723	0	0	0	1	
8588	10581028	0	0	0	0	1	128	0	1	400	268	59	62	3714	0	0	0	1	
8589	10581061	0	0	0	0	1	128	0	1	374	270	61	62	3793	0	0	0	1	
8590	10581094	0	0	0	0	1	128	0	1	370	270	62	62	3818	0	0	0	1	
8591	10581128	0	0	0	0	1	128	0	1	370	270	62	62	3833	0	0	0	1	
8592	10581161	0	0	0	0	1	128	0	1	368	270	62	62	3860	0	0	0	1	
8593	10581195	0	0	0	0	1	128	0	1	368	270	62	62	3866	0	0	0	1	
8594	10581228	0	0	0	0	1	128	0	1	368	270	62	62	3867	0	0	0	1	
8595	10581261	0	0	0	0	1	128	0	1	368	270	62	62	3869	0	0	0	1	
8596	10581295	0	0	0	0	1	128	0	1	368	270	62	62	3861	0	0	0	1	
8597	10581328	0	0	0	0	1	128	0	1	368	270	62	62	3861	0	0	0	1	
8598	10581361	0	0	0	0	1	128	0	1	368	270	62	62	3852	0	0	0	1	
8599	10581395	0	0	0	0	1	128	0	1	368	270	62	62	3848	0	0	0	1	
8600	10581428	0	0	0	0	1	128	0	1	368	270	62	62	3833	0	0	0	1	
8601	10581461	0	0	0	0	1	128	0	1	368	270	61	62	3802	0	0	0	1	
8602	10581495	0	0	0	0	1	128	0	1	368	270	61	62	3779	0	0	0	1	
8603	10581528	0	0	0	0	1	128	0	1	368	270	61	61	3751	0	0	0	1	
8604	10581562	0	0	0	0	1	128	0	1	368	270	61	61	3727	0	0	0	1	
8605	10581595	0	0	0	0	1	128	0	1	368	270	60	61	3694	0	0	0	1	
8606	10581628	0	0	0	0	1	128	0	1	368	270	60	61	3676	0	0	0	1	
8607	10581662	0	0	0	0	1	128	0	1	368	270	60	61	3668	0	0	0	1	
8608	10581695	0	0	0	0	1	128	0	1	368	270	60	61	3670	0	0	0	1	
8609	10581728	0	0	0	0	1	128	0	1	368	270	60	61	3660	0	0	0	1	
8610	10581762	0	0	0	0	1	128	0	1	368	270	60	61	3664	0	0	0	1	
8611	10581795	0	0	0	0	1	128	0	1	368	270	60	61	3662	0	0	0	1	
8612	10581829	0	0	0	0	1	128	0	1	364	268	60	61	3662	0	0	0	1	
8613	10581862	0	0	0	0	1	128	0	1	316	234	61	64	3881	0	0	0	1	
8614	10581895	0	0	0	0	1	128	0	1	314	230	61	64	3893	0	0	0	1	
8615	10581929	0	0	0	0	1	128	0	1	312	230	61	64	3903	0	0	0	1	
8616	10581962	0	0	0	0	1	128	0	1	310	230	61	65	4000	0	0	0	1	
8617	10581995	0	0	0	0	1	128	0	1	310	230	61	64	3936	0	0	0	1	
8618	10582029	0	0	0	0	1	128	0	1	310	230	61	65	3935	0	0	0	1	
8619	10582062	0	0	0	0	1	128	0	1	308	230	61	64	3936	0	0	0	1	
8620	10582095	0	0	0	0	1	128	0	1	308	230	61	64	3913	0	0	0	1	
8621	10582129	0	0	0	0	1	128	0	1	308	230	61	64	3889	0	0	0	1	
8622	10582162	0	0	0	0	1	128	0	1	308	230	61	64	3862	0	0	0	1	
8623	10582196	0	0	0	0	1	128	0	1	304	228	60	64	3843	0	0	0	1	
8624	10582229	0	0	0	0	1	128	0	1	302	230	60	63	3816	0	0	0	1	
8625	10582262	0	0	0	0	1	128	0	1	302	230	60	63	3795	0	0	0	1	
8626	10582296	0	0	0	0	1	128	0	1	302	230	60	63	3744	0	0	0	1	
8627	10582329	0	0	0	0	1	128	0	1	302	230	60	62	3715	0	0	0	1	
8628	10582362	0	0	0	0	1	128	0	1	302	230	59	62	3694	0	0	0	1	
8629	10582396	0	0	0	0	1	128	0	1	302	230	59	62	3684	0	0	0	1	
8630	10582429	0	0	0	0	1	128	0	1	302	230	59	62	3665	0	0	0	1	
8631	10582463	0	0	0	0	1	128	0	1	300	230	59	62	3660	0	0	0	1	
8632	10582496	0	0	0	0	1	128	0	1	300	230	59	61	3649	0	0	0	1	
8633	10582529	0	0	0	0	1	128	0	1	300	230	59	61	3652	0	0	0	1	
8634	10582563	0	0	0	0	1	128	0	1	300	230	60	62	3675	0	0	0	1	
8635	10582596	0	0	0	0	1	128	0	1	300	230	60	62	3692	0	0	0	1	
8636	10582629	0	0	0	0	1	128	0	1	300	230	60	62	3728	0	0	0	1	
8637	10582663	0	0	0	0	1	128	0	1	302	230	60	62	3757	0	0	0	1	
8638	10582696	0	0	0	0	1	128	0	1	320	234	61	62	3742	0	0	0	1	
8639	10582729	0	0	0	0	1	128	0	1	320	234	61	62	3792	0	0	0	1	
8640	10582763	0	0	0	0	1	128	0	1	322	234	61	62	3839	0	0	0	1	
8641	10582796	0	0	0	0	1	128	0	1	324	234	62	63	3857	0	0	0	1	
8642	10582830	0	0	0	0	1	128	0	1	326	236	62	63	3870	0	0	0	1	
8643	10582863	0	0	0	0	1	128	0	1	326	236	62	63	3907	0	0	0	1	
8644	10582896	0	0	0	0	1	128	0	1	330	238	62	63	3898	0	0	0	1	
8645	10582930	0	0	0	0	1	128	0	1	332	238	62	63	3903	0	0	0	1	
8646	10582963	0	0	0	0	1	128	0	1	348	238	57	62	3568	0	0	0	1	
8647	10582996	0	0	0	0	1	128	0	1	360	238	61	62	3814	0	0	0	1	
8648	10583030	0	0	0	0	1	128	0	1	362	238	62	62	3812	0	0	0	1	
8649	10583063	0	0	0	0	1	128	0	1	366	240	61	62	3802	0	0	0	1	
8650	10583097	0	0	0	0	1	128	0	1	368	240	62	62	3826	0	0	0	1	
8651	10583130	0	0	0	0	1	128	0	1	370	242	62	62	3829	0	0	0	1	
8652	10583163	0	0	0	0	1	128	0	1	374	240	62	64	3955	0	0	0	1	
8653	10583197	0	0	0	0	1	128	0	1	388	242	61	62	3771	0	0	0	1	
8654	10583230	0	0	0	0	1	128	0	1	390	242	61	62	3740	0	0	0	1	
8655	10583263	0	0	0	0	1	128	0	1	392	242	60	62	3728	0	0	0	1	
8656	10583297	0	0	0	0	1	128	0	1	392	242	60	62	3713	0	0	0	1	
8657	10583330	0	0	0	0	1	128	0	1	394	242	60	62	3709	0	0	0	1	
8658	10583363	0	0	0	0	1	128	0	1	396	244	60	62	3701	0	0	0	1	
8659	10583397	0	0	0	0	1	128	0	1	404	244	59	62	3635	0	0	0	1	
8660	10583430	0	0	0	0	1	128	0	1	402	244	59	62	3659	0	0	0	1	
8661	10583464	0	0	0	0	1	128	0	1	402	244	59	62	3672	0	0	0	1	
8662	10583497	0	0	0	0	1	128	0	1	402	246	60	62	3690	0	0	0	1	
8663	10583530	0	0	0	0	1	128	0	1	402	246	60	62	3709	0	0	0	1	
8664	10583564	0	0	0	0	1	128	0	1	396	246	60	62	3755	0	0	0	1	
8665	10583597	0	0	0	0	1	128	0	1	396	246	60	62	3771	0	0	0	1	
8666	10583630	0	0	0	0	1	128	0	1	396	246	61	62	3775	0	0	0	1	
8667	10583664	0	0	0	0	1	128	0	1	396	246	61	62	3781	0	0	0	1	
8668	10583697	0	0	0	0	1	128	0	1	396	246	61	62	3796	0	0	0	1	
8669	10583731	0	0	0	0	1	128	0	1	396	246	61	63	3804	0	0	0	1	
8670	10583764	0	0	0	0	1	128	0	1	396	246	61	63	3812	0	0	0	1	
8671	10583797	0	0	0	0	1	128	0	1	396	246	61	63	3822	0	0	0	1	
8672	10583831	0	0	0	0	1	128	0	1	396	246	61	63	3801	0	0	0	1	
8673	10583864	0	0	0	0	1	128	0	1	396	246	60	63	3785	0	0	0	1	
8674	10583897	0	0	0	0	1	128	0	1	396	246	60	63	3779	0	0	0	1	
8675	10583931	0	0	0	0	1	128	0	1	396	246	60	62	3762	0	0	0	1	
8676	10583964	0	0	0	0	1	128	0	1	396	246	60	62	3750	0	0	0	1	
8677	10583997	0	0	0	0	1	128	0	1	396	246	60	62	3749	0	0	0	1	
8678	10584031	0	0	0	0	1	128	0	1	396	246	60	62	3733	0	0	0	1	
8679	10584064	0	0	0	0	1	128	0	1	396	246	60	62	3730	0	0	0	1	
8680	10584098	0	0	0	0	1	128	0	1	396	246	60	62	3719	0	0	0	1	
8681	10584131	0	0	0	0	1	128	0	1	396	246	60	62	3705	0	0	0	1	
8682	10584164	0	0	0	0	1	128	0	1	396	246	60	62	3684	0	0	0	1	
8683	10584198	0	0	0	0	1	128	0	1	396	246	59	62	3666	0	0	0	1	
8684	10584231	0	0	0	0	1	128	0	1	366	214	65	77	5022	0	0	0	1	
8685	10584264	0	0	0	0	1	128	0	1	338	214	61	63	3812	0	0	0	1	
8686	10584298	0	0	0	0	1	128	0	1	336	214	60	63	3793	0	0	0	1	
8687	10584331	0	0	0	0	1	128	0	1	334	214	60	64	3848	0	0	0	1	
8688	10584365	0	0	0	0	1	128	0	1	332	214	60	63	3830	0	0	0	1	
8689	10584398	0	0	0	0	1	128	0	1	332	214	61	64	3870	0	0	0	1	
8690	10584431	0	0	0	0	1	128	0	1	332	214	61	64	3864	0	0	0	1	
8691	10584465	0	0	0	0	1	128	0	1	326	216	61	64	3900	0	0	0	1	
8692	10584498	0	0	0	0	1	128	0	1	326	216	61	64	3878	0	0	0	1	
8693	10584531	0	0	0	0	1	128	0	1	326	216	61	64	3912	0	0	0	1	
8694	10584565	0	0	0	0	1	128	0	1	326	216	61	64	3900	0	0	0	1	
8695	10584598	0	0	0	0	1	128	0	1	324	216	61	64	3917	0	0	0	1	
8696	10584631	0	0	0	0	1	128	0	1	324	218	61	64	3903	0	0	0	1	
8697	10584665	0	0	0	0	1	128	0	1	324	218	61	64	3884	0	0	0	1	
8698	10584698	0	0	0	0	1	128	0	1	324	218	61	64	3847	0	0	0	1	
8699	10584732	0	0	0	0	1	128	0	1	324	218	60	64	3840	0	0	0	1	
8700	10584765	0	0	0	0	1	128	0	1	324	218	60	63	3808	0	0	0	1	
8701	10584798	0	0	0	0	1	128	0	1	324	218	60	63	3817	0	0	0	1	
8702	10584832	0	0	0	0	1	128	0	1	324	218	60	63	3790	0	0	0	1	
8703	10584865	0	0	0	0	1	128	0	1	324	218	60	63	3790	0	0	0	1	
8704	10584898	0	0	0	0	1	128	0	1	324	220	60	62	3760	0	0	0	1	
8705	10584932	0	0	0	0	1	128	0	1	346	260	52	55	2835	0	0	0	1	
8706	10584965	0	0	0	0	1	128	0	1	356	262	59	61	3633	0	0	0	1	
8707	10584998	0	0	0	0	1	128	0	1	356	264	60	60	3606	0	0	0	1	
8708	10585032	0	0	0	0	1	128	0	1	356	264	60	60	3599	0	0	0	1	
8709	10585065	0	0	0	0	1	128	0	1	356	264	60	60	3598	0	0	0	1	
8710	10585099	0	0	0	0	1	128	0	1	356	264	60	61	3620	0	0	0	1	
8711	10585132	0	0	0	0	1	128	0	1	358	264	60	60	3624	0	0	0	1	
8712	10585165	0	0	0	0	1	128	0	1	366	270	59	60	3558	0	0	0	1	
8713	10585199	0	0	0	0	1	128	0	1	366	270	59	60	3543	0	0	0	1	
8714	10585232	0	0	0	0	1	128	0	1	366	270	59	60	3536	0	0	0	1	
8715	10585265	0	0	0	0	1	128	0	1	366	270	59	60	3535	0	0	0	1	
8716	10585299	0	0	0	0	1	128	0	1	366	270	59	60	3539	0	0	0	1	
8717	10585332	0	0	0	0	1	128	0	1	366	270	59	60	3528	0	0	0	1	
8718	10585366	0	0	0	0	1	128	0	1	366	268	59	60	3521	0	0	0	1	
8719	10585399	0	0	0	0	1	128	0	1	366	268	59	60	3513	0	0	0	1	
8720	10585432	0	0	0	0	1	128	0	1	366	268	59	60	3506	0	0	0	1	
8721	10585466	0	0	0	0	1	128	0	1	366	270	59	60	3500	0	0	0	1	
8722	10585499	0	0	0	0	1	128	0	1	366	270	59	60	3497	0	0	0	1	
8723	10585532	0	0	0	0	1	128	0	1	364	268	59	60	3493	0	0	0	1	
8724	10585566	0	0	0	0	1	128	0	1	364	268	59	60	3501	0	0	0	1	
8725	10585599	0	0	0	0	1	128	0	1	364	268	59	59	3506	0	0	0	1	
8726	10585633	0	0	0	0	1	128	0	1	376	252	56	62	3477	0	0	0	1	
8727	10585666	0	0	0	0	1	128	0	1	396	236	58	60	3481	0	0	0	1	
8728	10585699	0	0	0	0	1	128	0	1	394	236	58	60	3480	0	0	0	1	
8729	10585733	0	0	0	0	1	128	0	1	394	238	58	61	3488	0	0	0	1	
8730	10585766	0	0	0	0	1	128	0	1	394	238	58	61	3494	0	0	0	1	
8731	10585799	0	0	0	0	1	128	0	1	394	238	58	60	3500	0	0	0	1	
8732	10585833	0	0	0	0	1	128	0	1	396	242	58	60	3472	0	0	0	1	
8733	10585866	0	0	0	0	1	128	0	1	396	242	58	60	3472	0	0	0	1	
8734	10585899	0	0	0	0	1	128	0	1	396	242	58	60	3455	0	0	0	1	
8735	10585933	0	0	0	0	1	128	0	1	396	242	58	60	3450	0	0	0	1	
8736	10585966	0	0	0	0	1	128	0	1	396	242	57	60	3427	0	0	0	1	
8737	10586000	0	0	0	0	1	128	0	1	396	242	57	60	3419	0	0	0	1	
8738	10586033	0	0	0	0	1	128	0	1	396	242	57	59	3418	0	0	0	1	
8739	10586066	0	0	0	0	1	128	0	1	396	242	57	59	3413	0	0	0	1	
8740	10586100	0	0	0	0	1	128	0	1	396	240	57	59	3399	0	0	0	1	
8741	10586133	0	0	0	0	1	128	0	1	396	240	57	59	3393	0	0	0	1	
8742	10586166	0	0	0	0	1	128	0	1	396	240	57	59	3382	0	0	0	1	
8743	10586200	0	0	0	0	1	128	0	1	396	240	57	59	3377	0	0	0	1	
8744	10586233	0	0	0	0	1	128	0	1	396	240	57	59	3373	0	0	0	1	
8745	10586266	0	0	0	0	1	128	0	1	396	242	57	59	3367	0	0	0	1	
8746	10586300	0	0	0	0	1	128	0	1	396	242	57	59	3350	0	0	0	1	
8747	10586333	0	0	0	0	1	128	0	1	396	242	57	59	3343	0	0	0	1	
8748	10586367	0	0	0	0	1	128	0	1	396	242	57	59	3332	0	0	0	1	
8749	10586400	0	0	0	0	1	128	0	1	396	242	57	59	3329	0	0	0	1	
8750	10586433	0	0	0	0	1	128	0	1	396	242	57	59	3320	0	0	0	1	
8751	10586467	0	0	0	0	1	128	0	1	398	266	54	57	3087	0	0	0	1	
8752	10586500	0	0	0	0	1	128	0	1	400	272	55	57	3172	0	0	0	1	
8753	10586533	0	0	0	0	1	128	0	1	400	272	55	57	3178	0	0	0	1	
8754	10586567	0	0	0	0	1	128	0	1	398	274	55	58	3181	0	0	0	1	
8755	10586600	0	0	0	0	1	128	0	1	390	286	50	57	2857	0	0	0	1	
8756	10586634	0	0	0	0	1	128	0	1	382	302	53	57	3063	0	0	0	1	
8757	10586667	0	0	0	0	1	128	0	1	380	304	54	58	3089	0	0	0	1	
8758	10586700	0	0	0	0	1	128	0	1	378	306	53	58	3093	0	0	0	1	
8759	10586734	0	0	0	0	1	128	0	1	374	306	53	58	3087	0	0	0	1	
8760	10586767	0	0	0	0	1	128	0	1	340	306	54	59	3203	0	0	0	1	
8761	10586800	0	0	0	0	1	128	0	1	328	306	54	59	3195	0	0	0	1	
8762	10586834	0	0	0	0	1	128	0	1	324	308	54	60	3210	0	0	0	1	
8763	10586867	0	0	0	0	1	128	0	1	322	308	54	60	3233	0	0	0	1	
8764	10586900	0	0	0	0	1	128	0	1	318	308	54	60	3251	0	0	0	1	
8765	10586934	0	0	0	0	1	128	0	1	292	306	53	61	3237	0	0	0	1	
8766	10586967	0	0	0	0	1	128	0	1	286	302	54	61	3321	0	0	0	1	
8767	10587001	0	0	0	0	1	128	0	1	282	302	54	61	3275	0	0	0	1	
8768	10587034	0	0	0	0	1	128	0	1	280	300	54	61	3330	0	0	0	1	
8769	10587067	0	0	0	0	1	128	0	1	276	300	54	61	3315	0	0	0	1	
8770	10587101	0	0	0	0	1	128	0	1	274	298	54	61	3282	0	0	0	1	
8771	10587134	0	0	0	0	1	128	0	1	248	294	40	57	2295	0	0	0	1	
8772	10587167	0	0	0	0	1	128	0	1	250	264	54	61	3305	0	0	0	1	
8773	10587201	0	0	0	0	1	128	0	1	248	262	54	60	3223	0	0	0	1	
8774	10587234	0	0	0	0	1	128	0	1	246	262	53	59	3168	0	0	0	1	
8775	10587268	0	0	0	0	1	128	0	1	244	260	53	59	3139	0	0	0	1	
8776	10587301	0	0	0	0	1	128	0	1	244	258	53	59	3128	0	0	0	1	
8777	10587334	0	0	0	0	1	128	0	1	250	234	54	59	3169	0	0	0	1	
8778	10587368	0	0	0	0	1	128	0	1	258	214	55	59	3229	0	0	0	1	
8779	10587401	0	0	0	0	1	128	0	1	260	212	55	58	3200	0	0	0	1	
8780	10587434	0	0	0	0	1	128	0	1	262	210	55	58	3192	0	0	0	1	
8781	10587468	0	0	0	0	1	128	0	1	262	210	55	58	3180	0	0	0	1	
8782	10587501	0	0	0	0	1	128	0	1	262	228	54	57	3086	0	0	0	1	
8783	10587534	0	0	0	0	1	128	0	1	262	228	54	58	3149	0	0	0	1	
8784	10587568	0	0	0	0	1	128	0	1	264	228	54	58	3164	0	0	0	1	
8785	10587601	0	0	0	0	1	128	0	1	268	226	55	59	3194	0	0	0	1	
8786	10587635	0	0	0	0	1	128	0	1	270	224	55	59	3218	0	0	0	1	
8787	10587668	0	0	0	0	1	128	0	1	274	222	55	59	3249	0	0	0	1	
8788	10587701	0	0	0	0	1	128	0	1	276	220	56	61	3421	0	0	0	1	
8789	10587735	0	0	0	0	1	128	0	1	282	220	56	59	3284	0	0	0	1	
8790	10587768	0	0	0	0	1	128	0	1	298	206	56	59	3315	0	0	0	1	
8791	10587801	0	0	0	0	1	128	0	1	302	204	56	59	3341	0	0	0	1	
8792	10587835	0	0	0	0	1	128	0	1	306	204	57	59	3362	0	0	0	1	
8793	10587868	0	0	0	0	1	128	0	1	312	204	56	60	3372	0	0	0	1	
8794	10587901	0	0	0	0	1	128	0	1	316	204	57	61	3447	0	0	0	1	
8795	10587935	0	0	0	0	1	128	0	1	320	206	57	61	3453	0	0	0	1	
8796	10587968	0	0	0	0	1	128	0	1	344	204	57	59	3365	0	0	0	1	
8797	10588002	0	0	0	0	1	128	0	1	348	206	57	59	3377	0	0	0	1	
8798	10588035	0	0	0	0	1	128	0	1	350	208	57	61	3484	0	0	0	1	
8799	10588068	0	0	0	0	1	128	0	1	356	210	57	60	3421	0	0	0	1	
8800	10588102	0	0	0	0	1	128	0	1	358	214	57	60	3413	0	0	0	1	
8801	10588135	0	0	0	0	1	128	0	1	362	216	57	60	3437	0	0	0	1	
8802	10588168	0	0	0	0	1	128	0	1	378	222	55	58	3193	0	0	0	1	
8803	10588202	0	0	0	0	1	128	0	1	388	230	56	58	3277	0	0	0	1	
8804	10588235	0	0	0	0	1	128	0	1	390	232	56	58	3259	0	0	0	1	
8805	10588269	0	0	0	0	1	128	0	1	392	236	56	58	3268	0	0	0	1	
8806	10588302	0	0	0	0	1	128	0	1	392	238	56	58	3255	0	0	0	1	
8807	10588335	0	0	0	0	1	128	0	1	394	242	56	58	3246	0	0	0	1	
8808	10588369	0	0	0	0	1	128	0	1	394	244	56	58	3231	0	0	0	1	
8809	10588402	0	0	0	0	1	128	0	1	394	248	56	58	3222	0	0	0	1	
8810	10588435	0	0	0	0	1	128	0	1	396	248	56	58	3223	0	0	0	1	
8811	10588469	0	0	0	0	1	128	0	1	396	248	56	58	3223	0	0	0	1	
8812	10588502	0	0	0	0	1	128	0	1	396	248	56	58	3223	0	0	0	1	
8813	10588536	0	0	0	0	1	128	0	1	396	248	56	58	3222	0	0	0	1	
8814	10588569	0	0	0	0	1	128	0	1	396	248	56	58	3223	0	0	0	1	
8815	10588602	0	0	0	0	1	128	0	1	398	246	56	58	3224	0	0	0	1	
8816	10588636	0	0	0	0	1	128	0	1	398	246	56	58	3205	0	0	0	1	
8817	10588669	0	0	0	0	1	128	0	1	398	246	56	57	3193	0	0	0	1	
8818	10588702	0	0	0	0	1	128	0	1	398	246	56	58	3198	0	0	0	1	
8819	10588736	0	0	0	0	1	128	0	1	398	244	55	57	3182	0	0	0	1	
8820	10588769	0	0	0	0	1	128	0	1	398	244	55	57	3185	0	0	0	1	
8821	10588802	0	0	0	0	1	128	0	1	398	246	55	57	3173	0	0	0	1	
8822	10588836	0	0	0	0	1	128	0	1	398	244	55	57	3183	0	0	0	1	
8823	10588869	0	0	0	0	1	128	0	1	398	244	55	57	3177	0	0	0	1	
8824	10588903	0	0	0	0	1	128	0	1	398	244	55	57	3174	0	0	0	1	
8825	10588936	0	0	0	0	1	128	0	1	396	244	55	57	3163	0	0	0	1	
8826	10588969	0	0	0	0	1	128	0	1	396	244	55	57	3159	0	0	0	1	
8827	10589003	0	0	0	0	1	128	0	1	396	244	55	57	3154	0	0	0	1	
8828	10589036	0	0	0	0	1	128	0	1	396	244	55	57	3159	0	0	0	1	
8829	10589069	0	0	0	0	1	128	0	1	396	244	55	57	3160	0	0	0	1	
8830	10589103	0	0	0	0	1	128	0	1	396	244	55	57	3159	0	0	0	1	
8831	10589136	0	0	0	0	1	128	0	1	396	244	55	57	3164	0	0	0	1	
8832	10589169	0	0	0	0	1	128	0	1	396	244	56	57	3172	0	0	0	1	
8833	10589203	0	0	0	0	1	128	0	1	396	244	55	57	3176	0	0	0	1	
8834	10589236	0	0	0	0	1	128	0	1	396	244	55	57	3178	0	0	0	1	
8835	10589270	0	0	0	0	1	128	0	1	396	244	56	57	3187	0	0	0	1	
8836	10589303	0	0	0	0	1	128	0	1	396	244	56	57	3197	0	0	0	1	
8837	10589336	0	0	0	0	1	128	0	1	396	244	56	57	3200	0	0	0	1	
8838	10589370	0	0	0	0	1	128	0	1	396	244	56	57	3194	0	0	0	1	
8839	10589403	0	0	0	0	1	128	0	1	396	244	56	57	3191	0	0	0	1	
8840	10589436	0	0	0	0	1	128	0	1	396	244	56	57	3179	0	0	0	1	
8841	10589470	0	0	0	0	1	128	0	1	396	244	55	57	3172	0	0	0	1	
8842	10589503	0	0	0	0	1	128	0	1	394	244	55	57	3160	0	0	0	1	
8843	10589537	0	0	0	0	1	128	0	1	396	244	55	57	3150	0	0	0	1	
8844	10589570	0	0	0	0	1	128	0	1	396	244	55	57	3146	0	0	0	1	
8845	10589603	0	0	0	0	1	128	0	1	394	244	56	57	3156	0	0	0	1	
8846	10589637	0	0	0	0	1	128	0	1	394	244	56	57	3164	0	0	0	1	
8847	10589670	0	0	0	0	1	128	0	1	394	244	56	57	3166	0	0	0	1	
8848	10589703	0	0	0	0	1	128	0	1	394	244	56	57	3165	0	0	0	1	
8849	10589737	0	0	0	0	1	128	0	1	394	244	56	57	3159	0	0	0	1	
8850	10589770	0	0	0	0	1	128	0	1	396	244	56	57	3178	0	0	0	1	
8851	10589804	0	0	0	0	1	128	0	1	396	244	56	57	3189	0	0	0	1	
8852	10589837	0	0	0	0	1	128	0	1	396	244	56	57	3221	0	0	0	1	
8853	10589870	0	0	0	0	1	128	0	1	396	244	56	58	3247	0	0	0	1	
8854	10589904	0	0	0	0	1	128	0	1	396	244	57	58	3300	0	0	0	1	
8855	10589937	0	0	0	0	1	128	0	1	394	244	57	58	3339	0	0	0	1	
8856	10589970	0	0	0	0	1	128	0	1	394	244	57	59	3370	0	0	0	1	
8857	10590004	0	0	0	0	1	128	0	1	394	244	58	59	3405	0	0	0	1	
8858	10590037	0	0	0	0	1	128	0	1	394	244	58	59	3462	0	0	0	1	
8859	10590070	0	0	0	0	1	128	0	1	394	244	58	60	3488	0	0	0	1	
8860	10590104	0	0	0	0	1	128	0	1	394	244	59	60	3516	0	0	0	1	
8861	10590137	0	0	0	0	1	128	0	1	394	244	59	60	3516	0	0	0	1	
8862	10590171	0	0	0	0	1	128	0	1	394	244	58	60	3494	0	0	0	1	
8863	10590204	0	0	0	0	1	128	0	1	394	244	58	59	3465	0	0	0	1	
8864	10590237	0	0	0	0	1	128	0	1	394	244	58	59	3443	0	0	0	1	
8865	10590271	0	0	0	0	1	128	0	1	394	244	58	59	3407	0	0	0	1	
8866	10590304	0	0	0	0	1	128	0	1	394	244	58	59	3407	0	0	0	1	
8867	10590337	0	0	0	0	1	128	0	1	394	244	58	59	3397	0	0	0	1	
8868	10590371	0	0	0	0	1	128	0	1	394	244	58	59	3399	0	0	0	1	
8869	10590404	0	0	0	0	1	128	0	1	394	244	58	59	3386	0	0	0	1	
8870	10590438	0	0	0	0	1	128	0	1	394	244	58	59	3397	0	0	0	1	
8871	10590471	0	0	0	0	1	128	0	1	394	242	58	59	3407	0	0	0	1	
8872	10590504	0	0	0	0	1	128	0	1	394	244	58	59	3420	0	0	0	1	
8873	10590538	0	0	0	0	1	128	0	1	394	244	58	59	3433	0	0	0	1	
8874	10590571	0	0	0	0	1	128	0	1	394	244	58	59	3445	0	0	0	1	
8875	10590604	0	0	0	0	1	128	0	1	394	244	58	60	3458	0	0	0	1	
8876	10590638	0	0	0	0	1	128	0	1	394	244	58	60	3486	0	0	0	1	
8877	10590671	0	0	0	0	1	128	0	1	394	244	58	60	3507	0	0	0	1	
8878	10590704	0	0	0	0	1	128	0	1	394	244	58	60	3520	0	0	0	1	
8879	10590738	0	0	0	0	1	128	0	1	394	244	59	60	3537	0	0	0	1	
8880	10590771	0	0	0	0	1	128	0	1	394	244	59	60	3552	0	0	0	1	
8881	10590805	0	0	0	0	1	128	0	1	394	244	59	60	3556	0	0	0	1	
8882	10590838	0	0	0	0	1	128	0	1	394	244	59	61	3578	0	0	0	1	
8883	10590871	0	0	0	0	1	128	0	1	394	244	59	61	3586	0	0	0	1	
8884	10590905	0	0	0	0	1	128	0	1	394	244	59	61	3590	0	0	0	1	
8885	10590938	0	0	0	0	1	128	0	1	394	244	59	61	3594	0	0	0	1	
8886	10590971	0	0	0	0	1	128	0	1	392	244	59	61	3590	0	0	0	1	
8887	10591005	0	0	0	0	1	128	0	1	392	244	59	60	3581	0	0	0	1	
8888	10591038	0	0	0	0	1	128	0	1	392	244	59	61	3581	0	0	0	1	
8889	10591071	0	0	0	0	1	128	0	1	392	244	59	60	3574	0	0	0	1	
8890	10591105	0	0	0	0	1	128	0	1	392	244	59	60	3570	0	0	0	1	
8891	10591138	0	0	0	0	1	128	0	1	392	244	59	60	3561	0	0	0	1	
8892	10591172	0	0	0	0	1	128	0	1	394	244	59	60	3551	0	0	0	1	
8893	10591205	0	0	0	0	1	128	0	1	394	244	59	60	3537	0	0	0	1	
8894	10591238	0	0	0	0	1	128	0	1	394	244	59	60	3534	0	0	0	1	
8895	10591272	0	0	0	0	1	128	0	1	394	244	58	60	3530	0	0	0	1	
8896	10591305	0	0	0	0	1	128	0	1	394	244	58	61	3541	0	0	0	1	
8897	10591338	0	0	0	0	1	128	0	1	394	244	58	61	3561	0	0	0	1	
8898	10591372	0	0	0	0	1	128	0	1	394	242	58	61	3581	0	0	0	1	
8899	10591405	0	0	0	0	1	128	0	1	394	244	59	62	3604	0	0	0	1	
8900	10591439	0	0	0	0	1	128	0	1	394	244	59	62	3611	0	0	0	1	
8901	10591472	0	0	0	0	1	128	0	1	394	244	59	62	3623	0	0	0	1	
8902	10591505	0	0	0	0	1	128	0	1	394	244	59	62	3634	0	0	0	1	
8903	10591539	0	0	0	0	1	128	0	1	408	242	58	62	3549	0	0	0	1	
8904	10591572	0	0	0	0	1	128	0	1	406	242	57	61	3535	0	0	0	1	
8905	10591605	0	0	0	0	1	128	0	1	406	242	57	61	3517	0	0	0	1	
8906	10591639	0	0	0	0	1	128	0	1	384	248	59	60	3554	0	0	0	1	
8907	10591672	0	0	0	0	1	128	0	1	384	248	58	61	3543	0	0	0	1	
8908	10591706	0	0	0	0	1	128	0	1	382	248	58	60	3524	0	0	0	1	
8909	10591739	0	0	0	0	1	128	0	1	382	248	58	60	3511	0	0	0	1	
8910	10591772	0	0	0	0	1	128	0	1	382	248	58	60	3491	0	0	0	1	
8911	10591806	0	0	0	0	1	128	0	1	382	248	58	60	3487	0	0	0	1	
8912	10591839	0	0	0	0	1	128	0	1	384	250	57	59	3380	0	0	0	1	
8913	10591872	0	0	0	0	1	128	0	0	0	0	0	0	0	0	0	0	1	
8914	10591906	0	0	0	0	1	128	0	0	0	0	0	0	0	0	0	0	1	
8915	10591939	0	0	0	0	1	128	0	0	0	0	0	0	0	0	0	0	1	
8916	10591972	0	0	0	0	1	128	0	0	0	0	0	0	0	0	0	0	1	
8917	10592006	0	0	0	0	1	128	0	0	0	0	0	0	0	0	0	0	1	
8918	10592039	0	0	0	0	1	128	0	0	0	0	0	0	0	0	0	0	1	
8919	10592073	0	0	0	0	1	128	0	1	400	238	38	53	2018	0	0	0	1	
8920	10592106	0	0	0	0	1	128	0	1	388	262	58	69	3981	0	0	0	1	
8921	10592139	0	0	0	0	1	128	0	1	398	254	59	65	3857	0	0	0	1	
8922	10592173	0	0	0	0	1	128	0	1	392	250	57	59	3373	0	0	0	1	
8923	10592206	0	0	0	0	1	128	0	1	392	250	57	60	3400	0	0	0	1	
8924	10592239	0	0	0	0	1	128	0	1	392	248	58	59	3419	0	0	0	1	
