Version	1.08	gmtime	1440676111
index	timestamp	eyeroihoriz	eyeroivert	eyeroizoomx	eyeroizoomy	blendmode	blendfactor	onlinecalib	eye_valid	eye_x	eye_y	eye_w	eye_h	eye_a	field_x	field_y	displaymode	displayeyedetection	event
4301	11529492	0	0	0	0	1	128	0	1	394	344	46	51	2347	0	0	0	1	
4302	11529525	0	0	0	0	1	128	0	1	394	344	46	51	2330	0	0	0	1	
4303	11529559	0	0	0	0	1	128	0	1	394	344	46	51	2328	0	0	0	1	
4304	11529592	0	0	0	0	1	128	0	1	394	344	46	51	2324	0	0	0	1	
4305	11529625	0	0	0	0	1	128	0	1	394	344	46	51	2335	0	0	0	1	
4306	11529659	0	0	0	0	1	128	0	1	394	344	46	51	2353	0	0	0	1	
4307	11529692	0	0	0	0	1	128	0	1	394	344	46	51	2368	0	0	0	1	
4308	11529725	0	0	0	0	1	128	0	1	394	344	46	52	2390	0	0	0	1	
4309	11529759	0	0	0	0	1	128	0	1	394	344	47	52	2400	0	0	0	1	
4310	11529792	0	0	0	0	1	128	0	1	394	344	47	52	2406	0	0	0	1	
4311	11529826	0	0	0	0	1	128	0	1	394	344	47	52	2425	0	0	0	1	
4312	11529859	0	0	0	0	1	128	0	1	394	342	47	52	2450	0	0	0	1	
4313	11529892	0	0	0	0	1	128	0	1	394	342	47	52	2459	0	0	0	1	
4314	11529926	0	0	0	0	1	128	0	1	394	342	47	52	2464	0	0	0	1	
4315	11529959	0	0	0	0	1	128	0	1	394	342	47	52	2473	0	0	0	1	
4316	11529992	0	0	0	0	1	128	0	1	394	342	47	52	2474	0	0	0	1	
4317	11530026	0	0	0	0	1	128	0	1	394	342	47	52	2479	0	0	0	1	
4318	11530059	0	0	0	0	1	128	0	1	394	342	47	52	2485	0	0	0	1	
4319	11530093	0	0	0	0	1	128	0	1	394	342	47	52	2485	0	0	0	1	
4320	11530126	0	0	0	0	1	128	0	1	394	342	47	52	2486	0	0	0	1	
4321	11530159	0	0	0	0	1	128	0	1	394	342	47	52	2492	0	0	0	1	
4322	11530193	0	0	0	0	1	128	0	1	394	342	47	52	2489	0	0	0	1	
4323	11530226	0	0	0	0	1	128	0	1	394	342	48	52	2493	0	0	0	1	
4324	11530259	0	0	0	0	1	128	0	1	394	344	48	53	2504	0	0	0	1	
4325	11530293	0	0	0	0	1	128	0	1	394	344	48	52	2497	0	0	0	1	
4326	11530326	0	0	0	0	1	128	0	1	394	342	48	53	2513	0	0	0	1	
4327	11530359	0	0	0	0	1	128	0	1	394	342	48	53	2527	0	0	0	1	
4328	11530393	0	0	0	0	1	128	0	1	394	342	48	53	2533	0	0	0	1	
4329	11530426	0	0	0	0	1	128	0	1	394	342	48	53	2530	0	0	0	1	
4330	11530460	0	0	0	0	1	128	0	1	394	344	48	53	2541	0	0	0	1	
4331	11530493	0	0	0	0	1	128	0	1	394	344	48	53	2546	0	0	0	1	
4332	11530526	0	0	0	0	1	128	0	1	394	344	48	53	2547	0	0	0	1	
4333	11530560	0	0	0	0	1	128	0	1	394	344	48	53	2555	0	0	0	1	
4334	11530593	0	0	0	0	1	128	0	1	388	344	48	52	2515	0	0	0	1	
4335	11530626	0	0	0	0	1	128	0	1	382	348	49	53	2582	0	0	0	1	
4336	11530660	0	0	0	0	1	128	0	1	382	346	49	53	2594	0	0	0	1	
4337	11530693	0	0	0	0	1	128	0	1	382	346	49	53	2589	0	0	0	1	
4338	11530727	0	0	0	0	1	128	0	1	382	346	49	53	2588	0	0	0	1	
4339	11530760	0	0	0	0	1	128	0	1	382	346	49	53	2585	0	0	0	1	
4340	11530793	0	0	0	0	1	128	0	1	382	346	49	53	2576	0	0	0	1	
4341	11530827	0	0	0	0	1	128	0	1	382	346	49	52	2560	0	0	0	1	
4342	11530860	0	0	0	0	1	128	0	1	382	346	49	52	2546	0	0	0	1	
4343	11530893	0	0	0	0	1	128	0	1	382	346	49	52	2549	0	0	0	1	
4344	11530927	0	0	0	0	1	128	0	1	382	346	49	52	2540	0	0	0	1	
4345	11530960	0	0	0	0	1	128	0	1	382	346	49	52	2534	0	0	0	1	
4346	11530993	0	0	0	0	1	128	0	1	382	346	49	52	2527	0	0	0	1	
4347	11531027	0	0	0	0	1	128	0	1	382	346	48	52	2517	0	0	0	1	
4348	11531060	0	0	0	0	1	128	0	1	380	346	48	52	2492	0	0	0	1	
4349	11531094	0	0	0	0	1	128	0	0	0	0	0	0	0	0	0	0	1	
4350	11531127	0	0	0	0	1	128	0	0	0	0	0	0	0	0	0	0	1	
4351	11531160	0	0	0	0	1	128	0	0	0	0	0	0	0	0	0	0	1	
4352	11531194	0	0	0	0	1	128	0	0	0	0	0	0	0	0	0	0	1	
4353	11531227	0	0	0	0	1	128	0	1	378	346	44	50	2205	0	0	0	1	
4354	11531260	0	0	0	0	1	128	0	1	378	348	45	51	2302	0	0	0	1	
4355	11531294	0	0	0	0	1	128	0	1	380	348	47	52	2437	0	0	0	1	
4356	11531327	0	0	0	0	1	128	0	1	380	348	48	52	2501	0	0	0	1	
4357	11531361	0	0	0	0	1	128	0	1	380	348	48	52	2503	0	0	0	1	
4358	11531394	0	0	0	0	1	128	0	1	380	348	48	52	2512	0	0	0	1	
4359	11531427	0	0	0	0	1	128	0	1	380	348	48	52	2508	0	0	0	1	
4360	11531461	0	0	0	0	1	128	0	1	380	348	48	52	2508	0	0	0	1	
4361	11531494	0	0	0	0	1	128	0	1	382	348	48	52	2515	0	0	0	1	
4362	11531527	0	0	0	0	1	128	0	1	382	348	48	52	2533	0	0	0	1	
4363	11531561	0	0	0	0	1	128	0	1	380	348	49	52	2549	0	0	0	1	
4364	11531594	0	0	0	0	1	128	0	1	380	348	49	52	2546	0	0	0	1	
4365	11531627	0	0	0	0	1	128	0	1	380	348	49	52	2553	0	0	0	1	
4366	11531661	0	0	0	0	1	128	0	1	380	348	49	52	2553	0	0	0	1	
4367	11531694	0	0	0	0	1	128	0	1	380	348	49	52	2555	0	0	0	1	
4368	11531728	0	0	0	0	1	128	0	1	382	348	49	52	2546	0	0	0	1	
4369	11531761	0	0	0	0	1	128	0	1	380	348	48	52	2530	0	0	0	1	
4370	11531794	0	0	0	0	1	128	0	1	380	348	49	52	2528	0	0	0	1	
4371	11531828	0	0	0	0	1	128	0	1	380	348	49	52	2525	0	0	0	1	
4372	11531861	0	0	0	0	1	128	0	1	380	348	48	52	2518	0	0	0	1	
4373	11531894	0	0	0	0	1	128	0	1	380	348	48	52	2510	0	0	0	1	
4374	11531928	0	0	0	0	1	128	0	1	380	350	48	52	2488	0	0	0	1	
4375	11531961	0	0	0	0	1	128	0	1	378	388	25	33	820	0	0	0	1	
4376	11531995	0	0	0	0	1	128	0	1	354	404	44	51	2250	0	0	0	1	
4377	11532028	0	0	0	0	1	128	0	1	354	404	44	51	2283	0	0	0	1	
4378	11532061	0	0	0	0	1	128	0	1	354	404	44	51	2280	0	0	0	1	
4379	11532095	0	0	0	0	1	128	0	1	354	406	44	51	2272	0	0	0	1	
4380	11532128	0	0	0	0	1	128	0	1	352	406	44	51	2261	0	0	0	1	
4381	11532161	0	0	0	0	1	128	0	1	350	404	44	51	2252	0	0	0	1	
4382	11532195	0	0	0	0	1	128	0	1	346	404	44	51	2261	0	0	0	1	
4383	11532228	0	0	0	0	1	128	0	1	346	404	44	51	2244	0	0	0	1	
4384	11532261	0	0	0	0	1	128	0	1	346	404	44	51	2243	0	0	0	1	
4385	11532295	0	0	0	0	1	128	0	1	346	404	44	51	2236	0	0	0	1	
4386	11532328	0	0	0	0	1	128	0	1	346	404	44	51	2232	0	0	0	1	
4387	11532362	0	0	0	0	1	128	0	1	346	404	44	51	2234	0	0	0	1	
4388	11532395	0	0	0	0	1	128	0	1	346	404	44	51	2246	0	0	0	1	
4389	11532428	0	0	0	0	1	128	0	1	346	404	44	51	2257	0	0	0	1	
4390	11532462	0	0	0	0	1	128	0	1	346	404	44	51	2270	0	0	0	1	
4391	11532495	0	0	0	0	1	128	0	1	350	404	44	51	2271	0	0	0	1	
4392	11532528	0	0	0	0	1	128	0	1	438	388	52	55	2877	0	0	0	1	
4393	11532562	0	0	0	0	1	128	0	1	450	366	37	50	1852	0	0	0	1	
4394	11532595	0	0	0	0	1	128	0	1	450	366	37	51	1868	0	0	0	1	
4395	11532628	0	0	0	0	1	128	0	1	450	366	37	51	1870	0	0	0	1	
4396	11532662	0	0	0	0	1	128	0	1	450	368	37	51	1887	0	0	0	1	
4397	11532695	0	0	0	0	1	128	0	1	450	368	37	51	1906	0	0	0	1	
4398	11532729	0	0	0	0	1	128	0	1	450	368	37	52	1917	0	0	0	1	
4399	11532762	0	0	0	0	1	128	0	1	448	368	37	52	1933	0	0	0	1	
4400	11532795	0	0	0	0	1	128	0	0	0	0	0	0	0	0	0	0	1	
4401	11532829	0	0	0	0	1	128	0	1	432	292	44	53	2326	0	0	0	1	
4402	11532862	0	0	0	0	1	128	0	1	424	286	45	52	2336	0	0	0	1	
4403	11532895	0	0	0	0	1	128	0	1	424	286	45	52	2365	0	0	0	1	
4404	11532929	0	0	0	0	1	128	0	1	422	286	45	53	2390	0	0	0	1	
4405	11532962	0	0	0	0	1	128	0	1	422	286	45	53	2399	0	0	0	1	
4406	11532996	0	0	0	0	1	128	0	1	422	288	46	53	2414	0	0	0	1	
4407	11533029	0	0	0	0	1	128	0	0	0	0	0	0	0	0	0	0	1	
4408	11533062	0	0	0	0	1	128	0	1	336	298	44	52	2250	0	0	0	1	
4409	11533096	0	0	0	0	1	128	0	1	330	308	53	54	2865	0	0	0	1	
4410	11533129	0	0	0	0	1	128	0	1	328	310	54	54	2878	0	0	0	1	
4411	11533162	0	0	0	0	1	128	0	1	328	308	53	54	2872	0	0	0	1	
4412	11533196	0	0	0	0	1	128	0	1	328	310	53	54	2865	0	0	0	1	
4413	11533229	0	0	0	0	1	128	0	1	326	310	53	54	2851	0	0	0	1	
4414	11533262	0	0	0	0	1	128	0	1	326	312	53	53	2826	0	0	0	1	
4415	11533296	0	0	0	0	1	128	0	1	328	312	53	53	2826	0	0	0	1	
4416	11533329	0	0	0	0	1	128	0	1	328	312	53	53	2805	0	0	0	1	
4417	11533363	0	0	0	0	1	128	0	1	328	312	53	53	2780	0	0	0	1	
4418	11533396	0	0	0	0	1	128	0	1	328	312	52	53	2764	0	0	0	1	
4419	11533429	0	0	0	0	1	128	0	1	326	312	52	53	2732	0	0	0	1	
4420	11533463	0	0	0	0	1	128	0	1	326	312	52	52	2711	0	0	0	1	
4421	11533496	0	0	0	0	1	128	0	1	326	312	51	52	2696	0	0	0	1	
4422	11533529	0	0	0	0	1	128	0	1	326	312	51	52	2674	0	0	0	1	
4423	11533563	0	0	0	0	1	128	0	1	326	312	51	52	2653	0	0	0	1	
4424	11533596	0	0	0	0	1	128	0	1	326	312	51	52	2627	0	0	0	1	
4425	11533630	0	0	0	0	1	128	0	1	326	312	51	51	2603	0	0	0	1	
4426	11533663	0	0	0	0	1	128	0	1	326	312	50	51	2580	0	0	0	1	
4427	11533696	0	0	0	0	1	128	0	1	386	268	48	84	4069	0	0	0	1	
4428	11533730	0	0	0	0	1	128	0	1	420	286	42	50	2061	0	0	0	1	
4429	11533763	0	0	0	0	1	128	0	1	422	286	42	50	2083	0	0	0	1	
4430	11533796	0	0	0	0	1	128	0	1	422	286	42	50	2059	0	0	0	1	
4431	11533830	0	0	0	0	1	128	0	1	422	286	41	50	2057	0	0	0	1	
4432	11533863	0	0	0	0	1	128	0	1	422	286	41	49	2044	0	0	0	1	
4433	11533896	0	0	0	0	1	128	0	1	422	286	41	49	2038	0	0	0	1	
4434	11533930	0	0	0	0	1	128	0	1	420	284	42	49	2063	0	0	0	1	
4435	11533963	0	0	0	0	1	128	0	1	426	284	40	49	1966	0	0	0	1	
4436	11533997	0	0	0	0	1	128	0	1	426	284	40	49	1970	0	0	0	1	
4437	11534030	0	0	0	0	1	128	0	1	426	284	40	49	1970	0	0	0	1	
4438	11534063	0	0	0	0	1	128	0	1	426	284	40	49	1969	0	0	0	1	
4439	11534097	0	0	0	0	1	128	0	1	426	284	41	49	1981	0	0	0	1	
4440	11534130	0	0	0	0	1	128	0	1	426	284	41	49	1989	0	0	0	1	
4441	11534163	0	0	0	0	1	128	0	1	430	294	40	46	1820	0	0	0	1	
4442	11534197	0	0	0	0	1	128	0	1	440	342	36	44	1578	0	0	0	1	
4443	11534230	0	0	0	0	1	128	0	1	440	376	35	47	1646	0	0	0	1	
4444	11534264	0	0	0	0	1	128	0	1	440	376	35	48	1691	0	0	0	1	
4445	11534297	0	0	0	0	1	128	0	1	442	376	35	48	1703	0	0	0	1	
4446	11534330	0	0	0	0	1	128	0	1	442	378	35	48	1708	0	0	0	1	
4447	11534364	0	0	0	0	1	128	0	1	442	378	35	49	1723	0	0	0	1	
4448	11534397	0	0	0	0	1	128	0	1	442	378	35	49	1727	0	0	0	1	
4449	11534430	0	0	0	0	1	128	0	1	442	378	36	49	1733	0	0	0	1	
4450	11534464	0	0	0	0	1	128	0	1	446	374	35	49	1724	0	0	0	1	
4451	11534497	0	0	0	0	1	128	0	1	448	372	35	49	1702	0	0	0	1	
4452	11534530	0	0	0	0	1	128	0	1	448	372	35	49	1704	0	0	0	1	
4453	11534564	0	0	0	0	1	128	0	1	448	372	35	49	1700	0	0	0	1	
4454	11534597	0	0	0	0	1	128	0	1	448	372	35	49	1705	0	0	0	1	
4455	11534631	0	0	0	0	1	128	0	1	448	372	35	49	1711	0	0	0	1	
4456	11534664	0	0	0	0	1	128	0	1	448	372	35	49	1713	0	0	0	1	
4457	11534697	0	0	0	0	1	128	0	1	448	372	35	49	1732	0	0	0	1	
4458	11534731	0	0	0	0	1	128	0	1	446	372	36	49	1751	0	0	0	1	
4459	11534764	0	0	0	0	1	128	0	1	446	372	36	49	1763	0	0	0	1	
4460	11534797	0	0	0	0	1	128	0	1	446	372	36	50	1779	0	0	0	1	
4461	11534831	0	0	0	0	1	128	0	1	446	372	36	50	1799	0	0	0	1	
4462	11534864	0	0	0	0	1	128	0	1	446	372	36	50	1814	0	0	0	1	
4463	11534897	0	0	0	0	1	128	0	0	0	0	0	0	0	0	0	0	1	
4464	11534931	0	0	0	0	1	128	0	1	348	400	45	51	2257	0	0	0	1	
4465	11534964	0	0	0	0	1	128	0	1	348	400	45	51	2292	0	0	0	1	
4466	11534998	0	0	0	0	1	128	0	1	348	400	45	51	2311	0	0	0	1	
4467	11535031	0	0	0	0	1	128	0	1	348	400	45	51	2321	0	0	0	1	
4468	11535064	0	0	0	0	1	128	0	1	348	400	46	51	2345	0	0	0	1	
4469	11535098	0	0	0	0	1	128	0	1	348	400	46	52	2370	0	0	0	1	
4470	11535131	0	0	0	0	1	128	0	1	348	400	46	52	2389	0	0	0	1	
4471	11535164	0	0	0	0	1	128	0	1	348	400	46	52	2395	0	0	0	1	
4472	11535198	0	0	0	0	1	128	0	1	348	400	46	52	2388	0	0	0	1	
4473	11535231	0	0	0	0	1	128	0	1	348	400	46	52	2365	0	0	0	1	
4474	11535265	0	0	0	0	1	128	0	1	348	400	46	51	2348	0	0	0	1	
4475	11535298	0	0	0	0	1	128	0	1	348	400	45	51	2317	0	0	0	1	
4476	11535331	0	0	0	0	1	128	0	1	348	400	45	51	2285	0	0	0	1	
4477	11535365	0	0	0	0	1	128	0	1	348	400	44	51	2252	0	0	0	1	
4478	11535398	0	0	0	0	1	128	0	1	348	400	44	50	2230	0	0	0	1	
4479	11535431	0	0	0	0	1	128	0	1	348	400	44	50	2203	0	0	0	1	
4480	11535465	0	0	0	0	1	128	0	1	348	400	44	50	2189	0	0	0	1	
4481	11535498	0	0	0	0	1	128	0	1	348	400	44	50	2178	0	0	0	1	
4482	11535532	0	0	0	0	1	128	0	1	348	400	44	50	2170	0	0	0	1	
4483	11535565	0	0	0	0	1	128	0	0	0	0	0	0	0	0	0	0	1	
4484	11535598	0	0	0	0	1	128	0	0	0	0	0	0	0	0	0	0	1	
4485	11535632	0	0	0	0	1	128	0	1	336	298	49	50	2487	0	0	0	1	
4486	11535665	0	0	0	0	1	128	0	1	334	300	50	50	2498	0	0	0	1	
4487	11535698	0	0	0	0	1	128	0	1	332	300	50	50	2504	0	0	0	1	
4488	11535732	0	0	0	0	1	128	0	1	332	300	50	51	2523	0	0	0	1	
4489	11535765	0	0	0	0	1	128	0	1	332	300	50	51	2548	0	0	0	1	
4490	11535798	0	0	0	0	1	128	0	1	330	304	50	51	2526	0	0	0	1	
4491	11535832	0	0	0	0	1	128	0	1	330	312	50	51	2579	0	0	0	1	
4492	11535865	0	0	0	0	1	128	0	1	328	312	51	51	2584	0	0	0	1	
4493	11535899	0	0	0	0	1	128	0	1	328	312	50	51	2580	0	0	0	1	
4494	11535932	0	0	0	0	1	128	0	1	328	312	50	51	2571	0	0	0	1	
4495	11535965	0	0	0	0	1	128	0	1	328	312	50	51	2550	0	0	0	1	
4496	11535999	0	0	0	0	1	128	0	1	328	312	50	51	2526	0	0	0	1	
4497	11536032	0	0	0	0	1	128	0	1	328	312	50	50	2508	0	0	0	1	
4498	11536065	0	0	0	0	1	128	0	1	328	312	49	50	2471	0	0	0	1	
4499	11536099	0	0	0	0	1	128	0	1	328	312	49	50	2450	0	0	0	1	
4500	11536132	0	0	0	0	1	128	0	1	328	314	49	49	2428	0	0	0	1	
4501	11536166	0	0	0	0	1	128	0	1	328	314	49	49	2416	0	0	0	1	
4502	11536199	0	0	0	0	1	128	0	1	328	314	49	49	2408	0	0	0	1	
4503	11536232	0	0	0	0	1	128	0	1	328	314	49	49	2400	0	0	0	1	
4504	11536266	0	0	0	0	1	128	0	1	328	312	49	49	2389	0	0	0	1	
4505	11536299	0	0	0	0	1	128	0	1	328	312	49	49	2378	0	0	0	1	
4506	11536332	0	0	0	0	1	128	0	1	328	312	49	49	2367	0	0	0	1	
4507	11536366	0	0	0	0	1	128	0	1	328	312	48	49	2348	0	0	0	1	
4508	11536399	0	0	0	0	1	128	0	1	318	346	42	49	2036	0	0	0	1	
4509	11536432	0	0	0	0	1	128	0	1	328	398	38	46	1720	0	0	0	1	
4510	11536466	0	0	0	0	1	128	0	1	344	404	41	47	1919	0	0	0	1	
4511	11536499	0	0	0	0	1	128	0	1	348	404	41	47	1921	0	0	0	1	
4512	11536533	0	0	0	0	1	128	0	1	348	404	41	47	1913	0	0	0	1	
4513	11536566	0	0	0	0	1	128	0	1	348	404	40	47	1891	0	0	0	1	
4514	11536599	0	0	0	0	1	128	0	1	348	404	40	47	1880	0	0	0	1	
4515	11536633	0	0	0	0	1	128	0	1	348	404	40	46	1864	0	0	0	1	
4516	11536666	0	0	0	0	1	128	0	1	348	404	40	47	1854	0	0	0	1	
4517	11536699	0	0	0	0	1	128	0	1	348	404	40	46	1830	0	0	0	1	
4518	11536733	0	0	0	0	1	128	0	1	348	404	39	46	1818	0	0	0	1	
4519	11536766	0	0	0	0	1	128	0	1	348	404	39	46	1808	0	0	0	1	
4520	11536800	0	0	0	0	1	128	0	1	348	404	39	46	1801	0	0	0	1	
4521	11536833	0	0	0	0	1	128	0	1	348	404	39	46	1796	0	0	0	1	
4522	11536866	0	0	0	0	1	128	0	1	348	404	39	46	1811	0	0	0	1	
4523	11536900	0	0	0	0	1	128	0	1	348	404	39	46	1817	0	0	0	1	
4524	11536933	0	0	0	0	1	128	0	1	348	404	39	46	1824	0	0	0	1	
4525	11536966	0	0	0	0	1	128	0	1	378	372	46	57	2636	0	0	0	1	
4526	11537000	0	0	0	0	1	128	0	1	400	362	40	47	1875	0	0	0	1	
4527	11537033	0	0	0	0	1	128	0	1	400	362	40	47	1887	0	0	0	1	
4528	11537066	0	0	0	0	1	128	0	1	400	362	41	47	1917	0	0	0	1	
4529	11537100	0	0	0	0	1	128	0	1	392	340	43	47	2034	0	0	0	1	
4530	11537133	0	0	0	0	1	128	0	1	392	342	43	48	2045	0	0	0	1	
4531	11537167	0	0	0	0	1	128	0	1	390	342	43	48	2067	0	0	0	1	
4532	11537200	0	0	0	0	1	128	0	1	390	342	43	48	2085	0	0	0	1	
4533	11537233	0	0	0	0	1	128	0	1	390	342	43	48	2093	0	0	0	1	
4534	11537267	0	0	0	0	1	128	0	1	390	342	44	49	2124	0	0	0	1	
4535	11537300	0	0	0	0	1	128	0	1	390	344	44	49	2153	0	0	0	1	
4536	11537333	0	0	0	0	1	128	0	1	390	344	45	49	2178	0	0	0	1	
4537	11537367	0	0	0	0	1	128	0	1	390	342	45	49	2208	0	0	0	1	
4538	11537400	0	0	0	0	1	128	0	1	392	342	45	50	2224	0	0	0	1	
4539	11537433	0	0	0	0	1	128	0	1	392	342	45	50	2218	0	0	0	1	
4540	11537467	0	0	0	0	1	128	0	1	392	342	45	50	2247	0	0	0	1	
4541	11537500	0	0	0	0	1	128	0	1	392	342	45	50	2253	0	0	0	1	
4542	11537534	0	0	0	0	1	128	0	1	392	342	45	50	2267	0	0	0	1	
4543	11537567	0	0	0	0	1	128	0	1	392	342	45	50	2269	0	0	0	1	
4544	11537600	0	0	0	0	1	128	0	1	392	342	45	50	2250	0	0	0	1	
4545	11537634	0	0	0	0	1	128	0	1	392	342	45	50	2211	0	0	0	1	
4546	11537667	0	0	0	0	1	128	0	1	392	342	44	49	2184	0	0	0	1	
4547	11537700	0	0	0	0	1	128	0	1	392	342	44	49	2148	0	0	0	1	
4548	11537734	0	0	0	0	1	128	0	1	392	342	43	48	2103	0	0	0	1	
4549	11537767	0	0	0	0	1	128	0	1	392	342	43	48	2055	0	0	0	1	
4550	11537801	0	0	0	0	1	128	0	1	392	342	43	48	2034	0	0	0	1	
4551	11537834	0	0	0	0	1	128	0	1	392	342	42	47	1991	0	0	0	1	
4552	11537867	0	0	0	0	1	128	0	1	392	342	42	47	1973	0	0	0	1	
4553	11537901	0	0	0	0	1	128	0	1	392	342	42	46	1930	0	0	0	1	
4554	11537934	0	0	0	0	1	128	0	1	392	342	41	46	1909	0	0	0	1	
4555	11537967	0	0	0	0	1	128	0	1	392	342	41	46	1889	0	0	0	1	
4556	11538001	0	0	0	0	1	128	0	1	392	342	41	45	1866	0	0	0	1	
4557	11538034	0	0	0	0	1	128	0	1	392	342	41	45	1845	0	0	0	1	
4558	11538067	0	0	0	0	1	128	0	1	392	342	40	45	1817	0	0	0	1	
4559	11538101	0	0	0	0	1	128	0	1	392	342	40	45	1809	0	0	0	1	
4560	11538134	0	0	0	0	1	128	0	1	392	342	40	44	1778	0	0	0	1	
4561	11538168	0	0	0	0	1	128	0	1	392	342	40	44	1748	0	0	0	1	
4562	11538201	0	0	0	0	1	128	0	1	392	342	39	44	1727	0	0	0	1	
4563	11538234	0	0	0	0	1	128	0	1	392	342	39	43	1710	0	0	0	1	
4564	11538268	0	0	0	0	1	128	0	1	392	342	39	43	1693	0	0	0	1	
4565	11538301	0	0	0	0	1	128	0	1	392	342	40	43	1739	0	0	0	1	
4566	11538334	0	0	0	0	1	128	0	1	394	342	39	43	1657	0	0	0	1	
4567	11538368	0	0	0	0	1	128	0	1	394	342	38	43	1642	0	0	0	1	
4568	11538401	0	0	0	0	1	128	0	1	394	342	38	43	1636	0	0	0	1	
4569	11538434	0	0	0	0	1	128	0	1	394	342	38	43	1634	0	0	0	1	
4570	11538468	0	0	0	0	1	128	0	1	394	342	38	42	1622	0	0	0	1	
4571	11538501	0	0	0	0	1	128	0	1	394	342	38	42	1612	0	0	0	1	
4572	11538535	0	0	0	0	1	128	0	1	394	342	38	42	1612	0	0	0	1	
4573	11538568	0	0	0	0	1	128	0	1	394	342	38	42	1604	0	0	0	1	
4574	11538601	0	0	0	0	1	128	0	1	394	342	38	42	1591	0	0	0	1	
4575	11538635	0	0	0	0	1	128	0	1	394	342	38	42	1587	0	0	0	1	
4576	11538668	0	0	0	0	1	128	0	1	392	342	38	42	1579	0	0	0	1	
4577	11538701	0	0	0	0	1	128	0	1	392	344	38	42	1564	0	0	0	1	
4578	11538735	0	0	0	0	1	128	0	1	392	344	37	42	1558	0	0	0	1	
4579	11538768	0	0	0	0	1	128	0	1	392	344	38	42	1561	0	0	0	1	
4580	11538802	0	0	0	0	1	128	0	1	392	344	37	42	1557	0	0	0	1	
4581	11538835	0	0	0	0	1	128	0	1	392	344	37	42	1556	0	0	0	1	
4582	11538868	0	0	0	0	1	128	0	1	392	344	37	42	1559	0	0	0	1	
4583	11538902	0	0	0	0	1	128	0	1	388	346	38	40	1513	0	0	0	1	
4584	11538935	0	0	0	0	1	128	0	1	356	378	38	42	1570	0	0	0	1	
4585	11538968	0	0	0	0	1	128	0	1	356	378	38	42	1599	0	0	0	1	
4586	11539002	0	0	0	0	1	128	0	1	356	378	38	42	1614	0	0	0	1	
4587	11539035	0	0	0	0	1	128	0	1	356	378	38	42	1620	0	0	0	1	
4588	11539068	0	0	0	0	1	128	0	1	356	378	39	42	1638	0	0	0	1	
4589	11539102	0	0	0	0	1	128	0	1	356	378	39	43	1651	0	0	0	1	
4590	11539135	0	0	0	0	1	128	0	1	356	378	39	43	1680	0	0	0	1	
4591	11539169	0	0	0	0	1	128	0	1	356	378	40	43	1705	0	0	0	1	
4592	11539202	0	0	0	0	1	128	0	1	356	378	40	43	1731	0	0	0	1	
4593	11539235	0	0	0	0	1	128	0	1	356	378	40	44	1752	0	0	0	1	
4594	11539269	0	0	0	0	1	128	0	1	356	378	40	44	1780	0	0	0	1	
4595	11539302	0	0	0	0	1	128	0	1	356	378	41	44	1801	0	0	0	1	
4596	11539335	0	0	0	0	1	128	0	1	356	376	41	45	1849	0	0	0	1	
4597	11539369	0	0	0	0	1	128	0	1	356	376	42	45	1879	0	0	0	1	
4598	11539402	0	0	0	0	1	128	0	1	356	376	42	46	1908	0	0	0	1	
4599	11539436	0	0	0	0	1	128	0	1	356	376	42	46	1947	0	0	0	1	
4600	11539469	0	0	0	0	1	128	0	1	356	376	42	46	1968	0	0	0	1	
4601	11539502	0	0	0	0	1	128	0	1	356	376	43	47	1988	0	0	0	1	
4602	11539536	0	0	0	0	1	128	0	1	356	376	43	47	2008	0	0	0	1	
4603	11539569	0	0	0	0	1	128	0	1	356	376	43	47	2025	0	0	0	1	
4604	11539602	0	0	0	0	1	128	0	1	356	376	43	47	2047	0	0	0	1	
4605	11539636	0	0	0	0	1	128	0	0	0	0	0	0	0	0	0	0	1	
4606	11539669	0	0	0	0	1	128	0	1	402	384	39	47	1817	0	0	0	1	
4607	11539703	0	0	0	0	1	128	0	1	402	384	38	47	1814	0	0	0	1	
4608	11539736	0	0	0	0	1	128	0	1	402	384	38	47	1816	0	0	0	1	
4609	11539769	0	0	0	0	1	128	0	1	404	384	38	47	1821	0	0	0	1	
4610	11539803	0	0	0	0	1	128	0	1	404	384	39	47	1824	0	0	0	1	
4611	11539836	0	0	0	0	1	128	0	1	404	384	39	48	1836	0	0	0	1	
4612	11539869	0	0	0	0	1	128	0	1	404	384	39	48	1841	0	0	0	1	
4613	11539903	0	0	0	0	1	128	0	1	402	384	39	48	1855	0	0	0	1	
4614	11539936	0	0	0	0	1	128	0	1	404	384	39	48	1852	0	0	0	1	
4615	11539969	0	0	0	0	1	128	0	1	404	384	39	48	1862	0	0	0	1	
4616	11540003	0	0	0	0	1	128	0	1	404	384	39	48	1863	0	0	0	1	
4617	11540036	0	0	0	0	1	128	0	1	404	384	39	48	1877	0	0	0	1	
4618	11540070	0	0	0	0	1	128	0	1	404	384	39	48	1895	0	0	0	1	
4619	11540103	0	0	0	0	1	128	0	1	404	384	39	48	1912	0	0	0	1	
4620	11540136	0	0	0	0	1	128	0	1	406	384	40	49	1921	0	0	0	1	
4621	11540170	0	0	0	0	1	128	0	1	406	384	40	49	1944	0	0	0	1	
4622	11540203	0	0	0	0	1	128	0	1	406	382	40	49	1966	0	0	0	1	
4623	11540236	0	0	0	0	1	128	0	1	406	382	40	49	1983	0	0	0	1	
4624	11540270	0	0	0	0	1	128	0	1	406	382	40	50	1998	0	0	0	1	
4625	11540303	0	0	0	0	1	128	0	1	406	382	40	50	2010	0	0	0	1	
4626	11540337	0	0	0	0	1	128	0	1	406	382	41	50	2026	0	0	0	1	
4627	11540370	0	0	0	0	1	128	0	1	406	382	41	50	2049	0	0	0	1	
4628	11540403	0	0	0	0	1	128	0	1	414	370	41	50	2055	0	0	0	1	
4629	11540437	0	0	0	0	1	128	0	1	416	370	41	50	2070	0	0	0	1	
4630	11540470	0	0	0	0	1	128	0	1	416	370	41	50	2083	0	0	0	1	
4631	11540503	0	0	0	0	1	128	0	1	416	368	42	50	2099	0	0	0	1	
4632	11540537	0	0	0	0	1	128	0	1	416	368	42	50	2106	0	0	0	1	
4633	11540570	0	0	0	0	1	128	0	1	416	368	42	51	2115	0	0	0	1	
4634	11540603	0	0	0	0	1	128	0	1	416	368	42	51	2137	0	0	0	1	
4635	11540637	0	0	0	0	1	128	0	1	416	368	42	51	2145	0	0	0	1	
4636	11540670	0	0	0	0	1	128	0	1	416	368	42	51	2160	0	0	0	1	
4637	11540704	0	0	0	0	1	128	0	1	416	368	42	51	2164	0	0	0	1	
4638	11540737	0	0	0	0	1	128	0	1	416	368	42	51	2167	0	0	0	1	
4639	11540770	0	0	0	0	1	128	0	1	416	368	42	51	2180	0	0	0	1	
4640	11540804	0	0	0	0	1	128	0	1	416	368	42	51	2179	0	0	0	1	
4641	11540837	0	0	0	0	1	128	0	1	416	368	43	52	2191	0	0	0	1	
4642	11540870	0	0	0	0	1	128	0	1	416	368	42	52	2188	0	0	0	1	
4643	11540904	0	0	0	0	1	128	0	1	416	368	43	52	2198	0	0	0	1	
4644	11540937	0	0	0	0	1	128	0	1	416	368	43	52	2196	0	0	0	1	
4645	11540971	0	0	0	0	1	128	0	1	416	368	42	52	2191	0	0	0	1	
4646	11541004	0	0	0	0	1	128	0	1	416	368	42	52	2196	0	0	0	1	
4647	11541037	0	0	0	0	1	128	0	1	416	368	43	52	2205	0	0	0	1	
4648	11541071	0	0	0	0	1	128	0	1	416	368	43	52	2206	0	0	0	1	
4649	11541104	0	0	0	0	1	128	0	1	416	368	43	52	2212	0	0	0	1	
4650	11541137	0	0	0	0	1	128	0	1	410	372	40	52	2100	0	0	0	1	
4651	11541171	0	0	0	0	1	128	0	1	362	378	47	52	2449	0	0	0	1	
4652	11541204	0	0	0	0	1	128	0	1	362	378	47	52	2447	0	0	0	1	
4653	11541237	0	0	0	0	1	128	0	1	364	382	43	51	2206	0	0	0	1	
4654	11541271	0	0	0	0	1	128	0	1	362	378	47	52	2462	0	0	0	1	
4655	11541304	0	0	0	0	1	128	0	1	362	378	47	52	2466	0	0	0	1	
4656	11541338	0	0	0	0	1	128	0	1	362	378	47	52	2476	0	0	0	1	
4657	11541371	0	0	0	0	1	128	0	1	362	378	48	52	2500	0	0	0	1	
4658	11541404	0	0	0	0	1	128	0	1	362	380	48	52	2506	0	0	0	1	
4659	11541438	0	0	0	0	1	128	0	1	362	380	48	52	2509	0	0	0	1	
4660	11541471	0	0	0	0	1	128	0	1	362	380	48	52	2508	0	0	0	1	
4661	11541504	0	0	0	0	1	128	0	1	362	380	47	53	2495	0	0	0	1	
4662	11541538	0	0	0	0	1	128	0	1	362	378	47	52	2467	0	0	0	1	
4663	11541571	0	0	0	0	1	128	0	1	362	380	47	52	2430	0	0	0	1	
4664	11541605	0	0	0	0	1	128	0	1	362	380	46	51	2382	0	0	0	1	
4665	11541638	0	0	0	0	1	128	0	1	362	380	46	51	2327	0	0	0	1	
4666	11541671	0	0	0	0	1	128	0	1	362	380	45	51	2291	0	0	0	1	
4667	11541705	0	0	0	0	1	128	0	1	362	378	45	50	2256	0	0	0	1	
4668	11541738	0	0	0	0	1	128	0	1	362	380	45	50	2222	0	0	0	1	
4669	11541771	0	0	0	0	1	128	0	1	362	380	44	49	2189	0	0	0	1	
4670	11541805	0	0	0	0	1	128	0	1	362	380	44	49	2172	0	0	0	1	
4671	11541838	0	0	0	0	1	128	0	1	362	380	44	49	2165	0	0	0	1	
4672	11541871	0	0	0	0	1	128	0	1	362	380	44	49	2151	0	0	0	1	
4673	11541905	0	0	0	0	1	128	0	1	362	376	43	50	2160	0	0	0	1	
4674	11541938	0	0	0	0	1	128	0	1	372	326	46	49	2270	0	0	0	1	
4675	11541972	0	0	0	0	1	128	0	1	370	326	46	49	2252	0	0	0	1	
4676	11542005	0	0	0	0	1	128	0	1	370	328	47	49	2271	0	0	0	1	
4677	11542038	0	0	0	0	1	128	0	1	368	328	46	49	2273	0	0	0	1	
4678	11542072	0	0	0	0	1	128	0	1	368	330	46	49	2272	0	0	0	1	
4679	11542105	0	0	0	0	1	128	0	1	370	330	46	50	2306	0	0	0	1	
4680	11542138	0	0	0	0	1	128	0	1	368	330	47	50	2328	0	0	0	1	
4681	11542172	0	0	0	0	1	128	0	1	368	330	47	50	2372	0	0	0	1	
4682	11542205	0	0	0	0	1	128	0	1	368	330	47	50	2393	0	0	0	1	
4683	11542239	0	0	0	0	1	128	0	1	368	330	48	50	2401	0	0	0	1	
4684	11542272	0	0	0	0	1	128	0	1	368	330	48	51	2413	0	0	0	1	
4685	11542305	0	0	0	0	1	128	0	1	368	330	48	51	2415	0	0	0	1	
4686	11542339	0	0	0	0	1	128	0	1	368	330	48	51	2407	0	0	0	1	
4687	11542372	0	0	0	0	1	128	0	1	368	332	47	50	2371	0	0	0	1	
4688	11542405	0	0	0	0	1	128	0	1	368	332	47	50	2361	0	0	0	1	
4689	11542439	0	0	0	0	1	128	0	1	368	332	47	50	2339	0	0	0	1	
4690	11542472	0	0	0	0	1	128	0	1	368	330	47	50	2321	0	0	0	1	
4691	11542505	0	0	0	0	1	128	0	1	368	330	47	49	2303	0	0	0	1	
4692	11542539	0	0	0	0	1	128	0	1	368	332	46	49	2298	0	0	0	1	
4693	11542572	0	0	0	0	1	128	0	1	368	332	46	49	2275	0	0	0	1	
4694	11542606	0	0	0	0	1	128	0	1	368	332	46	49	2261	0	0	0	1	
4695	11542639	0	0	0	0	1	128	0	1	368	332	45	49	2204	0	0	0	1	
4696	11542672	0	0	0	0	1	128	0	1	368	332	46	49	2254	0	0	0	1	
4697	11542706	0	0	0	0	1	128	0	1	368	332	45	48	2184	0	0	0	1	
4698	11542739	0	0	0	0	1	128	0	1	368	332	46	49	2249	0	0	0	1	
4699	11542772	0	0	0	0	1	128	0	1	368	332	46	49	2252	0	0	0	1	
4700	11542806	0	0	0	0	1	128	0	1	368	332	46	49	2277	0	0	0	1	
4701	11542839	0	0	0	0	1	128	0	1	368	332	47	49	2301	0	0	0	1	
4702	11542873	0	0	0	0	1	128	0	1	368	332	47	50	2319	0	0	0	1	
4703	11542906	0	0	0	0	1	128	0	1	368	332	47	50	2326	0	0	0	1	
4704	11542939	0	0	0	0	1	128	0	1	368	332	47	50	2344	0	0	0	1	
4705	11542973	0	0	0	0	1	128	0	1	368	332	47	50	2358	0	0	0	1	
4706	11543006	0	0	0	0	1	128	0	1	368	332	47	50	2365	0	0	0	1	
4707	11543039	0	0	0	0	1	128	0	1	368	332	47	50	2366	0	0	0	1	
4708	11543073	0	0	0	0	1	128	0	1	368	332	47	50	2373	0	0	0	1	
4709	11543106	0	0	0	0	1	128	0	1	368	332	47	50	2364	0	0	0	1	
4710	11543139	0	0	0	0	1	128	0	1	368	332	47	50	2350	0	0	0	1	
4711	11543173	0	0	0	0	1	128	0	1	368	332	47	50	2335	0	0	0	1	
4712	11543206	0	0	0	0	1	128	0	1	368	332	47	50	2334	0	0	0	1	
4713	11543240	0	0	0	0	1	128	0	1	368	332	47	49	2307	0	0	0	1	
4714	11543273	0	0	0	0	1	128	0	1	368	332	47	49	2290	0	0	0	1	
4715	11543306	0	0	0	0	1	128	0	1	368	332	46	49	2263	0	0	0	1	
4716	11543340	0	0	0	0	1	128	0	1	368	332	46	49	2223	0	0	0	1	
4717	11543373	0	0	0	0	1	128	0	1	368	332	45	48	2196	0	0	0	1	
4718	11543406	0	0	0	0	1	128	0	1	368	332	45	48	2181	0	0	0	1	
4719	11543440	0	0	0	0	1	128	0	1	368	332	45	48	2163	0	0	0	1	
4720	11543473	0	0	0	0	1	128	0	1	368	332	45	47	2121	0	0	0	1	
4721	11543506	0	0	0	0	1	128	0	1	368	332	45	47	2109	0	0	0	1	
4722	11543540	0	0	0	0	1	128	0	1	368	332	44	47	2033	0	0	0	1	
4723	11543573	0	0	0	0	1	128	0	1	368	332	44	46	2023	0	0	0	1	
4724	11543607	0	0	0	0	1	128	0	1	368	332	44	46	2011	0	0	0	1	
4725	11543640	0	0	0	0	1	128	0	1	368	332	43	45	1964	0	0	0	1	
4726	11543673	0	0	0	0	1	128	0	1	362	336	43	45	1961	0	0	0	1	
4727	11543707	0	0	0	0	1	128	0	1	366	340	39	44	1717	0	0	0	1	
4728	11543740	0	0	0	0	1	128	0	1	362	338	43	45	1921	0	0	0	1	
4729	11543773	0	0	0	0	1	128	0	1	360	338	43	44	1927	0	0	0	1	
4730	11543807	0	0	0	0	1	128	0	1	360	340	43	44	1908	0	0	0	1	
4731	11543840	0	0	0	0	1	128	0	1	358	340	43	44	1899	0	0	0	1	
4732	11543873	0	0	0	0	1	128	0	1	356	342	43	44	1872	0	0	0	1	
4733	11543907	0	0	0	0	1	128	0	1	356	342	43	44	1871	0	0	0	1	
4734	11543940	0	0	0	0	1	128	0	1	354	342	43	44	1868	0	0	0	1	
4735	11543974	0	0	0	0	1	128	0	1	354	342	43	44	1854	0	0	0	1	
4736	11544007	0	0	0	0	1	128	0	1	354	342	43	44	1879	0	0	0	1	
4737	11544040	0	0	0	0	1	128	0	1	352	344	42	44	1850	0	0	0	1	
4738	11544074	0	0	0	0	1	128	0	1	352	344	43	44	1887	0	0	0	1	
4739	11544107	0	0	0	0	1	128	0	1	350	344	42	44	1872	0	0	0	1	
4740	11544140	0	0	0	0	1	128	0	1	350	346	43	44	1900	0	0	0	1	
4741	11544174	0	0	0	0	1	128	0	1	348	346	43	45	1897	0	0	0	1	
4742	11544207	0	0	0	0	1	128	0	1	348	346	43	45	1944	0	0	0	1	
4743	11544241	0	0	0	0	1	128	0	1	346	348	43	45	1959	0	0	0	1	
4744	11544274	0	0	0	0	1	128	0	1	346	348	44	45	1986	0	0	0	1	
4745	11544307	0	0	0	0	1	128	0	1	346	346	44	46	2005	0	0	0	1	
4746	11544341	0	0	0	0	1	128	0	1	346	346	44	46	2012	0	0	0	1	
4747	11544374	0	0	0	0	1	128	0	1	346	346	44	46	2036	0	0	0	1	
4748	11544407	0	0	0	0	1	128	0	1	346	346	45	46	2046	0	0	0	1	
4749	11544441	0	0	0	0	1	128	0	1	346	346	45	46	2055	0	0	0	1	
4750	11544474	0	0	0	0	1	128	0	1	346	346	45	46	2052	0	0	0	1	
4751	11544507	0	0	0	0	1	128	0	1	346	346	45	46	2071	0	0	0	1	
4752	11544541	0	0	0	0	1	128	0	1	346	346	45	46	2069	0	0	0	1	
4753	11544574	0	0	0	0	1	128	0	1	346	346	45	46	2092	0	0	0	1	
4754	11544608	0	0	0	0	1	128	0	1	346	346	45	46	2106	0	0	0	1	
4755	11544641	0	0	0	0	1	128	0	1	346	346	46	46	2115	0	0	0	1	
4756	11544674	0	0	0	0	1	128	0	1	346	346	46	47	2133	0	0	0	1	
4757	11544708	0	0	0	0	1	128	0	1	346	346	46	47	2134	0	0	0	1	
4758	11544741	0	0	0	0	1	128	0	1	346	346	46	47	2144	0	0	0	1	
4759	11544774	0	0	0	0	1	128	0	1	346	346	46	47	2156	0	0	0	1	
4760	11544808	0	0	0	0	1	128	0	1	346	346	46	47	2150	0	0	0	1	
4761	11544841	0	0	0	0	1	128	0	1	346	346	46	47	2146	0	0	0	1	
4762	11544875	0	0	0	0	1	128	0	1	350	346	45	47	2114	0	0	0	1	
4763	11544908	0	0	0	0	1	128	0	1	350	346	46	47	2120	0	0	0	1	
4764	11544941	0	0	0	0	1	128	0	1	350	344	46	47	2152	0	0	0	1	
4765	11544975	0	0	0	0	1	128	0	1	350	344	46	47	2157	0	0	0	1	
4766	11545008	0	0	0	0	1	128	0	1	350	344	46	47	2151	0	0	0	1	
4767	11545041	0	0	0	0	1	128	0	1	350	344	46	47	2145	0	0	0	1	
4768	11545075	0	0	0	0	1	128	0	1	350	346	45	47	2105	0	0	0	1	
4769	11545108	0	0	0	0	1	128	0	1	350	344	46	47	2130	0	0	0	1	
4770	11545142	0	0	0	0	1	128	0	1	350	344	45	47	2115	0	0	0	1	
4771	11545175	0	0	0	0	1	128	0	1	350	344	45	46	2097	0	0	0	1	
4772	11545208	0	0	0	0	1	128	0	1	350	346	44	46	2036	0	0	0	1	
4773	11545242	0	0	0	0	1	128	0	1	350	346	44	46	2034	0	0	0	1	
4774	11545275	0	0	0	0	1	128	0	1	352	346	44	46	2015	0	0	0	1	
4775	11545308	0	0	0	0	1	128	0	1	352	346	44	46	2022	0	0	0	1	
4776	11545342	0	0	0	0	1	128	0	1	354	346	44	46	1997	0	0	0	1	
4777	11545375	0	0	0	0	1	128	0	1	354	348	44	46	1987	0	0	0	1	
4778	11545408	0	0	0	0	1	128	0	1	358	350	43	45	1952	0	0	0	1	
4779	11545442	0	0	0	0	1	128	0	1	358	350	43	45	1968	0	0	0	1	
4780	11545475	0	0	0	0	1	128	0	1	360	350	43	45	1966	0	0	0	1	
4781	11545509	0	0	0	0	1	128	0	1	360	352	43	46	1954	0	0	0	1	
4782	11545542	0	0	0	0	1	128	0	1	362	352	43	46	1960	0	0	0	1	
4783	11545575	0	0	0	0	1	128	0	1	362	352	43	46	1964	0	0	0	1	
4784	11545609	0	0	0	0	1	128	0	1	364	352	43	46	1964	0	0	0	1	
4785	11545642	0	0	0	0	1	128	0	1	364	354	43	46	1970	0	0	0	1	
4786	11545675	0	0	0	0	1	128	0	1	366	354	43	46	1957	0	0	0	1	
4787	11545709	0	0	0	0	1	128	0	1	366	354	43	46	1968	0	0	0	1	
4788	11545742	0	0	0	0	1	128	0	1	366	354	43	46	1972	0	0	0	1	
4789	11545775	0	0	0	0	1	128	0	1	368	354	43	46	1974	0	0	0	1	
4790	11545809	0	0	0	0	1	128	0	1	368	356	43	47	1979	0	0	0	1	
4791	11545842	0	0	0	0	1	128	0	1	370	356	42	46	1970	0	0	0	1	
4792	11545876	0	0	0	0	1	128	0	1	372	356	43	47	1983	0	0	0	1	
4793	11545909	0	0	0	0	1	128	0	1	372	356	42	47	1982	0	0	0	1	
4794	11545942	0	0	0	0	1	128	0	1	372	358	43	47	1987	0	0	0	1	
4795	11545976	0	0	0	0	1	128	0	1	372	358	43	47	1984	0	0	0	1	
4796	11546009	0	0	0	0	1	128	0	1	372	360	42	47	1976	0	0	0	1	
4797	11546042	0	0	0	0	1	128	0	1	374	360	42	47	1975	0	0	0	1	
4798	11546076	0	0	0	0	1	128	0	1	374	360	42	47	1974	0	0	0	1	
4799	11546109	0	0	0	0	1	128	0	1	374	360	42	47	1976	0	0	0	1	
4800	11546143	0	0	0	0	1	128	0	1	376	360	42	47	1976	0	0	0	1	
4801	11546176	0	0	0	0	1	128	0	1	378	362	42	47	1956	0	0	0	1	
4802	11546209	0	0	0	0	1	128	0	1	380	362	42	47	1946	0	0	0	1	
4803	11546243	0	0	0	0	1	128	0	1	382	362	42	47	1954	0	0	0	1	
4804	11546276	0	0	0	0	1	128	0	1	384	362	42	47	1944	0	0	0	1	
4805	11546309	0	0	0	0	1	128	0	1	384	364	42	47	1955	0	0	0	1	
4806	11546343	0	0	0	0	1	128	0	1	384	364	42	46	1954	0	0	0	1	
4807	11546376	0	0	0	0	1	128	0	1	386	364	42	47	1948	0	0	0	1	
4808	11546409	0	0	0	0	1	128	0	1	386	364	42	47	1954	0	0	0	1	
4809	11546443	0	0	0	0	1	128	0	1	388	364	42	47	1942	0	0	0	1	
4810	11546476	0	0	0	0	1	128	0	1	388	364	42	47	1946	0	0	0	1	
4811	11546510	0	0	0	0	1	128	0	1	388	364	42	47	1938	0	0	0	1	
4812	11546543	0	0	0	0	1	128	0	1	388	364	42	47	1938	0	0	0	1	
4813	11546576	0	0	0	0	1	128	0	1	388	364	42	46	1934	0	0	0	1	
4814	11546610	0	0	0	0	1	128	0	1	386	364	42	46	1932	0	0	0	1	
4815	11546643	0	0	0	0	1	128	0	1	386	364	42	47	1943	0	0	0	1	
4816	11546676	0	0	0	0	1	128	0	1	386	364	42	46	1941	0	0	0	1	
4817	11546710	0	0	0	0	1	128	0	1	386	364	42	47	1954	0	0	0	1	
4818	11546743	0	0	0	0	1	128	0	1	386	364	42	47	1967	0	0	0	1	
4819	11546777	0	0	0	0	1	128	0	1	386	364	42	47	1977	0	0	0	1	
4820	11546810	0	0	0	0	1	128	0	1	386	364	42	47	1987	0	0	0	1	
4821	11546843	0	0	0	0	1	128	0	1	386	364	43	47	2016	0	0	0	1	
4822	11546877	0	0	0	0	1	128	0	1	386	364	43	48	2022	0	0	0	1	
4823	11546910	0	0	0	0	1	128	0	1	386	364	43	48	2045	0	0	0	1	
4824	11546943	0	0	0	0	1	128	0	1	386	364	43	48	2048	0	0	0	1	
4825	11546977	0	0	0	0	1	128	0	1	386	364	43	48	2060	0	0	0	1	
4826	11547010	0	0	0	0	1	128	0	1	386	364	43	48	2063	0	0	0	1	
4827	11547044	0	0	0	0	1	128	0	1	386	364	43	48	2066	0	0	0	1	
4828	11547077	0	0	0	0	1	128	0	1	386	364	43	48	2068	0	0	0	1	
4829	11547110	0	0	0	0	1	128	0	1	386	364	43	48	2079	0	0	0	1	
4830	11547144	0	0	0	0	1	128	0	1	386	364	43	48	2086	0	0	0	1	
4831	11547177	0	0	0	0	1	128	0	1	386	364	43	48	2090	0	0	0	1	
4832	11547210	0	0	0	0	1	128	0	1	386	364	43	48	2089	0	0	0	1	
4833	11547244	0	0	0	0	1	128	0	1	386	364	43	48	2086	0	0	0	1	
4834	11547277	0	0	0	0	1	128	0	1	386	364	43	48	2082	0	0	0	1	
4835	11547310	0	0	0	0	1	128	0	1	386	364	43	48	2078	0	0	0	1	
4836	11547344	0	0	0	0	1	128	0	1	386	364	43	48	2071	0	0	0	1	
4837	11547377	0	0	0	0	1	128	0	1	386	364	43	48	2055	0	0	0	1	
4838	11547411	0	0	0	0	1	128	0	1	386	364	43	48	2041	0	0	0	1	
4839	11547444	0	0	0	0	1	128	0	1	388	364	42	47	2008	0	0	0	1	
4840	11547477	0	0	0	0	1	128	0	1	362	376	42	56	2331	0	0	0	1	
4841	11547511	0	0	0	0	1	128	0	1	370	382	42	47	1946	0	0	0	1	
4842	11547544	0	0	0	0	1	128	0	1	370	382	41	47	1920	0	0	0	1	
4843	11547577	0	0	0	0	1	128	0	1	370	382	41	46	1904	0	0	0	1	
4844	11547611	0	0	0	0	1	128	0	1	370	382	41	46	1887	0	0	0	1	
4845	11547644	0	0	0	0	1	128	0	1	370	382	40	46	1846	0	0	0	1	
4846	11547677	0	0	0	0	1	128	0	1	370	382	40	45	1832	0	0	0	1	
4847	11547711	0	0	0	0	1	128	0	1	370	382	40	45	1825	0	0	0	1	
4848	11547744	0	0	0	0	1	128	0	1	370	382	40	45	1814	0	0	0	1	
4849	11547778	0	0	0	0	1	128	0	1	370	382	40	45	1805	0	0	0	1	
4850	11547811	0	0	0	0	1	128	0	1	370	382	40	45	1797	0	0	0	1	
4851	11547844	0	0	0	0	1	128	0	1	370	382	40	45	1792	0	0	0	1	
4852	11547878	0	0	0	0	1	128	0	1	370	382	40	45	1792	0	0	0	1	
4853	11547911	0	0	0	0	1	128	0	1	370	382	40	45	1793	0	0	0	1	
4854	11547944	0	0	0	0	1	128	0	1	370	382	40	45	1793	0	0	0	1	
4855	11547978	0	0	0	0	1	128	0	1	370	382	40	45	1795	0	0	0	1	
4856	11548011	0	0	0	0	1	128	0	1	370	382	40	45	1812	0	0	0	1	
4857	11548045	0	0	0	0	1	128	0	1	370	382	40	46	1831	0	0	0	1	
4858	11548078	0	0	0	0	1	128	0	1	370	382	41	45	1855	0	0	0	1	
4859	11548111	0	0	0	0	1	128	0	1	370	382	41	46	1878	0	0	0	1	
4860	11548145	0	0	0	0	1	128	0	1	370	382	41	46	1899	0	0	0	1	
4861	11548178	0	0	0	0	1	128	0	1	370	382	41	46	1919	0	0	0	1	
4862	11548211	0	0	0	0	1	128	0	1	388	370	40	60	2432	0	0	0	1	
4863	11548245	0	0	0	0	1	128	0	1	408	358	40	47	1881	0	0	0	1	
4864	11548278	0	0	0	0	1	128	0	1	410	358	40	47	1881	0	0	0	1	
4865	11548312	0	0	0	0	1	128	0	1	408	358	40	47	1903	0	0	0	1	
4866	11548345	0	0	0	0	1	128	0	1	408	358	41	48	1935	0	0	0	1	
4867	11548378	0	0	0	0	1	128	0	1	408	358	41	48	1953	0	0	0	1	
4868	11548412	0	0	0	0	1	128	0	1	408	358	41	48	1982	0	0	0	1	
4869	11548445	0	0	0	0	1	128	0	1	408	358	41	48	2005	0	0	0	1	
4870	11548478	0	0	0	0	1	128	0	1	408	358	42	49	2025	0	0	0	1	
4871	11548512	0	0	0	0	1	128	0	1	408	358	42	49	2034	0	0	0	1	
4872	11548545	0	0	0	0	1	128	0	1	408	358	42	49	2052	0	0	0	1	
4873	11548578	0	0	0	0	1	128	0	1	408	358	42	49	2069	0	0	0	1	
4874	11548612	0	0	0	0	1	128	0	1	408	358	42	49	2078	0	0	0	1	
4875	11548645	0	0	0	0	1	128	0	1	408	358	42	50	2097	0	0	0	1	
4876	11548679	0	0	0	0	1	128	0	1	408	358	42	50	2110	0	0	0	1	
4877	11548712	0	0	0	0	1	128	0	1	408	358	43	50	2133	0	0	0	1	
4878	11548745	0	0	0	0	1	128	0	1	408	358	43	50	2133	0	0	0	1	
4879	11548779	0	0	0	0	1	128	0	1	408	358	43	50	2139	0	0	0	1	
4880	11548812	0	0	0	0	1	128	0	1	408	358	43	50	2129	0	0	0	1	
4881	11548845	0	0	0	0	1	128	0	1	408	358	43	50	2131	0	0	0	1	
4882	11548879	0	0	0	0	1	128	0	1	408	358	42	50	2121	0	0	0	1	
4883	11548912	0	0	0	0	1	128	0	1	408	358	42	50	2119	0	0	0	1	
4884	11548946	0	0	0	0	1	128	0	1	408	358	42	50	2117	0	0	0	1	
4885	11548979	0	0	0	0	1	128	0	1	408	358	42	50	2120	0	0	0	1	
4886	11549012	0	0	0	0	1	128	0	1	408	358	42	50	2121	0	0	0	1	
4887	11549046	0	0	0	0	1	128	0	1	416	328	43	51	2181	0	0	0	1	
4888	11549079	0	0	0	0	1	128	0	1	414	330	44	50	2184	0	0	0	1	
4889	11549112	0	0	0	0	1	128	0	1	414	330	44	50	2182	0	0	0	1	
4890	11549146	0	0	0	0	1	128	0	1	414	330	44	50	2196	0	0	0	1	
4891	11549179	0	0	0	0	1	128	0	1	414	330	44	50	2218	0	0	0	1	
4892	11549212	0	0	0	0	1	128	0	1	414	320	44	51	2247	0	0	0	1	
4893	11549246	0	0	0	0	1	128	0	1	414	322	45	50	2254	0	0	0	1	
4894	11549279	0	0	0	0	1	128	0	1	412	322	45	50	2258	0	0	0	1	
4895	11549313	0	0	0	0	1	128	0	1	412	322	45	51	2267	0	0	0	1	
4896	11549346	0	0	0	0	1	128	0	1	412	322	45	51	2271	0	0	0	1	
4897	11549379	0	0	0	0	1	128	0	1	412	322	45	51	2270	0	0	0	1	
4898	11549413	0	0	0	0	1	128	0	1	412	322	45	50	2264	0	0	0	1	
4899	11549446	0	0	0	0	1	128	0	1	412	322	45	50	2248	0	0	0	1	
4900	11549479	0	0	0	0	1	128	0	1	412	322	44	50	2226	0	0	0	1	
4901	11549513	0	0	0	0	1	128	0	1	412	322	44	50	2203	0	0	0	1	
4902	11549546	0	0	0	0	1	128	0	1	412	322	44	50	2168	0	0	0	1	
4903	11549579	0	0	0	0	1	128	0	1	412	322	44	49	2147	0	0	0	1	
4904	11549613	0	0	0	0	1	128	0	1	412	322	43	49	2114	0	0	0	1	
4905	11549646	0	0	0	0	1	128	0	1	412	322	43	48	2081	0	0	0	1	
4906	11549680	0	0	0	0	1	128	0	1	412	322	43	48	2071	0	0	0	1	
4907	11549713	0	0	0	0	1	128	0	1	410	322	43	48	2065	0	0	0	1	
4908	11549746	0	0	0	0	1	128	0	1	410	322	43	48	2059	0	0	0	1	
4909	11549780	0	0	0	0	1	128	0	1	416	302	42	48	2014	0	0	0	1	
4910	11549813	0	0	0	0	1	128	0	1	414	302	42	48	2033	0	0	0	1	
4911	11549846	0	0	0	0	1	128	0	1	414	302	42	48	2033	0	0	0	1	
4912	11549880	0	0	0	0	1	128	0	1	414	302	42	48	2038	0	0	0	1	
4913	11549913	0	0	0	0	1	128	0	1	414	302	43	48	2048	0	0	0	1	
4914	11549946	0	0	0	0	1	128	0	1	414	302	43	48	2053	0	0	0	1	
4915	11549980	0	0	0	0	1	128	0	1	414	302	43	48	2064	0	0	0	1	
4916	11550013	0	0	0	0	1	128	0	1	414	302	43	48	2080	0	0	0	1	
4917	11550047	0	0	0	0	1	128	0	1	414	302	43	48	2083	0	0	0	1	
4918	11550080	0	0	0	0	1	128	0	1	414	302	43	48	2097	0	0	0	1	
4919	11550113	0	0	0	0	1	128	0	1	414	302	43	48	2087	0	0	0	1	
4920	11550147	0	0	0	0	1	128	0	1	414	302	43	48	2080	0	0	0	1	
4921	11550180	0	0	0	0	1	128	0	1	414	302	43	48	2077	0	0	0	1	
4922	11550213	0	0	0	0	1	128	0	1	414	302	43	48	2066	0	0	0	1	
4923	11550247	0	0	0	0	1	128	0	1	414	302	43	48	2056	0	0	0	1	
4924	11550280	0	0	0	0	1	128	0	1	412	302	43	48	2042	0	0	0	1	
4925	11550314	0	0	0	0	1	128	0	1	412	302	42	48	2022	0	0	0	1	
4926	11550347	0	0	0	0	1	128	0	1	412	302	42	48	2020	0	0	0	1	
4927	11550380	0	0	0	0	1	128	0	1	412	302	42	48	2019	0	0	0	1	
4928	11550414	0	0	0	0	1	128	0	1	412	302	42	48	2018	0	0	0	1	
4929	11550447	0	0	0	0	1	128	0	1	414	302	42	48	2027	0	0	0	1	
4930	11550480	0	0	0	0	1	128	0	0	0	0	0	0	0	0	0	0	1	
4931	11550514	0	0	0	0	1	128	0	1	428	322	40	48	1914	0	0	0	1	
4932	11550547	0	0	0	0	1	128	0	1	428	322	41	48	1937	0	0	0	1	
4933	11550581	0	0	0	0	1	128	0	1	428	322	41	48	1955	0	0	0	1	
4934	11550614	0	0	0	0	1	128	0	1	428	322	41	48	1967	0	0	0	1	
4935	11550647	0	0	0	0	1	128	0	1	428	322	41	48	1990	0	0	0	1	
4936	11550681	0	0	0	0	1	128	0	1	428	322	41	48	1996	0	0	0	1	
4937	11550714	0	0	0	0	1	128	0	1	426	322	41	49	2023	0	0	0	1	
4938	11550747	0	0	0	0	1	128	0	1	426	322	41	49	2028	0	0	0	1	
4939	11550781	0	0	0	0	1	128	0	1	426	322	42	49	2043	0	0	0	1	
4940	11550814	0	0	0	0	1	128	0	1	426	322	42	49	2046	0	0	0	1	
4941	11550847	0	0	0	0	1	128	0	1	426	322	42	49	2064	0	0	0	1	
4942	11550881	0	0	0	0	1	128	0	1	426	322	42	49	2064	0	0	0	1	
4943	11550914	0	0	0	0	1	128	0	1	426	322	42	49	2071	0	0	0	1	
4944	11550948	0	0	0	0	1	128	0	1	426	322	42	49	2066	0	0	0	1	
4945	11550981	0	0	0	0	1	128	0	1	426	322	42	49	2080	0	0	0	1	
4946	11551014	0	0	0	0	1	128	0	1	426	322	42	49	2085	0	0	0	1	
4947	11551048	0	0	0	0	1	128	0	1	426	322	42	49	2080	0	0	0	1	
4948	11551081	0	0	0	0	1	128	0	1	426	322	42	49	2080	0	0	0	1	
4949	11551114	0	0	0	0	1	128	0	1	426	322	42	49	2085	0	0	0	1	
4950	11551148	0	0	0	0	1	128	0	1	426	322	42	49	2076	0	0	0	1	
4951	11551181	0	0	0	0	1	128	0	1	426	322	42	50	2092	0	0	0	1	
4952	11551215	0	0	0	0	1	128	0	1	426	322	42	50	2108	0	0	0	1	
4953	11551248	0	0	0	0	1	128	0	1	426	322	42	50	2117	0	0	0	1	
4954	11551281	0	0	0	0	1	128	0	1	426	322	42	50	2116	0	0	0	1	
4955	11551315	0	0	0	0	1	128	0	1	426	322	43	50	2132	0	0	0	1	
4956	11551348	0	0	0	0	1	128	0	1	426	322	43	50	2160	0	0	0	1	
4957	11551381	0	0	0	0	1	128	0	1	426	322	43	50	2169	0	0	0	1	
4958	11551415	0	0	0	0	1	128	0	1	426	322	43	50	2186	0	0	0	1	
4959	11551448	0	0	0	0	1	128	0	1	426	322	43	51	2200	0	0	0	1	
4960	11551481	0	0	0	0	1	128	0	1	426	322	44	51	2214	0	0	0	1	
4961	11551515	0	0	0	0	1	128	0	1	424	320	44	51	2251	0	0	0	1	
4962	11551548	0	0	0	0	1	128	0	1	424	320	44	51	2257	0	0	0	1	
4963	11551582	0	0	0	0	1	128	0	1	424	320	44	51	2262	0	0	0	1	
4964	11551615	0	0	0	0	1	128	0	1	424	320	44	51	2271	0	0	0	1	
4965	11551648	0	0	0	0	1	128	0	1	424	320	44	51	2280	0	0	0	1	
4966	11551682	0	0	0	0	1	128	0	1	424	320	44	51	2277	0	0	0	1	
4967	11551715	0	0	0	0	1	128	0	1	424	320	44	51	2270	0	0	0	1	
4968	11551748	0	0	0	0	1	128	0	1	424	320	44	51	2261	0	0	0	1	
4969	11551782	0	0	0	0	1	128	0	1	424	320	44	51	2256	0	0	0	1	
4970	11551815	0	0	0	0	1	128	0	1	424	320	44	51	2244	0	0	0	1	
4971	11551848	0	0	0	0	1	128	0	1	424	320	44	51	2227	0	0	0	1	
4972	11551882	0	0	0	0	1	128	0	1	424	320	44	51	2209	0	0	0	1	
4973	11551915	0	0	0	0	1	128	0	1	424	320	43	50	2161	0	0	0	1	
4974	11551949	0	0	0	0	1	128	0	1	424	320	43	50	2143	0	0	0	1	
4975	11551982	0	0	0	0	1	128	0	1	424	320	43	50	2122	0	0	0	1	
4976	11552015	0	0	0	0	1	128	0	1	424	320	42	49	2090	0	0	0	1	
4977	11552049	0	0	0	0	1	128	0	1	424	320	42	49	2075	0	0	0	1	
4978	11552082	0	0	0	0	1	128	0	1	424	320	42	49	2037	0	0	0	1	
4979	11552115	0	0	0	0	1	128	0	1	424	320	42	49	2028	0	0	0	1	
4980	11552149	0	0	0	0	1	128	0	1	424	320	42	48	2013	0	0	0	1	
4981	11552182	0	0	0	0	1	128	0	1	424	320	41	48	1999	0	0	0	1	
4982	11552216	0	0	0	0	1	128	0	1	424	320	41	48	1977	0	0	0	1	
4983	11552249	0	0	0	0	1	128	0	1	422	320	41	48	1959	0	0	0	1	
4984	11552282	0	0	0	0	1	128	0	1	412	322	42	48	2026	0	0	0	1	
4985	11552316	0	0	0	0	1	128	0	1	412	322	42	48	2000	0	0	0	1	
4986	11552349	0	0	0	0	1	128	0	1	410	322	42	48	1997	0	0	0	1	
4987	11552382	0	0	0	0	1	128	0	1	410	322	42	47	1984	0	0	0	1	
4988	11552416	0	0	0	0	1	128	0	1	408	322	42	47	1984	0	0	0	1	
4989	11552449	0	0	0	0	1	128	0	1	404	322	42	47	1988	0	0	0	1	
4990	11552483	0	0	0	0	1	128	0	1	400	322	43	47	1995	0	0	0	1	
4991	11552516	0	0	0	0	1	128	0	1	398	322	43	47	2018	0	0	0	1	
4992	11552549	0	0	0	0	1	128	0	1	396	322	43	47	2033	0	0	0	1	
4993	11552583	0	0	0	0	1	128	0	1	394	322	43	47	2053	0	0	0	1	
4994	11552616	0	0	0	0	1	128	0	1	392	322	44	47	2069	0	0	0	1	
4995	11552649	0	0	0	0	1	128	0	1	390	322	44	47	2078	0	0	0	1	
4996	11552683	0	0	0	0	1	128	0	1	388	322	44	48	2117	0	0	0	1	
4997	11552716	0	0	0	0	1	128	0	1	386	322	45	48	2141	0	0	0	1	
4998	11552749	0	0	0	0	1	128	0	1	384	324	45	48	2173	0	0	0	1	
4999	11552783	0	0	0	0	1	128	0	1	376	324	46	48	2210	0	0	0	1	
5000	11552816	0	0	0	0	1	128	0	1	374	324	46	48	2209	0	0	0	1	
5001	11552850	0	0	0	0	1	128	0	1	374	324	46	48	2201	0	0	0	1	
5002	11552883	0	0	0	0	1	128	0	1	374	324	46	48	2187	0	0	0	1	
5003	11552916	0	0	0	0	1	128	0	1	382	322	45	48	2141	0	0	0	1	
5004	11552950	0	0	0	0	1	128	0	1	382	322	45	48	2137	0	0	0	1	
5005	11552983	0	0	0	0	1	128	0	1	382	322	45	48	2121	0	0	0	1	
5006	11553016	0	0	0	0	1	128	0	1	382	322	44	47	2108	0	0	0	1	
5007	11553050	0	0	0	0	1	128	0	1	382	322	44	47	2091	0	0	0	1	
5008	11553083	0	0	0	0	1	128	0	1	382	322	44	47	2073	0	0	0	1	
5009	11553117	0	0	0	0	1	128	0	1	382	322	44	47	2049	0	0	0	1	
5010	11553150	0	0	0	0	1	128	0	1	382	322	44	47	2034	0	0	0	1	
5011	11553183	0	0	0	0	1	128	0	1	382	322	43	46	2012	0	0	0	1	
5012	11553217	0	0	0	0	1	128	0	1	382	322	43	46	1993	0	0	0	1	
5013	11553250	0	0	0	0	1	128	0	1	382	322	43	46	1965	0	0	0	1	
5014	11553283	0	0	0	0	1	128	0	1	382	322	43	46	1949	0	0	0	1	
5015	11553317	0	0	0	0	1	128	0	1	382	324	43	45	1928	0	0	0	1	
5016	11553350	0	0	0	0	1	128	0	1	384	322	42	45	1915	0	0	0	1	
5017	11553383	0	0	0	0	1	128	0	1	384	322	42	45	1900	0	0	0	1	
5018	11553417	0	0	0	0	1	128	0	1	384	322	42	45	1882	0	0	0	1	
5019	11553450	0	0	0	0	1	128	0	1	384	322	42	45	1871	0	0	0	1	
5020	11553484	0	0	0	0	1	128	0	1	384	322	42	45	1861	0	0	0	1	
5021	11553517	0	0	0	0	1	128	0	1	384	322	42	45	1858	0	0	0	1	
5022	11553550	0	0	0	0	1	128	0	1	388	326	38	43	1618	0	0	0	1	
5023	11553584	0	0	0	0	1	128	0	1	384	322	42	44	1840	0	0	0	1	
5024	11553617	0	0	0	0	1	128	0	1	384	322	41	44	1836	0	0	0	1	
5025	11553650	0	0	0	0	1	128	0	1	384	324	41	44	1841	0	0	0	1	
5026	11553684	0	0	0	0	1	128	0	1	384	324	41	44	1839	0	0	0	1	
5027	11553717	0	0	0	0	1	128	0	1	384	324	41	44	1841	0	0	0	1	
5028	11553750	0	0	0	0	1	128	0	1	384	324	42	44	1845	0	0	0	1	
5029	11553784	0	0	0	0	1	128	0	1	384	324	42	44	1853	0	0	0	1	
5030	11553817	0	0	0	0	1	128	0	1	384	324	42	44	1855	0	0	0	1	
5031	11553851	0	0	0	0	1	128	0	1	384	324	42	44	1853	0	0	0	1	
5032	11553884	0	0	0	0	1	128	0	1	386	324	42	44	1856	0	0	0	1	
5033	11553917	0	0	0	0	1	128	0	1	394	328	41	45	1830	0	0	0	1	
5034	11553951	0	0	0	0	1	128	0	1	396	330	41	45	1836	0	0	0	1	
5035	11553984	0	0	0	0	1	128	0	1	396	330	41	45	1848	0	0	0	1	
5036	11554017	0	0	0	0	1	128	0	1	398	332	41	45	1851	0	0	0	1	
5037	11554051	0	0	0	0	1	128	0	1	400	332	41	45	1861	0	0	0	1	
5038	11554084	0	0	0	0	1	128	0	1	404	336	41	45	1843	0	0	0	1	
5039	11554117	0	0	0	0	1	128	0	1	406	336	41	45	1836	0	0	0	1	
5040	11554151	0	0	0	0	1	128	0	1	408	338	40	45	1834	0	0	0	1	
5041	11554184	0	0	0	0	1	128	0	1	410	338	40	45	1818	0	0	0	1	
5042	11554218	0	0	0	0	1	128	0	1	412	338	40	45	1818	0	0	0	1	
5043	11554251	0	0	0	0	1	128	0	1	412	338	40	45	1811	0	0	0	1	
5044	11554284	0	0	0	0	1	128	0	1	414	340	40	46	1805	0	0	0	1	
5045	11554318	0	0	0	0	1	128	0	1	416	340	39	45	1783	0	0	0	1	
5046	11554351	0	0	0	0	1	128	0	1	418	342	39	45	1791	0	0	0	1	
5047	11554384	0	0	0	0	1	128	0	1	420	342	39	46	1785	0	0	0	1	
5048	11554418	0	0	0	0	1	128	0	1	420	344	39	45	1781	0	0	0	1	
5049	11554451	0	0	0	0	1	128	0	1	422	344	39	46	1776	0	0	0	1	
5050	11554485	0	0	0	0	1	128	0	1	422	344	39	46	1774	0	0	0	1	
5051	11554518	0	0	0	0	1	128	0	1	428	346	38	46	1751	0	0	0	1	
5052	11554551	0	0	0	0	1	128	0	1	428	346	38	46	1762	0	0	0	1	
5053	11554585	0	0	0	0	1	128	0	1	430	346	38	46	1765	0	0	0	1	
5054	11554618	0	0	0	0	1	128	0	1	430	348	38	46	1774	0	0	0	1	
5055	11554651	0	0	0	0	1	128	0	1	430	348	38	47	1787	0	0	0	1	
5056	11554685	0	0	0	0	1	128	0	1	434	352	37	46	1724	0	0	0	1	
5057	11554718	0	0	0	0	1	128	0	1	436	352	37	47	1739	0	0	0	1	
5058	11554751	0	0	0	0	1	128	0	1	436	354	37	47	1745	0	0	0	1	
5059	11554785	0	0	0	0	1	128	0	1	438	354	37	47	1737	0	0	0	1	
5060	11554818	0	0	0	0	1	128	0	1	438	354	37	47	1745	0	0	0	1	
5061	11554852	0	0	0	0	1	128	0	1	440	356	37	47	1726	0	0	0	1	
5062	11554885	0	0	0	0	1	128	0	1	440	356	37	47	1730	0	0	0	1	
5063	11554918	0	0	0	0	1	128	0	1	444	358	36	47	1706	0	0	0	1	
5064	11554952	0	0	0	0	1	128	0	1	444	358	36	47	1712	0	0	0	1	
5065	11554985	0	0	0	0	1	128	0	1	444	358	36	47	1710	0	0	0	1	
5066	11555018	0	0	0	0	1	128	0	1	444	358	36	47	1719	0	0	0	1	
5067	11555052	0	0	0	0	1	128	0	1	440	358	37	48	1771	0	0	0	1	
5068	11555085	0	0	0	0	1	128	0	1	440	358	37	48	1780	0	0	0	1	
5069	11555119	0	0	0	0	1	128	0	1	440	358	37	48	1773	0	0	0	1	
5070	11555152	0	0	0	0	1	128	0	1	440	358	37	48	1778	0	0	0	1	
5071	11555185	0	0	0	0	1	128	0	1	440	358	37	48	1779	0	0	0	1	
5072	11555219	0	0	0	0	1	128	0	1	440	358	37	48	1787	0	0	0	1	
5073	11555252	0	0	0	0	1	128	0	1	440	358	38	48	1785	0	0	0	1	
5074	11555285	0	0	0	0	1	128	0	1	440	358	38	48	1788	0	0	0	1	
5075	11555319	0	0	0	0	1	128	0	1	438	358	38	48	1801	0	0	0	1	
5076	11555352	0	0	0	0	1	128	0	1	438	358	38	48	1822	0	0	0	1	
5077	11555386	0	0	0	0	1	128	0	1	438	358	38	48	1831	0	0	0	1	
5078	11555419	0	0	0	0	1	128	0	1	438	358	38	48	1839	0	0	0	1	
5079	11555452	0	0	0	0	1	128	0	1	438	358	38	48	1842	0	0	0	1	
5080	11555486	0	0	0	0	1	128	0	1	438	358	38	48	1849	0	0	0	1	
5081	11555519	0	0	0	0	1	128	0	1	438	358	38	48	1858	0	0	0	1	
5082	11555552	0	0	0	0	1	128	0	1	438	358	38	49	1862	0	0	0	1	
5083	11555586	0	0	0	0	1	128	0	1	438	358	38	49	1872	0	0	0	1	
5084	11555619	0	0	0	0	1	128	0	1	438	358	38	49	1887	0	0	0	1	
5085	11555652	0	0	0	0	1	128	0	1	438	360	39	49	1899	0	0	0	1	
5086	11555686	0	0	0	0	1	128	0	1	438	360	39	49	1920	0	0	0	1	
5087	11555719	0	0	0	0	1	128	0	1	438	360	39	50	1936	0	0	0	1	
5088	11555753	0	0	0	0	1	128	0	1	438	360	39	50	1952	0	0	0	1	
5089	11555786	0	0	0	0	1	128	0	1	438	360	39	50	1965	0	0	0	1	
5090	11555819	0	0	0	0	1	128	0	1	436	360	39	50	1977	0	0	0	1	
5091	11555853	0	0	0	0	1	128	0	1	436	360	39	50	1986	0	0	0	1	
5092	11555886	0	0	0	0	1	128	0	1	436	360	39	50	1988	0	0	0	1	
5093	11555919	0	0	0	0	1	128	0	1	436	360	40	50	1995	0	0	0	1	
5094	11555953	0	0	0	0	1	128	0	1	436	360	40	51	2011	0	0	0	1	
5095	11555986	0	0	0	0	1	128	0	1	436	360	40	50	2008	0	0	0	1	
5096	11556020	0	0	0	0	1	128	0	1	436	366	40	51	2006	0	0	0	1	
5097	11556053	0	0	0	0	1	128	0	1	436	366	40	51	2016	0	0	0	1	
5098	11556086	0	0	0	0	1	128	0	1	436	368	40	51	2009	0	0	0	1	
5099	11556120	0	0	0	0	1	128	0	1	436	374	39	51	1964	0	0	0	1	
5100	11556153	0	0	0	0	1	128	0	1	436	376	39	51	1981	0	0	0	1	
5101	11556186	0	0	0	0	1	128	0	1	436	378	39	51	1975	0	0	0	1	
5102	11556220	0	0	0	0	1	128	0	1	436	380	38	52	1978	0	0	0	1	
5103	11556253	0	0	0	0	1	128	0	1	436	380	38	52	1988	0	0	0	1	
5104	11556286	0	0	0	0	1	128	0	1	436	382	38	52	1965	0	0	0	1	
5105	11556320	0	0	0	0	1	128	0	1	436	386	37	52	1932	0	0	0	1	
5106	11556353	0	0	0	0	1	128	0	1	436	388	37	51	1929	0	0	0	1	
5107	11556387	0	0	0	0	1	128	0	1	436	390	37	51	1906	0	0	0	1	
5108	11556420	0	0	0	0	1	128	0	1	436	390	37	51	1881	0	0	0	1	
5109	11556453	0	0	0	0	1	128	0	1	436	392	36	51	1869	0	0	0	1	
5110	11556487	0	0	0	0	1	128	0	1	438	392	36	51	1843	0	0	0	1	
5111	11556520	0	0	0	0	1	128	0	1	438	394	35	51	1809	0	0	0	1	
5112	11556553	0	0	0	0	1	128	0	1	440	398	34	51	1747	0	0	0	1	
5113	11556587	0	0	0	0	1	128	0	1	440	398	35	51	1751	0	0	0	1	
5114	11556620	0	0	0	0	1	128	0	1	442	398	34	50	1722	0	0	0	1	
5115	11556654	0	0	0	0	1	128	0	1	442	400	34	51	1709	0	0	0	1	
5116	11556687	0	0	0	0	1	128	0	1	442	400	34	50	1692	0	0	0	1	
5117	11556720	0	0	0	0	1	128	0	1	442	400	33	50	1680	0	0	0	1	
5118	11556754	0	0	0	0	1	128	0	1	440	404	33	50	1635	0	0	0	1	
5119	11556787	0	0	0	0	1	128	0	1	440	406	32	50	1614	0	0	0	1	
5120	11556820	0	0	0	0	1	128	0	1	440	406	32	50	1600	0	0	0	1	
5121	11556854	0	0	0	0	1	128	0	1	440	406	32	50	1590	0	0	0	1	
5122	11556887	0	0	0	0	1	128	0	1	440	408	31	49	1537	0	0	0	1	
5123	11556920	0	0	0	0	1	128	0	1	440	408	31	49	1531	0	0	0	1	
5124	11556954	0	0	0	0	1	128	0	1	440	408	31	49	1522	0	0	0	1	
5125	11556987	0	0	0	0	1	128	0	1	440	412	30	49	1484	0	0	0	1	
5126	11557021	0	0	0	0	1	128	0	1	438	414	30	48	1431	0	0	0	1	
5127	11557054	0	0	0	0	1	128	0	1	438	412	30	49	1487	0	0	0	1	
5128	11557087	0	0	0	0	1	128	0	1	438	412	31	48	1484	0	0	0	1	
5129	11557121	0	0	0	0	1	128	0	1	438	412	31	48	1485	0	0	0	1	
5130	11557154	0	0	0	0	1	128	0	1	438	412	30	48	1472	0	0	0	1	
5131	11557187	0	0	0	0	1	128	0	1	438	412	30	49	1473	0	0	0	1	
5132	11557221	0	0	0	0	1	128	0	1	438	412	30	48	1474	0	0	0	1	
5133	11557254	0	0	0	0	1	128	0	1	436	414	30	48	1475	0	0	0	1	
5134	11557288	0	0	0	0	1	128	0	1	436	414	30	49	1486	0	0	0	1	
5135	11557321	0	0	0	0	1	128	0	1	436	414	31	49	1498	0	0	0	1	
5136	11557354	0	0	0	0	1	128	0	1	436	414	31	49	1515	0	0	0	1	
5137	11557388	0	0	0	0	1	128	0	1	432	374	38	51	1924	0	0	0	1	
5138	11557421	0	0	0	0	1	128	0	1	420	346	42	50	2117	0	0	0	1	
5139	11557454	0	0	0	0	1	128	0	1	418	346	42	51	2158	0	0	0	1	
5140	11557488	0	0	0	0	1	128	0	1	416	346	43	51	2181	0	0	0	1	
5141	11557521	0	0	0	0	1	128	0	1	416	346	43	52	2215	0	0	0	1	
5142	11557554	0	0	0	0	1	128	0	1	416	348	44	52	2246	0	0	0	1	
5143	11557588	0	0	0	0	1	128	0	1	414	348	44	52	2283	0	0	0	1	
5144	11557621	0	0	0	0	1	128	0	1	414	348	44	52	2299	0	0	0	1	
5145	11557655	0	0	0	0	1	128	0	1	414	348	44	53	2313	0	0	0	1	
5146	11557688	0	0	0	0	1	128	0	1	414	348	44	53	2326	0	0	0	1	
5147	11557721	0	0	0	0	1	128	0	1	414	348	44	53	2327	0	0	0	1	
5148	11557755	0	0	0	0	1	128	0	1	414	348	44	53	2325	0	0	0	1	
5149	11557788	0	0	0	0	1	128	0	1	416	348	44	53	2322	0	0	0	1	
5150	11557821	0	0	0	0	1	128	0	1	416	348	44	53	2312	0	0	0	1	
5151	11557855	0	0	0	0	1	128	0	1	416	348	44	53	2311	0	0	0	1	
5152	11557888	0	0	0	0	1	128	0	1	414	348	44	53	2309	0	0	0	1	
5153	11557921	0	0	0	0	1	128	0	1	414	348	44	53	2318	0	0	0	1	
5154	11557955	0	0	0	0	1	128	0	1	414	348	44	53	2341	0	0	0	1	
5155	11557988	0	0	0	0	1	128	0	1	414	348	44	53	2344	0	0	0	1	
5156	11558022	0	0	0	0	1	128	0	1	414	348	45	53	2364	0	0	0	1	
5157	11558055	0	0	0	0	1	128	0	1	412	358	45	51	2276	0	0	0	1	
5158	11558088	0	0	0	0	1	128	0	1	416	378	42	52	2174	0	0	0	1	
5159	11558122	0	0	0	0	1	128	0	1	430	400	36	52	1889	0	0	0	1	
5160	11558155	0	0	0	0	1	128	0	1	432	406	36	53	1931	0	0	0	1	
5161	11558188	0	0	0	0	1	128	0	1	432	406	36	53	1932	0	0	0	1	
5162	11558222	0	0	0	0	1	128	0	1	432	406	36	53	1935	0	0	0	1	
5163	11558255	0	0	0	0	1	128	0	1	432	408	36	54	1951	0	0	0	1	
5164	11558289	0	0	0	0	1	128	0	1	432	408	36	54	1960	0	0	0	1	
5165	11558322	0	0	0	0	1	128	0	1	432	408	37	54	1971	0	0	0	1	
5166	11558355	0	0	0	0	1	128	0	1	430	408	37	54	1982	0	0	0	1	
5167	11558389	0	0	0	0	1	128	0	1	430	406	37	54	2015	0	0	0	1	
5168	11558422	0	0	0	0	1	128	0	1	424	368	44	54	2410	0	0	0	1	
5169	11558455	0	0	0	0	1	128	0	1	422	368	44	54	2394	0	0	0	1	
5170	11558489	0	0	0	0	1	128	0	1	420	368	44	55	2438	0	0	0	1	
5171	11558522	0	0	0	0	1	128	0	1	420	368	45	55	2449	0	0	0	1	
5172	11558556	0	0	0	0	1	128	0	1	418	368	45	55	2461	0	0	0	1	
5173	11558589	0	0	0	0	1	128	0	1	418	370	45	55	2488	0	0	0	1	
5174	11558622	0	0	0	0	1	128	0	1	418	370	45	56	2510	0	0	0	1	
5175	11558656	0	0	0	0	1	128	0	1	418	370	45	56	2528	0	0	0	1	
5176	11558689	0	0	0	0	1	128	0	1	418	370	45	56	2527	0	0	0	1	
5177	11558722	0	0	0	0	1	128	0	1	418	370	46	56	2541	0	0	0	1	
5178	11558756	0	0	0	0	1	128	0	1	418	370	46	56	2537	0	0	0	1	
5179	11558789	0	0	0	0	1	128	0	1	422	400	40	54	2152	0	0	0	1	
5180	11558822	0	0	0	0	1	128	0	1	422	404	40	55	2216	0	0	0	1	
5181	11558856	0	0	0	0	1	128	0	1	422	404	40	56	2211	0	0	0	1	
5182	11558889	0	0	0	0	1	128	0	1	422	404	40	56	2221	0	0	0	1	
5183	11558923	0	0	0	0	1	128	0	1	422	404	40	55	2211	0	0	0	1	
5184	11558956	0	0	0	0	1	128	0	1	420	404	40	55	2236	0	0	0	1	
5185	11558989	0	0	0	0	1	128	0	1	420	402	41	56	2262	0	0	0	1	
5186	11559023	0	0	0	0	1	128	0	1	420	402	41	56	2286	0	0	0	1	
5187	11559056	0	0	0	0	1	128	0	1	418	400	41	56	2304	0	0	0	1	
5188	11559089	0	0	0	0	1	128	0	1	418	398	42	56	2328	0	0	0	1	
5189	11559123	0	0	0	0	1	128	0	1	418	396	42	56	2359	0	0	0	1	
5190	11559156	0	0	0	0	1	128	0	1	416	396	43	56	2375	0	0	0	1	
5191	11559189	0	0	0	0	1	128	0	1	416	394	43	56	2383	0	0	0	1	
5192	11559223	0	0	0	0	1	128	0	1	416	392	43	56	2420	0	0	0	1	
5193	11559256	0	0	0	0	1	128	0	1	414	390	44	56	2451	0	0	0	1	
5194	11559290	0	0	0	0	1	128	0	1	414	390	44	56	2493	0	0	0	1	
5195	11559323	0	0	0	0	1	128	0	1	414	388	44	57	2522	0	0	0	1	
5196	11559356	0	0	0	0	1	128	0	1	412	386	45	57	2548	0	0	0	1	
5197	11559390	0	0	0	0	1	128	0	1	412	384	45	57	2577	0	0	0	1	
5198	11559423	0	0	0	0	1	128	0	1	410	382	46	57	2606	0	0	0	1	
5199	11559456	0	0	0	0	1	128	0	1	410	382	46	57	2616	0	0	0	1	
5200	11559490	0	0	0	0	1	128	0	1	408	380	46	57	2645	0	0	0	1	
5201	11559523	0	0	0	0	1	128	0	1	408	378	47	57	2662	0	0	0	1	
5202	11559557	0	0	0	0	1	128	0	1	408	376	47	57	2677	0	0	0	1	
5203	11559590	0	0	0	0	1	128	0	1	406	376	47	57	2697	0	0	0	1	
5204	11559623	0	0	0	0	1	128	0	1	406	374	47	57	2697	0	0	0	1	
5205	11559657	0	0	0	0	1	128	0	1	406	372	48	57	2720	0	0	0	1	
5206	11559690	0	0	0	0	1	128	0	1	404	370	48	57	2732	0	0	0	1	
5207	11559723	0	0	0	0	1	128	0	1	404	368	48	57	2751	0	0	0	1	
5208	11559757	0	0	0	0	1	128	0	1	402	362	49	57	2826	0	0	0	1	
5209	11559790	0	0	0	0	1	128	0	1	400	362	50	57	2837	0	0	0	1	
5210	11559824	0	0	0	0	1	128	0	1	400	360	50	57	2859	0	0	0	1	
5211	11559857	0	0	0	0	1	128	0	1	400	358	50	57	2863	0	0	0	1	
5212	11559890	0	0	0	0	1	128	0	1	398	358	50	57	2867	0	0	0	1	
5213	11559924	0	0	0	0	1	128	0	1	398	356	50	57	2875	0	0	0	1	
5214	11559957	0	0	0	0	1	128	0	1	398	354	50	57	2881	0	0	0	1	
5215	11559990	0	0	0	0	1	128	0	1	396	352	50	57	2871	0	0	0	1	
5216	11560024	0	0	0	0	1	128	0	1	396	352	50	57	2856	0	0	0	1	
5217	11560057	0	0	0	0	1	128	0	1	394	350	50	57	2846	0	0	0	1	
5218	11560090	0	0	0	0	1	128	0	1	394	348	50	56	2826	0	0	0	1	
5219	11560124	0	0	0	0	1	128	0	1	392	346	50	56	2811	0	0	0	1	
5220	11560157	0	0	0	0	1	128	0	1	392	344	50	56	2793	0	0	0	1	
5221	11560191	0	0	0	0	1	128	0	1	390	342	50	56	2790	0	0	0	1	
5222	11560224	0	0	0	0	1	128	0	1	390	340	50	56	2785	0	0	0	1	
5223	11560257	0	0	0	0	1	128	0	1	388	340	50	55	2791	0	0	0	1	
5224	11560291	0	0	0	0	1	128	0	1	388	338	50	55	2796	0	0	0	1	
5225	11560324	0	0	0	0	1	128	0	1	388	336	51	56	2813	0	0	0	1	
5226	11560357	0	0	0	0	1	128	0	1	386	336	51	56	2825	0	0	0	1	
5227	11560391	0	0	0	0	1	128	0	1	386	336	51	56	2822	0	0	0	1	
5228	11560424	0	0	0	0	1	128	0	1	388	336	51	56	2815	0	0	0	1	
5229	11560457	0	0	0	0	1	128	0	1	390	338	51	56	2817	0	0	0	1	
5230	11560491	0	0	0	0	1	128	0	1	390	338	51	56	2819	0	0	0	1	
5231	11560524	0	0	0	0	1	128	0	1	390	338	51	56	2822	0	0	0	1	
5232	11560558	0	0	0	0	1	128	0	1	390	338	51	56	2827	0	0	0	1	
5233	11560591	0	0	0	0	1	128	0	1	390	338	51	56	2826	0	0	0	1	
5234	11560624	0	0	0	0	1	128	0	1	390	338	51	56	2825	0	0	0	1	
5235	11560658	0	0	0	0	1	128	0	1	390	338	51	56	2811	0	0	0	1	
5236	11560691	0	0	0	0	1	128	0	1	390	338	50	56	2804	0	0	0	1	
5237	11560724	0	0	0	0	1	128	0	1	390	338	50	55	2787	0	0	0	1	
5238	11560758	0	0	0	0	1	128	0	1	390	338	50	55	2757	0	0	0	1	
5239	11560791	0	0	0	0	1	128	0	1	390	338	50	55	2732	0	0	0	1	
5240	11560825	0	0	0	0	1	128	0	1	390	338	49	55	2703	0	0	0	1	
5241	11560858	0	0	0	0	1	128	0	1	390	340	49	54	2681	0	0	0	1	
5242	11560891	0	0	0	0	1	128	0	1	390	340	49	54	2649	0	0	0	1	
5243	11560925	0	0	0	0	1	128	0	1	390	340	49	54	2628	0	0	0	1	
5244	11560958	0	0	0	0	1	128	0	1	390	340	49	54	2608	0	0	0	1	
5245	11560991	0	0	0	0	1	128	0	1	390	340	48	53	2582	0	0	0	1	
5246	11561025	0	0	0	0	1	128	0	1	390	340	48	53	2547	0	0	0	1	
5247	11561058	0	0	0	0	1	128	0	1	390	340	48	53	2515	0	0	0	1	
5248	11561091	0	0	0	0	1	128	0	1	390	340	47	52	2468	0	0	0	1	
5249	11561125	0	0	0	0	1	128	0	1	388	362	39	45	1789	0	0	0	1	
5250	11561158	0	0	0	0	1	128	0	1	384	372	45	51	2272	0	0	0	1	
5251	11561192	0	0	0	0	1	128	0	1	384	372	44	50	2231	0	0	0	1	
5252	11561225	0	0	0	0	1	128	0	1	384	372	44	50	2203	0	0	0	1	
5253	11561258	0	0	0	0	1	128	0	1	384	372	44	50	2182	0	0	0	1	
5254	11561292	0	0	0	0	1	128	0	1	384	372	44	49	2151	0	0	0	1	
5255	11561325	0	0	0	0	1	128	0	1	386	376	43	49	2080	0	0	0	1	
5256	11561358	0	0	0	0	1	128	0	1	386	376	43	49	2076	0	0	0	1	
5257	11561392	0	0	0	0	1	128	0	1	386	376	43	49	2066	0	0	0	1	
5258	11561425	0	0	0	0	1	128	0	1	384	376	43	48	2058	0	0	0	1	
5259	11561459	0	0	0	0	1	128	0	1	384	376	42	48	2050	0	0	0	1	
5260	11561492	0	0	0	0	1	128	0	1	384	376	42	48	2057	0	0	0	1	
5261	11561525	0	0	0	0	1	128	0	1	384	376	43	49	2064	0	0	0	1	
5262	11561559	0	0	0	0	1	128	0	1	384	376	43	49	2088	0	0	0	1	
5263	11561592	0	0	0	0	1	128	0	1	384	376	43	49	2115	0	0	0	1	
5264	11561625	0	0	0	0	1	128	0	1	384	376	43	49	2141	0	0	0	1	
5265	11561659	0	0	0	0	1	128	0	1	384	376	44	50	2176	0	0	0	1	
5266	11561692	0	0	0	0	1	128	0	1	384	376	44	50	2203	0	0	0	1	
5267	11561725	0	0	0	0	1	128	0	1	384	376	44	51	2246	0	0	0	1	
5268	11561759	0	0	0	0	1	128	0	1	384	376	45	51	2287	0	0	0	1	
5269	11561792	0	0	0	0	1	128	0	1	384	376	45	52	2319	0	0	0	1	
5270	11561826	0	0	0	0	1	128	0	1	384	376	46	52	2351	0	0	0	1	
5271	11561859	0	0	0	0	1	128	0	1	382	376	46	52	2375	0	0	0	1	
5272	11561892	0	0	0	0	1	128	0	1	340	392	47	52	2463	0	0	0	1	
5273	11561926	0	0	0	0	1	128	0	1	340	392	48	52	2506	0	0	0	1	
5274	11561959	0	0	0	0	1	128	0	1	340	392	48	52	2526	0	0	0	1	
5275	11561992	0	0	0	0	1	128	0	1	340	392	49	53	2563	0	0	0	1	
5276	11562026	0	0	0	0	1	128	0	1	340	392	49	53	2600	0	0	0	1	
5277	11562059	0	0	0	0	1	128	0	1	340	392	49	53	2625	0	0	0	1	
5278	11562093	0	0	0	0	1	128	0	1	342	392	49	54	2654	0	0	0	1	
5279	11562126	0	0	0	0	1	128	0	1	344	392	49	54	2645	0	0	0	1	
5280	11562159	0	0	0	0	1	128	0	1	344	392	50	54	2670	0	0	0	1	
5281	11562193	0	0	0	0	1	128	0	1	344	392	50	54	2672	0	0	0	1	
5282	11562226	0	0	0	0	1	128	0	1	344	392	49	54	2666	0	0	0	1	
5283	11562259	0	0	0	0	1	128	0	1	344	392	49	54	2646	0	0	0	1	
5284	11562293	0	0	0	0	1	128	0	1	344	392	49	53	2619	0	0	0	1	
5285	11562326	0	0	0	0	1	128	0	1	344	392	49	53	2589	0	0	0	1	
5286	11562359	0	0	0	0	1	128	0	1	344	392	48	53	2557	0	0	0	1	
5287	11562393	0	0	0	0	1	128	0	1	344	392	48	53	2506	0	0	0	1	
5288	11562426	0	0	0	0	1	128	0	1	344	392	48	52	2486	0	0	0	1	
5289	11562460	0	0	0	0	1	128	0	1	344	392	47	52	2463	0	0	0	1	
5290	11562493	0	0	0	0	1	128	0	1	344	392	47	52	2441	0	0	0	1	
5291	11562526	0	0	0	0	1	128	0	1	348	396	41	50	2077	0	0	0	1	
5292	11562560	0	0	0	0	1	128	0	1	344	392	47	51	2413	0	0	0	1	
5293	11562593	0	0	0	0	1	128	0	1	344	392	47	51	2409	0	0	0	1	
5294	11562626	0	0	0	0	1	128	0	1	344	390	47	52	2413	0	0	0	1	
5295	11562660	0	0	0	0	1	128	0	1	346	390	47	52	2424	0	0	0	1	
5296	11562693	0	0	0	0	1	128	0	1	354	384	47	52	2444	0	0	0	1	
5297	11562727	0	0	0	0	1	128	0	1	356	382	48	52	2465	0	0	0	1	
5298	11562760	0	0	0	0	1	128	0	1	356	382	48	52	2480	0	0	0	1	
5299	11562793	0	0	0	0	1	128	0	1	358	380	48	52	2486	0	0	0	1	
5300	11562827	0	0	0	0	1	128	0	1	360	378	48	52	2523	0	0	0	1	
5301	11562860	0	0	0	0	1	128	0	1	364	370	49	52	2547	0	0	0	1	
5302	11562893	0	0	0	0	1	128	0	1	366	370	49	53	2558	0	0	0	1	
5303	11562927	0	0	0	0	1	128	0	1	368	368	49	53	2577	0	0	0	1	
5304	11562960	0	0	0	0	1	128	0	1	370	366	49	53	2598	0	0	0	1	
5305	11562993	0	0	0	0	1	128	0	1	372	364	49	53	2608	0	0	0	1	
5306	11563027	0	0	0	0	1	128	0	1	372	362	49	53	2592	0	0	0	1	
5307	11563060	0	0	0	0	1	128	0	1	374	362	49	53	2600	0	0	0	1	
5308	11563094	0	0	0	0	1	128	0	1	376	360	49	53	2582	0	0	0	1	
5309	11563127	0	0	0	0	1	128	0	1	376	358	49	52	2555	0	0	0	1	
5310	11563160	0	0	0	0	1	128	0	1	378	356	49	52	2548	0	0	0	1	
5311	11563194	0	0	0	0	1	128	0	1	380	354	48	52	2543	0	0	0	1	
5312	11563227	0	0	0	0	1	128	0	1	382	352	48	52	2521	0	0	0	1	
5313	11563260	0	0	0	0	1	128	0	1	382	350	48	52	2493	0	0	0	1	
5314	11563294	0	0	0	0	1	128	0	1	384	350	48	52	2481	0	0	0	1	
5315	11563327	0	0	0	0	1	128	0	1	386	348	48	52	2477	0	0	0	1	
5316	11563360	0	0	0	0	1	128	0	1	388	346	48	52	2464	0	0	0	1	
5317	11563394	0	0	0	0	1	128	0	1	388	344	47	52	2457	0	0	0	1	
5318	11563427	0	0	0	0	1	128	0	1	390	342	47	52	2468	0	0	0	1	
5319	11563461	0	0	0	0	1	128	0	1	392	340	47	52	2471	0	0	0	1	
5320	11563494	0	0	0	0	1	128	0	1	394	338	47	52	2470	0	0	0	1	
5321	11563527	0	0	0	0	1	128	0	1	396	336	47	52	2436	0	0	0	1	
5322	11563561	0	0	0	0	1	128	0	1	396	336	47	52	2448	0	0	0	1	
5323	11563594	0	0	0	0	1	128	0	1	392	338	48	52	2455	0	0	0	1	
5324	11563627	0	0	0	0	1	128	0	1	392	338	47	52	2476	0	0	0	1	
5325	11563661	0	0	0	0	1	128	0	1	392	338	48	52	2478	0	0	0	1	
5326	11563694	0	0	0	0	1	128	0	1	392	338	47	52	2475	0	0	0	1	
5327	11563728	0	0	0	0	1	128	0	1	392	338	47	52	2473	0	0	0	1	
5328	11563761	0	0	0	0	1	128	0	1	392	338	47	52	2479	0	0	0	1	
5329	11563794	0	0	0	0	1	128	0	1	390	338	48	52	2463	0	0	0	1	
5330	11563828	0	0	0	0	1	128	0	1	390	340	47	52	2480	0	0	0	1	
5331	11563861	0	0	0	0	1	128	0	1	390	340	47	52	2482	0	0	0	1	
5332	11563894	0	0	0	0	1	128	0	1	390	340	48	52	2485	0	0	0	1	
5333	11563928	0	0	0	0	1	128	0	1	390	340	47	52	2474	0	0	0	1	
5334	11563961	0	0	0	0	1	128	0	1	390	340	47	52	2480	0	0	0	1	
5335	11563995	0	0	0	0	1	128	0	1	390	340	47	52	2473	0	0	0	1	
5336	11564028	0	0	0	0	1	128	0	1	390	340	47	52	2466	0	0	0	1	
5337	11564061	0	0	0	0	1	128	0	1	390	340	47	52	2453	0	0	0	1	
5338	11564095	0	0	0	0	1	128	0	1	390	340	47	52	2446	0	0	0	1	
5339	11564128	0	0	0	0	1	128	0	1	390	340	47	52	2425	0	0	0	1	
5340	11564161	0	0	0	0	1	128	0	1	390	340	47	52	2413	0	0	0	1	
5341	11564195	0	0	0	0	1	128	0	1	390	340	47	51	2404	0	0	0	1	
5342	11564228	0	0	0	0	1	128	0	1	390	340	47	51	2391	0	0	0	1	
5343	11564261	0	0	0	0	1	128	0	1	390	340	46	51	2377	0	0	0	1	
5344	11564295	0	0	0	0	1	128	0	1	390	340	46	51	2370	0	0	0	1	
5345	11564328	0	0	0	0	1	128	0	1	392	338	46	52	2380	0	0	0	1	
5346	11564362	0	0	0	0	1	128	0	1	412	306	44	50	2232	0	0	0	1	
5347	11564395	0	0	0	0	1	128	0	1	412	306	44	51	2250	0	0	0	1	
5348	11564428	0	0	0	0	1	128	0	1	412	306	44	51	2251	0	0	0	1	
5349	11564462	0	0	0	0	1	128	0	1	412	306	45	51	2263	0	0	0	1	
5350	11564495	0	0	0	0	1	128	0	1	412	306	45	51	2263	0	0	0	1	
5351	11564528	0	0	0	0	1	128	0	1	412	306	45	51	2264	0	0	0	1	
5352	11564562	0	0	0	0	1	128	0	1	412	306	45	51	2273	0	0	0	1	
5353	11564595	0	0	0	0	1	128	0	1	410	306	45	51	2268	0	0	0	1	
5354	11564629	0	0	0	0	1	128	0	1	410	306	45	51	2280	0	0	0	1	
5355	11564662	0	0	0	0	1	128	0	1	410	306	45	51	2279	0	0	0	1	
5356	11564695	0	0	0	0	1	128	0	1	410	308	45	51	2283	0	0	0	1	
5357	11564729	0	0	0	0	1	128	0	1	410	308	45	51	2287	0	0	0	1	
5358	11564762	0	0	0	0	1	128	0	1	410	308	45	51	2285	0	0	0	1	
5359	11564795	0	0	0	0	1	128	0	1	410	308	45	51	2272	0	0	0	1	
5360	11564829	0	0	0	0	1	128	0	1	410	308	45	50	2250	0	0	0	1	
5361	11564862	0	0	0	0	1	128	0	1	410	308	44	50	2223	0	0	0	1	
5362	11564895	0	0	0	0	1	128	0	1	410	308	44	50	2202	0	0	0	1	
5363	11564929	0	0	0	0	1	128	0	1	410	308	44	50	2180	0	0	0	1	
5364	11564962	0	0	0	0	1	128	0	1	410	308	44	49	2169	0	0	0	1	
5365	11564996	0	0	0	0	1	128	0	1	410	308	44	49	2155	0	0	0	1	
5366	11565029	0	0	0	0	1	128	0	1	410	308	44	49	2140	0	0	0	1	
5367	11565062	0	0	0	0	1	128	0	1	410	308	44	49	2140	0	0	0	1	
5368	11565096	0	0	0	0	1	128	0	1	402	308	43	56	2367	0	0	0	1	
5369	11565129	0	0	0	0	1	128	0	1	398	348	44	49	2157	0	0	0	1	
5370	11565162	0	0	0	0	1	128	0	1	396	346	44	49	2158	0	0	0	1	
5371	11565196	0	0	0	0	1	128	0	1	396	346	44	49	2165	0	0	0	1	
5372	11565229	0	0	0	0	1	128	0	1	396	346	44	49	2178	0	0	0	1	
5373	11565263	0	0	0	0	1	128	0	1	396	348	44	49	2178	0	0	0	1	
5374	11565296	0	0	0	0	1	128	0	1	396	348	44	49	2180	0	0	0	1	
5375	11565329	0	0	0	0	1	128	0	1	396	346	44	49	2181	0	0	0	1	
5376	11565363	0	0	0	0	1	128	0	1	396	348	44	49	2170	0	0	0	1	
5377	11565396	0	0	0	0	1	128	0	1	396	348	44	49	2159	0	0	0	1	
5378	11565429	0	0	0	0	1	128	0	1	396	348	44	49	2134	0	0	0	1	
5379	11565463	0	0	0	0	1	128	0	1	396	348	44	49	2149	0	0	0	1	
5380	11565496	0	0	0	0	1	128	0	1	396	348	44	49	2151	0	0	0	1	
5381	11565529	0	0	0	0	1	128	0	1	396	348	44	49	2156	0	0	0	1	
5382	11565563	0	0	0	0	1	128	0	1	396	348	44	49	2161	0	0	0	1	
5383	11565596	0	0	0	0	1	128	0	1	396	348	44	49	2184	0	0	0	1	
5384	11565629	0	0	0	0	1	128	0	1	396	348	44	49	2200	0	0	0	1	
5385	11565663	0	0	0	0	1	128	0	1	396	348	45	49	2210	0	0	0	1	
5386	11565696	0	0	0	0	1	128	0	1	396	348	45	50	2231	0	0	0	1	
5387	11565730	0	0	0	0	1	128	0	1	396	348	45	50	2250	0	0	0	1	
5388	11565763	0	0	0	0	1	128	0	1	396	348	45	50	2281	0	0	0	1	
5389	11565796	0	0	0	0	1	128	0	1	396	348	46	50	2308	0	0	0	1	
5390	11565830	0	0	0	0	1	128	0	1	396	346	46	51	2349	0	0	0	1	
5391	11565863	0	0	0	0	1	128	0	0	0	0	0	0	0	0	0	0	1	
5392	11565896	0	0	0	0	1	128	0	1	378	296	48	52	2503	0	0	0	1	
5393	11565930	0	0	0	0	1	128	0	1	378	296	48	51	2479	0	0	0	1	
5394	11565963	0	0	0	0	1	128	0	1	378	296	48	52	2515	0	0	0	1	
5395	11565997	0	0	0	0	1	128	0	1	380	300	49	51	2491	0	0	0	1	
5396	11566030	0	0	0	0	1	128	0	1	380	300	49	52	2547	0	0	0	1	
5397	11566063	0	0	0	0	1	128	0	1	378	300	49	53	2579	0	0	0	1	
5398	11566097	0	0	0	0	1	128	0	1	380	302	49	52	2541	0	0	0	1	
5399	11566130	0	0	0	0	1	128	0	1	378	300	49	53	2607	0	0	0	1	
5400	11566163	0	0	0	0	1	128	0	1	378	300	49	53	2608	0	0	0	1	
5401	11566197	0	0	0	0	1	128	0	1	378	300	49	53	2584	0	0	0	1	
5402	11566230	0	0	0	0	1	128	0	1	378	300	49	52	2536	0	0	0	1	
5403	11566264	0	0	0	0	1	128	0	1	378	300	48	51	2479	0	0	0	1	
5404	11566297	0	0	0	0	1	128	0	1	378	300	48	51	2414	0	0	0	1	
5405	11566330	0	0	0	0	1	128	0	1	378	300	47	50	2373	0	0	0	1	
5406	11566364	0	0	0	0	1	128	0	1	378	300	47	49	2305	0	0	0	1	
5407	11566397	0	0	0	0	1	128	0	1	378	300	46	49	2259	0	0	0	1	
5408	11566430	0	0	0	0	1	128	0	1	378	302	46	49	2231	0	0	0	1	
5409	11566464	0	0	0	0	1	128	0	1	378	300	46	48	2197	0	0	0	1	
5410	11566497	0	0	0	0	1	128	0	1	378	300	45	48	2170	0	0	0	1	
5411	11566531	0	0	0	0	1	128	0	1	378	302	45	47	2149	0	0	0	1	
5412	11566564	0	0	0	0	1	128	0	1	378	302	45	47	2137	0	0	0	1	
5413	11566597	0	0	0	0	1	128	0	1	378	302	45	47	2122	0	0	0	1	
5414	11566631	0	0	0	0	1	128	0	1	378	302	45	47	2117	0	0	0	1	
5415	11566664	0	0	0	0	1	128	0	1	378	302	45	47	2110	0	0	0	1	
5416	11566697	0	0	0	0	1	128	0	1	378	302	45	47	2103	0	0	0	1	
5417	11566731	0	0	0	0	1	128	0	1	378	302	45	47	2107	0	0	0	1	
5418	11566764	0	0	0	0	1	128	0	1	378	302	45	47	2103	0	0	0	1	
5419	11566797	0	0	0	0	1	128	0	1	378	302	45	47	2112	0	0	0	1	
5420	11566831	0	0	0	0	1	128	0	1	378	302	45	47	2114	0	0	0	1	
5421	11566864	0	0	0	0	1	128	0	1	378	302	45	47	2121	0	0	0	1	
5422	11566898	0	0	0	0	1	128	0	1	378	302	45	47	2114	0	0	0	1	
5423	11566931	0	0	0	0	1	128	0	1	378	302	45	47	2115	0	0	0	1	
5424	11566964	0	0	0	0	1	128	0	1	378	302	45	47	2115	0	0	0	1	
5425	11566998	0	0	0	0	1	128	0	1	378	302	45	47	2104	0	0	0	1	
5426	11567031	0	0	0	0	1	128	0	1	378	302	45	47	2103	0	0	0	1	
5427	11567064	0	0	0	0	1	128	0	1	378	302	45	47	2088	0	0	0	1	
5428	11567098	0	0	0	0	1	128	0	1	378	302	45	47	2074	0	0	0	1	
5429	11567131	0	0	0	0	1	128	0	1	378	302	45	47	2074	0	0	0	1	
5430	11567164	0	0	0	0	1	128	0	1	378	302	44	47	2066	0	0	0	1	
5431	11567198	0	0	0	0	1	128	0	1	378	302	45	46	2067	0	0	0	1	
5432	11567231	0	0	0	0	1	128	0	1	378	302	44	46	2055	0	0	0	1	
5433	11567265	0	0	0	0	1	128	0	1	378	302	44	46	2049	0	0	0	1	
5434	11567298	0	0	0	0	1	128	0	1	378	302	44	46	2039	0	0	0	1	
5435	11567331	0	0	0	0	1	128	0	1	378	302	44	46	2022	0	0	0	1	
5436	11567365	0	0	0	0	1	128	0	1	378	302	44	46	1998	0	0	0	1	
5437	11567398	0	0	0	0	1	128	0	1	378	302	44	45	1971	0	0	0	1	
5438	11567431	0	0	0	0	1	128	0	1	378	302	43	45	1948	0	0	0	1	
5439	11567465	0	0	0	0	1	128	0	1	378	302	43	45	1931	0	0	0	1	
5440	11567498	0	0	0	0	1	128	0	1	378	302	43	45	1908	0	0	0	1	
5441	11567532	0	0	0	0	1	128	0	1	378	302	43	44	1891	0	0	0	1	
5442	11567565	0	0	0	0	1	128	0	1	378	302	42	44	1875	0	0	0	1	
5443	11567598	0	0	0	0	1	128	0	1	380	308	42	43	1805	0	0	0	1	
5444	11567632	0	0	0	0	1	128	0	1	382	312	42	44	1826	0	0	0	1	
5445	11567665	0	0	0	0	1	128	0	1	384	312	41	43	1801	0	0	0	1	
5446	11567698	0	0	0	0	1	128	0	1	386	314	41	43	1781	0	0	0	1	
5447	11567732	0	0	0	0	1	128	0	1	392	326	40	43	1729	0	0	0	1	
5448	11567765	0	0	0	0	1	128	0	1	394	328	40	43	1696	0	0	0	1	
5449	11567798	0	0	0	0	1	128	0	1	396	330	39	43	1680	0	0	0	1	
5450	11567832	0	0	0	0	1	128	0	1	398	334	39	43	1669	0	0	0	1	
5451	11567865	0	0	0	0	1	128	0	1	400	336	39	42	1647	0	0	0	1	
5452	11567899	0	0	0	0	1	128	0	1	402	338	39	43	1639	0	0	0	1	
5453	11567932	0	0	0	0	1	128	0	1	404	340	38	43	1636	0	0	0	1	
5454	11567965	0	0	0	0	1	128	0	1	406	342	38	43	1624	0	0	0	1	
5455	11567999	0	0	0	0	1	128	0	1	406	344	38	43	1613	0	0	0	1	
5456	11568032	0	0	0	0	1	128	0	1	408	346	37	43	1604	0	0	0	1	
5457	11568065	0	0	0	0	1	128	0	1	410	356	37	43	1583	0	0	0	1	
5458	11568099	0	0	0	0	1	128	0	1	412	358	37	43	1587	0	0	0	1	
5459	11568132	0	0	0	0	1	128	0	1	414	360	37	43	1577	0	0	0	1	
5460	11568166	0	0	0	0	1	128	0	1	414	362	37	43	1589	0	0	0	1	
5461	11568199	0	0	0	0	1	128	0	1	416	364	36	44	1591	0	0	0	1	
5462	11568232	0	0	0	0	1	128	0	1	418	366	36	44	1600	0	0	0	1	
5463	11568266	0	0	0	0	1	128	0	1	418	370	36	44	1597	0	0	0	1	
5464	11568299	0	0	0	0	1	128	0	1	420	372	36	45	1594	0	0	0	1	
5465	11568332	0	0	0	0	1	128	0	1	420	372	36	45	1623	0	0	0	1	
5466	11568366	0	0	0	0	1	128	0	1	422	374	35	45	1543	0	0	0	1	
5467	11568399	0	0	0	0	1	128	0	1	414	362	38	46	1741	0	0	0	1	
5468	11568432	0	0	0	0	1	128	0	1	414	362	38	46	1755	0	0	0	1	
5469	11568466	0	0	0	0	1	128	0	1	414	362	39	46	1779	0	0	0	1	
5470	11568499	0	0	0	0	1	128	0	1	414	362	39	46	1804	0	0	0	1	
5471	11568533	0	0	0	0	1	128	0	1	414	362	39	47	1824	0	0	0	1	
5472	11568566	0	0	0	0	1	128	0	1	414	364	39	47	1856	0	0	0	1	
5473	11568599	0	0	0	0	1	128	0	1	414	362	40	47	1884	0	0	0	1	
5474	11568633	0	0	0	0	1	128	0	1	414	362	40	48	1917	0	0	0	1	
5475	11568666	0	0	0	0	1	128	0	1	414	362	40	48	1940	0	0	0	1	
5476	11568699	0	0	0	0	1	128	0	1	414	362	41	48	1960	0	0	0	1	
5477	11568733	0	0	0	0	1	128	0	1	414	362	41	48	1984	0	0	0	1	
5478	11568766	0	0	0	0	1	128	0	1	414	362	41	49	2004	0	0	0	1	
5479	11568800	0	0	0	0	1	128	0	1	414	362	41	49	2016	0	0	0	1	
5480	11568833	0	0	0	0	1	128	0	1	414	362	41	49	2018	0	0	0	1	
5481	11568866	0	0	0	0	1	128	0	1	414	362	41	49	2025	0	0	0	1	
5482	11568900	0	0	0	0	1	128	0	1	414	362	41	49	2006	0	0	0	1	
5483	11568933	0	0	0	0	1	128	0	1	414	362	41	49	2011	0	0	0	1	
5484	11568966	0	0	0	0	1	128	0	1	416	362	41	49	2005	0	0	0	1	
5485	11569000	0	0	0	0	1	128	0	1	416	362	41	49	2007	0	0	0	1	
5486	11569033	0	0	0	0	1	128	0	1	416	362	41	48	1992	0	0	0	1	
5487	11569066	0	0	0	0	1	128	0	1	416	362	41	48	1983	0	0	0	1	
5488	11569100	0	0	0	0	1	128	0	1	416	362	41	48	1974	0	0	0	1	
5489	11569133	0	0	0	0	1	128	0	1	416	362	41	48	1964	0	0	0	1	
5490	11569167	0	0	0	0	1	128	0	1	416	362	41	48	1948	0	0	0	1	
5491	11569200	0	0	0	0	1	128	0	1	416	362	41	48	1936	0	0	0	1	
5492	11569233	0	0	0	0	1	128	0	1	416	362	40	48	1921	0	0	0	1	
5493	11569267	0	0	0	0	1	128	0	1	416	362	40	47	1908	0	0	0	1	
5494	11569300	0	0	0	0	1	128	0	1	416	362	40	47	1891	0	0	0	1	
5495	11569333	0	0	0	0	1	128	0	1	416	362	40	47	1886	0	0	0	1	
5496	11569367	0	0	0	0	1	128	0	1	416	362	40	47	1879	0	0	0	1	
5497	11569400	0	0	0	0	1	128	0	1	428	352	38	47	1799	0	0	0	1	
5498	11569433	0	0	0	0	1	128	0	1	428	350	39	47	1803	0	0	0	1	
5499	11569467	0	0	0	0	1	128	0	1	430	350	38	47	1791	0	0	0	1	
5500	11569500	0	0	0	0	1	128	0	1	432	348	38	47	1783	0	0	0	1	
5501	11569534	0	0	0	0	1	128	0	1	434	346	38	47	1764	0	0	0	1	
5502	11569567	0	0	0	0	1	128	0	1	440	340	37	47	1712	0	0	0	1	
5503	11569600	0	0	0	0	1	128	0	1	444	336	37	47	1717	0	0	0	1	
5504	11569634	0	0	0	0	1	128	0	1	444	334	37	47	1717	0	0	0	1	
5505	11569667	0	0	0	0	1	128	0	1	446	332	37	47	1713	0	0	0	1	
5506	11569700	0	0	0	0	1	128	0	1	448	330	37	47	1722	0	0	0	1	
5507	11569734	0	0	0	0	1	128	0	1	450	328	37	47	1725	0	0	0	1	
5508	11569767	0	0	0	0	1	128	0	1	450	326	37	47	1726	0	0	0	1	
5509	11569801	0	0	0	0	1	128	0	1	452	324	36	48	1732	0	0	0	1	
5510	11569834	0	0	0	0	1	128	0	1	454	324	36	47	1723	0	0	0	1	
5511	11569867	0	0	0	0	1	128	0	1	454	322	36	48	1733	0	0	0	1	
5512	11569901	0	0	0	0	1	128	0	1	456	320	36	48	1718	0	0	0	1	
5513	11569934	0	0	0	0	1	128	0	1	458	318	36	47	1705	0	0	0	1	
5514	11569967	0	0	0	0	1	128	0	1	460	316	36	47	1683	0	0	0	1	
5515	11570001	0	0	0	0	1	128	0	1	462	314	35	47	1671	0	0	0	1	
5516	11570034	0	0	0	0	1	128	0	1	464	312	35	48	1657	0	0	0	1	
5517	11570067	0	0	0	0	1	128	0	1	464	310	35	47	1641	0	0	0	1	
5518	11570101	0	0	0	0	1	128	0	1	466	310	34	48	1633	0	0	0	1	
5519	11570134	0	0	0	0	1	128	0	1	468	308	34	47	1629	0	0	0	1	
5520	11570168	0	0	0	0	1	128	0	1	474	300	32	47	1528	0	0	0	1	
5521	11570201	0	0	0	0	1	128	0	1	474	300	32	47	1534	0	0	0	1	
5522	11570234	0	0	0	0	1	128	0	1	474	298	33	47	1534	0	0	0	1	
5523	11570268	0	0	0	0	1	128	0	1	476	298	32	47	1517	0	0	0	1	
5524	11570301	0	0	0	0	1	128	0	1	476	296	32	47	1512	0	0	0	1	
5525	11570334	0	0	0	0	1	128	0	1	470	300	34	46	1551	0	0	0	1	
5526	11570368	0	0	0	0	1	128	0	1	470	300	33	47	1547	0	0	0	1	
5527	11570401	0	0	0	0	1	128	0	1	470	300	33	47	1542	0	0	0	1	
5528	11570435	0	0	0	0	1	128	0	1	470	300	33	46	1543	0	0	0	1	
5529	11570468	0	0	0	0	1	128	0	1	470	300	33	46	1540	0	0	0	1	
5530	11570501	0	0	0	0	1	128	0	1	470	302	33	46	1535	0	0	0	1	
5531	11570535	0	0	0	0	1	128	0	1	470	302	33	46	1534	0	0	0	1	
5532	11570568	0	0	0	0	1	128	0	1	470	302	33	46	1517	0	0	0	1	
5533	11570601	0	0	0	0	1	128	0	1	470	302	33	46	1496	0	0	0	1	
5534	11570635	0	0	0	0	1	128	0	1	470	302	32	46	1480	0	0	0	1	
5535	11570668	0	0	0	0	1	128	0	1	470	302	32	45	1473	0	0	0	1	
5536	11570701	0	0	0	0	1	128	0	1	470	302	32	45	1459	0	0	0	1	
5537	11570735	0	0	0	0	1	128	0	1	470	302	32	45	1452	0	0	0	1	
5538	11570768	0	0	0	0	1	128	0	1	470	302	32	45	1428	0	0	0	1	
5539	11570802	0	0	0	0	1	128	0	1	470	302	32	45	1428	0	0	0	1	
5540	11570835	0	0	0	0	1	128	0	1	470	302	32	44	1408	0	0	0	1	
5541	11570868	0	0	0	0	1	128	0	1	470	302	32	44	1397	0	0	0	1	
5542	11570902	0	0	0	0	1	128	0	1	470	302	32	44	1392	0	0	0	1	
5543	11570935	0	0	0	0	1	128	0	1	470	302	31	44	1382	0	0	0	1	
5544	11570968	0	0	0	0	1	128	0	1	470	302	31	44	1368	0	0	0	1	
5545	11571002	0	0	0	0	1	128	0	1	470	302	31	44	1368	0	0	0	1	
5546	11571035	0	0	0	0	1	128	0	1	470	302	31	44	1358	0	0	0	1	
5547	11571069	0	0	0	0	1	128	0	1	470	302	31	44	1349	0	0	0	1	
5548	11571102	0	0	0	0	1	128	0	1	470	302	31	43	1348	0	0	0	1	
5549	11571135	0	0	0	0	1	128	0	1	470	302	31	43	1340	0	0	0	1	
5550	11571169	0	0	0	0	1	128	0	1	470	302	31	43	1339	0	0	0	1	
5551	11571202	0	0	0	0	1	128	0	1	470	304	31	43	1343	0	0	0	1	
5552	11571235	0	0	0	0	1	128	0	1	470	304	31	43	1336	0	0	0	1	
5553	11571269	0	0	0	0	1	128	0	1	470	304	31	43	1342	0	0	0	1	
5554	11571302	0	0	0	0	1	128	0	1	470	304	31	43	1341	0	0	0	1	
5555	11571336	0	0	0	0	1	128	0	1	470	304	31	44	1355	0	0	0	1	
5556	11571369	0	0	0	0	1	128	0	1	470	304	31	43	1359	0	0	0	1	
5557	11571402	0	0	0	0	1	128	0	1	470	304	31	44	1369	0	0	0	1	
5558	11571436	0	0	0	0	1	128	0	1	470	304	31	44	1380	0	0	0	1	
5559	11571469	0	0	0	0	1	128	0	1	470	304	32	44	1391	0	0	0	1	
5560	11571502	0	0	0	0	1	128	0	1	470	304	32	44	1397	0	0	0	1	
5561	11571536	0	0	0	0	1	128	0	1	470	304	32	44	1401	0	0	0	1	
5562	11571569	0	0	0	0	1	128	0	1	470	304	32	44	1422	0	0	0	1	
5563	11571602	0	0	0	0	1	128	0	1	470	304	32	45	1428	0	0	0	1	
5564	11571636	0	0	0	0	1	128	0	1	470	304	32	45	1444	0	0	0	1	
5565	11571669	0	0	0	0	1	128	0	1	468	304	32	45	1457	0	0	0	1	
5566	11571703	0	0	0	0	1	128	0	1	468	304	32	45	1466	0	0	0	1	
5567	11571736	0	0	0	0	1	128	0	1	468	304	33	45	1469	0	0	0	1	
5568	11571769	0	0	0	0	1	128	0	1	468	304	33	45	1473	0	0	0	1	
5569	11571803	0	0	0	0	1	128	0	1	468	304	33	45	1475	0	0	0	1	
5570	11571836	0	0	0	0	1	128	0	1	468	304	33	45	1474	0	0	0	1	
5571	11571869	0	0	0	0	1	128	0	1	468	304	33	45	1474	0	0	0	1	
5572	11571903	0	0	0	0	1	128	0	1	468	304	33	45	1459	0	0	0	1	
5573	11571936	0	0	0	0	1	128	0	1	468	304	32	45	1456	0	0	0	1	
5574	11571969	0	0	0	0	1	128	0	1	468	304	32	45	1449	0	0	0	1	
5575	11572003	0	0	0	0	1	128	0	1	468	304	32	45	1453	0	0	0	1	
5576	11572036	0	0	0	0	1	128	0	1	468	304	32	45	1444	0	0	0	1	
5577	11572070	0	0	0	0	1	128	0	1	468	304	32	45	1445	0	0	0	1	
5578	11572103	0	0	0	0	1	128	0	1	468	304	32	45	1442	0	0	0	1	
5579	11572136	0	0	0	0	1	128	0	1	472	302	31	45	1405	0	0	0	1	
5580	11572170	0	0	0	0	1	128	0	1	472	302	32	45	1419	0	0	0	1	
5581	11572203	0	0	0	0	1	128	0	1	472	302	32	45	1420	0	0	0	1	
5582	11572236	0	0	0	0	1	128	0	1	472	302	32	45	1423	0	0	0	1	
5583	11572270	0	0	0	0	1	128	0	1	472	302	32	45	1414	0	0	0	1	
5584	11572303	0	0	0	0	1	128	0	1	470	302	32	45	1427	0	0	0	1	
5585	11572337	0	0	0	0	1	128	0	0	0	0	0	0	0	0	0	0	1	
5586	11572370	0	0	0	0	1	128	0	1	412	338	38	44	1676	0	0	0	1	
5587	11572403	0	0	0	0	1	128	0	1	410	336	40	45	1833	0	0	0	1	
5588	11572437	0	0	0	0	1	128	0	1	410	336	40	46	1837	0	0	0	1	
5589	11572470	0	0	0	0	1	128	0	1	410	336	40	45	1831	0	0	0	1	
5590	11572503	0	0	0	0	1	128	0	1	392	344	42	45	1892	0	0	0	1	
5591	11572537	0	0	0	0	1	128	0	1	390	344	42	45	1879	0	0	0	1	
5592	11572570	0	0	0	0	1	128	0	1	390	344	41	45	1861	0	0	0	1	
5593	11572603	0	0	0	0	1	128	0	1	390	344	41	45	1853	0	0	0	1	
5594	11572637	0	0	0	0	1	128	0	1	388	346	41	45	1844	0	0	0	1	
5595	11572670	0	0	0	0	1	128	0	1	388	346	41	45	1828	0	0	0	1	
5596	11572704	0	0	0	0	1	128	0	1	382	348	42	44	1844	0	0	0	1	
5597	11572737	0	0	0	0	1	128	0	1	382	348	41	45	1854	0	0	0	1	
5598	11572770	0	0	0	0	1	128	0	1	382	346	42	45	1867	0	0	0	1	
5599	11572804	0	0	0	0	1	128	0	1	382	348	42	45	1874	0	0	0	1	
5600	11572837	0	0	0	0	1	128	0	1	382	348	42	45	1894	0	0	0	1	
5601	11572870	0	0	0	0	1	128	0	1	382	348	42	46	1906	0	0	0	1	
5602	11572904	0	0	0	0	1	128	0	1	382	348	42	46	1937	0	0	0	1	
5603	11572937	0	0	0	0	1	128	0	1	382	346	43	46	1959	0	0	0	1	
5604	11572971	0	0	0	0	1	128	0	1	382	346	43	46	1988	0	0	0	1	
5605	11573004	0	0	0	0	1	128	0	1	384	346	43	47	1993	0	0	0	1	
5606	11573037	0	0	0	0	1	128	0	1	402	342	42	46	1920	0	0	0	1	
5607	11573071	0	0	0	0	1	128	0	1	402	342	42	46	1939	0	0	0	1	
5608	11573104	0	0	0	0	1	128	0	1	400	342	41	45	1829	0	0	0	1	
5609	11573137	0	0	0	0	1	128	0	1	394	344	41	47	1906	0	0	0	1	
5610	11573171	0	0	0	0	1	128	0	1	396	344	43	47	2002	0	0	0	1	
5611	11573204	0	0	0	0	1	128	0	0	0	0	0	0	0	0	0	0	1	
5612	11573237	0	0	0	0	1	128	0	0	0	0	0	0	0	0	0	0	1	
