RowNumber	TimeStamp	X_Position_Degree_Right_Eye	Y_Position_Degree_Right_Eye	Distance_From_RightEye	Validity_Right_Eye	Pupil_Diameter_RightEye	X_Position_Degree_Left_Eye	Y_Position_Degree_Left_Eye	Distance_From_LeftEye	Validity_Left_Eye	Pupil_Diameter_LeftEye	Target X	Target Y
0	0	0	0	0	4	0	-0.167111	-0.253652	0	0	1581.000000	0.000000	0.000000
1	1	0	0	0	4	0	-0.131303	-0.244700	0	0	1562.000000	0.000000	0.000000
2	2	0	0	0	4	0	-0.143239	-0.286477	0	0	1566.000000	0.000000	0.000000
3	3	0	0	0	4	0	-0.125335	-0.217842	0	0	1553.000000	0.000000	0.000000
4	4	0	0	0	4	0	-0.134287	-0.202921	0	0	1537.000000	0.000000	0.000000
5	5	0	0	0	4	0	-0.104445	-0.176064	0	0	1524.000000	0.000000	0.000000
6	6	0	0	0	4	0	-0.134287	-0.199938	0	0	1515.000000	0.000000	0.000000
7	7	0	0	0	4	0	-0.179049	-0.020889	0	0	1518.000000	0.000000	0.000000
8	8	0	0	0	4	0	-0.158159	-0.020889	0	0	1527.000000	0.000000	0.000000
9	9	0	0	0	4	0	-0.134287	-0.050731	0	0	1523.000000	0.000000	0.000000
10	10	0	0	0	4	0	-0.164128	-0.140255	0	0	1534.000000	0.000000	0.000000
11	11	0	0	0	4	0	-0.158159	-0.092509	0	0	1534.000000	0.000000	0.000000
12	12	0	0	0	4	0	-0.170097	-0.023873	0	0	1532.000000	0.000000	0.000000
13	13	0	0	0	4	0	-0.134287	-0.086540	0	0	1530.000000	0.000000	0.000000
14	14	0	0	0	4	0	-0.188001	-0.113397	0	0	1540.000000	0.000000	0.000000
15	15	0	0	0	4	0	-0.223811	-0.143239	0	0	1544.000000	0.000000	0.000000
16	16	0	0	0	4	0	-0.170097	-0.065652	0	0	1533.000000	0.000000	0.000000
17	17	0	0	0	4	0	-0.211873	-0.053714	0	0	1535.000000	0.000000	0.000000
18	18	0	0	0	4	0	-0.250668	-0.098477	0	0	1543.000000	0.000000	0.000000
19	19	0	0	0	4	0	-0.286476	-0.173080	0	0	1545.000000	0.000000	0.000000
20	20	0	0	0	4	0	-0.205907	-0.071620	0	0	1541.000000	0.000000	0.000000
21	21	0	0	0	4	0	-0.217842	-0.101461	0	0	1541.000000	-0.691970	0.704000
22	22	0	0	0	4	0	-0.256635	-0.149207	0	0	1548.000000	-1.398063	1.422368
23	23	0	0	0	4	0	-0.304381	-0.179049	0	0	1549.000000	-2.104155	2.140736
24	24	0	0	0	4	0	-0.375997	-0.044762	0	0	1550.000000	-2.810247	2.859103
25	25	0	0	0	4	0	-0.540115	0.143239	0	0	1538.000000	-3.516340	3.577471
26	26	0	0	0	4	0	-1.754135	1.956845	0	0	1553.000000	-4.222432	4.295838
27	27	0	0	0	4	0	-3.828929	4.452328	0	0	1536.000000	-4.928524	5.014206
28	28	0	0	0	4	0	-4.395966	4.677688	0	0	1543.000000	-5.634616	5.732574
29	29	0	0	0	4	0	-4.899938	5.125003	0	0	1546.000000	-6.340709	6.450942
30	30	0	0	0	4	0	-6.783931	6.495394	0	0	1572.000000	-7.046801	7.169309
31	31	0	0	0	4	0	-7.315921	6.780988	0	0	1592.000000	-7.752893	7.887677
32	32	0	0	0	4	0	-7.811504	7.207272	0	0	1608.000000	-8.458985	8.606045
33	33	0	0	0	4	0	-9.131006	9.221165	0	0	1598.000000	-9.165078	9.324412
34	34	0	0	0	4	0	-9.653846	9.285118	0	0	1624.000000	-9.871170	10.042780
35	35	0	0	0	4	0	-9.911767	9.383910	0	0	1623.000000	-9.984145	10.157719
36	36	0	0	0	4	0	-10.238656	9.563915	0	0	1629.000000	-9.984145	10.157719
37	37	0	0	0	4	0	-11.123302	11.327147	0	0	1592.000000	-9.984145	10.157719
38	38	0	0	0	4	0	-11.011209	11.088820	0	0	1627.000000	-9.984145	10.157719
39	39	0	0	0	4	0	-10.950815	11.062955	0	0	1631.000000	-9.984145	10.157719
40	40	0	0	0	4	0	-10.939308	11.123302	0	0	1628.000000	-9.984145	10.157719
41	41	0	0	0	4	0	-10.907661	11.243921	0	0	1628.000000	-9.984145	10.157719
42	42	0	0	0	4	0	-10.328217	10.697472	0	0	1663.000000	-9.984145	10.157719
43	43	0	0	0	4	0	-10.253104	10.639833	0	0	1673.000000	-9.984145	10.157719
44	44	0	0	0	4	0	-10.250216	10.685946	0	0	1666.000000	-9.984145	10.157719
45	45	0	0	0	4	0	-10.212646	10.922048	0	0	1661.000000	-9.984145	10.157719
46	46	0	0	0	4	0	-10.195301	10.533146	0	0	1711.000000	-9.984145	10.157719
47	47	0	0	0	4	0	-10.163502	10.561989	0	0	1723.000000	-9.984145	10.157719
48	48	0	0	0	4	0	-10.215536	10.582174	0	0	1725.000000	-9.984145	10.157719
49	49	0	0	0	4	0	-10.177958	10.746446	0	0	1711.000000	-9.984145	10.157719
50	50	0	0	0	4	0	-10.096990	10.521608	0	0	1745.000000	-9.984145	10.157719
51	51	0	0	0	4	0	-10.033344	10.383083	0	0	1757.000000	-9.984145	10.157719
52	52	0	0	0	4	0	-10.007298	10.481218	0	0	1751.000000	-9.984145	10.157719
53	53	0	0	0	4	0	-9.978354	10.587940	0	0	1736.000000	-9.984145	10.157719
54	54	0	0	0	4	0	-9.929141	10.397518	0	0	1753.000000	-9.984145	10.157719
55	55	0	0	0	4	0	-9.874119	10.310886	0	0	1757.000000	-9.292174	9.453718
56	56	0	0	0	4	0	-9.816180	10.209755	0	0	1751.000000	-8.468400	8.615623
57	57	0	0	0	4	0	-9.842255	10.414840	0	0	1719.000000	-7.644626	7.777527
58	58	0	0	0	4	0	-9.534895	9.989934	0	0	1762.000000	-6.820852	6.939432
59	59	0	0	0	4	0	-6.598481	6.836890	0	0	1812.000000	-5.997077	6.101336
60	60	0	0	0	4	0	-6.073774	6.233068	0	0	1824.000000	-5.173303	5.263240
61	61	0	0	0	4	0	-5.438642	5.757863	0	0	1834.000000	-4.349529	4.425145
62	62	0	0	0	4	0	-4.633219	5.095398	0	0	1867.000000	-3.525754	3.587049
63	63	0	0	0	4	0	-3.828929	4.387067	0	0	1897.000000	-2.701980	2.748954
64	64	0	0	0	4	0	-2.296569	2.379986	0	0	1918.000000	-1.878206	1.910858
65	65	0	0	0	4	0	-1.545417	1.927037	0	0	1913.000000	-1.054431	1.072762
66	66	0	0	0	4	0	-0.799701	1.202438	0	0	1900.000000	-0.230657	0.234667
67	67	0	0	0	4	0	-0.292444	0.575922	0	0	1869.000000	0.000000	0.000000
68	68	0	0	0	4	0	0.173080	0.071620	0	0	1837.000000	0.000000	0.000000
69	69	0	0	0	4	0	0.599793	-0.059683	0	0	1792.000000	0.000000	0.000000
70	70	0	0	0	4	0	0.462534	-0.232762	0	0	1782.000000	0.000000	0.000000
71	71	0	0	0	4	0	0.492373	-0.256636	0	0	1756.000000	0.000000	0.000000
72	72	0	0	0	4	0	-0.023873	0.065652	0	0	1745.000000	0.000000	0.000000
73	73	0	0	0	4	0	0.020889	0.140255	0	0	1729.000000	0.000000	0.000000
74	74	0	0	0	4	0	-0.002983	0.110414	0	0	1725.000000	0.000000	0.000000
75	75	0	0	0	4	0	-0.017904	0.086540	0	0	1708.000000	0.000000	0.000000
76	76	0	0	0	4	0	-0.047746	0.035810	0	0	1690.000000	0.000000	0.000000
77	77	0	0	0	4	0	0.083556	0.074604	0	0	1656.000000	0.000000	0.000000
78	78	0	0	0	4	0	0.017905	0.110414	0	0	1642.000000	0.000000	0.000000
79	79	0	0	0	4	0	0.062667	-0.020889	0	0	1636.000000	0.000000	0.000000
80	80	0	0	0	4	0	-0.002983	-0.020889	0	0	1625.000000	0.000000	0.000000
81	81	0	0	0	4	0	0.029842	0.044762	0	0	1603.000000	0.000000	0.000000
82	82	0	0	0	4	0	-0.005969	0.026857	0	0	1600.000000	0.000000	0.000000
83	83	0	0	0	4	0	-0.068635	0.023873	0	0	1598.000000	0.000000	0.000000
84	84	0	0	0	4	0	-0.077587	-0.005969	0	0	1585.000000	0.000000	0.000000
85	85	0	0	0	4	0	0.002984	0.083556	0	0	1577.000000	0.000000	0.000000
86	86	0	0	0	4	0	-0.104445	0.014921	0	0	1581.000000	0.000000	0.000000
87	87	0	0	0	4	0	-0.068635	0.062667	0	0	1588.000000	-9.984145	10.157719
88	88	0	0	0	4	0	-0.119366	0.020889	0	0	1590.000000	-9.984145	10.157719
89	89	0	0	0	4	0	-0.110414	0.095493	0	0	1586.000000	-9.984145	10.157719
90	90	0	0	0	4	0	-0.199938	0.098477	0	0	1601.000000	-9.984145	10.157719
91	91	0	0	0	4	0	-0.492373	0.599793	0	0	1617.000000	-9.984145	10.157719
92	92	0	0	0	4	0	-8.513254	8.944735	0	0	1567.000000	-9.984145	10.157719
93	93	0	0	0	4	0	-8.504497	8.985498	0	0	1564.000000	-9.984145	10.157719
94	94	0	0	0	4	0	-8.554111	8.784504	0	0	1618.000000	-9.984145	10.157719
95	95	0	0	0	4	0	-8.997144	9.601634	0	0	1652.000000	-9.984145	10.157719
96	96	0	0	0	4	0	-10.437931	10.890397	0	0	1631.000000	-9.984145	10.157719
97	97	0	0	0	4	0	-10.458134	10.965196	0	0	1636.000000	-9.984145	10.157719
98	98	0	0	0	4	0	-10.348432	10.691709	0	0	1684.000000	-9.984145	10.157719
99	99	0	0	0	4	0	-10.287776	10.616773	0	0	1704.000000	-9.984145	10.157719
100	100	0	0	0	4	0	-10.333993	10.809801	0	0	1713.000000	-9.984145	10.157719
101	101	0	0	0	4	0	-10.339769	10.945063	0	0	1708.000000	-9.984145	10.157719
102	102	0	0	0	4	0	-10.287776	10.737804	0	0	1741.000000	-9.984145	10.157719
103	103	0	0	0	4	0	-10.261773	10.723401	0	0	1734.000000	-9.984145	10.157719
104	104	0	0	0	4	0	-10.290665	10.821318	0	0	1718.000000	-9.984145	10.157719
105	105	0	0	0	4	0	-10.290665	10.945063	0	0	1682.000000	-9.984145	10.157719
106	106	0	0	0	4	0	-10.232875	10.749326	0	0	1691.000000	-9.984145	10.157719
107	107	0	0	0	4	0	-10.201083	10.688827	0	0	1683.000000	0.000000	0.000000
108	108	0	0	0	4	0	-10.227097	10.757967	0	0	1658.000000	0.000000	0.000000
109	109	0	0	0	4	0	-10.186629	10.884642	0	0	1637.000000	0.000000	0.000000
110	110	0	0	0	4	0	-10.085419	10.683064	0	0	1662.000000	0.000000	0.000000
111	111	0	0	0	4	0	-10.004404	10.596591	0	0	1675.000000	0.000000	0.000000
112	112	0	0	0	4	0	-5.692865	6.933952	0	0	1738.000000	0.000000	0.000000
113	113	0	0	0	4	0	0.611729	0.751964	0	0	1778.000000	0.000000	0.000000
114	114	0	0	0	4	0	0.671404	0.623664	0	0	1806.000000	0.000000	0.000000
115	115	0	0	0	4	0	0.659469	0.504309	0	0	1820.000000	0.000000	0.000000
116	116	0	0	0	4	0	-0.059683	0.062667	0	0	1859.000000	0.000000	0.000000
117	117	0	0	0	4	0	0.056699	0.098477	0	0	1873.000000	0.000000	0.000000
118	118	0	0	0	4	0	0.002984	0.065652	0	0	1904.000000	0.000000	0.000000
119	119	0	0	0	4	0	-0.068635	0.074604	0	0	1932.000000	0.000000	0.000000
120	120	0	0	0	4	0	-0.056700	0.104445	0	0	1923.000000	0.000000	0.000000
121	121	0	0	0	4	0	0.005969	0.262603	0	0	1874.000000	0.000000	0.000000
122	122	0	0	0	4	0	0.005969	0.325269	0	0	1839.000000	0.000000	0.000000
123	123	0	0	0	4	0	-0.095493	0.182033	0	0	1796.000000	0.000000	0.000000
124	124	0	0	0	4	0	0.020889	0.274541	0	0	1752.000000	0.000000	0.000000
125	125	0	0	0	4	0	0.047747	0.241715	0	0	1715.000000	0.000000	0.000000
126	126	0	0	0	4	0	0.029842	0.208890	0	0	1694.000000	0.000000	0.000000
127	127	0	0	0	4	0	0.029842	0.229779	0	0	1688.000000	-0.676891	-0.688659
128	128	0	0	0	4	0	-0.011937	0.226795	0	0	1676.000000	-1.617018	-1.645130
129	129	0	0	0	4	0	0.041778	0.250667	0	0	1655.000000	-2.557145	-2.601600
130	130	0	0	0	4	0	0.000000	0.173080	0	0	1657.000000	-3.497271	-3.558071
131	131	0	0	0	4	0	-0.149207	0.059683	0	0	1658.000000	-4.437398	-4.514542
132	132	0	0	0	4	0	-0.370031	-0.104445	0	0	1661.000000	-5.377524	-5.471012
133	133	0	0	0	4	0	-3.281960	-2.636131	0	0	1693.000000	-6.317651	-6.427483
134	134	0	0	0	4	0	-6.008850	-5.946863	0	0	1747.000000	-7.257778	-7.383954
135	135	0	0	0	4	0	-6.521905	-6.309730	0	0	1775.000000	-8.197905	-8.340425
136	136	0	0	0	4	0	-6.951594	-6.498340	0	0	1811.000000	-9.138031	-9.296895
137	137	0	0	0	4	0	-8.723287	-8.323442	0	0	1860.000000	-9.984145	-10.157719
138	138	0	0	0	4	0	-9.194994	-8.676634	0	0	1882.000000	-9.984145	-10.157719
139	139	0	0	0	4	0	-9.421667	-8.842787	0	0	1892.000000	-9.984145	-10.157719
140	140	0	0	0	4	0	-11.039957	-10.596591	0	0	1872.000000	-9.984145	-10.157719
141	141	0	0	0	4	0	-10.602358	-10.486990	0	0	1843.000000	-9.984145	-10.157719
142	142	0	0	0	4	0	-10.665772	-10.559105	0	0	1821.000000	-9.984145	-10.157719
143	143	0	0	0	4	0	-10.677300	-10.510070	0	0	1816.000000	-9.984145	-10.157719
144	144	0	0	0	4	0	-10.608123	-10.423500	0	0	1810.000000	-9.984145	-10.157719
145	145	0	0	0	4	0	-10.388858	-10.339769	0	0	1795.000000	-9.984145	-10.157719
146	146	0	0	0	4	0	-10.391745	-10.313775	0	0	1797.000000	-9.984145	-10.157719
147	147	0	0	0	4	0	-10.290665	-10.302220	0	0	1799.000000	-9.984145	-10.157719
148	148	0	0	0	4	0	-10.232875	-10.305108	0	0	1790.000000	-9.984145	-10.157719
149	149	0	0	0	4	0	-10.227097	-10.333993	0	0	1769.000000	-9.984145	-10.157719
150	150	0	0	0	4	0	-10.238656	-10.368647	0	0	1773.000000	-9.984145	-10.157719
151	151	0	0	0	4	0	-10.166392	-10.241547	0	0	1774.000000	-9.984145	-10.157719
152	152	0	0	0	4	0	-10.189520	-10.232875	0	0	1772.000000	-9.984145	-10.157719
153	153	0	0	0	4	0	-10.099881	-10.157718	0	0	1782.000000	-9.984145	-10.157719
154	154	0	0	0	4	0	-10.117234	-10.151937	0	0	1808.000000	-9.984145	-10.157719
155	155	0	0	0	4	0	-10.068063	-10.082527	0	0	1817.000000	-9.984145	-10.157719
156	156	0	0	0	4	0	-9.966779	-10.027556	0	0	1827.000000	-9.984145	-10.157719
157	157	0	0	0	4	0	-9.946512	-9.992828	0	0	1837.000000	-9.878157	-10.049888
158	158	0	0	0	4	0	-9.903081	-10.007298	0	0	1840.000000	-8.818269	-8.971573
159	159	0	0	0	4	0	-9.903081	-9.981251	0	0	1824.000000	-7.758380	-7.893259
160	160	0	0	0	4	0	-9.784305	-9.992828	0	0	1810.000000	-6.698493	-6.814945
161	161	0	0	0	4	0	-9.578424	-9.810385	0	0	1780.000000	-5.638604	-5.736631
162	162	0	0	0	4	0	-1.321746	-1.089085	0	0	1733.000000	-4.578716	-4.658317
163	163	0	0	0	4	0	-0.722128	-0.874289	0	0	1734.000000	-3.518828	-3.580003
164	164	0	0	0	4	0	-0.543100	-0.731078	0	0	1743.000000	-2.458940	-2.501689
165	165	0	0	0	4	0	-0.417774	-0.546084	0	0	1743.000000	-1.399052	-1.423375
166	166	0	0	0	4	0	1.566291	0.689307	0	0	1743.000000	-0.339164	-0.345060
167	167	0	0	0	4	0	1.712395	0.811636	0	0	1726.000000	0.000000	0.000000
168	168	0	0	0	4	0	1.777986	0.859372	0	0	1699.000000	0.000000	0.000000
169	169	0	0	0	4	0	1.745191	0.835504	0	0	1667.000000	0.000000	0.000000
170	170	0	0	0	4	0	1.682579	0.874289	0	0	1643.000000	0.000000	0.000000
171	171	0	0	0	4	0	1.816741	2.102885	0	0	1700.000000	0.000000	0.000000
172	172	0	0	0	4	0	-90.000000	-90.000000	0	4	0.000000	0.000000	0.000000
173	173	0	0	0	4	0	-90.000000	-90.000000	0	4	0.000000	0.000000	0.000000
174	174	0	0	0	4	0	-90.000000	-90.000000	0	4	0.000000	0.000000	0.000000
175	175	0	0	0	4	0	2.877289	-4.710294	0	0	1208.000000	0.000000	0.000000
176	176	0	0	0	4	0	1.584183	2.636131	0	0	1658.000000	0.000000	0.000000
177	177	0	0	0	4	0	2.505093	6.701526	0	0	1771.000000	0.000000	0.000000
178	178	0	0	0	4	0	-0.680355	0.358094	0	0	1564.000000	0.000000	0.000000
179	179	0	0	0	4	0	-0.128318	-0.086540	0	0	1574.000000	0.000000	0.000000
180	180	0	0	0	4	0	-0.071620	-0.005969	0	0	1604.000000	0.000000	0.000000
181	181	0	0	0	4	0	-0.053714	0.029842	0	0	1635.000000	0.000000	0.000000
182	182	0	0	0	4	0	-0.047746	-0.056699	0	0	1685.000000	0.000000	0.000000
183	183	0	0	0	4	0	-0.053714	-0.056699	0	0	1734.000000	0.000000	0.000000
184	184	0	0	0	4	0	-0.035810	-0.050731	0	0	1773.000000	0.000000	0.000000
185	185	0	0	0	4	0	-0.035810	-0.056699	0	0	1768.000000	0.000000	0.000000
186	186	0	0	0	4	0	-0.065652	-0.182033	0	0	1766.000000	0.000000	0.000000
187	187	0	0	0	4	0	-0.071620	-0.265588	0	0	1756.000000	-9.984145	-10.157719
188	188	0	0	0	4	0	-0.065652	-0.367046	0	0	1730.000000	-9.984145	-10.157719
189	189	0	0	0	4	0	-0.065652	-0.337205	0	0	1711.000000	-9.984145	-10.157719
190	190	0	0	0	4	0	-0.077587	-0.459550	0	0	1704.000000	-9.984145	-10.157719
191	191	0	0	0	4	0	-0.104445	-0.444630	0	0	1705.000000	-9.984145	-10.157719
192	192	0	0	0	4	0	-0.065652	-0.462534	0	0	1702.000000	-9.984145	-10.157719
193	193	0	0	0	4	0	-0.014921	-0.405838	0	0	1693.000000	-9.984145	-10.157719
194	194	0	0	0	4	0	-0.116383	-0.474470	0	0	1691.000000	-9.984145	-10.157719
195	195	0	0	0	4	0	-0.062667	-0.420759	0	0	1691.000000	-9.984145	-10.157719
196	196	0	0	0	4	0	-4.760679	-5.553957	0	0	1750.000000	-9.984145	-10.157719
197	197	0	0	0	4	0	-10.287776	-10.322440	0	0	1743.000000	-9.984145	-10.157719
198	198	0	0	0	4	0	-10.114343	-10.250216	0	0	1757.000000	-9.984145	-10.157719
199	199	0	0	0	4	0	-10.082527	-10.195301	0	0	1766.000000	-9.984145	-10.157719
200	200	0	0	0	4	0	-10.134587	-10.221315	0	0	1761.000000	-9.984145	-10.157719
201	201	0	0	0	4	0	-10.183741	-10.229987	0	0	1766.000000	-9.984145	-10.157719
202	202	0	0	0	4	0	-10.397518	-10.203973	0	0	1776.000000	-9.984145	-10.157719
203	203	0	0	0	4	0	-10.359984	-10.215536	0	0	1791.000000	-9.984145	-10.157719
204	204	0	0	0	4	0	-10.281998	-10.201083	0	0	1802.000000	-9.984145	-10.157719
205	205	0	0	0	4	0	-10.261773	-10.180848	0	0	1799.000000	-9.984145	-10.157719
206	206	0	0	0	4	0	-10.264663	-10.227097	0	0	1785.000000	-9.984145	-10.157719
207	207	0	0	0	4	0	-10.232875	-10.267551	0	0	1767.000000	0.000000	0.000000
208	208	0	0	0	4	0	-10.128803	-10.241547	0	0	1754.000000	0.000000	0.000000
209	209	0	0	0	4	0	-10.160610	-10.177958	0	0	1737.000000	0.000000	0.000000
210	210	0	0	0	4	0	-10.183741	-10.186629	0	0	1743.000000	0.000000	0.000000
211	211	0	0	0	4	0	-10.154828	-10.215536	0	0	1732.000000	0.000000	0.000000
212	212	0	0	0	4	0	-10.053597	-10.186629	0	0	1737.000000	0.000000	0.000000
213	213	0	0	0	4	0	-0.253652	0.026857	0	0	1695.000000	0.000000	0.000000
214	214	0	0	0	4	0	-0.071620	0.062667	0	0	1706.000000	0.000000	0.000000
215	215	0	0	0	4	0	-0.074604	0.011936	0	0	1724.000000	0.000000	0.000000
216	216	0	0	0	4	0	-0.056700	0.002984	0	0	1738.000000	0.000000	0.000000
217	217	0	0	0	4	0	-0.032825	-0.086540	0	0	1737.000000	0.000000	0.000000
218	218	0	0	0	4	0	-0.074604	-0.143239	0	0	1754.000000	0.000000	0.000000
219	219	0	0	0	4	0	-0.077587	-0.190985	0	0	1756.000000	0.000000	0.000000
220	220	0	0	0	4	0	-0.050731	-0.214859	0	0	1734.000000	0.000000	0.000000
221	221	0	0	0	4	0	0.014921	-0.199938	0	0	1712.000000	0.000000	0.000000
222	222	0	0	0	4	0	-0.059683	-0.217842	0	0	1707.000000	0.000000	0.000000
223	223	0	0	0	4	0	-0.032825	-0.256636	0	0	1696.000000	0.000000	0.000000
224	224	0	0	0	4	0	-0.050731	-0.268572	0	0	1675.000000	0.000000	0.000000
225	225	0	0	0	4	0	0.053714	-0.217842	0	0	1632.000000	0.000000	0.000000
226	226	0	0	0	4	0	-0.035810	-0.217842	0	0	1621.000000	0.000000	0.000000
227	227	0	0	0	4	0	-0.071620	-0.196954	0	0	1603.000000	0.798732	-0.812617
228	228	0	0	0	4	0	-0.059683	-0.220826	0	0	1588.000000	1.973337	-2.007643
229	229	0	0	0	4	0	0.002984	-0.229779	0	0	1560.000000	3.147942	-3.202669
230	230	0	0	0	4	0	0.044762	-0.331238	0	0	1544.000000	4.322547	-4.397695
231	231	0	0	0	4	0	0.208890	-0.432694	0	0	1534.000000	5.497153	-5.592721
232	232	0	0	0	4	0	5.822845	-5.601252	0	0	1567.000000	6.671758	-6.787746
233	233	0	0	0	4	0	7.864219	-7.535995	0	0	1557.000000	7.846364	-7.982772
234	234	0	0	0	4	0	8.086649	-7.981318	0	0	1568.000000	9.020968	-9.177797
235	235	0	0	0	4	0	8.472387	-8.305910	0	0	1584.000000	9.984145	-10.157719
236	236	0	0	0	4	0	8.737865	-8.594962	0	0	1612.000000	9.984145	-10.157719
237	237	0	0	0	4	0	9.096097	-8.749526	0	0	1636.000000	9.984145	-10.157719
238	238	0	0	0	4	0	10.073848	-10.429273	0	0	1683.000000	9.984145	-10.157719
239	239	0	0	0	4	0	10.284887	-10.331105	0	0	1691.000000	9.984145	-10.157719
240	240	0	0	0	4	0	10.172175	-10.313775	0	0	1705.000000	9.984145	-10.157719
241	241	0	0	0	4	0	10.253105	-10.253104	0	0	1706.000000	9.984145	-10.157719
242	242	0	0	0	4	0	10.125911	-10.305108	0	0	1730.000000	9.984145	-10.157719
243	243	0	0	0	4	0	9.830667	-10.218425	0	0	1746.000000	9.984145	-10.157719
244	244	0	0	0	4	0	9.877015	-10.146152	0	0	1744.000000	9.984145	-10.157719
245	245	0	0	0	4	0	9.848048	-10.186629	0	0	1743.000000	9.984145	-10.157719
246	246	0	0	0	4	0	9.813284	-10.079633	0	0	1762.000000	9.984145	-10.157719
247	247	0	0	0	4	0	9.853842	-10.082527	0	0	1768.000000	9.984145	-10.157719
248	248	0	0	0	4	0	9.859636	-10.044917	0	0	1780.000000	9.984145	-10.157719
249	249	0	0	0	4	0	9.810385	-10.030449	0	0	1798.000000	9.984145	-10.157719
250	250	0	0	0	4	0	9.729235	-10.021769	0	0	1812.000000	9.984145	-10.157719
251	251	0	0	0	4	0	9.616138	-9.943617	0	0	1823.000000	9.984145	-10.157719
252	252	0	0	0	4	0	9.584226	-9.897288	0	0	1838.000000	9.984145	-10.157719
253	253	0	0	0	4	0	9.552307	-9.755322	0	0	1830.000000	9.984145	-10.157719
254	254	0	0	0	4	0	9.317086	-9.682845	0	0	1844.000000	9.984145	-10.157719
255	255	0	0	0	4	0	9.165913	-9.581324	0	0	1846.000000	9.751354	-9.920880
256	256	0	0	0	4	0	8.988409	-9.505869	0	0	1856.000000	8.458071	-8.605114
257	257	0	0	0	4	0	8.804904	-9.270586	0	0	1853.000000	7.164788	-7.289347
258	258	0	0	0	4	0	8.568702	-9.128098	0	0	1864.000000	5.871505	-5.973581
259	259	0	0	0	4	0	5.811032	-5.645584	0	0	1920.000000	4.578222	-4.657814
260	260	0	0	0	4	0	0.295429	1.378414	0	0	1847.000000	3.284939	-3.342047
261	261	0	0	0	4	0	-0.050731	1.449990	0	0	1835.000000	1.991656	-2.026281
262	262	0	0	0	4	0	-0.265589	1.587165	0	0	1846.000000	0.698373	-0.710514
263	263	0	0	0	4	0	-0.337205	1.494723	0	0	1851.000000	0.000000	0.000000
264	264	0	0	0	4	0	-0.352126	1.458936	0	0	1842.000000	0.000000	0.000000
265	265	0	0	0	4	0	-0.438663	1.390344	0	0	1822.000000	0.000000	0.000000
266	266	0	0	0	4	0	-0.429711	1.402273	0	0	1812.000000	0.000000	0.000000
267	267	0	0	0	4	0	-0.423743	1.357536	0	0	1820.000000	0.000000	0.000000
268	268	0	0	0	4	0	-0.158159	-0.268572	0	0	1824.000000	0.000000	0.000000
269	269	0	0	0	4	0	-0.020889	0.053714	0	0	1809.000000	0.000000	0.000000
270	270	0	0	0	4	0	0.005969	-0.005969	0	0	1807.000000	0.000000	0.000000
271	271	0	0	0	4	0	0.062667	0.032826	0	0	1789.000000	0.000000	0.000000
272	272	0	0	0	4	0	0.110414	-0.017905	0	0	1776.000000	0.000000	0.000000
273	273	0	0	0	4	0	0.167112	-0.002984	0	0	1754.000000	0.000000	0.000000
274	274	0	0	0	4	0	0.161144	-0.050731	0	0	1755.000000	0.000000	0.000000
275	275	0	0	0	4	0	0.107430	-0.023873	0	0	1762.000000	0.000000	0.000000
276	276	0	0	0	4	0	0.041778	-0.044762	0	0	1762.000000	0.000000	0.000000
277	277	0	0	0	4	0	0.086540	0.002984	0	0	1747.000000	0.000000	0.000000
278	278	0	0	0	4	0	0.011936	-0.092509	0	0	1749.000000	0.000000	0.000000
279	279	0	0	0	4	0	0.026857	-0.065652	0	0	1745.000000	0.000000	0.000000
280	280	0	0	0	4	0	-0.011937	-0.161144	0	0	1730.000000	0.000000	0.000000
281	281	0	0	0	4	0	-0.002983	-0.149207	0	0	1710.000000	0.000000	0.000000
282	282	0	0	0	4	0	-0.023873	-0.158159	0	0	1701.000000	0.000000	0.000000
283	283	0	0	0	4	0	-0.002983	-0.170097	0	0	1702.000000	9.984145	-10.157719
284	284	0	0	0	4	0	-0.080573	-0.235747	0	0	1691.000000	9.984145	-10.157719
285	285	0	0	0	4	0	0.038794	-0.199938	0	0	1686.000000	9.984145	-10.157719
286	286	0	0	0	4	0	-0.035810	-0.268572	0	0	1680.000000	9.984145	-10.157719
287	287	0	0	0	4	0	-0.002983	-0.283492	0	0	1676.000000	9.984145	-10.157719
288	288	0	0	0	4	0	0.005969	-0.349142	0	0	1672.000000	9.984145	-10.157719
289	289	0	0	0	4	0	9.717639	-9.005876	0	0	1704.000000	9.984145	-10.157719
290	290	0	0	0	4	0	10.224206	-10.192412	0	0	1703.000000	9.984145	-10.157719
291	291	0	0	0	4	0	10.244436	-10.258883	0	0	1698.000000	9.984145	-10.157719
292	292	0	0	0	4	0	10.146153	-10.189520	0	0	1704.000000	9.984145	-10.157719
293	293	0	0	0	4	0	10.169283	-10.189520	0	0	1703.000000	9.984145	-10.157719
294	294	0	0	0	4	0	10.183740	-10.218425	0	0	1710.000000	9.984145	-10.157719
295	295	0	0	0	4	0	9.903080	-10.189520	0	0	1715.000000	9.984145	-10.157719
296	296	0	0	0	4	0	9.946512	-10.169284	0	0	1700.000000	9.984145	-10.157719
297	297	0	0	0	4	0	9.998616	-10.215536	0	0	1680.000000	9.984145	-10.157719
298	298	0	0	0	4	0	10.027556	-10.209755	0	0	1660.000000	9.984145	-10.157719
299	299	0	0	0	4	0	10.030451	-10.227097	0	0	1639.000000	9.984145	-10.157719
300	300	0	0	0	4	0	10.030451	-10.238656	0	0	1615.000000	9.984145	-10.157719
301	301	0	0	0	4	0	10.024663	-10.227097	0	0	1598.000000	9.984145	-10.157719
302	302	0	0	0	4	0	9.992828	-10.221315	0	0	1601.000000	9.984145	-10.157719
303	303	0	0	0	4	0	10.062277	-10.258883	0	0	1592.000000	0.000000	0.000000
304	304	0	0	0	4	0	10.050704	-10.218425	0	0	1602.000000	0.000000	0.000000
305	305	0	0	0	4	0	10.036237	-10.169284	0	0	1601.000000	0.000000	0.000000
306	306	0	0	0	4	0	9.975461	-10.123019	0	0	1606.000000	0.000000	0.000000
307	307	0	0	0	4	0	7.230769	-6.061972	0	0	1649.000000	0.000000	0.000000
308	308	0	0	0	4	0	0.787767	-1.095052	0	0	1602.000000	0.000000	0.000000
309	309	0	0	0	4	0	0.659469	-1.136814	0	0	1590.000000	0.000000	0.000000
310	310	0	0	0	4	0	0.566971	-1.303851	0	0	1591.000000	0.000000	0.000000
311	311	0	0	0	4	0	0.143239	-0.229779	0	0	1586.000000	0.000000	0.000000
312	312	0	0	0	4	0	0.086540	-0.295429	0	0	1586.000000	0.000000	0.000000
313	313	0	0	0	4	0	0.199938	-0.205906	0	0	1572.000000	0.000000	0.000000
314	314	0	0	0	4	0	0.143239	-0.253652	0	0	1574.000000	0.000000	0.000000
315	315	0	0	0	4	0	0.190985	-0.280508	0	0	1569.000000	0.000000	0.000000
316	316	0	0	0	4	0	-0.188001	0.038794	0	0	1566.000000	0.000000	0.000000
317	317	0	0	0	4	0	0.086540	-0.005969	0	0	1541.000000	0.000000	0.000000
318	318	0	0	0	4	0	0.101461	-0.032826	0	0	1531.000000	0.000000	0.000000
319	319	0	0	0	4	0	0.020889	-0.113397	0	0	1527.000000	0.000000	0.000000
320	320	0	0	0	4	0	0.011936	-0.152192	0	0	1512.000000	0.000000	0.000000
321	321	0	0	0	4	0	0.107430	-0.202921	0	0	1495.000000	0.000000	0.000000
322	322	0	0	0	4	0	0.038794	-0.241715	0	0	1503.000000	0.000000	0.000000
323	323	0	0	0	4	0	0.047747	-0.247683	0	0	1502.000000	0.650525	0.661834
324	324	0	0	0	4	0	0.068635	-0.220826	0	0	1504.000000	2.064710	2.100605
325	325	0	0	0	4	0	0.140255	-0.122350	0	0	1500.000000	3.478895	3.539375
326	326	0	0	0	4	0	0.149207	-0.038794	0	0	1516.000000	4.893080	4.978146
327	327	0	0	0	4	0	1.697487	1.539454	0	0	1533.000000	6.307264	6.416916
328	328	0	0	0	4	0	6.501285	7.392239	0	0	1436.000000	7.721449	7.855686
329	329	0	0	0	4	0	6.922188	7.761704	0	0	1422.000000	9.135634	9.294456
330	330	0	0	0	4	0	7.362890	8.010581	0	0	1416.000000	9.984145	10.157719
331	331	0	0	0	4	0	10.377309	9.972567	0	0	1381.000000	9.984145	10.157719
332	332	0	0	0	4	0	10.781006	10.299332	0	0	1374.000000	9.984145	10.157719
333	333	0	0	0	4	0	10.772367	10.380197	0	0	1374.000000	9.984145	10.157719
334	334	0	0	0	4	0	10.804043	10.131694	0	0	1371.000000	9.984145	10.157719
335	335	0	0	0	4	0	10.901907	10.125912	0	0	1377.000000	9.984145	10.157719
336	336	0	0	0	4	0	9.940722	10.593708	0	0	1374.000000	9.984145	10.157719
337	337	0	0	0	4	0	9.894392	10.585057	0	0	1374.000000	9.984145	10.157719
338	338	0	0	0	4	0	9.859636	10.452361	0	0	1388.000000	9.984145	10.157719
339	339	0	0	0	4	0	9.952302	10.432158	0	0	1386.000000	9.984145	10.157719
340	340	0	0	0	4	0	9.923349	10.423500	0	0	1384.000000	9.984145	10.157719
341	341	0	0	0	4	0	9.845152	10.463904	0	0	1374.000000	9.984145	10.157719
342	342	0	0	0	4	0	9.827769	10.325329	0	0	1384.000000	9.984145	10.157719
343	343	0	0	0	4	0	9.850945	10.307998	0	0	1372.000000	9.984145	10.157719
344	344	0	0	0	4	0	9.807488	10.287776	0	0	1367.000000	9.984145	10.157719
345	345	0	0	0	4	0	9.679947	10.264663	0	0	1378.000000	9.984145	10.157719
346	346	0	0	0	4	0	9.581325	10.094097	0	0	1391.000000	9.984145	10.157719
347	347	0	0	0	4	0	9.546503	9.995723	0	0	1389.000000	9.984145	10.157719
348	348	0	0	0	4	0	9.427477	9.960987	0	0	1395.000000	9.984145	10.157719
349	349	0	0	0	4	0	9.238607	9.908873	0	0	1404.000000	9.984145	10.157719
350	350	0	0	0	4	0	9.139734	9.781408	0	0	1426.000000	9.372559	9.535501
351	351	0	0	0	4	0	9.090277	9.679947	0	0	1452.000000	7.843594	7.979954
352	352	0	0	0	4	0	9.029163	9.685745	0	0	1468.000000	6.314628	6.424407
353	353	0	0	0	4	0	8.880659	9.624842	0	0	1490.000000	4.785662	4.868861
354	354	0	0	0	4	0	8.632885	9.258958	0	0	1516.000000	3.256697	3.313314
355	355	0	0	0	4	0	1.739228	1.721340	0	0	1674.000000	1.727731	1.757768
356	356	0	0	0	4	0	1.274025	1.372449	0	0	1659.000000	0.198766	0.202221
357	357	0	0	0	4	0	1.211387	1.160677	0	0	1667.000000	-1.330200	-1.353325
358	358	0	0	0	4	0	0.910091	0.984674	0	0	1679.000000	-2.859166	-2.908872
359	359	0	0	0	4	0	0.740029	0.874289	0	0	1692.000000	-4.388131	-4.464418
360	360	0	0	0	4	0	0.647534	0.799701	0	0	1698.000000	-5.917097	-6.019965
361	361	0	0	0	4	0	0.558020	0.799701	0	0	1675.000000	-7.446062	-7.575511
362	362	0	0	0	4	0	-3.784364	-3.142145	0	0	1667.000000	-8.975028	-9.131058
363	363	0	0	0	4	0	-4.010111	-3.674417	0	0	1629.000000	-9.984145	-10.157719
364	364	0	0	0	4	0	-4.241672	-3.822987	0	0	1593.000000	-9.984145	-10.157719
365	365	0	0	0	4	0	-4.431564	-3.882401	0	0	1561.000000	-9.984145	-10.157719
366	366	0	0	0	4	0	-4.701402	-4.069498	0	0	1556.000000	-9.984145	-10.157719
367	367	0	0	0	4	0	-9.375196	-10.163502	0	0	1602.000000	-9.984145	-10.157719
368	368	0	0	0	4	0	-9.398434	-9.882808	0	0	1602.000000	-9.984145	-10.157719
369	369	0	0	0	4	0	-9.410052	-9.888600	0	0	1619.000000	-9.984145	-10.157719
370	370	0	0	0	4	0	-9.468129	-9.839358	0	0	1664.000000	-9.984145	-10.157719
371	371	0	0	0	4	0	-10.342658	-10.224206	0	0	1719.000000	-9.984145	-10.157719
372	372	0	0	0	4	0	-10.391745	-10.146152	0	0	1764.000000	-9.984145	-10.157719
373	373	0	0	0	4	0	-10.377309	-10.105666	0	0	1812.000000	-9.984145	-10.157719
374	374	0	0	0	4	0	-10.362871	-10.018875	0	0	1849.000000	-9.984145	-10.157719
375	375	0	0	0	4	0	-10.333993	-10.030449	0	0	1883.000000	-9.984145	-10.157719
376	376	0	0	0	4	0	-10.302220	-10.044917	0	0	1898.000000	-9.984145	-10.157719
377	377	0	0	0	4	0	-10.227097	-10.099881	0	0	1897.000000	-9.984145	-10.157719
378	378	0	0	0	4	0	-10.140371	-10.117234	0	0	1909.000000	-9.984145	-10.157719
379	379	0	0	0	4	0	-10.160610	-10.125913	0	0	1905.000000	-9.984145	-10.157719
380	380	0	0	0	4	0	-10.189520	-10.134587	0	0	1895.000000	-9.984145	-10.157719
381	381	0	0	0	4	0	-10.149045	-10.114343	0	0	1877.000000	-9.984145	-10.157719
382	382	0	0	0	4	0	-10.102774	-10.070955	0	0	1870.000000	-9.984145	-10.157719
383	383	0	0	0	4	0	-10.004404	-10.053597	0	0	1865.000000	-9.424901	-9.588753
384	384	0	0	0	4	0	-10.007298	-9.987039	0	0	1851.000000	-7.780067	-7.915323
385	385	0	0	0	4	0	-10.027556	-10.004404	0	0	1843.000000	-6.135232	-6.241893
386	386	0	0	0	4	0	-9.897288	-9.955198	0	0	1844.000000	-4.490398	-4.568463
387	387	0	0	0	4	0	-9.659645	-9.743731	0	0	1852.000000	-2.845564	-2.895034
388	388	0	0	0	4	0	-3.484177	-3.046931	0	0	1827.000000	-1.200729	-1.221604
389	389	0	0	0	4	0	-2.764166	-2.391902	0	0	1821.000000	0.444105	0.451826
390	390	0	0	0	4	0	-1.855496	-1.449990	0	0	1818.000000	2.088940	2.125256
391	391	0	0	0	4	0	2.010495	2.087984	0	0	1819.000000	3.733774	3.798686
392	392	0	0	0	4	0	2.457436	2.844545	0	0	1834.000000	5.378609	5.472116
393	393	0	0	0	4	0	3.537690	3.656587	0	0	1815.000000	7.023443	7.145545
394	394	0	0	0	4	0	4.303990	4.256510	0	0	1818.000000	8.668278	8.818974
395	395	0	0	0	4	0	6.501285	6.498339	0	0	1782.000000	9.984145	10.157719
396	396	0	0	0	4	0	6.895720	6.775103	0	0	1755.000000	9.984145	10.157719
397	397	0	0	0	4	0	7.160273	6.980998	0	0	1731.000000	9.984145	10.157719
398	398	0	0	0	4	0	9.107735	10.394631	0	0	1674.000000	9.984145	10.157719
399	399	0	0	0	4	0	10.215536	10.567756	0	0	1650.000000	9.984145	10.157719
400	400	0	0	0	4	0	10.250215	10.544683	0	0	1621.000000	9.984145	10.157719
401	401	0	0	0	4	0	10.177957	10.613890	0	0	1603.000000	9.984145	10.157719
402	402	0	0	0	4	0	10.146153	10.507185	0	0	1591.000000	9.984145	10.157719
403	403	0	0	0	4	0	9.746628	10.247325	0	0	1582.000000	9.984145	10.157719
404	404	0	0	0	4	0	9.700243	10.290666	0	0	1573.000000	9.984145	10.157719
405	405	0	0	0	4	0	9.653847	10.331105	0	0	1567.000000	9.984145	10.157719
406	406	0	0	0	4	0	9.653847	10.279109	0	0	1576.000000	9.984145	10.157719
407	407	0	0	0	4	0	9.743730	10.241546	0	0	1587.000000	9.984145	10.157719
408	408	0	0	0	4	0	9.714740	10.310886	0	0	1581.000000	9.984145	10.157719
409	409	0	0	0	4	0	9.723436	10.365760	0	0	1581.000000	9.984145	10.157719
410	410	0	0	0	4	0	9.671247	10.296444	0	0	1592.000000	9.984145	10.157719
411	411	0	0	0	4	0	9.694445	10.281998	0	0	1589.000000	9.984145	10.157719
412	412	0	0	0	4	0	9.674146	10.316663	0	0	1584.000000	9.984145	10.157719
413	413	0	0	0	4	0	9.598732	10.374421	0	0	1585.000000	9.984145	10.157719
414	414	0	0	0	4	0	9.494258	10.287776	0	0	1600.000000	9.984145	10.157719
415	415	0	0	0	4	0	9.494258	10.238656	0	0	1611.000000	-9.984145	-10.157719
416	416	0	0	0	4	0	9.378100	10.293553	0	0	1630.000000	-9.984145	-10.157719
417	417	0	0	0	4	0	9.311275	10.328216	0	0	1644.000000	-9.984145	-10.157719
418	418	0	0	0	4	0	9.125189	10.255995	0	0	1677.000000	-9.984145	-10.157719
419	419	0	0	0	4	0	8.781590	9.714740	0	0	1707.000000	-9.984145	-10.157719
420	420	0	0	0	4	0	-8.317598	-4.671760	0	0	1913.000000	-9.984145	-10.157719
421	421	0	0	0	4	0	-9.415860	-6.683864	0	0	1935.000000	-9.984145	-10.157719
422	422	0	0	0	4	0	-9.418764	-6.751560	0	0	1959.000000	-9.984145	-10.157719
423	423	0	0	0	4	0	-9.578424	-6.801585	0	0	1986.000000	-9.984145	-10.157719
424	424	0	0	0	4	0	-10.461019	-9.833564	0	0	2016.000000	-9.984145	-10.157719
425	425	0	0	0	4	0	-10.423500	-9.720539	0	0	2029.000000	-9.984145	-10.157719
426	426	0	0	0	4	0	-10.414841	-9.732134	0	0	2029.000000	-9.984145	-10.157719
427	427	0	0	0	4	0	-10.316663	-9.752425	0	0	2017.000000	-9.984145	-10.157719
428	428	0	0	0	4	0	-10.319551	-9.787204	0	0	2003.000000	-9.984145	-10.157719
429	429	0	0	0	4	0	-10.264663	-9.842255	0	0	1973.000000	-9.984145	-10.157719
430	430	0	0	0	4	0	-10.212646	-9.917560	0	0	1929.000000	-9.984145	-10.157719
431	431	0	0	0	4	0	-10.183741	-9.998616	0	0	1898.000000	-9.984145	-10.157719
432	432	0	0	0	4	0	-10.105666	-9.978354	0	0	1863.000000	-9.984145	-10.157719
433	433	0	0	0	4	0	-10.088311	-10.010193	0	0	1830.000000	-9.984145	-10.157719
434	434	0	0	0	4	0	-10.056491	-10.068063	0	0	1812.000000	-9.984145	-10.157719
435	435	0	0	0	4	0	-10.024664	-10.056491	0	0	1794.000000	9.984145	10.157719
436	436	0	0	0	4	0	-10.059382	-10.044917	0	0	1784.000000	9.984145	10.157719
437	437	0	0	0	4	0	-10.044917	-10.021769	0	0	1756.000000	9.984145	10.157719
438	438	0	0	0	4	0	-9.955198	-10.024664	0	0	1738.000000	9.984145	10.157719
439	439	0	0	0	4	0	-9.932036	-9.940722	0	0	1738.000000	9.984145	10.157719
440	440	0	0	0	4	0	-9.969672	-9.903081	0	0	1731.000000	9.984145	10.157719
441	441	0	0	0	4	0	1.095052	4.072468	0	0	1661.000000	9.984145	10.157719
442	442	0	0	0	4	0	10.102775	9.685745	0	0	1583.000000	9.984145	10.157719
443	443	0	0	0	4	0	10.160611	9.735034	0	0	1574.000000	9.984145	10.157719
444	444	0	0	0	4	0	10.192411	9.749526	0	0	1570.000000	9.984145	10.157719
445	445	0	0	0	4	0	9.819078	10.564872	0	0	1564.000000	9.984145	10.157719
446	446	0	0	0	4	0	9.859636	10.432158	0	0	1577.000000	9.984145	10.157719
447	447	0	0	0	4	0	9.914663	10.325329	0	0	1572.000000	9.984145	10.157719
448	448	0	0	0	4	0	9.879911	10.417727	0	0	1564.000000	9.984145	10.157719
449	449	0	0	0	4	0	9.830667	10.417727	0	0	1558.000000	9.984145	10.157719
450	450	0	0	0	4	0	9.804590	10.385971	0	0	1564.000000	9.984145	10.157719
451	451	0	0	0	4	0	9.482645	10.530262	0	0	1567.000000	9.984145	10.157719
452	452	0	0	0	4	0	9.511675	10.541800	0	0	1565.000000	9.984145	10.157719
453	453	0	0	0	4	0	9.537797	10.533146	0	0	1555.000000	9.984145	10.157719
454	454	0	0	0	4	0	9.569718	10.463904	0	0	1561.000000	9.984145	10.157719
455	455	0	0	0	4	0	9.624842	10.406179	0	0	1567.000000	9.484938	10.157719
456	456	0	0	0	4	0	9.616138	10.417727	0	0	1560.000000	6.988902	10.157719
457	457	0	0	0	4	0	9.561012	10.481218	0	0	1561.000000	4.492866	10.157719
458	458	0	0	0	4	0	9.494258	10.414840	0	0	1578.000000	1.996829	10.157719
459	459	0	0	0	4	0	9.221165	10.316663	0	0	1606.000000	-0.499207	10.157719
460	460	0	0	0	4	0	8.586208	10.331105	0	0	1633.000000	-2.995244	10.157719
461	461	0	0	0	4	0	-4.621361	11.335754	0	0	1707.000000	-5.491280	10.157719
462	462	0	0	0	4	0	-5.681046	11.324279	0	0	1716.000000	-7.987316	10.157719
463	463	0	0	0	4	0	-6.751560	11.103189	0	0	1753.000000	-9.984145	10.157719
464	464	0	0	0	4	0	-7.928632	11.203726	0	0	1753.000000	-9.984145	10.157719
465	465	0	0	0	4	0	-10.677300	10.821318	0	0	1743.000000	-9.984145	10.157719
466	466	0	0	0	4	0	-10.924924	10.683064	0	0	1763.000000	-9.984145	10.157719
467	467	0	0	0	4	0	-10.936432	10.561989	0	0	1789.000000	-9.984145	10.157719
468	468	0	0	0	4	0	-10.855862	10.576407	0	0	1792.000000	-9.984145	10.157719
469	469	0	0	0	4	0	-10.864497	10.775248	0	0	1777.000000	-9.984145	10.157719
470	470	0	0	0	4	0	-10.832834	10.717639	0	0	1792.000000	-9.984145	10.157719
471	471	0	0	0	4	0	-10.743565	10.547568	0	0	1815.000000	-9.984145	10.157719
472	472	0	0	0	4	0	-9.940722	10.602357	0	0	1815.000000	-9.984145	10.157719
473	473	0	0	0	4	0	-10.229987	10.726281	0	0	1789.000000	-9.984145	10.157719
474	474	0	0	0	4	0	-10.195301	10.734923	0	0	1763.000000	-9.984145	10.157719
475	475	0	0	0	4	0	-10.151937	10.541800	0	0	1763.000000	-9.984145	10.157719
476	476	0	0	0	4	0	-10.154828	10.576407	0	0	1737.000000	-9.984145	10.157719
477	477	0	0	0	4	0	-10.183741	10.775248	0	0	1681.000000	-9.984145	10.157719
478	478	0	0	0	4	0	-10.070955	10.726281	0	0	1646.000000	-9.984145	10.157719
479	479	0	0	0	4	0	-9.978354	10.521608	0	0	1646.000000	-9.984145	10.157719
480	480	0	0	0	4	0	-10.027556	10.567756	0	0	1618.000000	-9.984145	10.157719
481	481	0	0	0	4	0	-10.036237	10.746446	0	0	1573.000000	-9.984145	10.157719
482	482	0	0	0	4	0	-10.021769	10.625422	0	0	1588.000000	-9.984145	10.157719
483	483	0	0	0	4	0	-10.010193	10.469676	0	0	1613.000000	-9.631349	9.798789
484	484	0	0	0	4	0	-10.013087	10.385971	0	0	1622.000000	-7.867365	8.004139
485	485	0	0	0	4	0	-10.047811	10.631186	0	0	1633.000000	-6.103382	6.209489
486	486	0	0	0	4	0	-10.036237	10.536032	0	0	1672.000000	-4.339399	4.414839
487	487	0	0	0	4	0	-9.874119	10.215536	0	0	1724.000000	-2.575416	2.620189
488	488	0	0	0	4	0	-2.597418	1.631892	0	0	1855.000000	-0.811432	0.825539
489	489	0	0	0	4	0	-2.239958	0.969758	0	0	1870.000000	0.952551	-0.969111
490	490	0	0	0	4	0	-1.763078	0.561003	0	0	1893.000000	2.716534	-2.763761
491	491	0	0	0	4	0	-0.355111	-0.193969	0	0	1929.000000	4.480517	-4.558411
492	492	0	0	0	4	0	1.834628	-1.792892	0	0	1953.000000	6.244501	-6.353061
493	493	0	0	0	4	0	2.231019	-2.046260	0	0	1943.000000	8.008484	-8.147711
494	494	0	0	0	4	0	2.811799	-2.305506	0	0	1952.000000	9.772468	-9.942361
495	495	0	0	0	4	0	7.113263	-7.371695	0	0	1964.000000	9.984145	-10.157719
496	496	0	0	0	4	0	7.242516	-7.421584	0	0	1940.000000	9.984145	-10.157719
497	497	0	0	0	4	0	7.509597	-7.497866	0	0	1923.000000	9.984145	-10.157719
498	498	0	0	0	4	0	9.926246	-10.212646	0	0	1940.000000	9.984145	-10.157719
499	499	0	0	0	4	0	10.446589	-10.004404	0	0	1931.000000	9.984145	-10.157719
500	500	0	0	0	4	0	10.411953	-9.920454	0	0	1953.000000	9.984145	-10.157719
501	501	0	0	0	4	0	10.463905	-9.859636	0	0	1985.000000	9.984145	-10.157719
502	502	0	0	0	4	0	10.385970	-9.766917	0	0	2015.000000	9.984145	-10.157719
503	503	0	0	0	4	0	9.940722	-9.717639	0	0	2039.000000	9.984145	-10.157719
504	504	0	0	0	4	0	9.839358	-9.781408	0	0	2058.000000	9.984145	-10.157719
505	505	0	0	0	4	0	9.981250	-9.865431	0	0	2034.000000	9.984145	-10.157719
506	506	0	0	0	4	0	9.926246	-9.926246	0	0	2011.000000	9.984145	-10.157719
507	507	0	0	0	4	0	10.004404	-9.894393	0	0	1964.000000	9.984145	-10.157719
508	508	0	0	0	4	0	10.030451	-9.984144	0	0	1918.000000	9.984145	-10.157719
509	509	0	0	0	4	0	10.117235	-9.995723	0	0	1882.000000	9.984145	-10.157719
510	510	0	0	0	4	0	10.120128	-10.102774	0	0	1853.000000	9.984145	-10.157719
511	511	0	0	0	4	0	10.073848	-10.163502	0	0	1830.000000	9.984145	-10.157719
512	512	0	0	0	4	0	10.085419	-10.149045	0	0	1809.000000	9.984145	-10.157719
513	513	0	0	0	4	0	9.975461	-10.079633	0	0	1796.000000	9.984145	-10.157719
514	514	0	0	0	4	0	9.801692	-10.036237	0	0	1794.000000	9.984145	-10.157719
515	515	0	0	0	4	0	9.726336	-10.062278	0	0	1795.000000	8.329522	-8.474330
516	516	0	0	0	4	0	9.575521	-9.972566	0	0	1790.000000	6.449269	-6.561389
517	517	0	0	0	4	0	9.424573	-9.859636	0	0	1792.000000	4.569016	-4.648448
518	518	0	0	0	4	0	9.005877	-9.752425	0	0	1805.000000	2.688762	-2.735506
519	519	0	0	0	4	0	2.868359	0.131302	0	0	1785.000000	0.808509	-0.822565
520	520	0	0	0	4	0	1.566291	0.901141	0	0	1782.000000	-1.071744	1.090377
521	521	0	0	0	4	0	0.772849	1.438061	0	0	1774.000000	-2.951998	3.003318
522	522	0	0	0	4	0	-0.528181	2.141625	0	0	1776.000000	-4.832251	4.916259
523	523	0	0	0	4	0	-2.767142	3.383079	0	0	1793.000000	-6.712504	6.829201
524	524	0	0	0	4	0	-5.178285	4.645079	0	0	1766.000000	-8.592758	8.742142
525	525	0	0	0	4	0	-5.701730	5.243394	0	0	1745.000000	-9.984145	10.157719
526	526	0	0	0	4	0	-7.307115	7.459728	0	0	1744.000000	-9.984145	10.157719
527	527	0	0	0	4	0	-9.674146	9.868325	0	0	1727.000000	-9.984145	10.157719
528	528	0	0	0	4	0	-9.871222	9.897288	0	0	1734.000000	-9.984145	10.157719
529	529	0	0	0	4	0	-10.004404	10.111450	0	0	1731.000000	-9.984145	10.157719
530	530	0	0	0	4	0	-10.579290	10.674418	0	0	1731.000000	-9.984145	10.157719
531	531	0	0	0	4	0	-10.429273	10.567756	0	0	1754.000000	-9.984145	10.157719
532	532	0	0	0	4	0	-10.368647	10.521608	0	0	1737.000000	-9.984145	10.157719
533	533	0	0	0	4	0	-10.362871	10.743566	0	0	1695.000000	-9.984145	10.157719
534	534	0	0	0	4	0	-10.322440	10.634068	0	0	1691.000000	-9.984145	10.157719
535	535	0	0	0	4	0	-10.253104	10.400406	0	0	1703.000000	-9.984145	10.157719
536	536	0	0	0	4	0	-10.229987	10.507185	0	0	1689.000000	-9.984145	10.157719
537	537	0	0	0	4	0	-10.221315	10.674418	0	0	1669.000000	-9.984145	10.157719
538	538	0	0	0	4	0	-10.177958	10.556220	0	0	1679.000000	-9.984145	10.157719
539	539	0	0	0	4	0	-10.140371	10.417727	0	0	1700.000000	-9.984145	10.157719
540	540	0	0	0	4	0	-10.146152	10.400406	0	0	1698.000000	-9.984145	10.157719
541	541	0	0	0	4	0	-8.408150	9.714740	0	0	1699.000000	-9.984145	10.157719
542	542	0	0	0	4	0	-1.566291	4.137783	0	0	1779.000000	-9.984145	10.157719
543	543	0	0	0	4	0	-1.611019	4.019021	0	0	1792.000000	-9.984145	10.157719
544	544	0	0	0	4	0	-1.634873	3.941807	0	0	1789.000000	-9.984145	10.157719
545	545	0	0	0	4	0	-1.569272	4.033868	0	0	1779.000000	9.984145	-10.157719
546	546	0	0	0	4	0	-1.676617	3.935867	0	0	1778.000000	9.984145	-10.157719
547	547	0	0	0	4	0	-1.622947	3.947747	0	0	1783.000000	9.984145	-10.157719
548	548	0	0	0	4	0	-1.694506	3.897254	0	0	1788.000000	9.984145	-10.157719
549	549	0	0	0	4	0	-1.572255	3.849725	0	0	1790.000000	9.984145	-10.157719
550	550	0	0	0	4	0	5.899625	-4.241672	0	0	1862.000000	9.984145	-10.157719
551	551	0	0	0	4	0	9.360670	-8.206542	0	0	1877.000000	9.984145	-10.157719
552	552	0	0	0	4	0	9.267679	-8.215312	0	0	1898.000000	9.984145	-10.157719
553	553	0	0	0	4	0	9.276399	-8.279613	0	0	1897.000000	9.984145	-10.157719
554	554	0	0	0	4	0	9.232794	-8.361419	0	0	1927.000000	9.984145	-10.157719
555	555	0	0	0	4	0	9.174638	-8.346813	0	0	1970.000000	9.984145	-10.157719
556	556	0	0	0	4	0	9.131007	-8.349733	0	0	1996.000000	9.984145	-10.157719
557	557	0	0	0	4	0	9.168820	-8.305910	0	0	2015.000000	9.984145	-10.157719
558	558	0	0	0	4	0	9.116463	-8.320519	0	0	2046.000000	9.984145	-10.157719
559	559	0	0	0	4	0	9.066998	-8.335127	0	0	2063.000000	9.984145	-10.157719
560	560	0	0	0	4	0	9.163004	-8.346813	0	0	2051.000000	9.984145	-10.157719
561	561	0	0	0	4	0	9.270585	-8.265000	0	0	2031.000000	9.984145	-10.157719
562	562	0	0	0	4	0	9.232794	-8.326363	0	0	2004.000000	9.984145	-10.157719
563	563	0	0	0	4	0	5.976383	-6.286144	0	0	1979.000000	9.984145	-10.157719
564	564	0	0	0	4	0	5.946863	-6.524851	0	0	1947.000000	9.984145	-10.157719
565	565	0	0	0	4	0	5.970479	-6.580812	0	0	1897.000000	-9.984145	10.157719
566	566	0	0	0	4	0	5.911435	-6.627926	0	0	1874.000000	-9.984145	10.157719
567	567	0	0	0	4	0	5.881908	-6.663257	0	0	1850.000000	-9.984145	10.157719
568	568	0	0	0	4	0	5.899625	-6.636761	0	0	1818.000000	-9.984145	10.157719
569	569	0	0	0	4	0	5.911435	-6.630872	0	0	1789.000000	-9.984145	10.157719
570	570	0	0	0	4	0	1.205421	2.701641	0	0	1754.000000	-9.984145	10.157719
571	571	0	0	0	4	0	-10.015980	8.982587	0	0	1688.000000	-9.984145	10.157719
572	572	0	0	0	4	0	-10.345545	8.921437	0	0	1656.000000	-9.984145	10.157719
573	573	0	0	0	4	0	-10.400407	9.075728	0	0	1646.000000	-9.984145	10.157719
574	574	0	0	0	4	0	-10.105666	10.829954	0	0	1627.000000	-9.984145	10.157719
575	575	0	0	0	4	0	-10.224206	10.515840	0	0	1651.000000	-9.984145	10.157719
576	576	0	0	0	4	0	-10.281998	10.466791	0	0	1644.000000	-9.984145	10.157719
577	577	0	0	0	4	0	-10.284887	10.665773	0	0	1630.000000	-9.984145	10.157719
578	578	0	0	0	4	0	-10.238656	10.602357	0	0	1645.000000	-9.984145	10.157719
579	579	0	0	0	4	0	-10.258883	10.489875	0	0	1679.000000	-9.984145	10.157719
580	580	0	0	0	4	0	-10.203973	10.530262	0	0	1687.000000	-9.984145	10.157719
581	581	0	0	0	4	0	-10.247324	10.648481	0	0	1667.000000	-9.984145	10.157719
582	582	0	0	0	4	0	-10.143261	10.587940	0	0	1680.000000	-9.984145	10.157719
583	583	0	0	0	4	0	-10.059382	10.458133	0	0	1695.000000	-9.984145	10.157719
584	584	0	0	0	4	0	-10.001510	10.478333	0	0	1692.000000	-9.984145	10.157719
585	585	0	0	0	4	0	-9.995723	10.622539	0	0	1678.000000	-9.984145	-10.157719
586	586	0	0	0	4	0	-10.030449	10.512955	0	0	1688.000000	-9.984145	-10.157719
587	587	0	0	0	4	0	-9.952303	10.394631	0	0	1706.000000	-9.984145	-10.157719
588	588	0	0	0	4	0	-10.007298	10.397518	0	0	1709.000000	-9.984145	-10.157719
589	589	0	0	0	4	0	-9.998616	10.570640	0	0	1690.000000	-9.984145	-10.157719
590	590	0	0	0	4	0	-9.995723	10.504300	0	0	1720.000000	-9.984145	-10.157719
591	591	0	0	0	4	0	-9.978354	10.374421	0	0	1749.000000	-9.984145	-10.157719
592	592	0	0	0	4	0	-11.831195	-3.579307	0	0	1897.000000	-9.984145	-10.157719
593	593	0	0	0	4	0	-10.180848	-8.991321	0	0	1934.000000	-9.984145	-10.157719
594	594	0	0	0	4	0	-10.172175	-9.017521	0	0	1953.000000	-9.984145	-10.157719
595	595	0	0	0	4	0	-10.137478	-9.084458	0	0	1982.000000	-9.984145	-10.157719
596	596	0	0	0	4	0	-10.189520	-10.290665	0	0	2012.000000	-9.984145	-10.157719
597	597	0	0	0	4	0	-10.172175	-10.146152	0	0	2022.000000	-9.984145	-10.157719
598	598	0	0	0	4	0	-10.137478	-10.151937	0	0	2026.000000	-9.984145	-10.157719
599	599	0	0	0	4	0	-10.151937	-10.238656	0	0	2014.000000	-9.984145	-10.157719
600	600	0	0	0	4	0	-10.056491	-10.264663	0	0	1997.000000	-9.984145	-10.157719
601	601	0	0	0	4	0	-10.010193	-10.258883	0	0	1957.000000	-9.984145	-10.157719
602	602	0	0	0	4	0	-10.024664	-10.348432	0	0	1935.000000	-9.984145	-10.157719
603	603	0	0	0	4	0	-10.021769	-10.359984	0	0	1909.000000	-9.984145	-10.157719
604	604	0	0	0	4	0	-10.015980	-10.305108	0	0	1883.000000	-9.984145	-10.157719
605	605	0	0	0	4	0	-10.036237	-10.261773	0	0	1845.000000	9.984145	-10.157719
606	606	0	0	0	4	0	-10.050704	-10.331105	0	0	1819.000000	9.984145	-10.157719
607	607	0	0	0	4	0	-10.036237	-10.365760	0	0	1797.000000	9.984145	-10.157719
608	608	0	0	0	4	0	-10.044917	-10.333993	0	0	1792.000000	9.984145	-10.157719
609	609	0	0	0	4	0	-10.044917	-10.339769	0	0	1774.000000	9.984145	-10.157719
610	610	0	0	0	4	0	-10.010193	-10.319551	0	0	1762.000000	9.984145	-10.157719
611	611	0	0	0	4	0	3.112393	-9.969672	0	0	1776.000000	9.984145	-10.157719
612	612	0	0	0	4	0	9.462322	-10.827076	0	0	1762.000000	9.984145	-10.157719
613	613	0	0	0	4	0	9.441997	-10.855862	0	0	1769.000000	9.984145	-10.157719
614	614	0	0	0	4	0	9.735033	-10.157718	0	0	1791.000000	9.984145	-10.157719
615	615	0	0	0	4	0	10.166392	-10.183741	0	0	1809.000000	9.984145	-10.157719
616	616	0	0	0	4	0	10.125911	-10.183741	0	0	1831.000000	9.984145	-10.157719
617	617	0	0	0	4	0	10.157718	-10.172175	0	0	1841.000000	9.984145	-10.157719
618	618	0	0	0	4	0	10.094097	-10.169284	0	0	1845.000000	9.984145	-10.157719
619	619	0	0	0	4	0	10.105666	-10.195301	0	0	1840.000000	9.984145	-10.157719
620	620	0	0	0	4	0	10.027556	-10.154828	0	0	1821.000000	9.984145	-10.157719
621	621	0	0	0	4	0	10.018874	-10.123019	0	0	1796.000000	9.984145	-10.157719
622	622	0	0	0	4	0	9.940722	-10.177958	0	0	1780.000000	9.984145	-10.157719
623	623	0	0	0	4	0	9.955198	-10.206864	0	0	1770.000000	9.984145	-10.157719
624	624	0	0	0	4	0	10.007298	-10.177958	0	0	1750.000000	9.984145	-10.157719
625	625	0	0	0	4	0	10.024663	-10.189520	0	0	1739.000000	9.984145	10.157719
626	626	0	0	0	4	0	10.004404	-10.215536	0	0	1724.000000	9.984145	10.157719
627	627	0	0	0	4	0	9.929142	-10.183741	0	0	1725.000000	9.984145	10.157719
628	628	0	0	0	4	0	9.926246	-10.134587	0	0	1726.000000	9.984145	10.157719
629	629	0	0	0	4	0	9.903080	-10.050704	0	0	1720.000000	9.984145	10.157719
630	630	0	0	0	4	0	9.433285	0.563987	0	0	1729.000000	9.984145	10.157719
631	631	0	0	0	4	0	9.607435	9.139735	0	0	1599.000000	9.984145	10.157719
632	632	0	0	0	4	0	9.653847	9.055357	0	0	1586.000000	9.984145	10.157719
633	633	0	0	0	4	0	9.549405	9.450708	0	0	1586.000000	9.984145	10.157719
634	634	0	0	0	4	0	9.587128	10.579290	0	0	1585.000000	9.984145	10.157719
635	635	0	0	0	4	0	9.653847	10.501415	0	0	1590.000000	9.984145	10.157719
636	636	0	0	0	4	0	9.668347	10.507185	0	0	1569.000000	9.984145	10.157719
637	637	0	0	0	4	0	9.639344	10.541800	0	0	1558.000000	9.984145	10.157719
638	638	0	0	0	4	0	9.572619	10.533146	0	0	1558.000000	9.984145	10.157719
639	639	0	0	0	4	0	9.674146	10.472562	0	0	1556.000000	9.984145	10.157719
640	640	0	0	0	4	0	9.688645	10.501415	0	0	1558.000000	9.984145	10.157719
641	641	0	0	0	4	0	9.656746	10.590824	0	0	1559.000000	9.984145	10.157719
642	642	0	0	0	4	0	9.624842	10.553336	0	0	1588.000000	9.984145	10.157719
643	643	0	0	0	4	0	9.691545	10.486989	0	0	1604.000000	9.984145	10.157719
644	644	0	0	0	4	0	9.723436	10.510069	0	0	1627.000000	9.984145	10.157719
645	645	0	0	0	4	0	9.688645	10.541800	0	0	1647.000000	-9.984145	10.157719
646	646	0	0	0	4	0	9.662546	10.461019	0	0	1677.000000	-9.984145	10.157719
647	647	0	0	0	4	0	9.682846	10.406179	0	0	1698.000000	-9.984145	10.157719
648	648	0	0	0	4	0	9.674146	10.443705	0	0	1708.000000	-9.984145	10.157719
649	649	0	0	0	4	0	2.174404	11.702493	0	0	1741.000000	-9.984145	10.157719
650	650	0	0	0	4	0	-9.331615	11.292715	0	0	1793.000000	-9.984145	10.157719
651	651	0	0	0	4	0	-9.389719	10.924925	0	0	1827.000000	-9.984145	10.157719
652	652	0	0	0	4	0	-9.523284	10.887520	0	0	1836.000000	-9.984145	10.157719
653	653	0	0	0	4	0	-9.645144	11.071577	0	0	1831.000000	-9.984145	10.157719
654	654	0	0	0	4	0	-10.362871	10.896152	0	0	1847.000000	-9.984145	10.157719
655	655	0	0	0	4	0	-10.481218	10.458133	0	0	1866.000000	-9.984145	10.157719
656	656	0	0	0	4	0	-10.472563	10.475447	0	0	1855.000000	-9.984145	10.157719
657	657	0	0	0	4	0	-10.564871	10.636951	0	0	1822.000000	-9.984145	10.157719
658	658	0	0	0	4	0	-10.515841	10.677300	0	0	1809.000000	-9.984145	10.157719
659	659	0	0	0	4	0	-10.498529	10.498529	0	0	1829.000000	-9.984145	10.157719
660	660	0	0	0	4	0	-10.527376	10.501415	0	0	1840.000000	-9.984145	10.157719
661	661	0	0	0	4	0	-10.489875	10.576407	0	0	1838.000000	-9.984145	10.157719
662	662	0	0	0	4	0	-10.536031	10.708997	0	0	1846.000000	-9.984145	10.157719
663	663	0	0	0	4	0	-10.461019	10.564872	0	0	1878.000000	-9.984145	10.157719
664	664	0	0	0	4	0	-10.435044	10.530262	0	0	1896.000000	-9.984145	10.157719
665	665	0	0	0	4	0	-10.452362	10.639833	0	0	1889.000000	0.000000	0.000000
666	666	0	0	0	4	0	-10.455247	10.648481	0	0	1888.000000	0.000000	0.000000
667	667	0	0	0	4	0	-10.374421	10.443705	0	0	1911.000000	0.000000	0.000000
668	668	0	0	0	4	0	-10.319551	10.446589	0	0	1911.000000	0.000000	0.000000
669	669	0	0	0	4	0	-10.284887	10.512955	0	0	1898.000000	0.000000	0.000000
670	670	0	0	0	4	0	-0.501325	-0.176064	0	0	2024.000000	0.000000	0.000000
671	671	0	0	0	4	0	-0.083556	-0.101461	0	0	2002.000000	0.000000	0.000000
672	672	0	0	0	4	0	-0.065652	-0.167112	0	0	2010.000000	0.000000	0.000000
673	673	0	0	0	4	0	-0.047746	-0.164128	0	0	2010.000000	0.000000	0.000000
674	674	0	0	0	4	0	-0.035810	-0.128318	0	0	2027.000000	0.000000	0.000000
675	675	0	0	0	4	0	-0.065652	0.008952	0	0	2053.000000	0.000000	0.000000
676	676	0	0	0	4	0	-0.080573	0.119366	0	0	2058.000000	0.000000	0.000000
677	677	0	0	0	4	0	-0.104445	0.041778	0	0	2027.000000	0.000000	0.000000
678	678	0	0	0	4	0	-0.053714	-0.002984	0	0	1980.000000	0.000000	0.000000
679	679	0	0	0	4	0	-0.020889	-0.041778	0	0	1930.000000	0.000000	0.000000
680	680	0	0	0	4	0	-0.017904	-0.065652	0	0	1879.000000	0.000000	0.000000
681	681	0	0	0	4	0	-0.002983	-0.038794	0	0	1841.000000	0.000000	0.000000
682	682	0	0	0	4	0	-0.008952	0.014921	0	0	1812.000000	0.000000	0.000000
683	683	0	0	0	4	0	-0.062667	-0.059683	0	0	1804.000000	0.000000	0.000000
684	684	0	0	0	4	0	-0.098477	-0.062667	0	0	1789.000000	0.000000	0.000000
685	685	0	0	0	4	0	0.017905	0.020889	0	0	1766.000000	0.000000	0.000000
686	686	0	0	0	4	0	-0.014921	-0.062667	0	0	1759.000000	0.000000	0.000000
687	687	0	0	0	4	0	-0.053714	-0.089525	0	0	1755.000000	0.000000	0.000000
688	688	0	0	0	4	0	-0.068635	-0.029842	0	0	1755.000000	0.000000	0.000000
689	689	0	0	0	4	0	-0.095493	-0.119366	0	0	1757.000000	0.000000	0.000000
690	690	0	0	0	4	0	-0.080573	-0.071620	0	0	1751.000000	0.000000	0.000000
691	691	0	0	0	4	0	-0.143239	-0.092509	0	0	1766.000000	0.000000	0.000000
692	692	0	0	0	4	0	-0.125335	-0.101461	0	0	1759.000000	0.000000	0.000000
693	693	0	0	0	4	0	-0.101462	-0.095493	0	0	1740.000000	0.000000	0.000000
694	694	0	0	0	4	0	-0.098477	-0.077588	0	0	1729.000000	0.000000	0.000000
695	695	0	0	0	4	0	-0.044762	-0.089525	0	0	1717.000000	0.000000	0.000000
696	696	0	0	0	4	0	-0.140255	-0.179049	0	0	1735.000000	0.000000	0.000000
697	697	0	0	0	4	0	-0.086541	-0.125335	0	0	1741.000000	0.000000	0.000000
698	698	0	0	0	4	0	-0.110414	-0.140255	0	0	1770.000000	0.000000	0.000000
699	699	0	0	0	4	0	-0.134287	-0.122350	0	0	1799.000000	0.000000	0.000000
700	700	0	0	0	4	0	-0.146224	-0.119366	0	0	1825.000000	0.000000	0.000000
701	701	0	0	0	4	0	-0.131303	-0.149207	0	0	1818.000000	0.000000	0.000000
702	702	0	0	0	4	0	-0.113397	-0.146223	0	0	1799.000000	0.000000	0.000000
703	703	0	0	0	4	0	-0.149207	-0.158159	0	0	1782.000000	0.000000	0.000000
704	704	0	0	0	4	0	-0.128318	-0.116382	0	0	1763.000000	0.000000	0.000000
