RowNumber	TimeStamp	X_Position_Degree_Right_Eye	Y_Position_Degree_Right_Eye	Distance_From_RightEye	Validity_Right_Eye	Pupil_Diameter_RightEye	X_Position_Degree_Left_Eye	Y_Position_Degree_Left_Eye	Distance_From_LeftEye	Validity_Left_Eye	Pupil_Diameter_LeftEye	Target X	Target Y
0	0	0	0	0	4	0	0.032826	-0.125335	0	0	802.000000	0.000000	0.000000
1	1	0	0	0	4	0	0.068635	0.316317	0	0	791.000000	0.000000	0.000000
2	2	0	0	0	4	0	-0.050731	1.017490	0	0	734.000000	0.000000	0.000000
3	3	0	0	0	4	0	-0.086541	0.441646	0	0	740.000000	0.000000	0.000000
4	4	0	0	0	4	0	-0.074604	0.047747	0	0	751.000000	0.000000	0.000000
5	5	0	0	0	4	0	-0.005969	-0.086540	0	0	775.000000	0.000000	0.000000
6	6	0	0	0	4	0	0.059683	0.155176	0	0	786.000000	0.000000	0.000000
7	7	0	0	0	4	0	-0.068635	0.763899	0	0	745.000000	0.000000	0.000000
8	8	0	0	0	4	0	-0.119366	0.435678	0	0	734.000000	0.000000	0.000000
9	9	0	0	0	4	0	-0.137270	0.014921	0	0	751.000000	0.000000	0.000000
10	10	0	0	0	4	0	-0.059683	-0.065652	0	0	786.000000	0.000000	0.000000
11	11	0	0	0	4	0	0.029842	0.179049	0	0	783.000000	0.000000	0.000000
12	12	0	0	0	4	0	-0.017904	0.763899	0	0	742.000000	0.000000	0.000000
13	13	0	0	0	4	0	-0.074604	0.525197	0	0	752.000000	0.000000	0.000000
14	14	0	0	0	4	0	-0.053714	0.104445	0	0	766.000000	0.000000	0.000000
15	15	0	0	0	4	0	-0.014921	0.017905	0	0	788.000000	0.000000	0.000000
16	16	0	0	0	4	0	0.089525	0.211874	0	0	796.000000	0.000000	0.000000
17	17	0	0	0	4	0	0.005969	0.880257	0	0	748.000000	0.000000	0.000000
18	18	0	0	0	4	0	-0.074604	0.405838	0	0	741.000000	0.000000	0.000000
19	19	0	0	0	4	0	-0.140255	-0.077588	0	0	758.000000	0.000000	0.000000
20	20	0	0	0	4	0	-0.089525	-0.277524	0	0	776.000000	0.000000	0.000000
21	21	0	0	0	4	0	0.014921	-0.092509	0	0	790.000000	0.000000	0.000000
22	22	0	0	0	4	0	-0.071620	0.531164	0	0	746.000000	0.000000	0.000000
23	23	0	0	0	4	0	-0.161145	0.498342	0	0	716.000000	0.000000	0.000000
24	24	0	0	0	4	0	-0.161145	-0.020889	0	0	746.000000	0.000000	0.000000
25	25	0	0	0	4	0	-0.155176	-0.158159	0	0	749.000000	0.000000	0.000000
26	26	0	0	0	4	0	0.002984	-0.185017	0	0	768.000000	0.000000	0.000000
27	27	0	0	0	4	0	-0.011937	0.411806	0	0	742.000000	0.000000	0.000000
28	28	0	0	0	4	0	-0.116383	0.507293	0	0	727.000000	0.000000	0.000000
29	29	0	0	0	4	0	-0.143239	-0.071620	0	0	749.000000	0.000000	0.000000
30	30	0	0	0	4	0	-0.119366	-0.223811	0	0	768.000000	0.000000	0.000000
31	31	0	0	0	4	0	-0.014921	-0.196954	0	0	789.000000	-0.310681	0.316082
32	32	0	0	0	4	0	0.014921	0.352126	0	0	772.000000	-0.776702	0.790204
33	33	0	0	0	4	0	-0.101462	0.566971	0	0	760.000000	-1.242723	1.264327
34	34	0	0	0	4	0	-0.110414	-0.047747	0	0	769.000000	-1.708743	1.738450
35	35	0	0	0	4	0	-0.098477	-0.149207	0	0	771.000000	-2.174764	2.212572
36	36	0	0	0	4	0	-0.023873	-0.208890	0	0	803.000000	-2.640785	2.686695
37	37	0	0	0	4	0	-0.053714	0.274541	0	0	784.000000	-3.106806	3.160818
38	38	0	0	0	4	0	-2.731414	3.585252	0	0	734.000000	-3.572827	3.634940
39	39	0	0	0	4	0	-3.082639	3.701164	0	0	736.000000	-4.038848	4.109063
40	40	0	0	0	4	0	-3.380106	3.864578	0	0	750.000000	-4.504869	4.583186
41	41	0	0	0	4	0	-3.528772	3.935867	0	0	763.000000	-4.970890	5.057308
42	42	0	0	0	4	0	-3.704135	4.283218	0	0	771.000000	-5.436911	5.531431
43	43	0	0	0	4	0	-4.191215	4.686580	0	0	755.000000	-5.902932	6.005554
44	44	0	0	0	4	0	-6.945714	7.632757	0	0	739.000000	-6.368953	6.479676
45	45	0	0	0	4	0	-7.535995	8.054469	0	0	724.000000	-6.834973	6.953799
46	46	0	0	0	4	0	-7.925704	8.308832	0	0	734.000000	-7.300994	7.427922
47	47	0	0	0	4	0	-8.159762	8.396468	0	0	742.000000	-7.767015	7.902044
48	48	0	0	0	4	0	-8.559948	8.790333	0	0	731.000000	-8.233036	8.376167
49	49	0	0	0	4	0	-9.037897	9.128098	0	0	714.000000	-8.699058	8.850289
50	50	0	0	0	4	0	-9.569718	9.468128	0	0	693.000000	-9.165078	9.324412
51	51	0	0	0	4	0	-9.955198	9.697344	0	0	689.000000	-9.631099	9.798534
52	52	0	0	0	4	0	-10.137478	9.694445	0	0	702.000000	-9.984145	10.157719
53	53	0	0	0	4	0	-10.365760	9.894392	0	0	694.000000	-9.984145	10.157719
54	54	0	0	0	4	0	-10.622538	10.053596	0	0	688.000000	-9.984145	10.157719
55	55	0	0	0	4	0	-11.375913	11.404591	0	0	677.000000	-9.984145	10.157719
56	56	0	0	0	4	0	-11.665290	11.539298	0	0	673.000000	-9.984145	10.157719
57	57	0	0	0	4	0	-11.530704	11.390252	0	0	689.000000	-9.984145	10.157719
58	58	0	0	0	4	0	-11.444730	11.350098	0	0	689.000000	-9.984145	10.157719
59	59	0	0	0	4	0	-11.421796	11.355835	0	0	685.000000	-9.984145	10.157719
60	60	0	0	0	4	0	-10.732044	10.798284	0	0	686.000000	-9.984145	10.157719
61	61	0	0	0	4	0	-10.795404	10.766607	0	0	677.000000	-9.984145	10.157719
62	62	0	0	0	4	0	-10.677300	10.634068	0	0	688.000000	-9.984145	10.157719
63	63	0	0	0	4	0	-10.544684	10.541800	0	0	691.000000	-9.984145	10.157719
64	64	0	0	0	4	0	-10.515841	10.550452	0	0	694.000000	-9.984145	10.157719
65	65	0	0	0	4	0	-10.559105	10.590824	0	0	698.000000	-9.984145	10.157719
66	66	0	0	0	4	0	-10.628303	10.611006	0	0	695.000000	-9.984145	10.157719
67	67	0	0	0	4	0	-10.547568	10.472562	0	0	718.000000	-9.984145	10.157719
68	68	0	0	0	4	0	-10.475447	10.371533	0	0	733.000000	-9.984145	10.157719
69	69	0	0	0	4	0	-10.478333	10.383083	0	0	735.000000	-9.984145	10.157719
70	70	0	0	0	4	0	-10.527376	10.397518	0	0	727.000000	-9.984145	10.157719
71	71	0	0	0	4	0	-10.619655	10.391746	0	0	723.000000	-9.984145	10.157719
72	72	0	0	0	4	0	-10.533146	10.253105	0	0	740.000000	-9.984145	10.157719
73	73	0	0	0	4	0	-10.426385	10.160611	0	0	752.000000	-9.984145	10.157719
74	74	0	0	0	4	0	-10.455247	10.192412	0	0	751.000000	-9.984145	10.157719
75	75	0	0	0	4	0	-10.458134	10.267551	0	0	741.000000	-9.984145	10.157719
76	76	0	0	0	4	0	-10.585057	10.232876	0	0	730.000000	-9.984145	10.157719
77	77	0	0	0	4	0	-10.521608	10.169284	0	0	743.000000	-9.984145	10.157719
78	78	0	0	0	4	0	-10.383083	10.053596	0	0	742.000000	-9.984145	10.157719
79	79	0	0	0	4	0	-10.423500	10.079634	0	0	742.000000	-9.984145	10.157719
80	80	0	0	0	4	0	-10.492759	10.108559	0	0	738.000000	-9.984145	10.157719
81	81	0	0	0	4	0	-10.596591	10.117235	0	0	727.000000	-9.984145	10.157719
82	82	0	0	0	4	0	-10.556220	10.053596	0	0	738.000000	-9.984145	10.157719
83	83	0	0	0	4	0	-10.394632	9.940722	0	0	749.000000	-9.473405	9.638100
84	84	0	0	0	4	0	-10.417727	9.972567	0	0	746.000000	-8.929714	9.084956
85	85	0	0	0	4	0	-10.481218	9.989934	0	0	743.000000	-8.386023	8.531814
86	86	0	0	0	4	0	-10.547568	10.082526	0	0	732.000000	-7.842332	7.978670
87	87	0	0	0	4	0	-10.492759	9.932036	0	0	731.000000	-7.298641	7.425527
88	88	0	0	0	4	0	-10.299333	9.726336	0	0	751.000000	-6.754950	6.872384
89	89	0	0	0	4	0	-7.949121	8.979676	0	0	761.000000	-6.211258	6.319241
90	90	0	0	0	4	0	-7.597575	8.203618	0	0	749.000000	-5.667568	5.766098
91	91	0	0	0	4	0	-7.233706	7.937413	0	0	734.000000	-5.123877	5.212955
92	92	0	0	0	4	0	-6.624982	7.010396	0	0	752.000000	-4.580185	4.659811
93	93	0	0	0	4	0	-4.597643	4.929562	0	0	787.000000	-4.036494	4.106668
94	94	0	0	0	4	0	-4.078407	4.799203	0	0	770.000000	-3.492803	3.553525
95	95	0	0	0	4	0	-3.647671	4.390033	0	0	754.000000	-2.949112	3.000382
96	96	0	0	0	4	0	-3.130245	3.781393	0	0	756.000000	-2.405421	2.447239
97	97	0	0	0	4	0	-2.505093	3.040980	0	0	790.000000	-1.861730	1.894096
98	98	0	0	0	4	0	-1.891268	2.713551	0	0	809.000000	-1.318039	1.340953
99	99	0	0	0	4	0	-1.563310	2.927890	0	0	771.000000	-0.774348	0.787810
100	100	0	0	0	4	0	-1.208404	2.746302	0	0	745.000000	-0.230657	0.234667
101	101	0	0	0	4	0	-0.760915	1.751154	0	0	753.000000	0.000000	0.000000
102	102	0	0	0	4	0	-0.283492	1.345607	0	0	769.000000	0.000000	0.000000
103	103	0	0	0	4	0	0.402854	-0.179049	0	0	809.000000	0.000000	0.000000
104	104	0	0	0	4	0	0.441646	-0.044762	0	0	751.000000	0.000000	0.000000
105	105	0	0	0	4	0	0.575922	-0.095493	0	0	731.000000	0.000000	0.000000
106	106	0	0	0	4	0	0.578906	-0.725111	0	0	734.000000	0.000000	0.000000
107	107	0	0	0	4	0	0.638583	-0.933958	0	0	756.000000	0.000000	0.000000
108	108	0	0	0	4	0	0.337205	-0.396886	0	0	773.000000	0.000000	0.000000
109	109	0	0	0	4	0	0.179049	0.295429	0	0	733.000000	0.000000	0.000000
110	110	0	0	0	4	0	0.086540	0.710192	0	0	683.000000	0.000000	0.000000
111	111	0	0	0	4	0	0.071620	-0.137271	0	0	720.000000	0.000000	0.000000
112	112	0	0	0	4	0	0.164128	-0.358094	0	0	736.000000	0.000000	0.000000
113	113	0	0	0	4	0	0.262603	-0.322285	0	0	750.000000	0.000000	0.000000
114	114	0	0	0	4	0	0.253652	0.202921	0	0	725.000000	0.000000	0.000000
115	115	0	0	0	4	0	0.152192	0.617697	0	0	677.000000	0.000000	0.000000
116	116	0	0	0	4	0	-0.193969	-0.053714	0	0	691.000000	0.000000	0.000000
117	117	0	0	0	4	0	-0.193969	-0.307365	0	0	700.000000	0.000000	0.000000
118	118	0	0	0	4	0	-0.083556	-0.349142	0	0	735.000000	0.000000	0.000000
119	119	0	0	0	4	0	-0.032825	0.071620	0	0	722.000000	0.000000	0.000000
120	120	0	0	0	4	0	-0.143239	0.587858	0	0	676.000000	0.000000	0.000000
121	121	0	0	0	4	0	-0.220827	0.134287	0	0	681.000000	0.000000	0.000000
122	122	0	0	0	4	0	-0.134287	-0.244700	0	0	698.000000	0.000000	0.000000
123	123	0	0	0	4	0	-0.107429	-0.367046	0	0	728.000000	0.000000	0.000000
124	124	0	0	0	4	0	-0.002983	-0.017905	0	0	731.000000	0.000000	0.000000
125	125	0	0	0	4	0	-0.113397	0.647534	0	0	686.000000	0.000000	0.000000
126	126	0	0	0	4	0	-0.208890	0.080573	0	0	688.000000	0.000000	0.000000
127	127	0	0	0	4	0	-0.146224	-0.170097	0	0	706.000000	0.000000	0.000000
128	128	0	0	0	4	0	-0.056700	-0.378983	0	0	722.000000	0.000000	0.000000
129	129	0	0	0	4	0	0.056699	0.017905	0	0	721.000000	0.000000	0.000000
130	130	0	0	0	4	0	-0.101462	0.692291	0	0	676.000000	0.000000	0.000000
131	131	0	0	0	4	0	-0.179049	0.468502	0	0	665.000000	-9.984145	10.157719
132	132	0	0	0	4	0	-0.196953	0.056699	0	0	668.000000	-9.984145	10.157719
133	133	0	0	0	4	0	-0.065652	-0.170097	0	0	704.000000	-9.984145	10.157719
134	134	0	0	0	4	0	0.068635	0.164128	0	0	709.000000	-9.984145	10.157719
135	135	0	0	0	4	0	0.023873	0.832520	0	0	677.000000	-9.984145	10.157719
136	136	0	0	0	4	0	-0.086541	0.629632	0	0	680.000000	-9.984145	10.157719
137	137	0	0	0	4	0	-5.648540	7.271881	0	0	659.000000	-9.984145	10.157719
138	138	0	0	0	4	0	-9.194994	9.662546	0	0	659.000000	-9.984145	10.157719
139	139	0	0	0	4	0	-9.011699	9.430381	0	0	684.000000	-9.984145	10.157719
140	140	0	0	0	4	0	-8.944736	9.410051	0	0	680.000000	-9.984145	10.157719
141	141	0	0	0	4	0	-8.918525	9.418764	0	0	678.000000	-9.984145	10.157719
142	142	0	0	0	4	0	-9.946512	10.221315	0	0	667.000000	-9.984145	10.157719
143	143	0	0	0	4	0	-10.806922	10.809801	0	0	652.000000	-9.984145	10.157719
144	144	0	0	0	4	0	-10.729161	10.708997	0	0	662.000000	-9.984145	10.157719
145	145	0	0	0	4	0	-10.680182	10.720520	0	0	664.000000	-9.984145	10.157719
146	146	0	0	0	4	0	-10.737804	10.743566	0	0	662.000000	-9.984145	10.157719
147	147	0	0	0	4	0	-10.769488	10.801164	0	0	664.000000	-9.984145	10.157719
148	148	0	0	0	4	0	-10.809800	10.850104	0	0	655.000000	-9.984145	10.157719
149	149	0	0	0	4	0	-10.726282	10.740685	0	0	665.000000	-9.984145	10.157719
150	150	0	0	0	4	0	-10.634068	10.732043	0	0	671.000000	-9.984145	10.157719
151	151	0	0	0	4	0	-10.631186	10.789645	0	0	671.000000	-9.984145	10.157719
152	152	0	0	0	4	0	-10.694589	10.890397	0	0	662.000000	-9.984145	10.157719
153	153	0	0	0	4	0	-10.772367	10.953691	0	0	653.000000	-9.984145	10.157719
154	154	0	0	0	4	0	-10.746447	10.890397	0	0	659.000000	-9.984145	10.157719
155	155	0	0	0	4	0	-10.665772	10.818439	0	0	667.000000	-9.984145	10.157719
156	156	0	0	0	4	0	-10.657127	10.870252	0	0	668.000000	-9.984145	10.157719
157	157	0	0	0	4	0	-10.654244	10.916293	0	0	667.000000	-9.984145	10.157719
158	158	0	0	0	4	0	-10.766606	10.936432	0	0	656.000000	-9.984145	10.157719
159	159	0	0	0	4	0	-10.694589	10.890397	0	0	663.000000	-9.984145	10.157719
160	160	0	0	0	4	0	-10.547568	10.757967	0	0	668.000000	-9.984145	10.157719
161	161	0	0	0	4	0	-10.567757	10.804043	0	0	668.000000	-9.984145	10.157719
162	162	0	0	0	4	0	-10.596591	10.858740	0	0	671.000000	0.000000	0.000000
163	163	0	0	0	4	0	-10.665772	10.855862	0	0	661.000000	0.000000	0.000000
164	164	0	0	0	4	0	-10.608123	10.818439	0	0	661.000000	0.000000	0.000000
165	165	0	0	0	4	0	-10.495646	10.665773	0	0	677.000000	0.000000	0.000000
166	166	0	0	0	4	0	-10.463903	10.683064	0	0	680.000000	0.000000	0.000000
167	167	0	0	0	4	0	-10.478333	10.691709	0	0	685.000000	0.000000	0.000000
168	168	0	0	0	4	0	-4.808093	4.968067	0	0	726.000000	0.000000	0.000000
169	169	0	0	0	4	0	-0.199938	-1.244197	0	0	784.000000	0.000000	0.000000
170	170	0	0	0	4	0	-0.229779	-0.757931	0	0	776.000000	0.000000	0.000000
171	171	0	0	0	4	0	-0.393903	-0.185017	0	0	736.000000	0.000000	0.000000
172	172	0	0	0	4	0	-0.387934	-0.504309	0	0	739.000000	0.000000	0.000000
173	173	0	0	0	4	0	-0.029842	-0.158159	0	0	755.000000	0.000000	0.000000
174	174	0	0	0	4	0	0.077588	-0.235747	0	0	780.000000	0.000000	0.000000
175	175	0	0	0	4	0	0.137271	0.011936	0	0	790.000000	0.000000	0.000000
176	176	0	0	0	4	0	0.002984	0.572939	0	0	753.000000	0.000000	0.000000
177	177	0	0	0	4	0	-0.023873	0.328253	0	0	735.000000	0.000000	0.000000
178	178	0	0	0	4	0	-0.059683	-0.101461	0	0	739.000000	0.000000	0.000000
179	179	0	0	0	4	0	-0.008952	-0.080573	0	0	748.000000	0.000000	0.000000
180	180	0	0	0	4	0	0.029842	0.092509	0	0	749.000000	0.000000	0.000000
181	181	0	0	0	4	0	-0.005969	0.707209	0	0	696.000000	0.000000	0.000000
182	182	0	0	0	4	0	0.005969	0.513261	0	0	683.000000	0.000000	0.000000
183	183	0	0	0	4	0	0.000000	0.119366	0	0	686.000000	0.000000	0.000000
184	184	0	0	0	4	0	0.095493	-0.029842	0	0	707.000000	0.000000	0.000000
185	185	0	0	0	4	0	0.188001	0.092509	0	0	725.000000	0.000000	0.000000
186	186	0	0	0	4	0	0.149207	0.748980	0	0	686.000000	0.000000	0.000000
187	187	0	0	0	4	0	0.062667	0.898157	0	0	647.000000	0.000000	0.000000
188	188	0	0	0	4	0	0.047747	0.226795	0	0	681.000000	0.000000	0.000000
189	189	0	0	0	4	0	0.119366	-0.008952	0	0	707.000000	0.000000	0.000000
190	190	0	0	0	4	0	0.247683	-0.026857	0	0	728.000000	0.000000	0.000000
191	191	0	0	0	4	0	0.262603	0.561003	0	0	704.000000	0.000000	0.000000
192	192	0	0	0	4	0	0.167112	0.829537	0	0	683.000000	-0.413656	-0.420847
193	193	0	0	0	4	0	0.161144	0.185017	0	0	698.000000	-1.034139	-1.052118
194	194	0	0	0	4	0	0.217842	-0.065652	0	0	718.000000	-1.654623	-1.683388
195	195	0	0	0	4	0	0.331238	-0.068635	0	0	744.000000	-2.275106	-2.314659
196	196	0	0	0	4	0	0.283492	0.423743	0	0	726.000000	-2.895590	-2.945930
197	197	0	0	0	4	0	0.193969	0.778817	0	0	677.000000	-3.516074	-3.577200
198	198	0	0	0	4	0	0.110414	0.125335	0	0	699.000000	-4.136557	-4.208471
199	199	0	0	0	4	0	-1.291920	-1.998573	0	0	748.000000	-4.757041	-4.839742
200	200	0	0	0	4	0	-4.057623	-4.419700	0	0	780.000000	-5.377524	-5.471012
201	201	0	0	0	4	0	-5.355825	-5.252272	0	0	757.000000	-5.998008	-6.102283
202	202	0	0	0	4	0	-6.023607	-5.822845	0	0	733.000000	-6.618492	-6.733553
203	203	0	0	0	4	0	-6.256659	-6.657368	0	0	735.000000	-7.238976	-7.364824
204	204	0	0	0	4	0	-6.689752	-7.236642	0	0	765.000000	-7.859459	-7.996095
205	205	0	0	0	4	0	-7.098570	-7.477330	0	0	774.000000	-8.479942	-8.627365
206	206	0	0	0	4	0	-8.554111	-7.665000	0	0	771.000000	-9.100426	-9.258636
207	207	0	0	0	4	0	-9.034985	-7.946195	0	0	753.000000	-9.720910	-9.889907
208	208	0	0	0	4	0	-9.372291	-8.402308	0	0	757.000000	-9.984145	-10.157719
209	209	0	0	0	4	0	-9.662547	-8.740781	0	0	762.000000	-9.984145	-10.157719
210	210	0	0	0	4	0	-10.867373	-9.955198	0	0	771.000000	-9.984145	-10.157719
211	211	0	0	0	4	0	-11.175008	-10.209755	0	0	773.000000	-9.984145	-10.157719
212	212	0	0	0	4	0	-11.602308	-10.264663	0	0	747.000000	-9.984145	-10.157719
213	213	0	0	0	4	0	-11.533567	-10.391745	0	0	743.000000	-9.984145	-10.157719
214	214	0	0	0	4	0	-11.516377	-10.397518	0	0	745.000000	-9.984145	-10.157719
215	215	0	0	0	4	0	-10.359984	-10.065169	0	0	754.000000	-9.984145	-10.157719
216	216	0	0	0	4	0	-10.073847	-9.972566	0	0	753.000000	-9.984145	-10.157719
217	217	0	0	0	4	0	-10.342658	-9.865431	0	0	735.000000	-9.984145	-10.157719
218	218	0	0	0	4	0	-10.357098	-9.966779	0	0	733.000000	-9.984145	-10.157719
219	219	0	0	0	4	0	-10.270442	-10.143261	0	0	742.000000	-9.984145	-10.157719
220	220	0	0	0	4	0	-10.160610	-10.180848	0	0	752.000000	-9.984145	-10.157719
221	221	0	0	0	4	0	-10.073847	-10.021769	0	0	758.000000	-9.984145	-10.157719
222	222	0	0	0	4	0	-10.351321	-9.920454	0	0	738.000000	-9.984145	-10.157719
223	223	0	0	0	4	0	-10.371534	-10.007298	0	0	738.000000	-9.984145	-10.157719
224	224	0	0	0	4	0	-10.125913	-10.177958	0	0	748.000000	-9.984145	-10.157719
225	225	0	0	0	4	0	-10.050704	-10.215536	0	0	757.000000	-9.984145	-10.157719
226	226	0	0	0	4	0	-9.940722	-10.062278	0	0	767.000000	-9.984145	-10.157719
227	227	0	0	0	4	0	-10.201083	-9.934932	0	0	738.000000	-9.984145	-10.157719
228	228	0	0	0	4	0	-10.359984	-9.905975	0	0	732.000000	-9.984145	-10.157719
229	229	0	0	0	4	0	-10.088311	-10.111451	0	0	754.000000	-9.984145	-10.157719
230	230	0	0	0	4	0	-9.934932	-10.198193	0	0	761.000000	-9.984145	-10.157719
231	231	0	0	0	4	0	-9.839358	-9.911767	0	0	763.000000	-9.984145	-10.157719
232	232	0	0	0	4	0	-9.908873	-9.685746	0	0	753.000000	-9.984145	-10.157719
233	233	0	0	0	4	0	-9.998616	-9.540699	0	0	736.000000	-9.984145	-10.157719
234	234	0	0	0	4	0	-9.853842	-9.688644	0	0	746.000000	-9.984145	-10.157719
235	235	0	0	0	4	0	-9.711840	-9.679947	0	0	759.000000	-9.984145	-10.157719
236	236	0	0	0	4	0	-9.468129	-9.508772	0	0	766.000000	-9.984145	-10.157719
237	237	0	0	0	4	0	-9.497161	-9.322898	0	0	757.000000	-9.984145	-10.157719
238	238	0	0	0	4	0	-9.505869	-9.224071	0	0	751.000000	-9.793365	-9.963622
239	239	0	0	0	4	0	-9.439093	-9.340332	0	0	750.000000	-9.093840	-9.251935
240	240	0	0	0	4	0	-9.261864	-9.462322	0	0	763.000000	-8.394313	-8.540248
241	241	0	0	0	4	0	-9.160094	-9.343238	0	0	771.000000	-7.694787	-7.828560
242	242	0	0	0	4	0	-9.293837	-9.072818	0	0	762.000000	-6.995261	-7.116873
243	243	0	0	0	4	0	-9.424573	-8.976764	0	0	740.000000	-6.295735	-6.405186
244	244	0	0	0	4	0	-9.253143	-9.107734	0	0	753.000000	-5.596209	-5.693498
245	245	0	0	0	4	0	-8.965118	-9.113552	0	0	763.000000	-4.896683	-4.981811
246	246	0	0	0	4	0	-7.351149	-7.277754	0	0	780.000000	-4.197156	-4.270124
247	247	0	0	0	4	0	-4.235735	-4.597643	0	0	772.000000	-3.497630	-3.558436
248	248	0	0	0	4	0	-4.039806	-3.647670	0	0	729.000000	-2.798104	-2.846749
249	249	0	0	0	4	0	-3.481203	-3.567417	0	0	736.000000	-2.098578	-2.135062
250	250	0	0	0	4	0	-2.847522	-3.341445	0	0	744.000000	-1.399052	-1.423375
251	251	0	0	0	4	0	-2.117785	-2.945747	0	0	776.000000	-0.699526	-0.711687
252	252	0	0	0	4	0	-1.536471	-2.049241	0	0	774.000000	0.000000	0.000000
253	253	0	0	0	4	0	-0.468502	0.549068	0	0	709.000000	0.000000	0.000000
254	254	0	0	0	4	0	0.101461	0.945892	0	0	707.000000	0.000000	0.000000
255	255	0	0	0	4	0	0.635599	0.960808	0	0	714.000000	0.000000	0.000000
256	256	0	0	0	4	0	1.092069	1.324729	0	0	714.000000	0.000000	0.000000
257	257	0	0	0	4	0	1.426131	1.763079	0	0	717.000000	0.000000	0.000000
258	258	0	0	0	4	0	1.429114	2.549768	0	0	658.000000	0.000000	0.000000
259	259	0	0	0	4	0	1.279989	2.603374	0	0	625.000000	0.000000	0.000000
260	260	0	0	0	4	0	0.525197	0.936941	0	0	660.000000	0.000000	0.000000
261	261	0	0	0	4	0	-0.059683	0.092509	0	0	689.000000	0.000000	0.000000
262	262	0	0	0	4	0	0.083556	0.193969	0	0	703.000000	0.000000	0.000000
263	263	0	0	0	4	0	0.038794	0.930975	0	0	656.000000	0.000000	0.000000
264	264	0	0	0	4	0	-0.068635	0.904124	0	0	631.000000	0.000000	0.000000
265	265	0	0	0	4	0	-0.104445	0.375998	0	0	654.000000	0.000000	0.000000
266	266	0	0	0	4	0	-0.077587	0.029842	0	0	679.000000	0.000000	0.000000
267	267	0	0	0	4	0	0.083556	0.116382	0	0	715.000000	0.000000	0.000000
268	268	0	0	0	4	0	0.014921	0.772849	0	0	669.000000	0.000000	0.000000
269	269	0	0	0	4	0	-0.065652	0.993624	0	0	649.000000	0.000000	0.000000
270	270	0	0	0	4	0	-0.086541	0.301397	0	0	668.000000	0.000000	0.000000
271	271	0	0	0	4	0	-0.050731	-0.011936	0	0	695.000000	0.000000	0.000000
272	272	0	0	0	4	0	0.125335	-0.014921	0	0	732.000000	0.000000	0.000000
273	273	0	0	0	4	0	0.089525	0.632616	0	0	701.000000	0.000000	0.000000
274	274	0	0	0	4	0	-0.053714	1.020474	0	0	660.000000	0.000000	0.000000
275	275	0	0	0	4	0	-0.047746	0.292444	0	0	691.000000	0.000000	0.000000
276	276	0	0	0	4	0	0.011936	0.023873	0	0	706.000000	0.000000	0.000000
277	277	0	0	0	4	0	0.173080	-0.038794	0	0	748.000000	0.000000	0.000000
278	278	0	0	0	4	0	0.089525	0.435678	0	0	724.000000	0.000000	0.000000
279	279	0	0	0	4	0	0.050731	0.757931	0	0	686.000000	0.000000	0.000000
280	280	0	0	0	4	0	-0.017904	0.158159	0	0	710.000000	0.000000	0.000000
281	281	0	0	0	4	0	0.000000	-0.116382	0	0	731.000000	0.000000	0.000000
282	282	0	0	0	4	0	0.062667	-0.095493	0	0	758.000000	0.000000	0.000000
283	283	0	0	0	4	0	0.098477	0.316317	0	0	747.000000	-9.984145	-10.157719
284	284	0	0	0	4	0	0.011936	0.832520	0	0	697.000000	-9.984145	-10.157719
285	285	0	0	0	4	0	-0.041779	0.340189	0	0	711.000000	-9.984145	-10.157719
286	286	0	0	0	4	0	0.014921	-0.110414	0	0	738.000000	-9.984145	-10.157719
287	287	0	0	0	4	0	0.137271	-0.199938	0	0	768.000000	-9.984145	-10.157719
288	288	0	0	0	4	0	-0.378983	-0.217842	0	0	776.000000	-9.984145	-10.157719
289	289	0	0	0	4	0	-8.743695	-6.798643	0	0	777.000000	-9.984145	-10.157719
290	290	0	0	0	4	0	-10.636950	-10.010193	0	0	773.000000	-9.984145	-10.157719
291	291	0	0	0	4	0	-10.423500	-10.215536	0	0	782.000000	-9.984145	-10.157719
292	292	0	0	0	4	0	-10.255995	-10.157718	0	0	794.000000	-9.984145	-10.157719
293	293	0	0	0	4	0	-10.305108	-9.975461	0	0	784.000000	-9.984145	-10.157719
294	294	0	0	0	4	0	-10.518723	-9.868325	0	0	773.000000	-9.984145	-10.157719
295	295	0	0	0	4	0	-10.533146	-9.903081	0	0	773.000000	-9.984145	-10.157719
296	296	0	0	0	4	0	-10.455247	-10.111451	0	0	782.000000	-9.984145	-10.157719
297	297	0	0	0	4	0	-10.235766	-10.091205	0	0	793.000000	-9.984145	-10.157719
298	298	0	0	0	4	0	-10.255995	-9.989934	0	0	795.000000	-9.984145	-10.157719
299	299	0	0	0	4	0	-10.443705	-9.871222	0	0	772.000000	-9.984145	-10.157719
300	300	0	0	0	4	0	-10.417727	-9.934932	0	0	765.000000	-9.984145	-10.157719
301	301	0	0	0	4	0	-10.414841	-10.137478	0	0	769.000000	-9.984145	-10.157719
302	302	0	0	0	4	0	-10.215536	-10.169284	0	0	780.000000	-9.984145	-10.157719
303	303	0	0	0	4	0	-10.163502	-10.021769	0	0	781.000000	-9.984145	-10.157719
304	304	0	0	0	4	0	-10.417727	-9.900184	0	0	753.000000	-9.984145	-10.157719
305	305	0	0	0	4	0	-10.354208	-10.036237	0	0	756.000000	-9.984145	-10.157719
306	306	0	0	0	4	0	-10.328217	-10.149045	0	0	757.000000	-9.984145	-10.157719
307	307	0	0	0	4	0	-10.151937	-10.212646	0	0	770.000000	-9.984145	-10.157719
308	308	0	0	0	4	0	-10.056491	-10.085419	0	0	787.000000	-9.984145	-10.157719
309	309	0	0	0	4	0	-10.299333	-9.908873	0	0	760.000000	-9.984145	-10.157719
310	310	0	0	0	4	0	-10.458134	-9.845153	0	0	747.000000	-9.984145	-10.157719
311	311	0	0	0	4	0	-10.253104	-10.059382	0	0	765.000000	-9.984145	-10.157719
312	312	0	0	0	4	0	-10.105666	-10.160610	0	0	779.000000	-9.984145	-10.157719
313	313	0	0	0	4	0	-9.987039	-10.024664	0	0	796.000000	0.000000	0.000000
314	314	0	0	0	4	0	-10.157718	-9.804589	0	0	775.000000	0.000000	0.000000
315	315	0	0	0	4	0	-10.218425	-9.769814	0	0	765.000000	0.000000	0.000000
316	316	0	0	0	4	0	-10.030449	-9.905975	0	0	782.000000	0.000000	0.000000
317	317	0	0	0	4	0	-9.856738	-9.848048	0	0	796.000000	0.000000	0.000000
318	318	0	0	0	4	0	-9.708941	-9.514577	0	0	795.000000	0.000000	0.000000
319	319	0	0	0	4	0	-7.133831	-4.896976	0	0	825.000000	0.000000	0.000000
320	320	0	0	0	4	0	0.116382	1.560327	0	0	736.000000	0.000000	0.000000
321	321	0	0	0	4	0	0.546084	1.187523	0	0	758.000000	0.000000	0.000000
322	322	0	0	0	4	0	0.563987	0.951858	0	0	768.000000	0.000000	0.000000
323	323	0	0	0	4	0	0.620680	0.826554	0	0	805.000000	0.000000	0.000000
324	324	0	0	0	4	0	-0.131303	0.680355	0	0	778.000000	0.000000	0.000000
325	325	0	0	0	4	0	-0.486405	0.122350	0	0	740.000000	0.000000	0.000000
326	326	0	0	0	4	0	-0.513261	-0.459550	0	0	741.000000	0.000000	0.000000
327	327	0	0	0	4	0	-0.492373	-0.608745	0	0	750.000000	0.000000	0.000000
328	328	0	0	0	4	0	-0.367046	-0.787767	0	0	774.000000	0.000000	0.000000
329	329	0	0	0	4	0	-0.358094	-0.307365	0	0	758.000000	0.000000	0.000000
330	330	0	0	0	4	0	-0.286476	0.754947	0	0	706.000000	0.000000	0.000000
331	331	0	0	0	4	0	-0.274541	0.107430	0	0	707.000000	0.000000	0.000000
332	332	0	0	0	4	0	-0.226794	-0.280508	0	0	726.000000	0.000000	0.000000
333	333	0	0	0	4	0	-0.140255	-0.414790	0	0	742.000000	0.000000	0.000000
334	334	0	0	0	4	0	-0.074604	-0.056699	0	0	746.000000	0.000000	0.000000
335	335	0	0	0	4	0	-0.193969	0.566971	0	0	708.000000	0.000000	0.000000
336	336	0	0	0	4	0	-0.235748	0.080573	0	0	703.000000	0.000000	0.000000
337	337	0	0	0	4	0	-0.259620	-0.262603	0	0	711.000000	0.000000	0.000000
338	338	0	0	0	4	0	-0.167111	-0.343174	0	0	733.000000	0.000000	0.000000
339	339	0	0	0	4	0	-0.089525	-0.116382	0	0	749.000000	0.000000	0.000000
340	340	0	0	0	4	0	-0.241714	0.480438	0	0	710.000000	0.000000	0.000000
341	341	0	0	0	4	0	-0.274541	0.196954	0	0	701.000000	0.000000	0.000000
342	342	0	0	0	4	0	-0.325270	-0.241715	0	0	708.000000	0.000000	0.000000
343	343	0	0	0	4	0	-0.229779	-0.325269	0	0	737.000000	0.070476	-0.071702
344	344	0	0	0	4	0	-0.098477	-0.155176	0	0	760.000000	0.845716	-0.860418
345	345	0	0	0	4	0	-0.199938	0.504309	0	0	712.000000	1.620955	-1.649135
346	346	0	0	0	4	0	-0.244700	0.426726	0	0	687.000000	2.396195	-2.437852
347	347	0	0	0	4	0	-0.226794	-0.295429	0	0	733.000000	3.171434	-3.226569
348	348	0	0	0	4	0	-0.146224	-0.459550	0	0	753.000000	3.946674	-4.015286
349	349	0	0	0	4	0	0.262603	-0.754947	0	0	775.000000	4.721913	-4.804003
350	350	0	0	0	4	0	3.341445	-1.706432	0	0	724.000000	5.497153	-5.592721
351	351	0	0	0	4	0	5.621942	-3.882401	0	0	748.000000	6.272392	-6.381437
352	352	0	0	0	4	0	6.804527	-6.076726	0	0	778.000000	7.047632	-7.170155
353	353	0	0	0	4	0	7.582915	-7.436255	0	0	788.000000	7.822871	-7.958871
354	354	0	0	0	4	0	8.066173	-8.340970	0	0	778.000000	8.598111	-8.747588
355	355	0	0	0	4	0	8.469467	-8.396469	0	0	739.000000	9.373350	-9.536305
356	356	0	0	0	4	0	8.647470	-8.670800	0	0	728.000000	9.984145	-10.157719
357	357	0	0	0	4	0	8.559948	-8.956382	0	0	767.000000	9.984145	-10.157719
358	358	0	0	0	4	0	8.717458	-9.212442	0	0	758.000000	9.984145	-10.157719
359	359	0	0	0	4	0	8.825303	-9.034985	0	0	766.000000	9.984145	-10.157719
360	360	0	0	0	4	0	10.458133	-9.871222	0	0	745.000000	9.984145	-10.157719
361	361	0	0	0	4	0	10.429272	-10.085419	0	0	705.000000	9.984145	-10.157719
362	362	0	0	0	4	0	10.253105	-10.336882	0	0	726.000000	9.984145	-10.157719
363	363	0	0	0	4	0	10.255995	-10.510070	0	0	720.000000	9.984145	-10.157719
364	364	0	0	0	4	0	10.166392	-10.426385	0	0	752.000000	9.984145	-10.157719
365	365	0	0	0	4	0	10.362872	-10.073847	0	0	724.000000	9.984145	-10.157719
366	366	0	0	0	4	0	10.616773	-10.015980	0	0	684.000000	9.984145	-10.157719
367	367	0	0	0	4	0	10.409065	-10.244436	0	0	702.000000	9.984145	-10.157719
368	368	0	0	0	4	0	10.302220	-10.486990	0	0	711.000000	9.984145	-10.157719
369	369	0	0	0	4	0	10.169283	-10.397518	0	0	730.000000	9.984145	-10.157719
370	370	0	0	0	4	0	10.322440	-9.975461	0	0	724.000000	9.984145	-10.157719
371	371	0	0	0	4	0	10.570640	-10.015980	0	0	689.000000	9.984145	-10.157719
372	372	0	0	0	4	0	10.469676	-10.241547	0	0	691.000000	9.984145	-10.157719
373	373	0	0	0	4	0	10.371533	-10.489875	0	0	698.000000	9.984145	-10.157719
374	374	0	0	0	4	0	10.206864	-10.492759	0	0	722.000000	9.984145	-10.157719
375	375	0	0	0	4	0	10.296444	-10.004404	0	0	716.000000	9.984145	-10.157719
376	376	0	0	0	4	0	10.662891	-9.775612	0	0	670.000000	9.984145	-10.157719
377	377	0	0	0	4	0	10.380197	-9.792999	0	0	677.000000	9.984145	-10.157719
378	378	0	0	0	4	0	10.021769	-9.859636	0	0	703.000000	9.984145	-10.157719
379	379	0	0	0	4	0	9.769815	-9.691545	0	0	703.000000	9.984145	-10.157719
380	380	0	0	0	4	0	9.572619	-8.947646	0	0	715.000000	9.984145	-10.157719
381	381	0	0	0	4	0	9.714740	-8.513254	0	0	676.000000	9.984145	-10.157719
382	382	0	0	0	4	0	9.459418	-8.390628	0	0	684.000000	9.984145	-10.157719
383	383	0	0	0	4	0	9.096097	-8.451949	0	0	708.000000	9.984145	-10.157719
384	384	0	0	0	4	0	8.836959	-8.294224	0	0	731.000000	9.984145	-10.157719
385	385	0	0	0	4	0	8.691216	-7.714822	0	0	724.000000	9.984145	-10.157719
386	386	0	0	0	4	0	8.641636	-7.330600	0	0	704.000000	9.984145	-10.157719
387	387	0	0	0	4	0	8.381865	-7.283628	0	0	683.000000	9.208176	-9.368258
388	388	0	0	0	4	0	8.013508	-7.268945	0	0	719.000000	8.354609	-8.499853
389	389	0	0	0	4	0	7.729474	-7.357019	0	0	755.000000	7.501042	-7.631447
390	390	0	0	0	4	0	7.653276	-6.907484	0	0	751.000000	6.647475	-6.763041
391	391	0	0	0	4	0	7.747055	-6.580812	0	0	718.000000	5.793908	-5.894635
392	392	0	0	0	4	0	7.462661	-6.601427	0	0	704.000000	4.940341	-5.026228
393	393	0	0	0	4	0	6.792758	-6.536633	0	0	732.000000	4.086774	-4.157823
394	394	0	0	0	4	0	6.029510	-6.171131	0	0	752.000000	3.233208	-3.289417
395	395	0	0	0	4	0	4.084345	-3.540662	0	0	743.000000	2.379641	-2.421011
396	396	0	0	0	4	0	3.076688	-1.643818	0	0	707.000000	1.526074	-1.552605
397	397	0	0	0	4	0	2.263795	-1.208404	0	0	695.000000	0.672507	-0.684199
398	398	0	0	0	4	0	1.652763	-1.220335	0	0	712.000000	0.000000	0.000000
399	399	0	0	0	4	0	1.115933	-0.731078	0	0	734.000000	0.000000	0.000000
400	400	0	0	0	4	0	-0.808652	0.781801	0	0	740.000000	0.000000	0.000000
401	401	0	0	0	4	0	-0.987657	1.423150	0	0	718.000000	0.000000	0.000000
402	402	0	0	0	4	0	-1.396308	2.269754	0	0	667.000000	0.000000	0.000000
403	403	0	0	0	4	0	-1.512616	1.763079	0	0	664.000000	0.000000	0.000000
404	404	0	0	0	4	0	-1.497705	1.479812	0	0	671.000000	0.000000	0.000000
405	405	0	0	0	4	0	-1.205422	1.250162	0	0	714.000000	0.000000	0.000000
406	406	0	0	0	4	0	-0.355111	0.936941	0	0	705.000000	0.000000	0.000000
407	407	0	0	0	4	0	-0.584873	1.682579	0	0	640.000000	0.000000	0.000000
408	408	0	0	0	4	0	-0.584873	0.993624	0	0	662.000000	0.000000	0.000000
409	409	0	0	0	4	0	-0.602777	0.438663	0	0	674.000000	0.000000	0.000000
410	410	0	0	0	4	0	-0.489390	0.238731	0	0	708.000000	0.000000	0.000000
411	411	0	0	0	4	0	-0.474471	0.686323	0	0	701.000000	0.000000	0.000000
412	412	0	0	0	4	0	-0.426726	1.479812	0	0	658.000000	0.000000	0.000000
413	413	0	0	0	4	0	-0.047746	0.438663	0	0	675.000000	0.000000	0.000000
414	414	0	0	0	4	0	0.002984	-0.065652	0	0	684.000000	0.000000	0.000000
415	415	0	0	0	4	0	0.098477	-0.244700	0	0	719.000000	0.000000	0.000000
416	416	0	0	0	4	0	0.167112	0.193969	0	0	718.000000	0.000000	0.000000
417	417	0	0	0	4	0	0.035810	0.835504	0	0	681.000000	0.000000	0.000000
418	418	0	0	0	4	0	-0.008952	0.370030	0	0	685.000000	0.000000	0.000000
419	419	0	0	0	4	0	0.002984	-0.104445	0	0	701.000000	0.000000	0.000000
420	420	0	0	0	4	0	0.059683	-0.104445	0	0	720.000000	0.000000	0.000000
421	421	0	0	0	4	0	0.149207	0.134287	0	0	730.000000	0.000000	0.000000
422	422	0	0	0	4	0	-0.029842	0.811636	0	0	688.000000	0.000000	0.000000
423	423	0	0	0	4	0	-0.044762	0.728094	0	0	665.000000	0.000000	0.000000
424	424	0	0	0	4	0	-0.062667	0.062667	0	0	704.000000	0.000000	0.000000
425	425	0	0	0	4	0	0.017905	-0.113397	0	0	742.000000	0.000000	0.000000
426	426	0	0	0	4	0	0.089525	0.059683	0	0	755.000000	0.000000	0.000000
427	427	0	0	0	4	0	0.002984	0.811636	0	0	712.000000	0.000000	0.000000
428	428	0	0	0	4	0	-0.038794	0.892190	0	0	693.000000	0.000000	0.000000
429	429	0	0	0	4	0	0.026857	0.020889	0	0	713.000000	9.984145	-10.157719
430	430	0	0	0	4	0	0.053714	-0.164128	0	0	745.000000	9.984145	-10.157719
431	431	0	0	0	4	0	0.131302	-0.023873	0	0	778.000000	9.984145	-10.157719
432	432	0	0	0	4	0	0.116382	0.638583	0	0	732.000000	9.984145	-10.157719
433	433	0	0	0	4	0	0.014921	0.775833	0	0	706.000000	9.984145	-10.157719
434	434	0	0	0	4	0	0.188001	-0.202921	0	0	731.000000	9.984145	-10.157719
435	435	0	0	0	4	0	7.060366	-7.588779	0	0	788.000000	9.984145	-10.157719
436	436	0	0	0	4	0	8.054469	-10.287776	0	0	767.000000	9.984145	-10.157719
437	437	0	0	0	4	0	8.373102	-9.955198	0	0	720.000000	9.984145	-10.157719
438	438	0	0	0	4	0	8.197771	-10.215536	0	0	732.000000	9.984145	-10.157719
439	439	0	0	0	4	0	8.051544	-10.336882	0	0	741.000000	9.984145	-10.157719
440	440	0	0	0	4	0	9.937827	-10.218425	0	0	751.000000	9.984145	-10.157719
441	441	0	0	0	4	0	9.740830	-10.033344	0	0	773.000000	9.984145	-10.157719
442	442	0	0	0	4	0	9.960987	-9.720539	0	0	754.000000	9.984145	-10.157719
443	443	0	0	0	4	0	10.096990	-9.706043	0	0	739.000000	9.984145	-10.157719
444	444	0	0	0	4	0	9.801692	-9.946512	0	0	757.000000	9.984145	-10.157719
445	445	0	0	0	4	0	9.871222	-10.146152	0	0	771.000000	9.984145	-10.157719
446	446	0	0	0	4	0	9.758222	-10.039131	0	0	791.000000	9.984145	-10.157719
447	447	0	0	0	4	0	9.963882	-9.656746	0	0	754.000000	9.984145	-10.157719
448	448	0	0	0	4	0	10.166392	-9.653846	0	0	714.000000	9.984145	-10.157719
449	449	0	0	0	4	0	9.891496	-9.911767	0	0	732.000000	9.984145	-10.157719
450	450	0	0	0	4	0	9.905976	-10.198193	0	0	747.000000	9.984145	-10.157719
451	451	0	0	0	4	0	9.850945	-10.123019	0	0	763.000000	9.984145	-10.157719
452	452	0	0	0	4	0	9.975461	-9.668346	0	0	750.000000	9.984145	-10.157719
453	453	0	0	0	4	0	10.235765	-9.679947	0	0	708.000000	9.984145	-10.157719
454	454	0	0	0	4	0	10.068062	-9.865431	0	0	722.000000	9.984145	-10.157719
455	455	0	0	0	4	0	9.989934	-10.157718	0	0	735.000000	9.984145	-10.157719
456	456	0	0	0	4	0	9.845152	-10.201083	0	0	761.000000	9.984145	-10.157719
457	457	0	0	0	4	0	9.937827	-9.766917	0	0	754.000000	9.984145	-10.157719
458	458	0	0	0	4	0	10.354209	-9.648046	0	0	708.000000	9.984145	-10.157719
459	459	0	0	0	4	0	10.143261	-9.879912	0	0	725.000000	0.000000	0.000000
460	460	0	0	0	4	0	10.039130	-10.172175	0	0	729.000000	0.000000	0.000000
461	461	0	0	0	4	0	9.934932	-10.247324	0	0	751.000000	0.000000	0.000000
462	462	0	0	0	4	0	9.917559	-9.830667	0	0	749.000000	0.000000	0.000000
463	463	0	0	0	4	0	10.229987	-9.653846	0	0	721.000000	0.000000	0.000000
464	464	0	0	0	4	0	9.871222	-9.482646	0	0	730.000000	0.000000	0.000000
465	465	0	0	0	4	0	1.193489	-1.554364	0	0	769.000000	0.000000	0.000000
466	466	0	0	0	4	0	-0.990641	1.318764	0	0	765.000000	0.000000	0.000000
467	467	0	0	0	4	0	-0.713177	1.351571	0	0	764.000000	0.000000	0.000000
468	468	0	0	0	4	0	-0.760915	2.037318	0	0	722.000000	0.000000	0.000000
469	469	0	0	0	4	0	-0.892191	2.105865	0	0	690.000000	0.000000	0.000000
470	470	0	0	0	4	0	-0.689306	1.142780	0	0	732.000000	0.000000	0.000000
471	471	0	0	0	4	0	-0.146224	-0.208890	0	0	758.000000	0.000000	0.000000
472	472	0	0	0	4	0	-0.053714	-0.092509	0	0	776.000000	0.000000	0.000000
473	473	0	0	0	4	0	-0.143239	0.614713	0	0	722.000000	0.000000	0.000000
474	474	0	0	0	4	0	-0.262603	0.737046	0	0	696.000000	0.000000	0.000000
475	475	0	0	0	4	0	-0.134287	-0.053714	0	0	731.000000	0.000000	0.000000
476	476	0	0	0	4	0	-0.146224	-0.152192	0	0	728.000000	0.000000	0.000000
477	477	0	0	0	4	0	-0.023873	-0.083556	0	0	759.000000	0.000000	0.000000
478	478	0	0	0	4	0	-0.023873	0.438663	0	0	720.000000	0.000000	0.000000
479	479	0	0	0	4	0	-0.077587	0.644551	0	0	691.000000	0.000000	0.000000
480	480	0	0	0	4	0	-0.125335	-0.071620	0	0	720.000000	0.000000	0.000000
481	481	0	0	0	4	0	-0.083556	-0.232762	0	0	722.000000	0.000000	0.000000
482	482	0	0	0	4	0	0.044762	-0.176064	0	0	740.000000	0.000000	0.000000
483	483	0	0	0	4	0	0.005969	0.337205	0	0	724.000000	0.000000	0.000000
484	484	0	0	0	4	0	-0.125335	0.787767	0	0	664.000000	0.000000	0.000000
485	485	0	0	0	4	0	-0.068635	0.050731	0	0	702.000000	0.000000	0.000000
486	486	0	0	0	4	0	-0.041779	-0.226795	0	0	706.000000	0.000000	0.000000
487	487	0	0	0	4	0	0.050731	-0.277524	0	0	743.000000	0.000000	0.000000
488	488	0	0	0	4	0	0.092509	0.220826	0	0	722.000000	0.000000	0.000000
489	489	0	0	0	4	0	-0.002983	0.754947	0	0	676.000000	0.282837	0.287754
490	490	0	0	0	4	0	-0.038794	0.253652	0	0	697.000000	1.216199	1.237342
491	491	0	0	0	4	0	0.032826	-0.271556	0	0	723.000000	2.149561	2.186931
492	492	0	0	0	4	0	0.095493	-0.355110	0	0	755.000000	3.082923	3.136519
493	493	0	0	0	4	0	0.205906	0.071620	0	0	747.000000	4.016285	4.086108
494	494	0	0	0	4	0	0.095493	0.626648	0	0	693.000000	4.949647	5.035696
495	495	0	0	0	4	0	0.050731	0.298413	0	0	706.000000	5.883009	5.985285
496	496	0	0	0	4	0	0.217842	-0.244700	0	0	739.000000	6.816371	6.934873
497	497	0	0	0	4	0	5.545087	5.621942	0	0	727.000000	7.749733	7.884461
498	498	0	0	0	4	0	7.913993	6.513069	0	0	738.000000	8.683095	8.834050
499	499	0	0	0	4	0	8.054469	7.001577	0	0	727.000000	9.616457	9.783638
500	500	0	0	0	4	0	10.829955	8.801991	0	0	707.000000	9.984145	10.157719
501	501	0	0	0	4	0	11.163520	9.679947	0	0	681.000000	9.984145	10.157719
502	502	0	0	0	4	0	11.390252	9.500064	0	0	706.000000	9.984145	10.157719
503	503	0	0	0	4	0	11.249662	9.349049	0	0	732.000000	9.984145	10.157719
504	504	0	0	0	4	0	11.258274	9.473936	0	0	723.000000	9.984145	10.157719
505	505	0	0	0	4	0	11.209469	9.778509	0	0	698.000000	9.984145	10.157719
506	506	0	0	0	4	0	10.316663	10.504300	0	0	663.000000	9.984145	10.157719
507	507	0	0	0	4	0	10.380197	10.328216	0	0	663.000000	9.984145	10.157719
508	508	0	0	0	4	0	10.137479	9.882808	0	0	702.000000	9.984145	10.157719
509	509	0	0	0	4	0	10.128803	9.865430	0	0	708.000000	9.984145	10.157719
510	510	0	0	0	4	0	10.157718	10.094097	0	0	688.000000	9.984145	10.157719
511	511	0	0	0	4	0	10.247326	10.322440	0	0	659.000000	9.984145	10.157719
512	512	0	0	0	4	0	10.371533	10.296444	0	0	651.000000	9.984145	10.157719
513	513	0	0	0	4	0	10.157718	9.819078	0	0	703.000000	9.984145	10.157719
514	514	0	0	0	4	0	10.146153	9.729235	0	0	705.000000	9.984145	10.157719
515	515	0	0	0	4	0	10.140370	9.891496	0	0	692.000000	9.984145	10.157719
516	516	0	0	0	4	0	10.189521	10.123019	0	0	666.000000	9.984145	10.157719
517	517	0	0	0	4	0	10.209755	10.079634	0	0	663.000000	9.984145	10.157719
518	518	0	0	0	4	0	10.149045	9.613237	0	0	704.000000	9.984145	10.157719
519	519	0	0	0	4	0	10.015981	9.555209	0	0	718.000000	9.984145	10.157719
520	520	0	0	0	4	0	10.053596	9.717639	0	0	708.000000	9.984145	10.157719
521	521	0	0	0	4	0	10.140370	10.001511	0	0	679.000000	9.984145	10.157719
522	522	0	0	0	4	0	10.218426	10.044918	0	0	668.000000	9.984145	10.157719
523	523	0	0	0	4	0	10.050704	9.543601	0	0	714.000000	9.984145	10.157719
524	524	0	0	0	4	0	9.903080	9.369386	0	0	731.000000	9.984145	10.157719
525	525	0	0	0	4	0	9.955198	9.534895	0	0	725.000000	9.984145	10.157719
526	526	0	0	0	4	0	9.995723	9.764018	0	0	693.000000	9.984145	10.157719
527	527	0	0	0	4	0	10.042024	9.784306	0	0	675.000000	9.984145	10.157719
528	528	0	0	0	4	0	9.856739	9.302556	0	0	726.000000	9.984145	10.157719
529	529	0	0	0	4	0	9.578424	9.110643	0	0	747.000000	9.984145	10.157719
530	530	0	0	0	4	0	9.526187	9.189178	0	0	742.000000	9.678352	9.846609
531	531	0	0	0	4	0	9.476839	9.383910	0	0	713.000000	8.669235	8.819948
532	532	0	0	0	4	0	9.441997	9.378099	0	0	695.000000	7.660118	7.793288
533	533	0	0	0	4	0	9.253144	8.839871	0	0	745.000000	6.651000	6.766627
534	534	0	0	0	4	0	8.965117	8.647470	0	0	769.000000	5.641883	5.739966
535	535	0	0	0	4	0	8.656219	8.737865	0	0	755.000000	4.632766	4.713306
536	536	0	0	0	4	0	6.866307	7.257199	0	0	717.000000	3.623648	3.686645
537	537	0	0	0	4	0	3.775451	1.485776	0	0	792.000000	2.614531	2.659985
538	538	0	0	0	4	0	2.245917	-1.017490	0	0	838.000000	1.605414	1.633324
539	539	0	0	0	4	0	1.527526	-1.181558	0	0	811.000000	0.596297	0.606663
540	540	0	0	0	4	0	0.217842	-0.683339	0	0	772.000000	-0.412821	-0.419998
541	541	0	0	0	4	0	-0.367046	-1.345607	0	0	796.000000	-1.421938	-1.446658
542	542	0	0	0	4	0	-0.936942	-1.640837	0	0	801.000000	-2.431055	-2.473319
543	543	0	0	0	4	0	-0.725111	-1.512616	0	0	820.000000	-3.440172	-3.499980
544	544	0	0	0	4	0	-0.883239	-1.229284	0	0	817.000000	-4.449290	-4.526640
545	545	0	0	0	4	0	-1.196472	-0.933958	0	0	762.000000	-5.458407	-5.553301
546	546	0	0	0	4	0	-1.411219	-1.366484	0	0	755.000000	-6.467525	-6.579962
547	547	0	0	0	4	0	-1.575237	-1.927037	0	0	764.000000	-7.476642	-7.606622
548	548	0	0	0	4	0	-4.155595	-4.828835	0	0	784.000000	-8.485759	-8.633283
549	549	0	0	0	4	0	-6.221272	-5.958672	0	0	781.000000	-9.494876	-9.659944
550	550	0	0	0	4	0	-6.775102	-5.876002	0	0	742.000000	-9.984145	-10.157719
551	551	0	0	0	4	0	-7.177898	-6.144584	0	0	728.000000	-9.984145	-10.157719
552	552	0	0	0	4	0	-8.434432	-7.814432	0	0	761.000000	-9.984145	-10.157719
553	553	0	0	0	4	0	-10.737804	-10.177958	0	0	773.000000	-9.984145	-10.157719
554	554	0	0	0	4	0	-10.855862	-10.186629	0	0	778.000000	-9.984145	-10.157719
555	555	0	0	0	4	0	-11.114683	-10.227097	0	0	773.000000	-9.984145	-10.157719
556	556	0	0	0	4	0	-11.292715	-10.273331	0	0	766.000000	-9.984145	-10.157719
557	557	0	0	0	4	0	-11.215213	-10.394632	0	0	775.000000	-9.984145	-10.157719
558	558	0	0	0	4	0	-11.094568	-10.440817	0	0	791.000000	-9.984145	-10.157719
559	559	0	0	0	4	0	-10.423500	-9.989934	0	0	797.000000	-9.984145	-10.157719
560	560	0	0	0	4	0	-10.625422	-9.778510	0	0	778.000000	-9.984145	-10.157719
561	561	0	0	0	4	0	-10.711878	-9.862532	0	0	767.000000	-9.984145	-10.157719
562	562	0	0	0	4	0	-10.527376	-10.004404	0	0	784.000000	-9.984145	-10.157719
563	563	0	0	0	4	0	-10.380197	-10.125913	0	0	794.000000	-9.984145	-10.157719
564	564	0	0	0	4	0	-10.284887	-9.975461	0	0	794.000000	-9.984145	-10.157719
565	565	0	0	0	4	0	-10.437931	-9.784305	0	0	773.000000	-9.984145	-10.157719
566	566	0	0	0	4	0	-10.634068	-9.740829	0	0	748.000000	-9.984145	-10.157719
567	567	0	0	0	4	0	-10.466791	-9.992828	0	0	753.000000	-9.984145	-10.157719
568	568	0	0	0	4	0	-10.452362	-10.033344	0	0	758.000000	-9.984145	-10.157719
569	569	0	0	0	4	0	-10.250216	-9.966779	0	0	772.000000	-9.984145	-10.157719
570	570	0	0	0	4	0	-10.406178	-9.787204	0	0	755.000000	-9.984145	-10.157719
571	571	0	0	0	4	0	-10.507184	-9.871222	0	0	743.000000	-9.984145	-10.157719
572	572	0	0	0	4	0	-10.400407	-10.004404	0	0	756.000000	-9.984145	-10.157719
573	573	0	0	0	4	0	-10.284887	-10.163502	0	0	760.000000	-9.984145	-10.157719
574	574	0	0	0	4	0	-10.166392	-10.047811	0	0	772.000000	-9.984145	-10.157719
575	575	0	0	0	4	0	-10.235766	-9.868325	0	0	761.000000	-9.984145	-10.157719
576	576	0	0	0	4	0	-10.510070	-9.775612	0	0	743.000000	-9.984145	-10.157719
577	577	0	0	0	4	0	-10.409066	-10.021769	0	0	750.000000	-9.984145	-10.157719
578	578	0	0	0	4	0	-10.316663	-10.117234	0	0	757.000000	-9.984145	-10.157719
579	579	0	0	0	4	0	-10.195301	-10.065169	0	0	766.000000	-9.984145	-10.157719
580	580	0	0	0	4	0	-10.290665	-9.862532	0	0	771.000000	-9.753868	-9.923438
581	581	0	0	0	4	0	-10.518723	-9.798795	0	0	760.000000	-8.668278	-8.818974
582	582	0	0	0	4	0	-10.489875	-9.862532	0	0	756.000000	-7.582687	-7.714511
583	583	0	0	0	4	0	-10.359984	-9.975461	0	0	765.000000	-6.497096	-6.610047
584	584	0	0	0	4	0	-10.183741	-9.911767	0	0	777.000000	-5.411505	-5.505584
585	585	0	0	0	4	0	-10.120129	-9.558111	0	0	771.000000	-4.325915	-4.401120
586	586	0	0	0	4	0	-9.203716	-8.221159	0	0	764.000000	-3.240324	-3.296657
587	587	0	0	0	4	0	-3.573362	-2.865382	0	0	759.000000	-2.154733	-2.192193
588	588	0	0	0	4	0	-2.430627	-1.512616	0	0	751.000000	-1.069142	-1.087729
589	589	0	0	0	4	0	-1.274025	-0.405838	0	0	756.000000	0.016448	0.016734
590	590	0	0	0	4	0	0.011936	1.318764	0	0	749.000000	1.102039	1.121198
591	591	0	0	0	4	0	1.622946	3.834871	0	0	687.000000	2.187630	2.225662
592	592	0	0	0	4	0	3.130245	5.391321	0	0	663.000000	3.273221	3.330125
593	593	0	0	0	4	0	4.541303	6.315626	0	0	617.000000	4.358811	4.434589
594	594	0	0	0	4	0	5.624897	6.126884	0	0	675.000000	5.444402	5.539052
595	595	0	0	0	4	0	6.462986	6.616149	0	0	706.000000	6.529993	6.643516
596	596	0	0	0	4	0	7.221958	7.535995	0	0	691.000000	7.615583	7.747980
597	597	0	0	0	4	0	8.235773	8.519092	0	0	661.000000	8.701175	8.852444
598	598	0	0	0	4	0	9.479742	9.128098	0	0	630.000000	9.786765	9.956907
599	599	0	0	0	4	0	10.677300	10.538916	0	0	609.000000	9.984145	10.157719
600	600	0	0	0	4	0	11.212340	11.438996	0	0	637.000000	9.984145	10.157719
601	601	0	0	0	4	0	11.605172	11.659566	0	0	645.000000	9.984145	10.157719
602	602	0	0	0	4	0	11.822618	11.814041	0	0	641.000000	9.984145	10.157719
603	603	0	0	0	4	0	11.936926	11.879784	0	0	630.000000	9.984145	10.157719
604	604	0	0	0	4	0	10.556221	10.749326	0	0	599.000000	9.984145	10.157719
605	605	0	0	0	4	0	10.221315	10.044918	0	0	637.000000	9.984145	10.157719
606	606	0	0	0	4	0	10.151937	9.891496	0	0	650.000000	9.984145	10.157719
607	607	0	0	0	4	0	10.140370	9.914663	0	0	651.000000	9.984145	10.157719
608	608	0	0	0	4	0	10.201083	10.175066	0	0	628.000000	9.984145	10.157719
609	609	0	0	0	4	0	10.322440	10.409066	0	0	605.000000	9.984145	10.157719
610	610	0	0	0	4	0	10.261773	9.937827	0	0	643.000000	9.984145	10.157719
611	611	0	0	0	4	0	10.117235	9.732134	0	0	674.000000	9.984145	10.157719
612	612	0	0	0	4	0	10.088312	9.819078	0	0	676.000000	9.984145	10.157719
613	613	0	0	0	4	0	10.154827	10.065169	0	0	657.000000	9.984145	10.157719
614	614	0	0	0	4	0	10.258883	10.276220	0	0	629.000000	9.984145	10.157719
615	615	0	0	0	4	0	10.157718	9.923349	0	0	661.000000	9.984145	10.157719
616	616	0	0	0	4	0	10.044918	9.665446	0	0	682.000000	9.984145	10.157719
617	617	0	0	0	4	0	10.068062	9.816180	0	0	674.000000	9.984145	10.157719
618	618	0	0	0	4	0	10.137479	10.108559	0	0	653.000000	9.984145	10.157719
619	619	0	0	0	4	0	10.284887	10.342657	0	0	626.000000	9.984145	10.157719
620	620	0	0	0	4	0	10.195302	10.068063	0	0	646.000000	9.984145	10.157719
621	621	0	0	0	4	0	10.070955	9.691545	0	0	685.000000	9.984145	10.157719
622	622	0	0	0	4	0	10.047811	9.752425	0	0	683.000000	9.984145	10.157719
623	623	0	0	0	4	0	10.076740	9.978355	0	0	666.000000	9.984145	10.157719
624	624	0	0	0	4	0	10.175066	10.192412	0	0	642.000000	9.984145	10.157719
625	625	0	0	0	4	0	10.036237	9.845152	0	0	662.000000	9.984145	10.157719
626	626	0	0	0	4	0	9.798795	9.378099	0	0	700.000000	9.984145	10.157719
627	627	0	0	0	4	0	9.653847	9.273491	0	0	704.000000	9.984145	10.157719
628	628	0	0	0	4	0	9.514577	9.372290	0	0	687.000000	9.984145	10.157719
629	629	0	0	0	4	0	9.482645	9.529090	0	0	657.000000	-9.984145	-10.157719
630	630	0	0	0	4	0	9.381004	9.107735	0	0	678.000000	-9.984145	-10.157719
631	631	0	0	0	4	0	9.023341	8.609549	0	0	722.000000	-9.984145	-10.157719
632	632	0	0	0	4	0	8.927262	8.615383	0	0	721.000000	-9.984145	-10.157719
633	633	0	0	0	4	0	8.810733	8.816562	0	0	704.000000	-9.984145	-10.157719
634	634	0	0	0	4	0	8.580374	8.973852	0	0	676.000000	-9.984145	-10.157719
635	635	0	0	0	4	0	8.089573	8.466548	0	0	695.000000	-9.984145	-10.157719
636	636	0	0	0	4	0	7.442124	7.585847	0	0	747.000000	-9.984145	-10.157719
637	637	0	0	0	4	0	5.465257	6.091479	0	0	745.000000	-9.984145	-10.157719
638	638	0	0	0	4	0	-5.946863	-4.324762	0	0	774.000000	-9.984145	-10.157719
639	639	0	0	0	4	0	-11.243921	-11.080199	0	0	788.000000	-9.984145	-10.157719
640	640	0	0	0	4	0	-10.942186	-10.852983	0	0	794.000000	-9.984145	-10.157719
641	641	0	0	0	4	0	-10.706115	-10.631186	0	0	797.000000	-9.984145	-10.157719
642	642	0	0	0	4	0	-10.806922	-10.371534	0	0	774.000000	-9.984145	-10.157719
643	643	0	0	0	4	0	-10.899030	-10.293554	0	0	770.000000	-9.984145	-10.157719
644	644	0	0	0	4	0	-10.743565	-10.435044	0	0	790.000000	-9.984145	-10.157719
645	645	0	0	0	4	0	-10.619655	-10.544684	0	0	790.000000	-9.984145	-10.157719
646	646	0	0	0	4	0	-10.507184	-10.371534	0	0	792.000000	-9.984145	-10.157719
647	647	0	0	0	4	0	-10.665772	-10.189520	0	0	773.000000	-9.984145	-10.157719
648	648	0	0	0	4	0	-10.714758	-10.218425	0	0	753.000000	-9.984145	-10.157719
649	649	0	0	0	4	0	-10.553337	-10.391745	0	0	756.000000	-9.984145	-10.157719
650	650	0	0	0	4	0	-10.484103	-10.446589	0	0	742.000000	-9.984145	-10.157719
651	651	0	0	0	4	0	-10.342658	-10.319551	0	0	749.000000	-9.984145	-10.157719
652	652	0	0	0	4	0	-10.452362	-10.209755	0	0	733.000000	-9.984145	-10.157719
653	653	0	0	0	4	0	-10.608123	-10.117234	0	0	708.000000	-9.984145	-10.157719
654	654	0	0	0	4	0	-10.498529	-10.328217	0	0	718.000000	-9.984145	-10.157719
655	655	0	0	0	4	0	-10.383083	-10.423500	0	0	721.000000	-9.984145	-10.157719
656	656	0	0	0	4	0	-10.177958	-10.354208	0	0	738.000000	-9.984145	-10.157719
657	657	0	0	0	4	0	-10.316663	-10.140371	0	0	724.000000	-9.984145	-10.157719
658	658	0	0	0	4	0	-10.553337	-10.059382	0	0	703.000000	-9.984145	-10.157719
659	659	0	0	0	4	0	-10.400407	-10.177958	0	0	712.000000	9.984145	10.157719
660	660	0	0	0	4	0	-10.229987	-10.255995	0	0	727.000000	9.984145	10.157719
661	661	0	0	0	4	0	-10.146152	-10.175065	0	0	734.000000	9.984145	10.157719
662	662	0	0	0	4	0	-10.177958	-9.900184	0	0	736.000000	9.984145	10.157719
663	663	0	0	0	4	0	-10.374421	-9.766917	0	0	712.000000	9.984145	10.157719
664	664	0	0	0	4	0	-10.131694	-9.839358	0	0	729.000000	9.984145	10.157719
665	665	0	0	0	4	0	-9.955198	-9.885703	0	0	738.000000	9.984145	10.157719
666	666	0	0	0	4	0	-6.100331	-3.591197	0	0	780.000000	9.984145	10.157719
667	667	0	0	0	4	0	3.629837	5.802171	0	0	727.000000	9.984145	10.157719
668	668	0	0	0	4	0	9.183362	8.411070	0	0	723.000000	9.984145	10.157719
669	669	0	0	0	4	0	9.514577	8.825303	0	0	697.000000	9.984145	10.157719
670	670	0	0	0	4	0	9.529090	9.040806	0	0	674.000000	9.984145	10.157719
671	671	0	0	0	4	0	9.659646	8.711625	0	0	682.000000	9.984145	10.157719
672	672	0	0	0	4	0	9.381004	8.335128	0	0	725.000000	9.984145	10.157719
673	673	0	0	0	4	0	10.096990	9.755323	0	0	703.000000	9.984145	10.157719
674	674	0	0	0	4	0	10.082526	9.998616	0	0	690.000000	9.984145	10.157719
675	675	0	0	0	4	0	10.189521	10.276220	0	0	662.000000	9.984145	10.157719
676	676	0	0	0	4	0	10.305109	10.180848	0	0	641.000000	9.984145	10.157719
677	677	0	0	0	4	0	10.062277	9.697344	0	0	688.000000	9.984145	10.157719
678	678	0	0	0	4	0	10.042024	9.650946	0	0	680.000000	9.984145	10.157719
679	679	0	0	0	4	0	10.094097	9.839358	0	0	667.000000	9.984145	10.157719
680	680	0	0	0	4	0	10.175066	10.125912	0	0	639.000000	9.984145	10.157719
681	681	0	0	0	4	0	10.201083	10.835711	0	0	617.000000	9.984145	10.157719
682	682	0	0	0	4	0	10.065169	10.385971	0	0	669.000000	9.984145	10.157719
683	683	0	0	0	4	0	10.010192	10.276220	0	0	675.000000	9.984145	10.157719
684	684	0	0	0	4	0	10.001511	10.406179	0	0	673.000000	9.984145	10.157719
685	685	0	0	0	4	0	10.033343	10.668654	0	0	648.000000	9.984145	10.157719
686	686	0	0	0	4	0	10.189521	10.818439	0	0	625.000000	9.984145	10.157719
687	687	0	0	0	4	0	9.995723	10.348433	0	0	667.000000	9.984145	10.157719
688	688	0	0	0	4	0	9.848048	10.195302	0	0	688.000000	9.984145	10.157719
689	689	0	0	0	4	0	9.865430	10.310886	0	0	686.000000	9.984145	10.157719
690	690	0	0	0	4	0	9.934932	10.536032	0	0	667.000000	8.486524	10.157719
691	691	0	0	0	4	0	10.050704	10.726281	0	0	646.000000	6.839139	10.157719
692	692	0	0	0	4	0	9.940722	10.270441	0	0	684.000000	5.191755	10.157719
693	693	0	0	0	4	0	9.772714	10.053596	0	0	714.000000	3.544372	10.157719
694	694	0	0	0	4	0	9.717639	10.134586	0	0	711.000000	1.896988	10.157719
695	695	0	0	0	4	0	9.662546	10.377309	0	0	691.000000	0.249604	10.157719
696	696	0	0	0	4	0	5.701730	10.411953	0	0	669.000000	-1.397780	10.157719
697	697	0	0	0	4	0	0.098477	9.769814	0	0	689.000000	-3.045164	10.157719
698	698	0	0	0	4	0	-1.089085	9.749526	0	0	714.000000	-4.692548	10.157719
699	699	0	0	0	4	0	-2.409775	10.030450	0	0	712.000000	-6.339932	10.157719
700	700	0	0	0	4	0	-3.909135	10.362871	0	0	698.000000	-7.987316	10.157719
701	701	0	0	0	4	0	-7.562390	10.832833	0	0	687.000000	-9.634700	10.157719
702	702	0	0	0	4	0	-8.848614	10.752207	0	0	696.000000	-9.984145	10.157719
703	703	0	0	0	4	0	-9.494258	10.838591	0	0	703.000000	-9.984145	10.157719
704	704	0	0	0	4	0	-9.989934	10.968073	0	0	701.000000	-9.984145	10.157719
705	705	0	0	0	4	0	-12.370409	11.307063	0	0	683.000000	-9.984145	10.157719
706	706	0	0	0	4	0	-12.632089	11.387385	0	0	675.000000	-9.984145	10.157719
707	707	0	0	0	4	0	-12.566718	11.387385	0	0	672.000000	-9.984145	10.157719
708	708	0	0	0	4	0	-12.433034	11.289845	0	0	675.000000	-9.984145	10.157719
709	709	0	0	0	4	0	-10.371534	11.252534	0	0	674.000000	-9.984145	10.157719
710	710	0	0	0	4	0	-10.302220	11.163520	0	0	667.000000	-9.984145	10.157719
711	711	0	0	0	4	0	-10.362871	11.266886	0	0	656.000000	-9.984145	10.157719
712	712	0	0	0	4	0	-10.374421	11.218082	0	0	656.000000	-9.984145	10.157719
713	713	0	0	0	4	0	-10.253104	11.016959	0	0	660.000000	-9.984145	10.157719
714	714	0	0	0	4	0	-10.253104	11.014084	0	0	662.000000	-9.984145	10.157719
715	715	0	0	0	4	0	-10.279109	11.022709	0	0	660.000000	-9.984145	10.157719
716	716	0	0	0	4	0	-10.345545	11.106063	0	0	654.000000	-9.984145	10.157719
717	717	0	0	0	4	0	-10.380197	11.065828	0	0	655.000000	-9.984145	10.157719
718	718	0	0	0	4	0	-10.270442	10.936432	0	0	670.000000	-9.984145	10.157719
719	719	0	0	0	4	0	-10.232875	10.936432	0	0	677.000000	-9.984145	10.157719
720	720	0	0	0	4	0	-10.247324	10.970948	0	0	672.000000	-9.984145	10.157719
721	721	0	0	0	4	0	-10.293554	11.016959	0	0	669.000000	-9.984145	10.157719
722	722	0	0	0	4	0	-10.368647	11.080199	0	0	663.000000	-9.984145	10.157719
723	723	0	0	0	4	0	-10.281998	10.947939	0	0	675.000000	-9.984145	10.157719
724	724	0	0	0	4	0	-10.229987	10.973825	0	0	684.000000	-9.984145	10.157719
725	725	0	0	0	4	0	-10.267551	11.034209	0	0	682.000000	-9.984145	10.157719
726	726	0	0	0	4	0	-10.296443	11.008333	0	0	672.000000	-9.984145	10.157719
727	727	0	0	0	4	0	-10.313775	11.039958	0	0	670.000000	-9.984145	10.157719
728	728	0	0	0	4	0	-10.235766	10.864497	0	0	686.000000	-9.984145	10.157719
729	729	0	0	0	4	0	-10.151937	10.818439	0	0	696.000000	-9.984145	10.157719
730	730	0	0	0	4	0	-10.111451	10.815559	0	0	699.000000	-9.984145	10.157719
731	731	0	0	0	4	0	-10.160610	10.861618	0	0	699.000000	-9.984145	10.157719
732	732	0	0	0	4	0	-10.114343	10.924925	0	0	695.000000	-9.419670	9.583430
733	733	0	0	0	4	0	-9.960988	10.760847	0	0	711.000000	-8.255442	8.398962
734	734	0	0	0	4	0	-9.758223	10.662891	0	0	720.000000	-7.091213	7.214493
735	735	0	0	0	4	0	-9.621941	10.700353	0	0	719.000000	-5.926984	6.030024
736	736	0	0	0	4	0	-9.566815	10.671537	0	0	712.000000	-4.762755	4.845555
737	737	0	0	0	4	0	-9.433285	10.668654	0	0	707.000000	-3.598526	3.661086
738	738	0	0	0	4	0	-8.933085	10.232876	0	0	711.000000	-2.434297	2.476617
739	739	0	0	0	4	0	-4.973989	6.895720	0	0	756.000000	-1.270068	1.292148
740	740	0	0	0	4	0	-1.482794	5.119082	0	0	737.000000	-0.105839	0.107679
741	741	0	0	0	4	0	0.220826	1.551381	0	0	751.000000	1.058390	-1.076790
742	742	0	0	0	4	0	2.829660	-0.680355	0	0	809.000000	2.222619	-2.261259
743	743	0	0	0	4	0	3.968537	-2.945747	0	0	819.000000	3.386848	-3.445728
744	744	0	0	0	4	0	4.805129	-3.620921	0	0	778.000000	4.551077	-4.630197
745	745	0	0	0	4	0	4.991761	-4.911788	0	0	773.000000	5.715306	-5.814666
746	746	0	0	0	4	0	5.429770	-6.421733	0	0	783.000000	6.879535	-6.999135
747	747	0	0	0	4	0	5.734229	-6.745674	0	0	806.000000	8.043763	-8.183603
748	748	0	0	0	4	0	6.156384	-6.789814	0	0	811.000000	9.207993	-9.368073
749	749	0	0	0	4	0	6.513069	-6.524851	0	0	780.000000	9.984145	-10.157719
750	750	0	0	0	4	0	6.866307	-6.672088	0	0	743.000000	9.984145	-10.157719
751	751	0	0	0	4	0	9.334521	-10.088311	0	0	750.000000	9.984145	-10.157719
752	752	0	0	0	4	0	10.466790	-11.636666	0	0	739.000000	9.984145	-10.157719
753	753	0	0	0	4	0	10.449475	-11.831195	0	0	754.000000	9.984145	-10.157719
754	754	0	0	0	4	0	10.579291	-11.309933	0	0	750.000000	9.984145	-10.157719
755	755	0	0	0	4	0	11.008333	-11.152030	0	0	712.000000	9.984145	-10.157719
756	756	0	0	0	4	0	11.039958	-11.307063	0	0	711.000000	9.984145	-10.157719
757	757	0	0	0	4	0	10.050704	-10.175065	0	0	734.000000	9.984145	-10.157719
758	758	0	0	0	4	0	10.036237	-10.544684	0	0	740.000000	9.984145	-10.157719
759	759	0	0	0	4	0	10.079634	-10.140371	0	0	746.000000	9.984145	-10.157719
760	760	0	0	0	4	0	10.368647	-9.998616	0	0	714.000000	9.984145	-10.157719
761	761	0	0	0	4	0	10.359984	-10.111451	0	0	713.000000	9.984145	-10.157719
762	762	0	0	0	4	0	10.203974	-10.316663	0	0	728.000000	9.984145	-10.157719
763	763	0	0	0	4	0	10.166392	-10.486990	0	0	734.000000	9.984145	-10.157719
764	764	0	0	0	4	0	10.123020	-10.018875	0	0	740.000000	9.984145	-10.157719
765	765	0	0	0	4	0	10.357097	-9.790101	0	0	702.000000	9.984145	-10.157719
766	766	0	0	0	4	0	10.414840	-9.830667	0	0	694.000000	9.984145	-10.157719
767	767	0	0	0	4	0	10.183740	-10.177958	0	0	713.000000	9.984145	-10.157719
768	768	0	0	0	4	0	10.160611	-10.426385	0	0	713.000000	9.984145	-10.157719
769	769	0	0	0	4	0	10.021769	-10.160610	0	0	732.000000	9.984145	-10.157719
770	770	0	0	0	4	0	10.261773	-9.804589	0	0	701.000000	9.984145	-10.157719
771	771	0	0	0	4	0	10.394631	-9.833564	0	0	680.000000	9.984145	-10.157719
772	772	0	0	0	4	0	10.114343	-10.120129	0	0	693.000000	9.984145	-10.157719
773	773	0	0	0	4	0	10.062277	-10.365760	0	0	692.000000	9.984145	-10.157719
774	774	0	0	0	4	0	9.932036	-10.157718	0	0	717.000000	9.984145	-10.157719
775	775	0	0	0	4	0	10.111450	-9.787204	0	0	697.000000	9.984145	-10.157719
776	776	0	0	0	4	0	10.368647	-9.775612	0	0	662.000000	9.984145	-10.157719
777	777	0	0	0	4	0	10.065169	-10.088311	0	0	691.000000	9.984145	-10.157719
778	778	0	0	0	4	0	10.056491	-10.307998	0	0	703.000000	9.984145	-10.157719
779	779	0	0	0	4	0	9.888600	-10.183741	0	0	730.000000	9.946540	-10.119460
780	780	0	0	0	4	0	10.042024	-9.752425	0	0	713.000000	8.705573	-8.856918
781	781	0	0	0	4	0	10.284887	-9.743731	0	0	671.000000	7.464606	-7.594377
782	782	0	0	0	4	0	10.036237	-9.984144	0	0	702.000000	6.223639	-6.331836
783	783	0	0	0	4	0	9.995723	-10.206864	0	0	700.000000	4.982671	-5.069294
784	784	0	0	0	4	0	9.879911	-10.047811	0	0	724.000000	3.741704	-3.806753
785	785	0	0	0	4	0	9.908872	-9.537796	0	0	718.000000	2.500737	-2.544212
786	786	0	0	0	4	0	4.428598	-3.718994	0	0	706.000000	1.259770	-1.281671
787	787	0	0	0	4	0	2.642087	-2.302528	0	0	732.000000	0.018803	-0.019129
788	788	0	0	0	4	0	1.983670	-1.810779	0	0	735.000000	-1.222165	1.243412
789	789	0	0	0	4	0	1.342624	-1.089085	0	0	745.000000	-2.463132	2.505953
790	790	0	0	0	4	0	-3.475256	5.042102	0	0	700.000000	-3.704099	3.768495
791	791	0	0	0	4	0	-4.223863	6.194727	0	0	699.000000	-4.945066	5.031036
792	792	0	0	0	4	0	-4.935485	6.936893	0	0	685.000000	-6.186033	6.293577
793	793	0	0	0	4	0	-5.568738	7.359954	0	0	672.000000	-7.427001	7.556118
794	794	0	0	0	4	0	-6.094429	7.694309	0	0	683.000000	-8.667968	8.818660
795	795	0	0	0	4	0	-6.451200	7.864219	0	0	706.000000	-9.908935	10.081201
796	796	0	0	0	4	0	-6.901603	8.279613	0	0	696.000000	-9.984145	10.157719
797	797	0	0	0	4	0	-10.388858	10.082526	0	0	671.000000	-9.984145	10.157719
798	798	0	0	0	4	0	-11.284105	11.212340	0	0	660.000000	-9.984145	10.157719
799	799	0	0	0	4	0	-11.438996	11.367309	0	0	656.000000	-9.984145	10.157719
800	800	0	0	0	4	0	-11.421796	11.286976	0	0	663.000000	-9.984145	10.157719
801	801	0	0	0	4	0	-11.410325	11.321410	0	0	661.000000	-9.984145	10.157719
802	802	0	0	0	4	0	-11.387385	11.347230	0	0	658.000000	-9.984145	10.157719
803	803	0	0	0	4	0	-11.413193	11.384517	0	0	652.000000	-9.984145	10.157719
804	804	0	0	0	4	0	-11.456195	11.430395	0	0	645.000000	-9.984145	10.157719
805	805	0	0	0	4	0	-11.395988	11.284106	0	0	656.000000	-9.984145	10.157719
806	806	0	0	0	4	0	-10.700353	11.223825	0	0	667.000000	-9.984145	10.157719
807	807	0	0	0	4	0	-10.700353	11.223825	0	0	664.000000	-9.984145	10.157719
808	808	0	0	0	4	0	-10.714758	11.284106	0	0	658.000000	-9.984145	10.157719
809	809	0	0	0	4	0	-10.752206	11.252534	0	0	658.000000	-9.984145	10.157719
810	810	0	0	0	4	0	-10.628303	11.054332	0	0	672.000000	-9.984145	10.157719
811	811	0	0	0	4	0	-10.573524	10.950815	0	0	676.000000	-9.984145	10.157719
812	812	0	0	0	4	0	-10.599474	11.039958	0	0	679.000000	-9.984145	10.157719
813	813	0	0	0	4	0	-10.642716	11.106063	0	0	679.000000	-9.984145	10.157719
814	814	0	0	0	4	0	-10.737804	11.192239	0	0	674.000000	-9.984145	10.157719
815	815	0	0	0	4	0	-10.662891	11.094568	0	0	687.000000	-9.984145	10.157719
816	816	0	0	0	4	0	-10.561989	11.031334	0	0	698.000000	-9.984145	10.157719
817	817	0	0	0	4	0	-10.585057	11.094568	0	0	704.000000	-9.984145	10.157719
818	818	0	0	0	4	0	-10.582174	11.140540	0	0	701.000000	-9.984145	10.157719
819	819	0	0	0	4	0	-10.708996	11.192239	0	0	700.000000	-9.984145	10.157719
820	820	0	0	0	4	0	-10.622538	11.080199	0	0	707.000000	-9.984145	10.157719
821	821	0	0	0	4	0	-10.472563	10.939309	0	0	719.000000	-9.984145	10.157719
822	822	0	0	0	4	0	-10.429273	10.942185	0	0	719.000000	-9.984145	10.157719
823	823	0	0	0	4	0	-10.432158	10.982453	0	0	723.000000	-9.984145	10.157719
824	824	0	0	0	4	0	-10.371534	10.979577	0	0	709.000000	-9.984145	10.157719
825	825	0	0	0	4	0	-10.232875	10.890397	0	0	717.000000	-9.984145	10.157719
826	826	0	0	0	4	0	-10.018875	10.752207	0	0	730.000000	9.984145	-10.157719
827	827	0	0	0	4	0	-9.926246	10.786767	0	0	734.000000	9.984145	-10.157719
828	828	0	0	0	4	0	-9.853842	10.769487	0	0	727.000000	9.984145	-10.157719
829	829	0	0	0	4	0	-9.871222	10.806922	0	0	725.000000	9.984145	-10.157719
830	830	0	0	0	4	0	-9.784305	10.700353	0	0	730.000000	9.984145	-10.157719
831	831	0	0	0	4	0	-9.415860	10.443705	0	0	750.000000	9.984145	-10.157719
832	832	0	0	0	4	0	-8.142219	9.407147	0	0	758.000000	9.984145	-10.157719
833	833	0	0	0	4	0	1.417185	-1.491740	0	0	809.000000	9.984145	-10.157719
834	834	0	0	0	4	0	2.114805	-3.302780	0	0	843.000000	9.984145	-10.157719
835	835	0	0	0	4	0	2.058181	-3.296833	0	0	850.000000	9.984145	-10.157719
836	836	0	0	0	4	0	3.573362	-3.926956	0	0	832.000000	9.984145	-10.157719
837	837	0	0	0	4	0	10.013087	-11.088820	0	0	824.000000	9.984145	-10.157719
838	838	0	0	0	4	0	10.510069	-11.507783	0	0	804.000000	9.984145	-10.157719
839	839	0	0	0	4	0	10.521609	-11.705354	0	0	819.000000	9.984145	-10.157719
840	840	0	0	0	4	0	10.466790	-11.808325	0	0	844.000000	9.984145	-10.157719
841	841	0	0	0	4	0	9.871222	-9.749527	0	0	872.000000	9.984145	-10.157719
842	842	0	0	0	4	0	10.250215	-9.569718	0	0	810.000000	9.984145	-10.157719
843	843	0	0	0	4	0	10.192411	-9.621941	0	0	793.000000	9.984145	-10.157719
844	844	0	0	0	4	0	10.108559	-9.778510	0	0	809.000000	9.984145	-10.157719
845	845	0	0	0	4	0	10.177957	-9.981251	0	0	794.000000	9.984145	-10.157719
846	846	0	0	0	4	0	10.036237	-9.674146	0	0	809.000000	9.984145	-10.157719
847	847	0	0	0	4	0	10.319551	-9.465225	0	0	757.000000	9.984145	-10.157719
848	848	0	0	0	4	0	10.362872	-9.546504	0	0	734.000000	9.984145	-10.157719
849	849	0	0	0	4	0	10.261773	-9.795897	0	0	747.000000	9.984145	-10.157719
850	850	0	0	0	4	0	10.163502	-10.001510	0	0	753.000000	9.984145	-10.157719
851	851	0	0	0	4	0	10.033343	-9.807489	0	0	765.000000	9.984145	-10.157719
852	852	0	0	0	4	0	10.212645	-9.546504	0	0	738.000000	9.984145	-10.157719
853	853	0	0	0	4	0	10.414840	-9.558111	0	0	713.000000	9.984145	-10.157719
854	854	0	0	0	4	0	10.143261	-9.755322	0	0	735.000000	9.984145	-10.157719
855	855	0	0	0	4	0	10.070955	-9.987039	0	0	739.000000	9.984145	-10.157719
856	856	0	0	0	4	0	9.914663	-9.813282	0	0	763.000000	-9.984145	10.157719
857	857	0	0	0	4	0	10.123020	-9.427476	0	0	740.000000	-9.984145	10.157719
858	858	0	0	0	4	0	10.270441	-9.401339	0	0	717.000000	-9.984145	10.157719
859	859	0	0	0	4	0	9.969672	-9.653846	0	0	738.000000	-9.984145	10.157719
860	860	0	0	0	4	0	9.848048	-9.813282	0	0	754.000000	-9.984145	10.157719
861	861	0	0	0	4	0	9.732134	-9.679947	0	0	775.000000	-9.984145	10.157719
862	862	0	0	0	4	0	8.880659	-7.439191	0	0	770.000000	-9.984145	10.157719
863	863	0	0	0	4	0	-1.476830	4.674723	0	0	718.000000	-9.984145	10.157719
864	864	0	0	0	4	0	-10.062278	9.619040	0	0	703.000000	-9.984145	10.157719
865	865	0	0	0	4	0	-12.998104	10.976701	0	0	699.000000	-9.984145	10.157719
866	866	0	0	0	4	0	-12.805299	10.775248	0	0	685.000000	-9.984145	10.157719
867	867	0	0	0	4	0	-12.498470	10.510069	0	0	691.000000	-9.984145	10.157719
868	868	0	0	0	4	0	-12.359020	10.397518	0	0	686.000000	-9.984145	10.157719
869	869	0	0	0	4	0	-10.717639	10.806922	0	0	684.000000	-9.984145	10.157719
870	870	0	0	0	4	0	-10.489875	10.527377	0	0	669.000000	-9.984145	10.157719
871	871	0	0	0	4	0	-10.351321	10.469676	0	0	666.000000	-9.984145	10.157719
872	872	0	0	0	4	0	-10.209755	10.357097	0	0	679.000000	-9.984145	10.157719
873	873	0	0	0	4	0	-10.143261	10.339769	0	0	683.000000	-9.984145	10.157719
874	874	0	0	0	4	0	-10.151937	10.391746	0	0	674.000000	-9.984145	10.157719
875	875	0	0	0	4	0	-10.206864	10.423500	0	0	662.000000	-9.984145	10.157719
876	876	0	0	0	4	0	-10.149045	10.397518	0	0	664.000000	-9.984145	10.157719
877	877	0	0	0	4	0	-9.952303	10.221315	0	0	676.000000	-9.984145	10.157719
878	878	0	0	0	4	0	-9.905975	10.250216	0	0	673.000000	-9.984145	10.157719
879	879	0	0	0	4	0	-9.937828	10.273331	0	0	667.000000	-9.984145	10.157719
880	880	0	0	0	4	0	-9.949408	10.325329	0	0	657.000000	-9.984145	10.157719
881	881	0	0	0	4	0	-9.989934	10.331105	0	0	652.000000	-9.984145	10.157719
882	882	0	0	0	4	0	-9.801693	10.166392	0	0	671.000000	-9.984145	10.157719
883	883	0	0	0	4	0	-9.755322	10.137479	0	0	674.000000	-9.984145	10.157719
884	884	0	0	0	4	0	-9.766917	10.195302	0	0	668.000000	-9.984145	10.157719
885	885	0	0	0	4	0	-9.821976	10.247325	0	0	664.000000	-9.984145	10.157719
886	886	0	0	0	4	0	-9.874119	10.264663	0	0	661.000000	-9.984145	-10.157719
887	887	0	0	0	4	0	-9.703142	10.128803	0	0	675.000000	-9.984145	-10.157719
888	888	0	0	0	4	0	-9.682845	10.183740	0	0	676.000000	-9.984145	-10.157719
889	889	0	0	0	4	0	-10.383083	10.945063	0	0	677.000000	-9.984145	-10.157719
890	890	0	0	0	4	0	-10.510070	11.074450	0	0	670.000000	-9.984145	-10.157719
891	891	0	0	0	4	0	-10.634068	11.166392	0	0	668.000000	-9.984145	-10.157719
892	892	0	0	0	4	0	-10.449475	10.896152	0	0	671.000000	-9.984145	-10.157719
893	893	0	0	0	4	0	-10.391745	10.818439	0	0	680.000000	-9.984145	-10.157719
894	894	0	0	0	4	0	-10.362871	9.677046	0	0	685.000000	-9.984145	-10.157719
895	895	0	0	0	4	0	-10.907661	2.168445	0	0	699.000000	-9.984145	-10.157719
896	896	0	0	0	4	0	-10.507184	-4.834761	0	0	755.000000	-9.984145	-10.157719
897	897	0	0	0	4	0	-10.015980	-8.513254	0	0	781.000000	-9.984145	-10.157719
898	898	0	0	0	4	0	-9.981251	-8.510335	0	0	754.000000	-9.984145	-10.157719
899	899	0	0	0	4	0	-10.143261	-8.548275	0	0	743.000000	-9.984145	-10.157719
900	900	0	0	0	4	0	-10.111451	-8.659137	0	0	751.000000	-9.984145	-10.157719
901	901	0	0	0	4	0	-10.111451	-8.694130	0	0	766.000000	-9.984145	-10.157719
902	902	0	0	0	4	0	-10.047811	-8.662052	0	0	784.000000	-9.984145	-10.157719
903	903	0	0	0	4	0	-10.151937	-9.002966	0	0	772.000000	-9.984145	-10.157719
904	904	0	0	0	4	0	-10.310885	-9.708941	0	0	752.000000	-9.984145	-10.157719
905	905	0	0	0	4	0	-10.209755	-9.920454	0	0	753.000000	-9.984145	-10.157719
906	906	0	0	0	4	0	-10.120129	-10.068063	0	0	760.000000	-9.984145	-10.157719
907	907	0	0	0	4	0	-9.960988	-10.094096	0	0	772.000000	-9.984145	-10.157719
908	908	0	0	0	4	0	-10.073847	-9.882808	0	0	754.000000	-9.984145	-10.157719
909	909	0	0	0	4	0	-10.305108	-9.845153	0	0	729.000000	-9.984145	-10.157719
910	910	0	0	0	4	0	-10.279109	-9.978354	0	0	733.000000	-9.984145	-10.157719
911	911	0	0	0	4	0	-10.177958	-10.088311	0	0	740.000000	-9.984145	-10.157719
912	912	0	0	0	4	0	-9.987039	-10.091205	0	0	757.000000	-9.984145	-10.157719
913	913	0	0	0	4	0	-10.021769	-9.801693	0	0	744.000000	-9.984145	-10.157719
914	914	0	0	0	4	0	-10.215536	-9.700244	0	0	728.000000	-9.984145	-10.157719
915	915	0	0	0	4	0	-10.140371	-9.856738	0	0	724.000000	-9.984145	-10.157719
916	916	0	0	0	4	0	-10.010193	-9.920454	0	0	739.000000	-9.984145	-10.157719
917	917	0	0	0	4	0	-9.827769	-10.013087	0	0	749.000000	9.984145	-10.157719
918	918	0	0	0	4	0	-9.874119	-9.816180	0	0	753.000000	9.984145	-10.157719
919	919	0	0	0	4	0	-10.036237	-9.720539	0	0	734.000000	9.984145	-10.157719
920	920	0	0	0	4	0	-10.018875	-9.833564	0	0	732.000000	9.984145	-10.157719
921	921	0	0	0	4	0	-9.900184	-10.047811	0	0	742.000000	9.984145	-10.157719
922	922	0	0	0	4	0	-9.729235	-10.027556	0	0	751.000000	9.984145	-10.157719
923	923	0	0	0	4	0	-9.555209	-9.862532	0	0	757.000000	9.984145	-10.157719
924	924	0	0	0	4	0	-1.062237	-8.685382	0	0	639.000000	9.984145	-10.157719
925	925	0	0	0	4	0	7.330600	-9.821976	0	0	729.000000	9.984145	-10.157719
926	926	0	0	0	4	0	9.517479	-10.186629	0	0	745.000000	9.984145	-10.157719
927	927	0	0	0	4	0	9.386814	-10.579290	0	0	756.000000	9.984145	-10.157719
928	928	0	0	0	4	0	9.366480	-10.229987	0	0	770.000000	9.984145	-10.157719
929	929	0	0	0	4	0	9.659646	-10.050704	0	0	725.000000	9.984145	-10.157719
930	930	0	0	0	4	0	9.665446	-10.123019	0	0	711.000000	9.984145	-10.157719
931	931	0	0	0	4	0	9.447803	-10.411952	0	0	738.000000	9.984145	-10.157719
932	932	0	0	0	4	0	9.450708	-10.677300	0	0	732.000000	9.984145	-10.157719
933	933	0	0	0	4	0	9.645144	-10.224206	0	0	739.000000	9.984145	-10.157719
934	934	0	0	0	4	0	10.345545	-9.856738	0	0	710.000000	9.984145	-10.157719
935	935	0	0	0	4	0	10.481218	-9.949408	0	0	680.000000	9.984145	-10.157719
936	936	0	0	0	4	0	10.302220	-10.180848	0	0	695.000000	9.984145	-10.157719
937	937	0	0	0	4	0	10.203974	-10.501415	0	0	705.000000	9.984145	-10.157719
938	938	0	0	0	4	0	10.125911	-10.221315	0	0	711.000000	9.984145	-10.157719
939	939	0	0	0	4	0	10.342657	-9.868325	0	0	687.000000	9.984145	-10.157719
940	940	0	0	0	4	0	10.475447	-9.963881	0	0	670.000000	9.984145	-10.157719
941	941	0	0	0	4	0	10.354209	-10.140371	0	0	686.000000	9.984145	-10.157719
942	942	0	0	0	4	0	10.235765	-10.400407	0	0	698.000000	9.984145	-10.157719
943	943	0	0	0	4	0	10.088312	-10.276219	0	0	720.000000	9.984145	-10.157719
944	944	0	0	0	4	0	10.241546	-9.966779	0	0	707.000000	9.984145	-10.157719
945	945	0	0	0	4	0	10.455248	-9.900184	0	0	681.000000	9.984145	-10.157719
946	946	0	0	0	4	0	10.221315	-10.172175	0	0	686.000000	9.984145	-10.157719
947	947	0	0	0	4	0	10.172175	-10.394632	0	0	699.000000	9.984145	10.157719
948	948	0	0	0	4	0	10.007298	-10.354208	0	0	721.000000	9.984145	10.157719
949	949	0	0	0	4	0	10.160611	-9.972566	0	0	719.000000	9.984145	10.157719
950	950	0	0	0	4	0	10.420613	-9.908873	0	0	683.000000	9.984145	10.157719
951	951	0	0	0	4	0	10.235765	-10.177958	0	0	699.000000	9.984145	10.157719
952	952	0	0	0	4	0	10.134586	-10.397518	0	0	713.000000	9.984145	10.157719
953	953	0	0	0	4	0	10.033343	-10.342658	0	0	728.000000	9.984145	10.157719
954	954	0	0	0	4	0	9.624842	-1.873381	0	0	728.000000	9.984145	10.157719
955	955	0	0	0	4	0	9.375196	6.501286	0	0	705.000000	9.984145	10.157719
956	956	0	0	0	4	0	9.639344	8.629968	0	0	692.000000	9.984145	10.157719
957	957	0	0	0	4	0	9.766917	8.717458	0	0	665.000000	9.984145	10.157719
958	958	0	0	0	4	0	9.833564	8.419831	0	0	684.000000	9.984145	10.157719
959	959	0	0	0	4	0	9.645144	8.241619	0	0	715.000000	9.984145	10.157719
960	960	0	0	0	4	0	9.679947	8.390627	0	0	700.000000	9.984145	10.157719
961	961	0	0	0	4	0	10.053596	10.131694	0	0	675.000000	9.984145	10.157719
962	962	0	0	0	4	0	10.082526	10.481218	0	0	640.000000	9.984145	10.157719
963	963	0	0	0	4	0	10.177957	10.406179	0	0	630.000000	9.984145	10.157719
964	964	0	0	0	4	0	9.975461	9.963881	0	0	675.000000	9.984145	10.157719
965	965	0	0	0	4	0	9.946512	9.926246	0	0	671.000000	9.984145	10.157719
966	966	0	0	0	4	0	10.010192	10.082526	0	0	657.000000	9.984145	10.157719
967	967	0	0	0	4	0	10.073848	10.365760	0	0	631.000000	9.984145	10.157719
968	968	0	0	0	4	0	10.163502	10.388858	0	0	618.000000	9.984145	10.157719
969	969	0	0	0	4	0	10.021769	9.926246	0	0	664.000000	9.984145	10.157719
970	970	0	0	0	4	0	9.960987	9.836461	0	0	674.000000	9.984145	10.157719
971	971	0	0	0	4	0	10.004404	9.992828	0	0	664.000000	9.984145	10.157719
972	972	0	0	0	4	0	10.099881	10.255995	0	0	638.000000	9.984145	10.157719
973	973	0	0	0	4	0	10.189521	10.267551	0	0	623.000000	9.984145	10.157719
974	974	0	0	0	4	0	10.042024	9.836461	0	0	672.000000	9.984145	10.157719
975	975	0	0	0	4	0	9.972567	9.743730	0	0	684.000000	9.984145	10.157719
976	976	0	0	0	4	0	9.940722	9.868325	0	0	677.000000	9.984145	10.157719
977	977	0	0	0	4	0	10.036237	10.169284	0	0	655.000000	-9.984145	10.157719
978	978	0	0	0	4	0	10.082526	10.195302	0	0	635.000000	-9.984145	10.157719
979	979	0	0	0	4	0	9.975461	9.737932	0	0	683.000000	-9.984145	10.157719
980	980	0	0	0	4	0	9.856739	9.581325	0	0	704.000000	-9.984145	10.157719
981	981	0	0	0	4	0	9.827769	9.743730	0	0	695.000000	-9.984145	10.157719
982	982	0	0	0	4	0	9.879911	9.995723	0	0	667.000000	-9.984145	10.157719
983	983	0	0	0	4	0	9.920454	10.105666	0	0	643.000000	-9.984145	10.157719
984	984	0	0	0	4	0	-1.112949	10.010193	0	0	689.000000	-9.984145	10.157719
985	985	0	0	0	4	0	-9.444901	11.077326	0	0	678.000000	-9.984145	10.157719
986	986	0	0	0	4	0	-10.033344	11.407457	0	0	683.000000	-9.984145	10.157719
987	987	0	0	0	4	0	-9.903081	11.484858	0	0	671.000000	-9.984145	10.157719
988	988	0	0	0	4	0	-9.888600	11.476260	0	0	665.000000	-9.984145	10.157719
989	989	0	0	0	4	0	-9.769814	11.373044	0	0	664.000000	-9.984145	10.157719
990	990	0	0	0	4	0	-10.287776	11.304193	0	0	676.000000	-9.984145	10.157719
991	991	0	0	0	4	0	-10.677300	11.295585	0	0	664.000000	-9.984145	10.157719
992	992	0	0	0	4	0	-10.711878	11.330017	0	0	660.000000	-9.984145	10.157719
993	993	0	0	0	4	0	-10.746447	11.387385	0	0	648.000000	-9.984145	10.157719
994	994	0	0	0	4	0	-10.749326	11.321410	0	0	644.000000	-9.984145	10.157719
995	995	0	0	0	4	0	-10.593707	11.195112	0	0	647.000000	-9.984145	10.157719
996	996	0	0	0	4	0	-10.564871	11.154902	0	0	643.000000	-9.984145	10.157719
997	997	0	0	0	4	0	-10.582174	11.134794	0	0	638.000000	-9.984145	10.157719
998	998	0	0	0	4	0	-10.599474	11.108935	0	0	629.000000	-9.984145	10.157719
999	999	0	0	0	4	0	-10.567757	11.048582	0	0	630.000000	-9.984145	10.157719
1000	1000	0	0	0	4	0	-10.409066	10.881763	0	0	637.000000	-9.984145	10.157719
1001	1001	0	0	0	4	0	-10.380197	10.858740	0	0	635.000000	-9.984145	10.157719
1002	1002	0	0	0	4	0	-10.380197	10.916293	0	0	633.000000	-9.984145	10.157719
1003	1003	0	0	0	4	0	-10.458134	10.910539	0	0	628.000000	-9.984145	10.157719
1004	1004	0	0	0	4	0	-10.461019	10.824197	0	0	624.000000	-9.984145	10.157719
1005	1005	0	0	0	4	0	-10.336882	10.622539	0	0	631.000000	-9.984145	10.157719
1006	1006	0	0	0	4	0	-10.270442	10.611006	0	0	638.000000	-9.984145	10.157719
1007	1007	0	0	0	4	0	-10.250216	10.671537	0	0	633.000000	-9.984145	10.157719
1008	1008	0	0	0	4	0	-10.305108	10.683064	0	0	633.000000	0.000000	0.000000
1009	1009	0	0	0	4	0	-10.331105	10.668654	0	0	628.000000	0.000000	0.000000
1010	1010	0	0	0	4	0	-10.180848	10.521608	0	0	641.000000	0.000000	0.000000
1011	1011	0	0	0	4	0	-10.134587	10.486989	0	0	650.000000	0.000000	0.000000
1012	1012	0	0	0	4	0	-10.094096	10.446589	0	0	644.000000	0.000000	0.000000
1013	1013	0	0	0	4	0	-10.088311	10.475447	0	0	638.000000	0.000000	0.000000
1014	1014	0	0	0	4	0	-10.073847	10.409066	0	0	640.000000	0.000000	0.000000
1015	1015	0	0	0	4	0	-5.015452	4.585782	0	0	699.000000	0.000000	0.000000
1016	1016	0	0	0	4	0	0.095493	-0.047747	0	0	705.000000	0.000000	0.000000
1017	1017	0	0	0	4	0	0.429710	-1.032406	0	0	685.000000	0.000000	0.000000
1018	1018	0	0	0	4	0	0.375998	-1.557346	0	0	706.000000	0.000000	0.000000
1019	1019	0	0	0	4	0	0.417774	-1.584183	0	0	719.000000	0.000000	0.000000
1020	1020	0	0	0	4	0	0.531164	-1.315781	0	0	741.000000	0.000000	0.000000
1021	1021	0	0	0	4	0	-0.116383	0.370030	0	0	719.000000	0.000000	0.000000
1022	1022	0	0	0	4	0	-0.167111	0.358094	0	0	697.000000	0.000000	0.000000
1023	1023	0	0	0	4	0	-0.170097	-0.080573	0	0	705.000000	0.000000	0.000000
1024	1024	0	0	0	4	0	-0.173080	-0.232762	0	0	721.000000	0.000000	0.000000
1025	1025	0	0	0	4	0	-0.077587	-0.220826	0	0	730.000000	0.000000	0.000000
1026	1026	0	0	0	4	0	-0.053714	0.304381	0	0	709.000000	0.000000	0.000000
1027	1027	0	0	0	4	0	-0.173080	1.014507	0	0	647.000000	0.000000	0.000000
1028	1028	0	0	0	4	0	-0.208890	0.310349	0	0	647.000000	0.000000	0.000000
1029	1029	0	0	0	4	0	-0.223811	-0.176064	0	0	656.000000	0.000000	0.000000
1030	1030	0	0	0	4	0	-0.080573	-0.265588	0	0	689.000000	0.000000	0.000000
1031	1031	0	0	0	4	0	-0.014921	0.179049	0	0	668.000000	0.000000	0.000000
1032	1032	0	0	0	4	0	-0.146224	0.939925	0	0	620.000000	0.000000	0.000000
1033	1033	0	0	0	4	0	-0.185017	0.381966	0	0	631.000000	0.000000	0.000000
1034	1034	0	0	0	4	0	-0.235748	-0.080573	0	0	636.000000	0.000000	0.000000
1035	1035	0	0	0	4	0	-0.095493	-0.295429	0	0	665.000000	0.000000	0.000000
1036	1036	0	0	0	4	0	-0.041779	0.083556	0	0	678.000000	0.000000	0.000000
1037	1037	0	0	0	4	0	-0.137270	0.781801	0	0	640.000000	0.000000	0.000000
1038	1038	0	0	0	4	0	-0.214859	0.465518	0	0	643.000000	0.000000	0.000000
1039	1039	0	0	0	4	0	-0.235748	-0.092509	0	0	655.000000	0.000000	0.000000
1040	1040	0	0	0	4	0	-0.167111	-0.361078	0	0	691.000000	0.000000	0.000000
1041	1041	0	0	0	4	0	-0.083556	-0.059683	0	0	694.000000	0.000000	0.000000
1042	1042	0	0	0	4	0	-0.092508	0.316317	0	0	670.000000	0.000000	0.000000
1043	1043	0	0	0	4	0	-0.193969	0.092509	0	0	684.000000	0.000000	0.000000
1044	1044	0	0	0	4	0	-0.262603	-0.274541	0	0	674.000000	0.000000	0.000000
1045	1045	0	0	0	4	0	-0.241714	-0.408823	0	0	710.000000	0.000000	0.000000
1046	1046	0	0	0	4	0	-0.089525	-0.179049	0	0	719.000000	0.000000	0.000000
1047	1047	0	0	0	4	0	-0.182032	0.495358	0	0	679.000000	0.000000	0.000000
1048	1048	0	0	0	4	0	-0.262603	0.059683	0	0	679.000000	0.000000	0.000000
1049	1049	0	0	0	4	0	-0.289461	-0.244700	0	0	690.000000	0.000000	0.000000
1050	1050	0	0	0	4	0	-0.271555	-0.468502	0	0	711.000000	0.000000	0.000000
1051	1051	0	0	0	4	0	-0.134287	-0.334222	0	0	744.000000	0.000000	0.000000
1052	1052	0	0	0	4	0	-0.217842	0.283492	0	0	703.000000	0.000000	0.000000
1053	1053	0	0	0	4	0	-0.310350	0.492373	0	0	667.000000	0.000000	0.000000
1054	1054	0	0	0	4	0	-0.316317	-0.271556	0	0	701.000000	0.000000	0.000000
1055	1055	0	0	0	4	0	-0.259620	-0.471486	0	0	715.000000	0.000000	0.000000
1056	1056	0	0	0	4	0	-0.125335	-0.375998	0	0	731.000000	0.000000	0.000000
1057	1057	0	0	0	4	0	-0.199938	0.253652	0	0	707.000000	0.000000	0.000000
1058	1058	0	0	0	4	0	-0.289461	0.396886	0	0	685.000000	0.000000	0.000000
1059	1059	0	0	0	4	0	-0.313333	-0.328253	0	0	708.000000	0.000000	0.000000
1060	1060	0	0	0	4	0	-0.295429	-0.447614	0	0	709.000000	0.000000	0.000000
1061	1061	0	0	0	4	0	-0.146224	-0.480438	0	0	730.000000	0.000000	0.000000
1062	1062	0	0	0	4	0	-0.217842	0.125335	0	0	711.000000	0.000000	0.000000
1063	1063	0	0	0	4	0	-0.274541	0.331238	0	0	676.000000	0.000000	0.000000
1064	1064	0	0	0	4	0	-0.331237	-0.277524	0	0	692.000000	0.000000	0.000000
1065	1065	0	0	0	4	0	-0.313333	-0.373014	0	0	699.000000	0.000000	0.000000
1066	1066	0	0	0	4	0	-0.256635	-0.393903	0	0	739.000000	0.000000	0.000000
1067	1067	0	0	0	4	0	-0.226794	0.047747	0	0	720.000000	0.000000	0.000000
