RowNumber	TimeStamp	X_Position_Degree_Right_Eye	Y_Position_Degree_Right_Eye	Distance_From_RightEye	Validity_Right_Eye	Pupil_Diameter_RightEye	X_Position_Degree_Left_Eye	Y_Position_Degree_Left_Eye	Distance_From_LeftEye	Validity_Left_Eye	Pupil_Diameter_LeftEye	Target X	Target Y
0	0	0	0	0	4	0	4.734005	7.656208	0	0	1310.000000	0.000000	0.000000
1	1	0	0	0	4	0	4.502750	7.433322	0	0	1344.000000	0.000000	0.000000
2	2	0	0	0	4	0	4.668794	7.544793	0	0	1358.000000	0.000000	0.000000
3	3	0	0	0	4	0	4.766605	7.588779	0	0	1322.000000	0.000000	0.000000
4	4	0	0	0	4	0	4.917713	7.535995	0	0	1314.000000	0.000000	0.000000
5	5	0	0	0	4	0	4.814019	7.277753	0	0	1294.000000	0.000000	0.000000
6	6	0	0	0	4	0	4.458261	6.925129	0	0	1357.000000	0.000000	0.000000
7	7	0	0	0	4	0	4.333663	6.839832	0	0	1377.000000	0.000000	0.000000
8	8	0	0	0	4	0	1.172609	2.341258	0	0	1461.000000	0.000000	0.000000
9	9	0	0	0	4	0	1.154712	1.760098	0	0	1467.000000	0.000000	0.000000
10	10	0	0	0	4	0	1.166644	1.742209	0	0	1483.000000	0.000000	0.000000
11	11	0	0	0	4	0	1.026439	1.789911	0	0	1529.000000	0.000000	0.000000
12	12	0	0	0	4	0	0.960808	1.724321	0	0	1522.000000	0.000000	0.000000
13	13	0	0	0	4	0	0.987658	1.679598	0	0	1494.000000	0.000000	0.000000
14	14	0	0	0	4	0	0.250667	0.901141	0	0	1517.000000	0.000000	0.000000
15	15	0	0	0	4	0	0.214859	0.817603	0	0	1534.000000	0.000000	0.000000
16	16	0	0	0	4	0	0.125335	0.913074	0	0	1561.000000	0.000000	0.000000
17	17	0	0	0	4	0	0.182033	0.919041	0	0	1557.000000	0.000000	0.000000
18	18	0	0	0	4	0	0.196954	0.835504	0	0	1532.000000	0.000000	0.000000
19	19	0	0	0	4	0	0.161144	0.760915	0	0	1530.000000	0.000000	0.000000
20	20	0	0	0	4	0	-2.302528	-6.936892	0	0	1174.000000	0.000000	0.000000
21	21	0	0	0	4	0	-90.000000	-90.000000	0	4	0.000000	0.000000	0.000000
22	22	0	0	0	4	0	-90.000000	-90.000000	0	4	0.000000	0.000000	0.000000
23	23	0	0	0	4	0	-90.000000	-90.000000	0	4	0.000000	0.000000	0.000000
24	24	0	0	0	4	0	-2.120764	-9.226979	0	0	950.000000	0.000000	0.000000
25	25	0	0	0	4	0	0.459550	0.811636	0	0	1536.000000	0.000000	0.000000
26	26	0	0	0	4	0	-0.047746	0.710192	0	0	1567.000000	0.000000	0.000000
27	27	0	0	0	4	0	0.026857	0.725111	0	0	1557.000000	0.000000	0.000000
28	28	0	0	0	4	0	0.065652	0.626648	0	0	1523.000000	0.000000	0.000000
29	29	0	0	0	4	0	0.017905	0.534148	0	0	1514.000000	0.000000	0.000000
30	30	0	0	0	4	0	0.002984	0.495358	0	0	1528.000000	-0.141218	0.143674
31	31	0	0	0	4	0	-0.059683	0.522213	0	0	1552.000000	-0.607239	0.617796
32	32	0	0	0	4	0	-0.101462	0.561003	0	0	1559.000000	-1.073260	1.091919
33	33	0	0	0	4	0	-0.176065	0.754947	0	0	1526.000000	-1.539281	1.566041
34	34	0	0	0	4	0	-0.113397	0.698258	0	0	1524.000000	-2.005302	2.040164
35	35	0	0	0	4	0	-0.110414	0.602777	0	0	1500.000000	-2.471323	2.514287
36	36	0	0	0	4	0	-0.202921	0.638583	0	0	1519.000000	-2.937344	2.988410
37	37	0	0	0	4	0	-0.229779	0.683339	0	0	1522.000000	-3.403365	3.462532
38	38	0	0	0	4	0	-2.996341	4.102158	0	0	1421.000000	-3.869386	3.936655
39	39	0	0	0	4	0	-3.356314	4.354432	0	0	1386.000000	-4.335407	4.410778
40	40	0	0	0	4	0	-3.430656	4.419699	0	0	1353.000000	-4.801428	4.884900
41	41	0	0	0	4	0	-3.623892	4.511647	0	0	1369.000000	-5.267448	5.359023
42	42	0	0	0	4	0	-3.802191	4.689544	0	0	1402.000000	-5.733469	5.833145
43	43	0	0	0	4	0	-3.953687	4.982875	0	0	1408.000000	-6.199491	6.307268
44	44	0	0	0	4	0	-5.388362	6.492447	0	0	1364.000000	-6.665511	6.781391
45	45	0	0	0	4	0	-5.675136	6.866306	0	0	1363.000000	-7.131532	7.255513
46	46	0	0	0	4	0	-5.790357	6.898661	0	0	1363.000000	-7.597553	7.729636
47	47	0	0	0	4	0	-5.946863	7.028034	0	0	1409.000000	-8.063574	8.203758
48	48	0	0	0	4	0	-6.056070	7.310050	0	0	1414.000000	-8.529595	8.677881
49	49	0	0	0	4	0	-6.076726	7.541861	0	0	1388.000000	-8.995616	9.152004
50	50	0	0	0	4	0	-6.353947	7.577051	0	0	1398.000000	-9.461637	9.626126
51	51	0	0	0	4	0	-8.446110	9.517480	0	0	1364.000000	-9.927658	10.100249
52	52	0	0	0	4	0	-8.559948	9.471032	0	0	1398.000000	-9.984145	10.157719
53	53	0	0	0	4	0	-8.624135	9.633543	0	0	1415.000000	-9.984145	10.157719
54	54	0	0	0	4	0	-8.767015	9.981250	0	0	1381.000000	-9.984145	10.157719
55	55	0	0	0	4	0	-8.673718	9.761121	0	0	1378.000000	-9.984145	10.157719
56	56	0	0	0	4	0	-9.261864	10.307998	0	0	1388.000000	-9.984145	10.157719
57	57	0	0	0	4	0	-9.482646	10.458133	0	0	1412.000000	-9.984145	10.157719
58	58	0	0	0	4	0	-9.656746	10.711877	0	0	1427.000000	-9.984145	10.157719
59	59	0	0	0	4	0	-9.706043	11.088820	0	0	1380.000000	-9.984145	10.157719
60	60	0	0	0	4	0	-9.581324	10.772367	0	0	1388.000000	-9.984145	10.157719
61	61	0	0	0	4	0	-9.601633	10.628304	0	0	1392.000000	-9.984145	10.157719
62	62	0	0	0	4	0	-9.610336	10.383083	0	0	1424.000000	-9.984145	10.157719
63	63	0	0	0	4	0	-9.688644	10.671537	0	0	1431.000000	-9.984145	10.157719
64	64	0	0	0	4	0	-9.755322	10.838591	0	0	1387.000000	-9.984145	10.157719
65	65	0	0	0	4	0	-9.650946	10.832833	0	0	1384.000000	-9.984145	10.157719
66	66	0	0	0	4	0	-9.659645	10.708997	0	0	1388.000000	-9.984145	10.157719
67	67	0	0	0	4	0	-9.546504	10.417727	0	0	1426.000000	-9.984145	10.157719
68	68	0	0	0	4	0	-9.648046	10.585057	0	0	1465.000000	-9.984145	10.157719
69	69	0	0	0	4	0	-9.769814	11.074450	0	0	1418.000000	-9.984145	10.157719
70	70	0	0	0	4	0	-9.584227	10.772367	0	0	1416.000000	-9.984145	10.157719
71	71	0	0	0	4	0	-9.595830	10.570640	0	0	1404.000000	-9.984145	10.157719
72	72	0	0	0	4	0	-9.508772	10.137479	0	0	1451.000000	-9.984145	10.157719
73	73	0	0	0	4	0	-9.491355	10.215536	0	0	1491.000000	-9.984145	10.157719
74	74	0	0	0	4	0	-9.607435	10.547568	0	0	1454.000000	-9.984145	10.157719
75	75	0	0	0	4	0	-9.511675	10.544683	0	0	1432.000000	-9.984145	10.157719
76	76	0	0	0	4	0	-9.325803	10.299332	0	0	1420.000000	-9.984145	10.157719
77	77	0	0	0	4	0	-9.253143	9.955198	0	0	1470.000000	-9.984145	10.157719
78	78	0	0	0	4	0	-9.212442	9.908873	0	0	1482.000000	-9.984145	10.157719
79	79	0	0	0	4	0	-9.241516	10.111450	0	0	1495.000000	-9.984145	10.157719
80	80	0	0	0	4	0	-9.308369	10.247325	0	0	1469.000000	-9.984145	10.157719
81	81	0	0	0	4	0	-9.168821	10.065169	0	0	1442.000000	-9.984145	10.157719
82	82	0	0	0	4	0	-9.113552	9.868325	0	0	1478.000000	-9.671111	9.839242
83	83	0	0	0	4	0	-9.072818	9.798795	0	0	1520.000000	-9.127419	9.286099
84	84	0	0	0	4	0	-9.090278	9.949408	0	0	1520.000000	-8.583729	8.732956
85	85	0	0	0	4	0	-9.084458	9.987039	0	0	1482.000000	-8.040038	8.179813
86	86	0	0	0	4	0	-9.026253	9.923349	0	0	1483.000000	-7.496346	7.626670
87	87	0	0	0	4	0	-8.953470	9.569718	0	0	1499.000000	-6.952655	7.073527
88	88	0	0	0	4	0	-8.871921	9.447803	0	0	1546.000000	-6.408965	6.520384
89	89	0	0	0	4	0	-8.816561	9.404243	0	0	1541.000000	-5.865273	5.967241
90	90	0	0	0	4	0	-7.585847	8.749526	0	0	1518.000000	-5.321582	5.414098
91	91	0	0	0	4	0	-3.772479	5.172365	0	0	1583.000000	-4.777891	4.860954
92	92	0	0	0	4	0	-3.638753	4.677688	0	0	1544.000000	-4.234200	4.307811
93	93	0	0	0	4	0	-3.493096	4.449362	0	0	1609.000000	-3.690509	3.754668
94	94	0	0	0	4	0	-3.284935	4.357399	0	0	1618.000000	-3.146818	3.201525
95	95	0	0	0	4	0	-3.023126	4.045745	0	0	1586.000000	-2.603127	2.648382
96	96	0	0	0	4	0	-2.773097	3.629837	0	0	1598.000000	-2.059436	2.095239
97	97	0	0	0	4	0	-2.546791	3.329549	0	0	1598.000000	-1.515745	1.542096
98	98	0	0	0	4	0	-2.436585	3.011221	0	0	1651.000000	-0.972054	0.988953
99	99	0	0	0	4	0	-1.444026	2.114805	0	0	1691.000000	-0.428363	0.435810
100	100	0	0	0	4	0	-1.017489	1.101017	0	0	1682.000000	0.000000	0.000000
101	101	0	0	0	4	0	-0.841472	0.990641	0	0	1674.000000	0.000000	0.000000
102	102	0	0	0	4	0	-0.686323	0.802685	0	0	1680.000000	0.000000	0.000000
103	103	0	0	0	4	0	-0.572939	0.659469	0	0	1710.000000	0.000000	0.000000
104	104	0	0	0	4	0	0.241715	0.253652	0	0	1712.000000	0.000000	0.000000
105	105	0	0	0	4	0	0.602777	-0.253652	0	0	1679.000000	0.000000	0.000000
106	106	0	0	0	4	0	0.605761	-0.370030	0	0	1676.000000	0.000000	0.000000
107	107	0	0	0	4	0	0.581890	-0.471486	0	0	1675.000000	0.000000	0.000000
108	108	0	0	0	4	0	-0.435678	0.250667	0	0	1694.000000	0.000000	0.000000
109	109	0	0	0	4	0	-0.370031	0.193969	0	0	1693.000000	0.000000	0.000000
110	110	0	0	0	4	0	-0.307365	0.068635	0	0	1658.000000	0.000000	0.000000
111	111	0	0	0	4	0	-0.375997	-0.017905	0	0	1639.000000	0.000000	0.000000
112	112	0	0	0	4	0	-0.489390	0.026857	0	0	1642.000000	0.000000	0.000000
113	113	0	0	0	4	0	-0.292444	0.355110	0	0	1649.000000	0.000000	0.000000
114	114	0	0	0	4	0	-0.295429	0.381966	0	0	1660.000000	0.000000	0.000000
115	115	0	0	0	4	0	-0.256635	0.367046	0	0	1615.000000	0.000000	0.000000
116	116	0	0	0	4	0	-0.247683	0.268572	0	0	1596.000000	0.000000	0.000000
117	117	0	0	0	4	0	-0.304381	0.274541	0	0	1602.000000	0.000000	0.000000
118	118	0	0	0	4	0	-0.259620	0.289461	0	0	1617.000000	0.000000	0.000000
119	119	0	0	0	4	0	-0.286476	0.256636	0	0	1612.000000	0.000000	0.000000
120	120	0	0	0	4	0	-0.226794	0.232762	0	0	1582.000000	0.000000	0.000000
121	121	0	0	0	4	0	-0.149207	0.104445	0	0	1557.000000	0.000000	0.000000
122	122	0	0	0	4	0	-0.140255	0.107430	0	0	1554.000000	0.000000	0.000000
123	123	0	0	0	4	0	-0.182032	0.119366	0	0	1575.000000	0.000000	0.000000
124	124	0	0	0	4	0	0.047747	0.092509	0	0	1572.000000	0.000000	0.000000
125	125	0	0	0	4	0	-0.026858	0.044762	0	0	1565.000000	0.000000	0.000000
126	126	0	0	0	4	0	-0.065652	-0.029842	0	0	1540.000000	0.000000	0.000000
127	127	0	0	0	4	0	-0.062667	-0.086540	0	0	1527.000000	0.000000	0.000000
128	128	0	0	0	4	0	-0.196953	-0.158159	0	0	1544.000000	0.000000	0.000000
129	129	0	0	0	4	0	-0.235748	-0.179049	0	0	1554.000000	0.000000	0.000000
130	130	0	0	0	4	0	-0.146224	-0.298413	0	0	1537.000000	0.000000	0.000000
131	131	0	0	0	4	0	-0.146224	-0.322285	0	0	1504.000000	-9.984145	10.157719
132	132	0	0	0	4	0	-0.286476	-0.116382	0	0	1501.000000	-9.984145	10.157719
133	133	0	0	0	4	0	-0.307365	-0.098477	0	0	1524.000000	-9.984145	10.157719
134	134	0	0	0	4	0	-0.319302	-0.083556	0	0	1528.000000	-9.984145	10.157719
135	135	0	0	0	4	0	-0.352126	-0.083556	0	0	1509.000000	-9.984145	10.157719
136	136	0	0	0	4	0	-0.331237	-0.077588	0	0	1484.000000	-9.984145	10.157719
137	137	0	0	0	4	0	-0.352126	0.014921	0	0	1472.000000	-9.984145	10.157719
138	138	0	0	0	4	0	-0.420758	-0.014921	0	0	1481.000000	-9.984145	10.157719
139	139	0	0	0	4	0	-0.674387	0.358094	0	0	1496.000000	-9.984145	10.157719
140	140	0	0	0	4	0	-7.089754	6.306781	0	0	1424.000000	-9.984145	10.157719
141	141	0	0	0	4	0	-10.665772	10.047811	0	0	1287.000000	-9.984145	10.157719
142	142	0	0	0	4	0	-10.293554	10.065169	0	0	1264.000000	-9.984145	10.157719
143	143	0	0	0	4	0	-10.137478	9.740830	0	0	1247.000000	-9.984145	10.157719
144	144	0	0	0	4	0	-10.033344	9.412955	0	0	1274.000000	-9.984145	10.157719
145	145	0	0	0	4	0	-10.050704	9.671247	0	0	1304.000000	-9.984145	10.157719
146	146	0	0	0	4	0	-10.079633	9.995723	0	0	1251.000000	-9.984145	10.157719
147	147	0	0	0	4	0	-10.018875	10.232876	0	0	1207.000000	-9.984145	10.157719
148	148	0	0	0	4	0	-9.891496	9.960987	0	0	1210.000000	-9.984145	10.157719
149	149	0	0	0	4	0	-9.848048	9.648046	0	0	1235.000000	-9.984145	10.157719
150	150	0	0	0	4	0	-9.911767	9.792999	0	0	1289.000000	-9.984145	10.157719
151	151	0	0	0	4	0	-10.027556	10.146152	0	0	1256.000000	-9.984145	10.157719
152	152	0	0	0	4	0	-10.007298	10.128803	0	0	1229.000000	-9.984145	10.157719
153	153	0	0	0	4	0	-9.952303	10.004404	0	0	1223.000000	-9.984145	10.157719
154	154	0	0	0	4	0	-9.891496	9.656746	0	0	1240.000000	-9.984145	10.157719
155	155	0	0	0	4	0	-9.790101	10.001511	0	0	1302.000000	-9.984145	10.157719
156	156	0	0	0	4	0	-9.781408	10.290666	0	0	1269.000000	-9.984145	10.157719
157	157	0	0	0	4	0	-9.787204	10.293553	0	0	1246.000000	-9.984145	10.157719
158	158	0	0	0	4	0	-9.685746	10.140370	0	0	1231.000000	-9.984145	10.157719
159	159	0	0	0	4	0	-9.706043	9.894392	0	0	1239.000000	-9.984145	10.157719
160	160	0	0	0	4	0	-9.688644	9.807488	0	0	1280.000000	-9.984145	10.157719
161	161	0	0	0	4	0	-9.859636	10.232876	0	0	1270.000000	0.000000	0.000000
162	162	0	0	0	4	0	-9.862532	10.397518	0	0	1212.000000	0.000000	0.000000
163	163	0	0	0	4	0	-9.749527	10.131694	0	0	1210.000000	0.000000	0.000000
164	164	0	0	0	4	0	-9.726336	9.764018	0	0	1236.000000	0.000000	0.000000
165	165	0	0	0	4	0	-9.746627	9.746627	0	0	1280.000000	0.000000	0.000000
166	166	0	0	0	4	0	-9.781408	10.140370	0	0	1275.000000	0.000000	0.000000
167	167	0	0	0	4	0	-9.616138	9.891496	0	0	1249.000000	0.000000	0.000000
168	168	0	0	0	4	0	-1.315780	3.320626	0	0	1379.000000	0.000000	0.000000
169	169	0	0	0	4	0	0.671404	-0.274541	0	0	1484.000000	0.000000	0.000000
170	170	0	0	0	4	0	0.438663	-0.555036	0	0	1491.000000	0.000000	0.000000
171	171	0	0	0	4	0	0.352126	-0.629632	0	0	1469.000000	0.000000	0.000000
172	172	0	0	0	4	0	0.411806	-0.725111	0	0	1440.000000	0.000000	0.000000
173	173	0	0	0	4	0	0.280508	-0.832520	0	0	1441.000000	0.000000	0.000000
174	174	0	0	0	4	0	-0.032825	-0.164128	0	0	1450.000000	0.000000	0.000000
175	175	0	0	0	4	0	-0.095493	-0.214859	0	0	1472.000000	0.000000	0.000000
176	176	0	0	0	4	0	-0.041779	-0.238731	0	0	1462.000000	0.000000	0.000000
177	177	0	0	0	4	0	-0.074604	-0.292444	0	0	1430.000000	0.000000	0.000000
178	178	0	0	0	4	0	-0.047746	-0.370030	0	0	1419.000000	0.000000	0.000000
179	179	0	0	0	4	0	0.038794	-0.155176	0	0	1436.000000	0.000000	0.000000
180	180	0	0	0	4	0	0.023873	-0.140255	0	0	1437.000000	0.000000	0.000000
181	181	0	0	0	4	0	0.092509	-0.173080	0	0	1428.000000	0.000000	0.000000
182	182	0	0	0	4	0	0.134287	-0.268572	0	0	1386.000000	0.000000	0.000000
183	183	0	0	0	4	0	0.104445	-0.277524	0	0	1370.000000	0.000000	0.000000
184	184	0	0	0	4	0	0.053714	-0.310349	0	0	1391.000000	0.000000	0.000000
185	185	0	0	0	4	0	-0.062667	-0.304381	0	0	1403.000000	0.000000	0.000000
186	186	0	0	0	4	0	0.205906	-0.101461	0	0	1389.000000	0.000000	0.000000
187	187	0	0	0	4	0	0.250667	-0.113397	0	0	1355.000000	0.000000	0.000000
188	188	0	0	0	4	0	0.214859	-0.235747	0	0	1359.000000	0.000000	0.000000
189	189	0	0	0	4	0	0.152192	-0.214859	0	0	1357.000000	0.000000	0.000000
190	190	0	0	0	4	0	0.155176	-0.253652	0	0	1370.000000	0.000000	0.000000
191	191	0	0	0	4	0	0.065652	-0.322285	0	0	1370.000000	-0.188025	-0.191294
192	192	0	0	0	4	0	0.122350	-0.325269	0	0	1347.000000	-0.808509	-0.822565
193	193	0	0	0	4	0	0.107430	-0.346158	0	0	1331.000000	-1.428993	-1.453835
194	194	0	0	0	4	0	0.008952	-0.396886	0	0	1336.000000	-2.049476	-2.085106
195	195	0	0	0	4	0	-0.119366	-0.325269	0	0	1357.000000	-2.669960	-2.716377
196	196	0	0	0	4	0	-0.110414	-0.334222	0	0	1375.000000	-3.290443	-3.347647
197	197	0	0	0	4	0	-0.143239	-0.381966	0	0	1343.000000	-3.910927	-3.978918
198	198	0	0	0	4	0	-1.697488	-1.709413	0	0	1334.000000	-4.531411	-4.610188
199	199	0	0	0	4	0	-3.570389	-4.209023	0	0	1347.000000	-5.151894	-5.241459
200	200	0	0	0	4	0	-7.063306	-5.698774	0	0	1359.000000	-5.772377	-5.872730
201	201	0	0	0	4	0	-7.180838	-6.153433	0	0	1368.000000	-6.392861	-6.504001
202	202	0	0	0	4	0	-7.301242	-6.359843	0	0	1369.000000	-7.013345	-7.135271
203	203	0	0	0	4	0	-7.512531	-6.574922	0	0	1346.000000	-7.633829	-7.766542
204	204	0	0	0	4	0	-7.764633	-6.819237	0	0	1338.000000	-8.254313	-8.397813
205	205	0	0	0	4	0	-7.957904	-7.013337	0	0	1370.000000	-8.874796	-9.029083
206	206	0	0	0	4	0	-8.112973	-7.207272	0	0	1379.000000	-9.495279	-9.660354
207	207	0	0	0	4	0	-8.153914	-8.522010	0	0	1362.000000	-9.984145	-10.157719
208	208	0	0	0	4	0	-8.454871	-9.020432	0	0	1346.000000	-9.984145	-10.157719
209	209	0	0	0	4	0	-8.615384	-9.180454	0	0	1337.000000	-9.984145	-10.157719
210	210	0	0	0	4	0	-9.407146	-9.441996	0	0	1342.000000	-9.984145	-10.157719
211	211	0	0	0	4	0	-10.085419	-9.871222	0	0	1348.000000	-9.984145	-10.157719
212	212	0	0	0	4	0	-10.143261	-9.955198	0	0	1332.000000	-9.984145	-10.157719
213	213	0	0	0	4	0	-10.267551	-10.053597	0	0	1320.000000	-9.984145	-10.157719
214	214	0	0	0	4	0	-10.406178	-10.102774	0	0	1323.000000	-9.984145	-10.157719
215	215	0	0	0	4	0	-10.556220	-10.082527	0	0	1339.000000	-9.984145	-10.157719
216	216	0	0	0	4	0	-10.634068	-10.154828	0	0	1342.000000	-9.984145	-10.157719
217	217	0	0	0	4	0	-10.151937	-10.128803	0	0	1337.000000	-9.984145	-10.157719
218	218	0	0	0	4	0	-10.166392	-10.229987	0	0	1321.000000	-9.984145	-10.157719
219	219	0	0	0	4	0	-10.177958	-10.267551	0	0	1318.000000	-9.984145	-10.157719
220	220	0	0	0	4	0	-10.149045	-10.206864	0	0	1326.000000	-9.984145	-10.157719
221	221	0	0	0	4	0	-10.192412	-10.348432	0	0	1328.000000	-9.984145	-10.157719
222	222	0	0	0	4	0	-10.082527	-10.359984	0	0	1314.000000	-9.984145	-10.157719
223	223	0	0	0	4	0	-10.134587	-10.388858	0	0	1302.000000	-9.984145	-10.157719
224	224	0	0	0	4	0	-10.166392	-10.374421	0	0	1303.000000	-9.984145	-10.157719
225	225	0	0	0	4	0	-10.198193	-10.406178	0	0	1311.000000	-9.984145	-10.157719
226	226	0	0	0	4	0	-9.969672	-10.258883	0	0	1319.000000	-9.984145	-10.157719
227	227	0	0	0	4	0	-9.737932	-10.096990	0	0	1312.000000	-9.984145	-10.157719
228	228	0	0	0	4	0	-9.737932	-10.123019	0	0	1304.000000	-9.984145	-10.157719
229	229	0	0	0	4	0	-9.816180	-10.157718	0	0	1295.000000	-9.984145	-10.157719
230	230	0	0	0	4	0	-9.784305	-10.273331	0	0	1285.000000	-9.984145	-10.157719
231	231	0	0	0	4	0	-9.903081	-10.322440	0	0	1304.000000	-9.984145	-10.157719
232	232	0	0	0	4	0	-9.989934	-10.305108	0	0	1293.000000	-9.984145	-10.157719
233	233	0	0	0	4	0	-10.007298	-10.258883	0	0	1278.000000	-9.984145	-10.157719
234	234	0	0	0	4	0	-10.088311	-10.050704	0	0	1281.000000	-9.984145	-10.157719
235	235	0	0	0	4	0	-9.081549	-8.229928	0	0	1263.000000	-9.984145	-10.157719
236	236	0	0	0	4	0	-8.956382	-8.004729	0	0	1277.000000	-9.984145	-10.157719
237	237	0	0	0	4	0	-9.055357	-8.250388	0	0	1288.000000	-9.984145	-10.157719
238	238	0	0	0	4	0	-9.151369	-8.340970	0	0	1264.000000	-9.348212	-9.510730
239	239	0	0	0	4	0	-9.209533	-8.463629	0	0	1242.000000	-8.648686	-8.799043
240	240	0	0	0	4	0	-9.273491	-8.536604	0	0	1241.000000	-7.949160	-8.087356
241	241	0	0	0	4	0	-9.305461	-8.600798	0	0	1261.000000	-7.249634	-7.375669
242	242	0	0	0	4	0	-9.229886	-8.454871	0	0	1270.000000	-6.550108	-6.663981
243	243	0	0	0	4	0	-9.241516	-8.352656	0	0	1253.000000	-5.850582	-5.952294
244	244	0	0	0	4	0	-8.720372	-8.095423	0	0	1244.000000	-5.151056	-5.240606
245	245	0	0	0	4	0	-6.833947	-6.728016	0	0	1235.000000	-4.451530	-4.528919
246	246	0	0	0	4	0	-5.441600	-4.790313	0	0	1247.000000	-3.752004	-3.817232
247	247	0	0	0	4	0	-3.620921	-2.630176	0	0	1244.000000	-3.052478	-3.105545
248	248	0	0	0	4	0	-3.323600	-2.481265	0	0	1229.000000	-2.352952	-2.393857
249	249	0	0	0	4	0	-3.216521	-2.707595	0	0	1213.000000	-1.653425	-1.682170
250	250	0	0	0	4	0	-2.942771	-2.585506	0	0	1209.000000	-0.953899	-0.970483
251	251	0	0	0	4	0	-2.740348	-2.347217	0	0	1205.000000	-0.254373	-0.258795
252	252	0	0	0	4	0	-0.346157	-1.306833	0	0	1243.000000	0.000000	0.000000
253	253	0	0	0	4	0	0.065652	-0.713176	0	0	1224.000000	0.000000	0.000000
254	254	0	0	0	4	0	0.229779	-0.748980	0	0	1197.000000	0.000000	0.000000
255	255	0	0	0	4	0	0.331238	-0.686323	0	0	1203.000000	0.000000	0.000000
256	256	0	0	0	4	0	0.247683	0.250667	0	0	1207.000000	0.000000	0.000000
257	257	0	0	0	4	0	0.313333	0.468502	0	0	1242.000000	0.000000	0.000000
258	258	0	0	0	4	0	0.483422	0.480438	0	0	1229.000000	0.000000	0.000000
259	259	0	0	0	4	0	0.665436	0.489389	0	0	1193.000000	0.000000	0.000000
260	260	0	0	0	4	0	0.629632	0.259620	0	0	1191.000000	0.000000	0.000000
261	261	0	0	0	4	0	0.641567	0.116382	0	0	1206.000000	0.000000	0.000000
262	262	0	0	0	4	0	0.572939	0.092509	0	0	1231.000000	0.000000	0.000000
263	263	0	0	0	4	0	0.602777	0.137271	0	0	1245.000000	0.000000	0.000000
264	264	0	0	0	4	0	-0.047746	-0.170097	0	0	1213.000000	0.000000	0.000000
265	265	0	0	0	4	0	-0.119366	-0.289461	0	0	1212.000000	0.000000	0.000000
266	266	0	0	0	4	0	-0.161145	-0.217842	0	0	1232.000000	0.000000	0.000000
267	267	0	0	0	4	0	-0.229779	-0.146223	0	0	1257.000000	0.000000	0.000000
268	268	0	0	0	4	0	-0.074604	0.059683	0	0	1254.000000	0.000000	0.000000
269	269	0	0	0	4	0	-0.017904	0.038794	0	0	1230.000000	0.000000	0.000000
270	270	0	0	0	4	0	-0.071620	-0.020889	0	0	1227.000000	0.000000	0.000000
271	271	0	0	0	4	0	-0.149207	-0.074604	0	0	1246.000000	0.000000	0.000000
272	272	0	0	0	4	0	-0.247683	-0.208890	0	0	1260.000000	0.000000	0.000000
273	273	0	0	0	4	0	-0.244700	-0.137271	0	0	1263.000000	0.000000	0.000000
274	274	0	0	0	4	0	-0.229779	-0.161144	0	0	1233.000000	0.000000	0.000000
275	275	0	0	0	4	0	-0.265589	-0.247683	0	0	1232.000000	0.000000	0.000000
276	276	0	0	0	4	0	-0.340190	-0.537132	0	0	1226.000000	0.000000	0.000000
277	277	0	0	0	4	0	-0.420758	-0.462534	0	0	1244.000000	0.000000	0.000000
278	278	0	0	0	4	0	-0.435678	-0.492373	0	0	1264.000000	0.000000	0.000000
279	279	0	0	0	4	0	-0.489390	-0.635599	0	0	1249.000000	0.000000	0.000000
280	280	0	0	0	4	0	-0.468502	-0.638583	0	0	1226.000000	0.000000	0.000000
281	281	0	0	0	4	0	-0.480437	-0.608745	0	0	1223.000000	0.000000	0.000000
282	282	0	0	0	4	0	-0.632616	-0.629632	0	0	1248.000000	-9.984145	-10.157719
283	283	0	0	0	4	0	-0.593826	-0.561003	0	0	1264.000000	-9.984145	-10.157719
284	284	0	0	0	4	0	-0.486405	-0.480438	0	0	1245.000000	-9.984145	-10.157719
285	285	0	0	0	4	0	-0.528181	-0.656485	0	0	1221.000000	-9.984145	-10.157719
286	286	0	0	0	4	0	-0.528181	-0.728094	0	0	1223.000000	-9.984145	-10.157719
287	287	0	0	0	4	0	-0.617697	-0.701241	0	0	1247.000000	-9.984145	-10.157719
288	288	0	0	0	4	0	-0.635599	-0.731078	0	0	1271.000000	-9.984145	-10.157719
289	289	0	0	0	4	0	-0.704224	-0.871306	0	0	1264.000000	-9.984145	-10.157719
290	290	0	0	0	4	0	-1.020474	-1.667671	0	0	1237.000000	-9.984145	-10.157719
291	291	0	0	0	4	0	-5.456386	-5.920292	0	0	1280.000000	-9.984145	-10.157719
292	292	0	0	0	4	0	-9.282211	-9.212442	0	0	1308.000000	-9.984145	-10.157719
293	293	0	0	0	4	0	-11.077326	-10.755087	0	0	1338.000000	-9.984145	-10.157719
294	294	0	0	0	4	0	-10.804044	-11.088820	0	0	1330.000000	-9.984145	-10.157719
295	295	0	0	0	4	0	-10.616774	-11.143413	0	0	1318.000000	-9.984145	-10.157719
296	296	0	0	0	4	0	-10.284887	-10.798284	0	0	1320.000000	-9.984145	-10.157719
297	297	0	0	0	4	0	-10.420612	-10.700353	0	0	1322.000000	-9.984145	-10.157719
298	298	0	0	0	4	0	-10.850104	-10.362871	0	0	1328.000000	-9.984145	-10.157719
299	299	0	0	0	4	0	-10.829954	-10.212646	0	0	1319.000000	-9.984145	-10.157719
300	300	0	0	0	4	0	-10.970948	-10.258883	0	0	1305.000000	-9.984145	-10.157719
301	301	0	0	0	4	0	-11.065828	-10.371534	0	0	1293.000000	-9.984145	-10.157719
302	302	0	0	0	4	0	-10.616774	-10.452362	0	0	1295.000000	-9.984145	-10.157719
303	303	0	0	0	4	0	-10.680182	-10.533146	0	0	1297.000000	-9.984145	-10.157719
304	304	0	0	0	4	0	-10.654244	-10.461019	0	0	1281.000000	-9.984145	-10.157719
305	305	0	0	0	4	0	-10.668655	-10.423500	0	0	1265.000000	-9.984145	-10.157719
306	306	0	0	0	4	0	-10.276219	-10.172175	0	0	1265.000000	-9.984145	-10.157719
307	307	0	0	0	4	0	-10.163502	-10.284887	0	0	1261.000000	-9.984145	-10.157719
308	308	0	0	0	4	0	-10.224206	-10.359984	0	0	1271.000000	-9.984145	-10.157719
309	309	0	0	0	4	0	-10.221315	-10.359984	0	0	1272.000000	-9.984145	-10.157719
310	310	0	0	0	4	0	-10.255995	-10.365760	0	0	1259.000000	-9.984145	-10.157719
311	311	0	0	0	4	0	-10.281998	-10.383083	0	0	1253.000000	-9.984145	-10.157719
312	312	0	0	0	4	0	-10.279109	-10.429273	0	0	1260.000000	0.000000	0.000000
313	313	0	0	0	4	0	-10.250216	-10.383083	0	0	1272.000000	0.000000	0.000000
314	314	0	0	0	4	0	-9.755322	-9.934932	0	0	1278.000000	0.000000	0.000000
315	315	0	0	0	4	0	-9.563915	-9.645144	0	0	1255.000000	0.000000	0.000000
316	316	0	0	0	4	0	-9.671247	-9.735034	0	0	1250.000000	0.000000	0.000000
317	317	0	0	0	4	0	-9.621941	-9.708941	0	0	1264.000000	0.000000	0.000000
318	318	0	0	0	4	0	-9.575521	-9.790101	0	0	1273.000000	0.000000	0.000000
319	319	0	0	0	4	0	-6.645593	-6.495393	0	0	1276.000000	0.000000	0.000000
320	320	0	0	0	4	0	-2.260815	-1.181558	0	0	1215.000000	0.000000	0.000000
321	321	0	0	0	4	0	-0.599793	0.820587	0	0	1205.000000	0.000000	0.000000
322	322	0	0	0	4	0	-0.719143	0.644551	0	0	1196.000000	0.000000	0.000000
323	323	0	0	0	4	0	-1.014507	0.205906	0	0	1176.000000	0.000000	0.000000
324	324	0	0	0	4	0	-1.112949	-0.173080	0	0	1215.000000	0.000000	0.000000
325	325	0	0	0	4	0	-0.432694	-0.390918	0	0	1208.000000	0.000000	0.000000
326	326	0	0	0	4	0	-0.414791	-0.787767	0	0	1194.000000	0.000000	0.000000
327	327	0	0	0	4	0	-0.462534	-0.910091	0	0	1202.000000	0.000000	0.000000
328	328	0	0	0	4	0	-0.599793	-0.960808	0	0	1202.000000	0.000000	0.000000
329	329	0	0	0	4	0	-0.477454	-0.453582	0	0	1224.000000	0.000000	0.000000
330	330	0	0	0	4	0	-0.310350	-0.074604	0	0	1203.000000	0.000000	0.000000
331	331	0	0	0	4	0	-0.182032	-0.188001	0	0	1184.000000	0.000000	0.000000
332	332	0	0	0	4	0	-0.116383	-0.149207	0	0	1186.000000	0.000000	0.000000
333	333	0	0	0	4	0	-0.092508	-0.041778	0	0	1199.000000	0.000000	0.000000
334	334	0	0	0	4	0	-0.023873	-0.041778	0	0	1234.000000	0.000000	0.000000
335	335	0	0	0	4	0	-0.155176	0.170097	0	0	1214.000000	0.000000	0.000000
336	336	0	0	0	4	0	-0.062667	0.164128	0	0	1185.000000	0.000000	0.000000
337	337	0	0	0	4	0	-0.038794	0.167112	0	0	1194.000000	0.000000	0.000000
338	338	0	0	0	4	0	-0.026858	0.205906	0	0	1202.000000	0.000000	0.000000
339	339	0	0	0	4	0	-0.017904	0.247683	0	0	1229.000000	0.000000	0.000000
340	340	0	0	0	4	0	0.113397	0.352126	0	0	1226.000000	0.000000	0.000000
341	341	0	0	0	4	0	0.232762	0.235747	0	0	1202.000000	0.000000	0.000000
342	342	0	0	0	4	0	0.101461	0.098477	0	0	1197.000000	0.000000	0.000000
343	343	0	0	0	4	0	-0.041779	-0.158159	0	0	1195.000000	0.563811	-0.573612
344	344	0	0	0	4	0	-0.107429	-0.143239	0	0	1226.000000	1.339050	-1.362329
345	345	0	0	0	4	0	-0.128318	-0.199938	0	0	1230.000000	2.114290	-2.151046
346	346	0	0	0	4	0	-0.179049	-0.390918	0	0	1208.000000	2.889529	-2.939763
347	347	0	0	0	4	0	-0.211873	-0.510277	0	0	1204.000000	3.664769	-3.728480
348	348	0	0	0	4	0	-0.226794	-0.635599	0	0	1217.000000	4.440008	-4.517197
349	349	0	0	0	4	0	1.712395	-1.685561	0	0	1248.000000	5.215248	-5.305914
350	350	0	0	0	4	0	4.615431	-4.354433	0	0	1268.000000	5.990487	-6.094631
351	351	0	0	0	4	0	6.583757	-6.206525	0	0	1226.000000	6.765727	-6.883348
352	352	0	0	0	4	0	7.198460	-7.260135	0	0	1227.000000	7.540966	-7.672065
353	353	0	0	0	4	0	7.151459	-7.694310	0	0	1239.000000	8.316206	-8.460782
354	354	0	0	0	4	0	8.139294	-8.519091	0	0	1273.000000	9.091445	-9.249499
355	355	0	0	0	4	0	8.077872	-8.536604	0	0	1272.000000	9.866685	-10.038216
356	356	0	0	0	4	0	8.402309	-8.583291	0	0	1258.000000	9.984145	-10.157719
357	357	0	0	0	4	0	8.647470	-8.705794	0	0	1265.000000	9.984145	-10.157719
358	358	0	0	0	4	0	8.976764	-8.758270	0	0	1257.000000	9.984145	-10.157719
359	359	0	0	0	4	0	10.714758	-10.175065	0	0	1268.000000	9.984145	-10.157719
360	360	0	0	0	4	0	10.947939	-10.838590	0	0	1292.000000	9.984145	-10.157719
361	361	0	0	0	4	0	11.146285	-10.953691	0	0	1273.000000	9.984145	-10.157719
362	362	0	0	0	4	0	11.496320	-11.172136	0	0	1254.000000	9.984145	-10.157719
363	363	0	0	0	4	0	11.358704	-11.143413	0	0	1255.000000	9.984145	-10.157719
364	364	0	0	0	4	0	10.238656	-10.878886	0	0	1279.000000	9.984145	-10.157719
365	365	0	0	0	4	0	10.172175	-10.959443	0	0	1292.000000	9.984145	-10.157719
366	366	0	0	0	4	0	10.296444	-10.881763	0	0	1281.000000	9.984145	-10.157719
367	367	0	0	0	4	0	10.406179	-10.899030	0	0	1269.000000	9.984145	-10.157719
368	368	0	0	0	4	0	10.515840	-10.884643	0	0	1252.000000	9.984145	-10.157719
369	369	0	0	0	4	0	10.160611	-10.639833	0	0	1289.000000	9.984145	-10.157719
370	370	0	0	0	4	0	10.131694	-10.703235	0	0	1293.000000	9.984145	-10.157719
371	371	0	0	0	4	0	10.287776	-10.639833	0	0	1274.000000	9.984145	-10.157719
372	372	0	0	0	4	0	10.432158	-10.680182	0	0	1273.000000	9.984145	-10.157719
373	373	0	0	0	4	0	10.530262	-10.769488	0	0	1264.000000	9.984145	-10.157719
374	374	0	0	0	4	0	10.550452	-10.806922	0	0	1276.000000	9.984145	-10.157719
375	375	0	0	0	4	0	10.377309	-10.472563	0	0	1288.000000	9.984145	-10.157719
376	376	0	0	0	4	0	10.388858	-10.478333	0	0	1279.000000	9.984145	-10.157719
377	377	0	0	0	4	0	10.530262	-10.501415	0	0	1270.000000	9.984145	-10.157719
378	378	0	0	0	4	0	10.697472	-10.550451	0	0	1258.000000	9.984145	-10.157719
379	379	0	0	0	4	0	10.587940	-10.495646	0	0	1272.000000	9.984145	-10.157719
380	380	0	0	0	4	0	10.504300	-10.538916	0	0	1277.000000	9.984145	-10.157719
381	381	0	0	0	4	0	10.443704	-10.365760	0	0	1281.000000	9.984145	-10.157719
382	382	0	0	0	4	0	10.313774	-9.992828	0	0	1251.000000	9.984145	-10.157719
383	383	0	0	0	4	0	10.290666	-9.801693	0	0	1238.000000	9.984145	-10.157719
384	384	0	0	0	4	0	10.247326	-9.850946	0	0	1234.000000	9.984145	-10.157719
385	385	0	0	0	4	0	10.102775	-9.775612	0	0	1262.000000	9.984145	-10.157719
386	386	0	0	0	4	0	9.992828	-9.824872	0	0	1275.000000	9.518563	-9.684043
387	387	0	0	0	4	0	10.175066	-9.888600	0	0	1234.000000	8.664996	-8.815637
388	388	0	0	0	4	0	10.290666	-9.958093	0	0	1223.000000	7.811430	-7.947231
389	389	0	0	0	4	0	10.238656	-10.042024	0	0	1234.000000	6.957863	-7.078825
390	390	0	0	0	4	0	10.172175	-10.128803	0	0	1251.000000	6.104296	-6.210419
391	391	0	0	0	4	0	10.235765	-10.079633	0	0	1250.000000	5.250729	-5.342013
392	392	0	0	0	4	0	9.949408	-9.238607	0	0	1229.000000	4.397162	-4.473607
393	393	0	0	0	4	0	8.711625	-6.728016	0	0	1196.000000	3.543596	-3.605201
394	394	0	0	0	4	0	6.256659	-4.214960	0	0	1173.000000	2.690029	-2.736795
395	395	0	0	0	4	0	4.662866	-3.207596	0	0	1219.000000	1.836462	-1.868389
396	396	0	0	0	4	0	3.736823	-3.329549	0	0	1219.000000	0.982895	-0.999983
397	397	0	0	0	4	0	2.344237	-2.877289	0	0	1187.000000	0.129328	-0.131577
398	398	0	0	0	4	0	1.297885	-2.564659	0	0	1158.000000	0.000000	0.000000
399	399	0	0	0	4	0	-0.188001	-1.754135	0	0	1144.000000	0.000000	0.000000
400	400	0	0	0	4	0	-1.121898	-0.501325	0	0	1131.000000	0.000000	0.000000
401	401	0	0	0	4	0	-1.518580	-0.241715	0	0	1142.000000	0.000000	0.000000
402	402	0	0	0	4	0	-1.780967	-0.131302	0	0	1117.000000	0.000000	0.000000
403	403	0	0	0	4	0	-2.123746	-0.256636	0	0	1086.000000	0.000000	0.000000
404	404	0	0	0	4	0	-2.719506	-0.793735	0	0	1082.000000	0.000000	0.000000
405	405	0	0	0	4	0	-90.000000	-90.000000	0	4	0.000000	0.000000	0.000000
406	406	0	0	0	4	0	-90.000000	-90.000000	0	4	0.000000	0.000000	0.000000
407	407	0	0	0	4	0	-90.000000	-90.000000	0	4	0.000000	0.000000	0.000000
408	408	0	0	0	4	0	-90.000000	-90.000000	0	4	0.000000	0.000000	0.000000
409	409	0	0	0	4	0	-90.000000	-90.000000	0	4	0.000000	0.000000	0.000000
410	410	0	0	0	4	0	-90.000000	-90.000000	0	4	0.000000	0.000000	0.000000
411	411	0	0	0	4	0	-90.000000	-90.000000	0	4	0.000000	0.000000	0.000000
412	412	0	0	0	4	0	-90.000000	-90.000000	0	4	0.000000	0.000000	0.000000
413	413	0	0	0	4	0	-90.000000	-90.000000	0	4	0.000000	0.000000	0.000000
414	414	0	0	0	4	0	-90.000000	-90.000000	0	4	0.000000	0.000000	0.000000
415	415	0	0	0	4	0	-90.000000	-90.000000	0	4	0.000000	0.000000	0.000000
416	416	0	0	0	4	0	-90.000000	-90.000000	0	4	0.000000	0.000000	0.000000
417	417	0	0	0	4	0	-90.000000	-90.000000	0	4	0.000000	0.000000	0.000000
418	418	0	0	0	4	0	-1.205422	-4.621361	0	0	963.000000	0.000000	0.000000
419	419	0	0	0	4	0	-0.713177	-1.849533	0	0	1116.000000	0.000000	0.000000
420	420	0	0	0	4	0	-0.387934	-2.085003	0	0	1127.000000	0.000000	0.000000
421	421	0	0	0	4	0	-0.459551	-2.105865	0	0	1144.000000	0.000000	0.000000
422	422	0	0	0	4	0	-0.411806	-1.363502	0	0	1147.000000	0.000000	0.000000
423	423	0	0	0	4	0	-0.835504	0.265588	0	0	1138.000000	0.000000	0.000000
424	424	0	0	0	4	0	-0.719143	0.190985	0	0	1152.000000	0.000000	0.000000
425	425	0	0	0	4	0	-0.650518	0.029842	0	0	1177.000000	0.000000	0.000000
426	426	0	0	0	4	0	-0.614712	-0.011936	0	0	1173.000000	0.000000	0.000000
427	427	0	0	0	4	0	-0.552052	-0.080573	0	0	1168.000000	0.000000	0.000000
428	428	0	0	0	4	0	-0.182032	0.259620	0	0	1139.000000	9.984145	-10.157719
429	429	0	0	0	4	0	-0.205907	0.280508	0	0	1139.000000	9.984145	-10.157719
430	430	0	0	0	4	0	-0.259620	0.411806	0	0	1145.000000	9.984145	-10.157719
431	431	0	0	0	4	0	-0.331237	0.220826	0	0	1166.000000	9.984145	-10.157719
432	432	0	0	0	4	0	-0.232762	0.292444	0	0	1147.000000	9.984145	-10.157719
433	433	0	0	0	4	0	-0.143239	0.337205	0	0	1122.000000	9.984145	-10.157719
434	434	0	0	0	4	0	7.957903	-5.086517	0	0	1198.000000	9.984145	-10.157719
435	435	0	0	0	4	0	10.177957	-11.292715	0	0	1246.000000	9.984145	-10.157719
436	436	0	0	0	4	0	9.136826	-11.539298	0	0	1240.000000	9.984145	-10.157719
437	437	0	0	0	4	0	8.819475	-11.447596	0	0	1238.000000	9.984145	-10.157719
438	438	0	0	0	4	0	8.679551	-11.332885	0	0	1231.000000	9.984145	-10.157719
439	439	0	0	0	4	0	9.555209	-9.960988	0	0	1223.000000	9.984145	-10.157719
440	440	0	0	0	4	0	9.439093	-9.955198	0	0	1247.000000	9.984145	-10.157719
441	441	0	0	0	4	0	9.346143	-10.076741	0	0	1260.000000	9.984145	-10.157719
442	442	0	0	0	4	0	9.444900	-9.940722	0	0	1275.000000	9.984145	-10.157719
443	443	0	0	0	4	0	9.381004	-10.030449	0	0	1279.000000	9.984145	-10.157719
444	444	0	0	0	4	0	10.180849	-10.021769	0	0	1272.000000	9.984145	-10.157719
445	445	0	0	0	4	0	10.013087	-10.059382	0	0	1301.000000	9.984145	-10.157719
446	446	0	0	0	4	0	10.039130	-10.125913	0	0	1309.000000	9.984145	-10.157719
447	447	0	0	0	4	0	9.905976	-10.209755	0	0	1316.000000	9.984145	-10.157719
448	448	0	0	0	4	0	10.050704	-10.013087	0	0	1308.000000	9.984145	-10.157719
449	449	0	0	0	4	0	10.050704	-10.120129	0	0	1300.000000	9.984145	-10.157719
450	450	0	0	0	4	0	9.998616	-10.154828	0	0	1310.000000	9.984145	-10.157719
451	451	0	0	0	4	0	9.943618	-9.677047	0	0	1336.000000	9.984145	-10.157719
452	452	0	0	0	4	0	9.958093	-9.619040	0	0	1346.000000	9.984145	-10.157719
453	453	0	0	0	4	0	10.021769	-9.517480	0	0	1345.000000	9.984145	-10.157719
454	454	0	0	0	4	0	10.053596	-9.468129	0	0	1356.000000	9.984145	-10.157719
455	455	0	0	0	4	0	10.018874	-9.430382	0	0	1376.000000	9.984145	-10.157719
456	456	0	0	0	4	0	10.007298	-9.328710	0	0	1398.000000	9.984145	-10.157719
457	457	0	0	0	4	0	9.839358	-9.171729	0	0	1415.000000	9.984145	-10.157719
458	458	0	0	0	4	0	9.911767	-9.131006	0	0	1415.000000	0.000000	0.000000
459	459	0	0	0	4	0	9.960987	-9.093186	0	0	1426.000000	0.000000	0.000000
460	460	0	0	0	4	0	9.850945	-8.959294	0	0	1442.000000	0.000000	0.000000
461	461	0	0	0	4	0	9.677046	-8.799076	0	0	1472.000000	0.000000	0.000000
462	462	0	0	0	4	0	9.619040	-8.743695	0	0	1494.000000	0.000000	0.000000
463	463	0	0	0	4	0	9.581325	-8.644553	0	0	1498.000000	0.000000	0.000000
464	464	0	0	0	4	0	4.645079	-3.406868	0	0	1555.000000	0.000000	0.000000
465	465	0	0	0	4	0	0.062667	2.132686	0	0	1521.000000	0.000000	0.000000
466	466	0	0	0	4	0	0.253652	1.551381	0	0	1518.000000	0.000000	0.000000
467	467	0	0	0	4	0	0.143239	1.444025	0	0	1529.000000	0.000000	0.000000
468	468	0	0	0	4	0	0.196954	1.300868	0	0	1523.000000	0.000000	0.000000
469	469	0	0	0	4	0	0.107430	1.217352	0	0	1505.000000	0.000000	0.000000
470	470	0	0	0	4	0	0.056699	1.050305	0	0	1495.000000	0.000000	0.000000
471	471	0	0	0	4	0	-0.531164	0.569955	0	0	1541.000000	0.000000	0.000000
472	472	0	0	0	4	0	-90.000000	-90.000000	0	4	0.000000	0.000000	0.000000
473	473	0	0	0	4	0	-90.000000	-90.000000	0	4	0.000000	0.000000	0.000000
474	474	0	0	0	4	0	-90.000000	-90.000000	0	4	0.000000	0.000000	0.000000
475	475	0	0	0	4	0	6.123933	-20.793751	0	0	259.000000	0.000000	0.000000
476	476	0	0	0	4	0	-90.000000	-90.000000	0	4	0.000000	0.000000	0.000000
477	477	0	0	0	4	0	-0.754947	-3.347392	0	0	1330.000000	0.000000	0.000000
478	478	0	0	0	4	0	-0.259620	0.716160	0	0	1533.000000	0.000000	0.000000
479	479	0	0	0	4	0	-0.447614	0.223811	0	0	1481.000000	0.000000	0.000000
480	480	0	0	0	4	0	-0.289461	0.665436	0	0	1481.000000	0.000000	0.000000
481	481	0	0	0	4	0	-0.244700	0.796718	0	0	1495.000000	0.000000	0.000000
482	482	0	0	0	4	0	-0.208890	0.796718	0	0	1516.000000	0.000000	0.000000
483	483	0	0	0	4	0	-0.193969	0.847438	0	0	1536.000000	0.000000	0.000000
484	484	0	0	0	4	0	-0.083556	0.930975	0	0	1495.000000	0.000000	0.000000
485	485	0	0	0	4	0	0.020889	0.904124	0	0	1483.000000	0.000000	0.000000
486	486	0	0	0	4	0	-0.065652	0.799701	0	0	1487.000000	0.000000	0.000000
487	487	0	0	0	4	0	-0.131303	0.868323	0	0	1516.000000	0.000000	0.000000
488	488	0	0	0	4	0	-0.125335	0.811636	0	0	1526.000000	0.000000	0.000000
489	489	0	0	0	4	0	0.202921	0.772849	0	0	1491.000000	0.876795	0.892038
490	490	0	0	0	4	0	0.229779	0.874289	0	0	1471.000000	1.810157	1.841626
491	491	0	0	0	4	0	0.185017	0.787767	0	0	1466.000000	2.743519	2.791214
492	492	0	0	0	4	0	0.250667	0.790751	0	0	1490.000000	3.676881	3.740803
493	493	0	0	0	4	0	0.265588	0.745997	0	0	1494.000000	4.610243	4.690392
494	494	0	0	0	4	0	0.289461	0.605761	0	0	1471.000000	5.543605	5.639980
495	495	0	0	0	4	0	0.268572	0.698258	0	0	1439.000000	6.476967	6.589568
496	496	0	0	0	4	0	3.840813	5.024335	0	0	1349.000000	7.410329	7.539156
497	497	0	0	0	4	0	6.986877	8.048619	0	0	1313.000000	8.343691	8.488745
498	498	0	0	0	4	0	8.063246	8.886485	0	0	1326.000000	9.277053	9.438334
499	499	0	0	0	4	0	8.340970	8.930174	0	0	1321.000000	9.984145	10.157719
500	500	0	0	0	4	0	8.729119	8.860267	0	0	1275.000000	9.984145	10.157719
501	501	0	0	0	4	0	9.218257	8.816562	0	0	1269.000000	9.984145	10.157719
502	502	0	0	0	4	0	10.175066	9.125189	0	0	1272.000000	9.984145	10.157719
503	503	0	0	0	4	0	10.082526	9.595831	0	0	1276.000000	9.984145	10.157719
504	504	0	0	0	4	0	10.264663	9.926246	0	0	1308.000000	9.984145	10.157719
505	505	0	0	0	4	0	10.729162	10.221315	0	0	1249.000000	9.984145	10.157719
506	506	0	0	0	4	0	11.034209	10.203973	0	0	1236.000000	9.984145	10.157719
507	507	0	0	0	4	0	10.391746	10.169284	0	0	1233.000000	9.984145	10.157719
508	508	0	0	0	4	0	9.746628	9.700243	0	0	1282.000000	9.984145	10.157719
509	509	0	0	0	4	0	9.546503	9.842255	0	0	1333.000000	9.984145	10.157719
510	510	0	0	0	4	0	10.085419	10.316663	0	0	1254.000000	9.984145	10.157719
511	511	0	0	0	4	0	10.463905	10.348433	0	0	1231.000000	9.984145	10.157719
512	512	0	0	0	4	0	10.357097	10.114343	0	0	1237.000000	9.984145	10.157719
513	513	0	0	0	4	0	9.836461	9.732134	0	0	1282.000000	9.984145	10.157719
514	514	0	0	0	4	0	9.546503	9.700243	0	0	1317.000000	9.984145	10.157719
515	515	0	0	0	4	0	10.068062	10.209755	0	0	1260.000000	9.984145	10.157719
516	516	0	0	0	4	0	10.348433	10.478333	0	0	1234.000000	9.984145	10.157719
517	517	0	0	0	4	0	10.331105	10.365760	0	0	1223.000000	9.984145	10.157719
518	518	0	0	0	4	0	9.804590	9.998616	0	0	1261.000000	9.984145	10.157719
519	519	0	0	0	4	0	9.404243	9.784306	0	0	1322.000000	9.984145	10.157719
520	520	0	0	0	4	0	9.868325	10.250216	0	0	1276.000000	9.984145	10.157719
521	521	0	0	0	4	0	10.359984	10.406179	0	0	1227.000000	9.984145	10.157719
522	522	0	0	0	4	0	10.538916	10.333993	0	0	1224.000000	9.984145	10.157719
523	523	0	0	0	4	0	10.010192	9.824872	0	0	1244.000000	9.984145	10.157719
524	524	0	0	0	4	0	9.505869	9.578424	0	0	1328.000000	9.984145	10.157719
525	525	0	0	0	4	0	9.804590	10.004404	0	0	1279.000000	9.984145	10.157719
526	526	0	0	0	4	0	10.177957	10.094097	0	0	1254.000000	9.984145	10.157719
527	527	0	0	0	4	0	10.400406	10.068063	0	0	1220.000000	9.984145	10.157719
528	528	0	0	0	4	0	9.819078	9.601634	0	0	1262.000000	9.984145	10.157719
529	529	0	0	0	4	0	9.395529	9.337427	0	0	1319.000000	9.984145	10.157719
530	530	0	0	0	4	0	9.746628	9.674146	0	0	1288.000000	9.036186	9.193280
531	531	0	0	0	4	0	10.154827	9.943618	0	0	1247.000000	8.027069	8.166619
532	532	0	0	0	4	0	10.137479	9.813283	0	0	1239.000000	7.017952	7.139958
533	533	0	0	0	4	0	9.700243	9.305462	0	0	1251.000000	6.008835	6.113298
534	534	0	0	0	4	0	9.142644	9.136826	0	0	1283.000000	4.999717	5.086637
535	535	0	0	0	4	0	9.253144	9.290932	0	0	1299.000000	3.990600	4.059977
536	536	0	0	0	4	0	9.610337	9.261865	0	0	1245.000000	2.981483	3.033316
537	537	0	0	0	4	0	5.775588	5.808079	0	0	1310.000000	1.972366	2.006655
538	538	0	0	0	4	0	1.396308	1.921076	0	0	1408.000000	0.963248	0.979994
539	539	0	0	0	4	0	-0.137270	0.313333	0	0	1453.000000	-0.045869	-0.046666
540	540	0	0	0	4	0	-0.411806	-0.286477	0	0	1439.000000	-1.054986	-1.073327
541	541	0	0	0	4	0	-0.537132	-0.477454	0	0	1414.000000	-2.064104	-2.099988
542	542	0	0	0	4	0	-0.596809	-0.352126	0	0	1418.000000	-3.073221	-3.126648
543	543	0	0	0	4	0	-0.671404	-0.104445	0	0	1430.000000	-4.082338	-4.153309
544	544	0	0	0	4	0	-0.913073	-0.116382	0	0	1435.000000	-5.091455	-5.179970
545	545	0	0	0	4	0	-0.892191	-0.217842	0	0	1410.000000	-6.100573	-6.206631
546	546	0	0	0	4	0	-0.975725	-0.259620	0	0	1379.000000	-7.109690	-7.233291
547	547	0	0	0	4	0	-0.978707	-0.546084	0	0	1363.000000	-8.118807	-8.259952
548	548	0	0	0	4	0	-2.796914	-2.734393	0	0	1422.000000	-9.127925	-9.286613
549	549	0	0	0	4	0	-5.878956	-5.858285	0	0	1422.000000	-9.984145	-10.157719
550	550	0	0	0	4	0	-6.044265	-6.144584	0	0	1404.000000	-9.984145	-10.157719
551	551	0	0	0	4	0	-5.999996	-6.383421	0	0	1372.000000	-9.984145	-10.157719
552	552	0	0	0	4	0	-5.973432	-6.395211	0	0	1367.000000	-9.984145	-10.157719
553	553	0	0	0	4	0	-5.873050	-6.415841	0	0	1370.000000	-9.984145	-10.157719
554	554	0	0	0	4	0	-7.216083	-7.060366	0	0	1402.000000	-9.984145	-10.157719
555	555	0	0	0	4	0	-10.414841	-9.180454	0	0	1393.000000	-9.984145	-10.157719
556	556	0	0	0	4	0	-10.619655	-9.401339	0	0	1379.000000	-9.984145	-10.157719
557	557	0	0	0	4	0	-10.711878	-9.418764	0	0	1365.000000	-9.984145	-10.157719
558	558	0	0	0	4	0	-10.850104	-9.494258	0	0	1377.000000	-9.984145	-10.157719
559	559	0	0	0	4	0	-11.074450	-9.694445	0	0	1391.000000	-9.984145	-10.157719
560	560	0	0	0	4	0	-10.651362	-9.903081	0	0	1400.000000	-9.984145	-10.157719
561	561	0	0	0	4	0	-10.729161	-10.015980	0	0	1373.000000	-9.984145	-10.157719
562	562	0	0	0	4	0	-10.824196	-10.056491	0	0	1362.000000	-9.984145	-10.157719
563	563	0	0	0	4	0	-10.881763	-10.056491	0	0	1370.000000	-9.984145	-10.157719
564	564	0	0	0	4	0	-10.276219	-9.888600	0	0	1386.000000	-9.984145	-10.157719
565	565	0	0	0	4	0	-10.189520	-9.842255	0	0	1385.000000	-9.984145	-10.157719
566	566	0	0	0	4	0	-10.206864	-9.888600	0	0	1359.000000	-9.984145	-10.157719
567	567	0	0	0	4	0	-10.192412	-9.987039	0	0	1346.000000	-9.984145	-10.157719
568	568	0	0	0	4	0	-10.189520	-9.958093	0	0	1347.000000	-9.984145	-10.157719
569	569	0	0	0	4	0	-10.189520	-10.059382	0	0	1356.000000	-9.984145	-10.157719
570	570	0	0	0	4	0	-10.270442	-10.030449	0	0	1361.000000	-9.984145	-10.157719
571	571	0	0	0	4	0	-10.195301	-9.929141	0	0	1343.000000	-9.984145	-10.157719
572	572	0	0	0	4	0	-10.137478	-9.604535	0	0	1325.000000	-9.984145	-10.157719
573	573	0	0	0	4	0	-10.128803	-9.653846	0	0	1329.000000	-9.984145	-10.157719
574	574	0	0	0	4	0	-10.177958	-9.642244	0	0	1327.000000	-9.984145	-10.157719
575	575	0	0	0	4	0	-10.085419	-9.604535	0	0	1338.000000	-9.984145	-10.157719
576	576	0	0	0	4	0	-10.062278	-9.601633	0	0	1321.000000	-9.984145	-10.157719
577	577	0	0	0	4	0	-10.056491	-9.610336	0	0	1318.000000	-9.984145	-10.157719
578	578	0	0	0	4	0	-9.963881	-9.558111	0	0	1321.000000	-9.984145	-10.157719
579	579	0	0	0	4	0	-9.952303	-9.561013	0	0	1335.000000	-9.984145	-10.157719
580	580	0	0	0	4	0	-9.934932	-9.558111	0	0	1337.000000	-9.063038	-9.220598
581	581	0	0	0	4	0	-9.824872	-9.412955	0	0	1328.000000	-7.977447	-8.116135
582	582	0	0	0	4	0	-9.778510	-9.366481	0	0	1323.000000	-6.891856	-7.011671
583	583	0	0	0	4	0	-9.784305	-9.433285	0	0	1333.000000	-5.806266	-5.907207
584	584	0	0	0	4	0	-9.746627	-9.334520	0	0	1353.000000	-4.720675	-4.802743
585	585	0	0	0	4	0	-9.706043	-9.386815	0	0	1364.000000	-3.635084	-3.698280
586	586	0	0	0	4	0	-9.087366	-8.644553	0	0	1356.000000	-2.549493	-2.593816
587	587	0	0	0	4	0	-3.710079	-1.873381	0	0	1335.000000	-1.463903	-1.489352
588	588	0	0	0	4	0	-0.044762	1.077153	0	0	1300.000000	-0.378312	-0.384889
589	589	0	0	0	4	0	1.032406	1.906172	0	0	1296.000000	0.707279	0.719575
590	590	0	0	0	4	0	1.181558	1.694506	0	0	1323.000000	1.792870	1.824038
591	591	0	0	0	4	0	3.359289	2.478286	0	0	1271.000000	2.878460	2.928502
592	592	0	0	0	4	0	4.805129	3.989324	0	0	1214.000000	3.964051	4.032966
593	593	0	0	0	4	0	6.185880	4.888089	0	0	1212.000000	5.049642	5.137429
594	594	0	0	0	4	0	6.150483	5.308490	0	0	1211.000000	6.135232	6.241893
595	595	0	0	0	4	0	5.946863	5.225639	0	0	1264.000000	7.220823	7.346357
596	596	0	0	0	4	0	6.294988	6.050168	0	0	1241.000000	8.306414	8.450820
597	597	0	0	0	4	0	7.157335	7.770493	0	0	1166.000000	9.392005	9.555284
598	598	0	0	0	4	0	8.297145	8.740781	0	0	1121.000000	9.984145	10.157719
599	599	0	0	0	4	0	9.296743	9.787204	0	0	1075.000000	9.984145	10.157719
600	600	0	0	0	4	0	9.078638	9.264771	0	0	1086.000000	9.984145	10.157719
601	601	0	0	0	4	0	8.408150	8.895224	0	0	1187.000000	9.984145	10.157719
602	602	0	0	0	4	0	9.407147	9.366480	0	0	1154.000000	9.984145	10.157719
603	603	0	0	0	4	0	10.426385	9.900185	0	0	1094.000000	9.984145	10.157719
604	604	0	0	0	4	0	10.927801	10.050704	0	0	1064.000000	9.984145	10.157719
605	605	0	0	0	4	0	10.680182	9.537797	0	0	1080.000000	9.984145	10.157719
606	606	0	0	0	4	0	9.897288	9.253144	0	0	1171.000000	9.984145	10.157719
607	607	0	0	0	4	0	9.984144	9.790101	0	0	1151.000000	9.984145	10.157719
608	608	0	0	0	4	0	10.345545	9.969672	0	0	1108.000000	9.984145	10.157719
609	609	0	0	0	4	0	10.815559	10.114343	0	0	1082.000000	9.984145	10.157719
610	610	0	0	0	4	0	10.524493	9.717639	0	0	1085.000000	9.984145	10.157719
611	611	0	0	0	4	0	9.792999	9.322898	0	0	1134.000000	9.984145	10.157719
612	612	0	0	0	4	0	9.581325	9.677046	0	0	1163.000000	9.984145	10.157719
613	613	0	0	0	4	0	10.091205	9.900185	0	0	1108.000000	9.984145	10.157719
614	614	0	0	0	4	0	10.561989	10.062277	0	0	1075.000000	9.984145	10.157719
615	615	0	0	0	4	0	10.284887	9.688644	0	0	1082.000000	9.984145	10.157719
616	616	0	0	0	4	0	9.627742	9.299650	0	0	1127.000000	9.984145	10.157719
617	617	0	0	0	4	0	9.706042	9.650946	0	0	1154.000000	9.984145	10.157719
618	618	0	0	0	4	0	10.079634	9.879911	0	0	1123.000000	9.984145	10.157719
619	619	0	0	0	4	0	10.680182	10.198193	0	0	1075.000000	9.984145	10.157719
620	620	0	0	0	4	0	10.677300	10.053596	0	0	1065.000000	9.984145	10.157719
621	621	0	0	0	4	0	9.998616	9.508773	0	0	1131.000000	9.984145	10.157719
622	622	0	0	0	4	0	9.729235	9.584226	0	0	1139.000000	9.984145	10.157719
623	623	0	0	0	4	0	9.943618	9.949408	0	0	1113.000000	9.984145	10.157719
624	624	0	0	0	4	0	10.368647	10.169284	0	0	1080.000000	9.984145	10.157719
625	625	0	0	0	4	0	10.423500	10.120128	0	0	1063.000000	9.984145	10.157719
626	626	0	0	0	4	0	9.389719	9.354859	0	0	1138.000000	9.984145	10.157719
627	627	0	0	0	4	0	9.261865	9.491355	0	0	1158.000000	9.984145	10.157719
628	628	0	0	0	4	0	9.569718	9.740830	0	0	1127.000000	-9.984145	-10.157719
629	629	0	0	0	4	0	10.073848	10.010193	0	0	1076.000000	-9.984145	-10.157719
630	630	0	0	0	4	0	10.175066	9.897288	0	0	1060.000000	-9.984145	-10.157719
631	631	0	0	0	4	0	9.346143	9.241515	0	0	1106.000000	-9.984145	-10.157719
632	632	0	0	0	4	0	8.953470	9.264771	0	0	1168.000000	-9.984145	-10.157719
633	633	0	0	0	4	0	9.288024	9.569718	0	0	1120.000000	-9.984145	-10.157719
634	634	0	0	0	4	0	9.856739	9.743730	0	0	1068.000000	-9.984145	-10.157719
635	635	0	0	0	4	0	10.027556	9.792999	0	0	1037.000000	-9.984145	-10.157719
636	636	0	0	0	4	0	3.293858	3.820016	0	0	1248.000000	-9.984145	-10.157719
637	637	0	0	0	4	0	-3.739795	-2.159505	0	0	1286.000000	-9.984145	-10.157719
638	638	0	0	0	4	0	-7.453861	-6.289091	0	0	1288.000000	-9.984145	-10.157719
639	639	0	0	0	4	0	-8.545358	-7.706031	0	0	1314.000000	-9.984145	-10.157719
640	640	0	0	0	4	0	-8.411071	-7.562390	0	0	1309.000000	-9.984145	-10.157719
641	641	0	0	0	4	0	-8.285456	-7.462661	0	0	1317.000000	-9.984145	-10.157719
642	642	0	0	0	4	0	-8.209466	-7.380499	0	0	1316.000000	-9.984145	-10.157719
643	643	0	0	0	4	0	-9.636444	-8.317598	0	0	1290.000000	-9.984145	-10.157719
644	644	0	0	0	4	0	-9.740829	-9.017521	0	0	1294.000000	-9.984145	-10.157719
645	645	0	0	0	4	0	-9.827769	-9.180454	0	0	1285.000000	-9.984145	-10.157719
646	646	0	0	0	4	0	-9.929141	-9.087366	0	0	1293.000000	-9.984145	-10.157719
647	647	0	0	0	4	0	-10.047811	-9.194994	0	0	1285.000000	-9.984145	-10.157719
648	648	0	0	0	4	0	-10.319551	-9.671247	0	0	1279.000000	-9.984145	-10.157719
649	649	0	0	0	4	0	-10.354208	-10.007298	0	0	1265.000000	-9.984145	-10.157719
650	650	0	0	0	4	0	-10.388858	-10.082527	0	0	1254.000000	-9.984145	-10.157719
651	651	0	0	0	4	0	-10.443705	-9.966779	0	0	1251.000000	-9.984145	-10.157719
652	652	0	0	0	4	0	-10.475447	-10.108559	0	0	1256.000000	-9.984145	-10.157719
653	653	0	0	0	4	0	-10.622538	-10.030449	0	0	1248.000000	-9.984145	-10.157719
654	654	0	0	0	4	0	-9.989934	-10.053597	0	0	1239.000000	-9.984145	-10.157719
655	655	0	0	0	4	0	-10.111451	-10.099881	0	0	1246.000000	-9.984145	-10.157719
656	656	0	0	0	4	0	-10.151937	-10.169284	0	0	1257.000000	-9.984145	-10.157719
657	657	0	0	0	4	0	-10.137478	-10.215536	0	0	1260.000000	-9.984145	-10.157719
658	658	0	0	0	4	0	-10.192412	-10.157718	0	0	1249.000000	-9.984145	-10.157719
659	659	0	0	0	4	0	-10.281998	-10.154828	0	0	1241.000000	9.984145	10.157719
660	660	0	0	0	4	0	-10.357098	-10.157718	0	0	1238.000000	9.984145	10.157719
661	661	0	0	0	4	0	-10.489875	-10.076741	0	0	1268.000000	9.984145	10.157719
662	662	0	0	0	4	0	-9.078638	-8.938910	0	0	1274.000000	9.984145	10.157719
663	663	0	0	0	4	0	-8.866094	-8.536604	0	0	1262.000000	9.984145	10.157719
664	664	0	0	0	4	0	-8.848614	-8.670800	0	0	1253.000000	9.984145	10.157719
665	665	0	0	0	4	0	-8.755357	-8.486983	0	0	1244.000000	9.984145	10.157719
666	666	0	0	0	4	0	-7.597575	-7.632756	0	0	1260.000000	9.984145	10.157719
667	667	0	0	0	4	0	-2.865381	-3.094540	0	0	1263.000000	9.984145	10.157719
668	668	0	0	0	4	0	2.362112	1.897229	0	0	1179.000000	9.984145	10.157719
669	669	0	0	0	4	0	6.138683	5.757863	0	0	1130.000000	9.984145	10.157719
670	670	0	0	0	4	0	8.501578	7.676724	0	0	1085.000000	9.984145	10.157719
671	671	0	0	0	4	0	9.546503	8.165610	0	0	1065.000000	9.984145	10.157719
672	672	0	0	0	4	0	9.674146	8.411070	0	0	1086.000000	9.984145	10.157719
673	673	0	0	0	4	0	9.679947	8.679550	0	0	1126.000000	9.984145	10.157719
674	674	0	0	0	4	0	9.749526	9.418764	0	0	1081.000000	9.984145	10.157719
675	675	0	0	0	4	0	9.978355	9.830667	0	0	1044.000000	9.984145	10.157719
676	676	0	0	0	4	0	10.024663	9.795897	0	0	1048.000000	9.984145	10.157719
677	677	0	0	0	4	0	9.685745	9.319992	0	0	1044.000000	9.984145	10.157719
678	678	0	0	0	4	0	9.494258	9.439093	0	0	1103.000000	9.984145	10.157719
679	679	0	0	0	4	0	9.905976	9.587128	0	0	1090.000000	9.984145	10.157719
680	680	0	0	0	4	0	10.746446	9.758223	0	0	1036.000000	9.984145	10.157719
681	681	0	0	0	4	0	11.347230	9.874119	0	0	1010.000000	9.984145	10.157719
682	682	0	0	0	4	0	11.045709	9.505869	0	0	1019.000000	9.984145	10.157719
683	683	0	0	0	4	0	9.900185	9.723436	0	0	1105.000000	9.984145	10.157719
684	684	0	0	0	4	0	10.123020	10.070955	0	0	1092.000000	9.984145	10.157719
685	685	0	0	0	4	0	10.691709	10.195302	0	0	1045.000000	9.984145	10.157719
686	686	0	0	0	4	0	11.352967	10.530262	0	0	1002.000000	9.984145	10.157719
687	687	0	0	0	4	0	11.002583	10.227097	0	0	1019.000000	9.984145	10.157719
688	688	0	0	0	4	0	9.940722	9.549405	0	0	1114.000000	9.984145	10.157719
689	689	0	0	0	4	0	10.018874	9.804590	0	0	1117.000000	9.085572	10.157719
690	690	0	0	0	4	0	10.521609	10.209755	0	0	1063.000000	7.438188	10.157719
691	691	0	0	0	4	0	10.973825	10.287776	0	0	1039.000000	5.790804	10.157719
692	692	0	0	0	4	0	10.703234	9.989934	0	0	1046.000000	4.143420	10.157719
693	693	0	0	0	4	0	9.700243	9.386814	0	0	1134.000000	2.496036	10.157719
694	694	0	0	0	4	0	9.700243	9.488452	0	0	1136.000000	0.848652	10.157719
695	695	0	0	0	4	0	10.076740	9.694445	0	0	1094.000000	-0.798732	10.157719
696	696	0	0	0	4	0	8.224081	10.001511	0	0	1060.000000	-2.446115	10.157719
697	697	0	0	0	4	0	2.117785	8.912701	0	0	1137.000000	-4.093500	10.157719
698	698	0	0	0	4	0	-2.460414	8.973852	0	0	1183.000000	-5.740883	10.157719
699	699	0	0	0	4	0	-3.959627	9.256051	0	0	1153.000000	-7.388268	10.157719
700	700	0	0	0	4	0	-4.562060	9.177546	0	0	1127.000000	-9.035651	10.157719
701	701	0	0	0	4	0	-5.539176	9.325804	0	0	1126.000000	-9.984145	10.157719
702	702	0	0	0	4	0	-6.613204	9.421668	0	0	1130.000000	-9.984145	10.157719
703	703	0	0	0	4	0	-8.682467	9.691545	0	0	1176.000000	-9.984145	10.157719
704	704	0	0	0	4	0	-9.064088	10.247325	0	0	1134.000000	-9.984145	10.157719
705	705	0	0	0	4	0	-9.282211	10.221315	0	0	1100.000000	-9.984145	10.157719
706	706	0	0	0	4	0	-9.929141	10.036237	0	0	1087.000000	-9.984145	10.157719
707	707	0	0	0	4	0	-10.824196	9.764018	0	0	1115.000000	-9.984145	10.157719
708	708	0	0	0	4	0	-10.991081	9.520383	0	0	1151.000000	-9.984145	10.157719
709	709	0	0	0	4	0	-11.146285	9.874119	0	0	1128.000000	-9.984145	10.157719
710	710	0	0	0	4	0	-11.298453	10.284887	0	0	1081.000000	-9.984145	10.157719
711	711	0	0	0	4	0	-10.492759	10.423500	0	0	1064.000000	-9.984145	10.157719
712	712	0	0	0	4	0	-10.417727	9.923349	0	0	1080.000000	-9.984145	10.157719
713	713	0	0	0	4	0	-10.414841	9.842255	0	0	1139.000000	-9.984145	10.157719
714	714	0	0	0	4	0	-10.634068	10.224206	0	0	1150.000000	-9.984145	10.157719
715	715	0	0	0	4	0	-10.781005	10.654244	0	0	1082.000000	-9.984145	10.157719
716	716	0	0	0	4	0	-10.812680	10.585057	0	0	1078.000000	-9.984145	10.157719
717	717	0	0	0	4	0	-10.613890	10.076740	0	0	1080.000000	-9.984145	10.157719
718	718	0	0	0	4	0	-10.215536	9.850946	0	0	1152.000000	-9.984145	10.157719
719	719	0	0	0	4	0	-10.111451	10.027556	0	0	1159.000000	-9.984145	10.157719
720	720	0	0	0	4	0	-10.310885	10.590824	0	0	1079.000000	-9.984145	10.157719
721	721	0	0	0	4	0	-10.261773	10.463904	0	0	1085.000000	-9.984145	10.157719
722	722	0	0	0	4	0	-10.143261	9.958093	0	0	1094.000000	-9.984145	10.157719
723	723	0	0	0	4	0	-10.042024	9.682846	0	0	1128.000000	-9.984145	10.157719
724	724	0	0	0	4	0	-10.004404	10.385971	0	0	1147.000000	-9.984145	10.157719
725	725	0	0	0	4	0	-10.261773	10.996831	0	0	1100.000000	-9.984145	10.157719
726	726	0	0	0	4	0	-10.209755	10.959444	0	0	1074.000000	-9.984145	10.157719
727	727	0	0	0	4	0	-10.050704	10.567756	0	0	1083.000000	-9.984145	10.157719
728	728	0	0	0	4	0	-10.010193	10.290666	0	0	1122.000000	-9.984145	10.157719
729	729	0	0	0	4	0	-10.024664	10.394631	0	0	1155.000000	-9.984145	10.157719
730	730	0	0	0	4	0	-10.123019	10.927801	0	0	1111.000000	-9.984145	10.157719
731	731	0	0	0	4	0	-10.062278	10.933556	0	0	1084.000000	-9.843026	10.014147
732	732	0	0	0	4	0	-9.966779	10.642716	0	0	1085.000000	-8.678798	8.829678
733	733	0	0	0	4	0	-9.856738	10.146152	0	0	1113.000000	-7.514569	7.645209
734	734	0	0	0	4	0	-9.801693	10.195302	0	0	1165.000000	-6.350340	6.460740
735	735	0	0	0	4	0	-9.975461	10.795404	0	0	1134.000000	-5.186111	5.276271
736	736	0	0	0	4	0	-9.917560	10.979577	0	0	1088.000000	-4.021882	4.091802
737	737	0	0	0	4	0	-9.668346	10.590824	0	0	1093.000000	-2.857653	2.907333
738	738	0	0	0	4	0	-9.450707	10.096990	0	0	1119.000000	-1.693424	1.722864
739	739	0	0	0	4	0	-9.311274	9.769814	0	0	1158.000000	-0.529195	0.538395
740	740	0	0	0	4	0	-3.522826	5.459343	0	0	1272.000000	0.635034	-0.646074
741	741	0	0	0	4	0	2.129705	0.456566	0	0	1310.000000	1.799263	-1.830543
742	742	0	0	0	4	0	2.341258	-1.086102	0	0	1351.000000	2.963492	-3.015012
743	743	0	0	0	4	0	2.335299	-1.181558	0	0	1348.000000	4.127721	-4.199481
744	744	0	0	0	4	0	2.314445	-1.163661	0	0	1386.000000	5.291950	-5.383950
745	745	0	0	0	4	0	2.531898	-1.238232	0	0	1370.000000	6.456179	-6.568419
746	746	0	0	0	4	0	2.609330	-1.497705	0	0	1370.000000	7.620408	-7.752888
747	747	0	0	0	4	0	2.707595	-1.655745	0	0	1390.000000	8.784636	-8.937357
748	748	0	0	0	4	0	2.779052	-1.819723	0	0	1427.000000	9.948866	-10.121825
749	749	0	0	0	4	0	3.555526	-2.388923	0	0	1449.000000	9.984145	-10.157719
750	750	0	0	0	4	0	9.717639	-7.922776	0	0	1488.000000	9.984145	-10.157719
751	751	0	0	0	4	0	10.463905	-9.868325	0	0	1482.000000	9.984145	-10.157719
752	752	0	0	0	4	0	10.406179	-10.085419	0	0	1481.000000	9.984145	-10.157719
753	753	0	0	0	4	0	10.472562	-10.137478	0	0	1487.000000	9.984145	-10.157719
754	754	0	0	0	4	0	10.417727	-10.117234	0	0	1492.000000	9.984145	-10.157719
755	755	0	0	0	4	0	10.602357	-10.125913	0	0	1487.000000	9.984145	-10.157719
756	756	0	0	0	4	0	10.481218	-9.978354	0	0	1458.000000	9.984145	-10.157719
757	757	0	0	0	4	0	10.501414	-10.042024	0	0	1461.000000	9.984145	-10.157719
758	758	0	0	0	4	0	10.368647	-10.120129	0	0	1483.000000	9.984145	-10.157719
759	759	0	0	0	4	0	10.400406	-10.169284	0	0	1482.000000	9.984145	-10.157719
760	760	0	0	0	4	0	10.432158	-10.218425	0	0	1477.000000	9.984145	-10.157719
761	761	0	0	0	4	0	10.010192	-9.868325	0	0	1460.000000	9.984145	-10.157719
762	762	0	0	0	4	0	9.888600	-9.926246	0	0	1456.000000	9.984145	-10.157719
763	763	0	0	0	4	0	9.798795	-9.920454	0	0	1463.000000	9.984145	-10.157719
764	764	0	0	0	4	0	9.929142	-9.926246	0	0	1467.000000	9.984145	-10.157719
765	765	0	0	0	4	0	9.897288	-9.903081	0	0	1469.000000	9.984145	-10.157719
766	766	0	0	0	4	0	9.911767	-9.807489	0	0	1456.000000	9.984145	-10.157719
767	767	0	0	0	4	0	10.056491	-9.853842	0	0	1451.000000	9.984145	-10.157719
768	768	0	0	0	4	0	9.839358	-9.706043	0	0	1460.000000	9.984145	-10.157719
769	769	0	0	0	4	0	9.833564	-9.795897	0	0	1477.000000	9.984145	-10.157719
770	770	0	0	0	4	0	9.778509	-9.752425	0	0	1469.000000	9.984145	-10.157719
771	771	0	0	0	4	0	9.839358	-9.633543	0	0	1465.000000	9.984145	-10.157719
772	772	0	0	0	4	0	9.888600	-9.708941	0	0	1462.000000	9.984145	-10.157719
773	773	0	0	0	4	0	9.827769	-9.656746	0	0	1466.000000	9.984145	-10.157719
774	774	0	0	0	4	0	9.807488	-9.674146	0	0	1478.000000	9.984145	-10.157719
775	775	0	0	0	4	0	10.232876	-9.758223	0	0	1481.000000	9.984145	-10.157719
776	776	0	0	0	4	0	10.235765	-9.839358	0	0	1465.000000	9.984145	-10.157719
777	777	0	0	0	4	0	10.339770	-9.795897	0	0	1448.000000	9.984145	-10.157719
778	778	0	0	0	4	0	10.244436	-9.879912	0	0	1468.000000	9.984145	-10.157719
779	779	0	0	0	4	0	10.094097	-9.781408	0	0	1482.000000	9.156834	-9.316025
780	780	0	0	0	4	0	10.004404	-9.775612	0	0	1495.000000	7.915866	-8.053483
781	781	0	0	0	4	0	10.177957	-9.798795	0	0	1484.000000	6.674899	-6.790942
782	782	0	0	0	4	0	10.157718	-9.790101	0	0	1468.000000	5.433932	-5.528400
783	783	0	0	0	4	0	10.134586	-9.726336	0	0	1479.000000	4.192965	-4.265859
784	784	0	0	0	4	0	9.998616	-9.633543	0	0	1497.000000	2.951998	-3.003318
785	785	0	0	0	4	0	9.940722	-9.543600	0	0	1491.000000	1.711030	-1.740777
786	786	0	0	0	4	0	7.861291	-6.760388	0	0	1515.000000	0.470063	-0.478235
787	787	0	0	0	4	0	1.637855	0.307365	0	0	1431.000000	-0.770904	0.784306
788	788	0	0	0	4	0	-2.311465	2.502114	0	0	1370.000000	-2.011871	2.046847
789	789	0	0	0	4	0	-3.017173	2.653998	0	0	1356.000000	-3.252838	3.309389
790	790	0	0	0	4	0	-2.972533	2.618264	0	0	1380.000000	-4.493805	4.571930
791	791	0	0	0	4	0	-3.109417	2.585506	0	0	1375.000000	-5.734773	5.834471
792	792	0	0	0	4	0	-3.115368	2.731415	0	0	1345.000000	-6.975740	7.097013
793	793	0	0	0	4	0	-5.246353	5.923245	0	0	1317.000000	-8.216707	8.359553
794	794	0	0	0	4	0	-5.627852	7.042731	0	0	1296.000000	-9.457674	9.622095
795	795	0	0	0	4	0	-5.881908	6.757446	0	0	1356.000000	-9.984145	10.157719
796	796	0	0	0	4	0	-5.982286	6.616149	0	0	1353.000000	-9.984145	10.157719
797	797	0	0	0	4	0	-8.533684	8.051544	0	0	1274.000000	-9.984145	10.157719
798	798	0	0	0	4	0	-8.799076	8.294223	0	0	1251.000000	-9.984145	10.157719
799	799	0	0	0	4	0	-8.851526	8.033990	0	0	1270.000000	-9.984145	10.157719
800	800	0	0	0	4	0	-9.639343	9.523285	0	0	1264.000000	-9.984145	10.157719
801	801	0	0	0	4	0	-9.807489	10.279109	0	0	1269.000000	-9.984145	10.157719
802	802	0	0	0	4	0	-10.047811	10.472562	0	0	1215.000000	-9.984145	10.157719
803	803	0	0	0	4	0	-10.073847	10.293553	0	0	1182.000000	-9.984145	10.157719
804	804	0	0	0	4	0	-10.102774	10.299332	0	0	1204.000000	-9.984145	10.157719
805	805	0	0	0	4	0	-10.163502	10.111450	0	0	1227.000000	-9.984145	10.157719
806	806	0	0	0	4	0	-10.348432	10.224206	0	0	1275.000000	-9.984145	10.157719
807	807	0	0	0	4	0	-10.486990	10.426385	0	0	1216.000000	-9.984145	10.157719
808	808	0	0	0	4	0	-10.547568	10.331105	0	0	1191.000000	-9.984145	10.157719
809	809	0	0	0	4	0	-10.059382	9.960987	0	0	1203.000000	-9.984145	10.157719
810	810	0	0	0	4	0	-10.056491	9.766917	0	0	1210.000000	-9.984145	10.157719
811	811	0	0	0	4	0	-10.177958	9.827769	0	0	1268.000000	-9.984145	10.157719
812	812	0	0	0	4	0	-10.449475	10.380197	0	0	1212.000000	-9.984145	10.157719
813	813	0	0	0	4	0	-10.394632	10.146152	0	0	1203.000000	-9.984145	10.157719
814	814	0	0	0	4	0	-10.042024	9.966778	0	0	1216.000000	-9.984145	10.157719
815	815	0	0	0	4	0	-10.128803	9.711840	0	0	1248.000000	-9.984145	10.157719
816	816	0	0	0	4	0	-10.247324	9.737932	0	0	1286.000000	-9.984145	10.157719
817	817	0	0	0	4	0	-10.377309	9.989934	0	0	1249.000000	-9.984145	10.157719
818	818	0	0	0	4	0	-10.224206	9.845152	0	0	1216.000000	-9.984145	10.157719
819	819	0	0	0	4	0	-9.856738	9.450708	0	0	1234.000000	-9.984145	10.157719
820	820	0	0	0	4	0	-9.949408	9.064088	0	0	1251.000000	-9.984145	10.157719
821	821	0	0	0	4	0	-10.070955	9.055357	0	0	1288.000000	-9.984145	10.157719
822	822	0	0	0	4	0	-10.302220	9.450708	0	0	1239.000000	-9.984145	10.157719
823	823	0	0	0	4	0	-10.186629	9.607435	0	0	1206.000000	-9.984145	10.157719
824	824	0	0	0	4	0	-9.616138	9.650946	0	0	1194.000000	-9.984145	10.157719
825	825	0	0	0	4	0	-9.520383	9.363575	0	0	1210.000000	9.984145	-10.157719
826	826	0	0	0	4	0	-9.569718	9.288024	0	0	1255.000000	9.984145	-10.157719
827	827	0	0	0	4	0	-9.656746	9.807488	0	0	1214.000000	9.984145	-10.157719
828	828	0	0	0	4	0	-9.653846	9.697344	0	0	1181.000000	9.984145	-10.157719
829	829	0	0	0	4	0	-9.357764	9.282211	0	0	1181.000000	9.984145	-10.157719
830	830	0	0	0	4	0	-9.000054	8.941822	0	0	1200.000000	9.984145	-10.157719
831	831	0	0	0	4	0	-7.415717	7.767563	0	0	1257.000000	9.984145	-10.157719
832	832	0	0	0	4	0	-1.509632	4.579852	0	0	1294.000000	9.984145	-10.157719
833	833	0	0	0	4	0	4.152626	-0.396886	0	0	1330.000000	9.984145	-10.157719
834	834	0	0	0	4	0	7.283626	-4.410799	0	0	1335.000000	9.984145	-10.157719
835	835	0	0	0	4	0	9.165913	-7.139707	0	0	1389.000000	9.984145	-10.157719
836	836	0	0	0	4	0	9.703142	-8.667886	0	0	1402.000000	9.984145	-10.157719
837	837	0	0	0	4	0	10.024663	-9.642244	0	0	1381.000000	9.984145	-10.157719
838	838	0	0	0	4	0	10.007298	-10.082527	0	0	1359.000000	9.984145	-10.157719
839	839	0	0	0	4	0	9.821975	-10.290665	0	0	1354.000000	9.984145	-10.157719
840	840	0	0	0	4	0	9.517479	-10.163502	0	0	1371.000000	9.984145	-10.157719
841	841	0	0	0	4	0	9.258958	-10.088311	0	0	1375.000000	9.984145	-10.157719
842	842	0	0	0	4	0	9.540698	-9.929141	0	0	1358.000000	9.984145	-10.157719
843	843	0	0	0	4	0	9.940722	-9.836462	0	0	1336.000000	9.984145	-10.157719
844	844	0	0	0	4	0	10.313774	-9.819077	0	0	1319.000000	9.984145	-10.157719
845	845	0	0	0	4	0	10.449475	-9.726336	0	0	1317.000000	9.984145	-10.157719
846	846	0	0	0	4	0	10.561989	-9.868325	0	0	1336.000000	9.984145	-10.157719
847	847	0	0	0	4	0	9.923349	-10.160610	0	0	1329.000000	9.984145	-10.157719
848	848	0	0	0	4	0	9.836461	-10.267551	0	0	1314.000000	9.984145	-10.157719
849	849	0	0	0	4	0	9.862533	-10.229987	0	0	1300.000000	9.984145	-10.157719
850	850	0	0	0	4	0	9.920454	-10.209755	0	0	1303.000000	9.984145	-10.157719
851	851	0	0	0	4	0	9.761121	-10.307998	0	0	1310.000000	9.984145	-10.157719
852	852	0	0	0	4	0	9.616138	-9.642244	0	0	1317.000000	9.984145	-10.157719
853	853	0	0	0	4	0	9.293837	-9.468129	0	0	1310.000000	9.984145	-10.157719
854	854	0	0	0	4	0	9.235701	-9.488453	0	0	1292.000000	9.984145	-10.157719
855	855	0	0	0	4	0	9.136826	-9.479742	0	0	1296.000000	9.984145	-10.157719
856	856	0	0	0	4	0	8.970942	-9.726336	0	0	1311.000000	-9.984145	10.157719
857	857	0	0	0	4	0	8.938910	-9.691545	0	0	1316.000000	-9.984145	10.157719
858	858	0	0	0	4	0	9.058269	-9.688644	0	0	1296.000000	-9.984145	10.157719
859	859	0	0	0	4	0	9.508773	-9.711840	0	0	1271.000000	-9.984145	10.157719
860	860	0	0	0	4	0	9.317086	-9.633543	0	0	1287.000000	-9.984145	10.157719
861	861	0	0	0	4	0	9.189178	-9.552306	0	0	1300.000000	-9.984145	10.157719
862	862	0	0	0	4	0	6.883955	-6.398158	0	0	1307.000000	-9.984145	10.157719
863	863	0	0	0	4	0	2.201222	-1.077153	0	0	1269.000000	-9.984145	10.157719
864	864	0	0	0	4	0	-2.627197	3.403895	0	0	1154.000000	-9.984145	10.157719
865	865	0	0	0	4	0	-6.922187	5.858285	0	0	1141.000000	-9.984145	10.157719
866	866	0	0	0	4	0	-9.023342	7.248390	0	0	1129.000000	-9.984145	10.157719
867	867	0	0	0	4	0	-9.833564	8.180230	0	0	1151.000000	-9.984145	10.157719
868	868	0	0	0	4	0	-10.403293	8.979676	0	0	1109.000000	-9.984145	10.157719
869	869	0	0	0	4	0	-10.625422	9.529090	0	0	1051.000000	-9.984145	10.157719
870	870	0	0	0	4	0	-11.071577	9.894392	0	0	1029.000000	-9.984145	10.157719
871	871	0	0	0	4	0	-11.243921	9.378099	0	0	1064.000000	-9.984145	10.157719
872	872	0	0	0	4	0	-11.450464	9.372290	0	0	1089.000000	-9.984145	10.157719
873	873	0	0	0	4	0	-11.341492	9.891496	0	0	1081.000000	-9.984145	10.157719
874	874	0	0	0	4	0	-11.628076	10.172175	0	0	1017.000000	-9.984145	10.157719
875	875	0	0	0	4	0	-11.731104	9.981250	0	0	1012.000000	-9.984145	10.157719
876	876	0	0	0	4	0	-11.762568	9.462322	0	0	1027.000000	-9.984145	10.157719
877	877	0	0	0	4	0	-11.934070	9.340332	0	0	1063.000000	-9.984145	10.157719
878	878	0	0	0	4	0	-11.281236	9.949408	0	0	1075.000000	-9.984145	10.157719
879	879	0	0	0	4	0	-11.493456	10.319551	0	0	1042.000000	-9.984145	10.157719
880	880	0	0	0	4	0	-11.630940	10.411953	0	0	999.000000	-9.984145	10.157719
881	881	0	0	0	4	0	-11.587991	9.732134	0	0	1045.000000	-9.984145	10.157719
882	882	0	0	0	4	0	-11.536433	9.645144	0	0	1070.000000	-9.984145	10.157719
883	883	0	0	0	4	0	-10.945062	9.923349	0	0	1096.000000	-9.984145	10.157719
884	884	0	0	0	4	0	-11.163521	10.261773	0	0	1047.000000	-9.984145	10.157719
885	885	0	0	0	4	0	-11.137667	10.137479	0	0	1036.000000	-9.984145	10.157719
886	886	0	0	0	4	0	-11.065828	9.590029	0	0	1062.000000	-9.984145	-10.157719
887	887	0	0	0	4	0	-11.212339	9.404243	0	0	1077.000000	-9.984145	-10.157719
888	888	0	0	0	4	0	-11.393121	9.441997	0	0	1125.000000	-9.984145	-10.157719
889	889	0	0	0	4	0	-11.599443	9.874119	0	0	1060.000000	-9.984145	-10.157719
890	890	0	0	0	4	0	-10.593707	9.761121	0	0	1042.000000	-9.984145	-10.157719
891	891	0	0	0	4	0	-10.374421	9.285118	0	0	1060.000000	-9.984145	-10.157719
892	892	0	0	0	4	0	-10.296443	8.673717	0	0	1109.000000	-9.984145	-10.157719
893	893	0	0	0	4	0	-9.104825	4.467159	0	0	1171.000000	-9.984145	-10.157719
894	894	0	0	0	4	0	-9.827769	-0.677372	0	0	1189.000000	-9.984145	-10.157719
895	895	0	0	0	4	0	-9.694445	-3.683334	0	0	1213.000000	-9.984145	-10.157719
896	896	0	0	0	4	0	-9.891496	-5.352868	0	0	1214.000000	-9.984145	-10.157719
897	897	0	0	0	4	0	-10.264663	-5.985238	0	0	1235.000000	-9.984145	-10.157719
898	898	0	0	0	4	0	-10.316663	-7.110324	0	0	1262.000000	-9.984145	-10.157719
899	899	0	0	0	4	0	-10.590824	-7.990097	0	0	1243.000000	-9.984145	-10.157719
900	900	0	0	0	4	0	-10.795404	-8.443192	0	0	1234.000000	-9.984145	-10.157719
901	901	0	0	0	4	0	-10.432158	-9.555209	0	0	1239.000000	-9.984145	-10.157719
902	902	0	0	0	4	0	-10.432158	-10.212646	0	0	1258.000000	-9.984145	-10.157719
903	903	0	0	0	4	0	-10.466791	-10.276219	0	0	1259.000000	-9.984145	-10.157719
904	904	0	0	0	4	0	-10.478333	-10.123019	0	0	1234.000000	-9.984145	-10.157719
905	905	0	0	0	4	0	-10.512954	-10.175065	0	0	1217.000000	-9.984145	-10.157719
906	906	0	0	0	4	0	-10.567757	-9.932036	0	0	1215.000000	-9.984145	-10.157719
907	907	0	0	0	4	0	-10.411952	-9.908873	0	0	1236.000000	-9.984145	-10.157719
908	908	0	0	0	4	0	-10.218425	-10.322440	0	0	1236.000000	-9.984145	-10.157719
909	909	0	0	0	4	0	-10.062278	-10.276219	0	0	1221.000000	-9.984145	-10.157719
910	910	0	0	0	4	0	-9.972566	-10.391745	0	0	1222.000000	-9.984145	-10.157719
911	911	0	0	0	4	0	-9.955198	-10.458134	0	0	1220.000000	-9.984145	-10.157719
912	912	0	0	0	4	0	-9.920454	-10.524493	0	0	1227.000000	-9.984145	-10.157719
913	913	0	0	0	4	0	-10.004404	-10.299333	0	0	1231.000000	-9.984145	-10.157719
914	914	0	0	0	4	0	-9.981251	-10.354208	0	0	1217.000000	-9.984145	-10.157719
915	915	0	0	0	4	0	-10.047811	-10.409066	0	0	1206.000000	-9.984145	-10.157719
916	916	0	0	0	4	0	-10.070955	-10.475447	0	0	1202.000000	9.984145	-10.157719
917	917	0	0	0	4	0	-10.140371	-10.527376	0	0	1213.000000	9.984145	-10.157719
918	918	0	0	0	4	0	-10.177958	-10.056491	0	0	1211.000000	9.984145	-10.157719
919	919	0	0	0	4	0	-10.261773	-10.218425	0	0	1210.000000	9.984145	-10.157719
920	920	0	0	0	4	0	-10.331105	-10.316663	0	0	1193.000000	9.984145	-10.157719
921	921	0	0	0	4	0	-10.397518	-10.175065	0	0	1183.000000	9.984145	-10.157719
922	922	0	0	0	4	0	-10.486990	-10.224206	0	0	1194.000000	9.984145	-10.157719
923	923	0	0	0	4	0	-5.264109	-9.819077	0	0	1224.000000	9.984145	-10.157719
924	924	0	0	0	4	0	2.588484	-9.203716	0	0	1206.000000	9.984145	-10.157719
925	925	0	0	0	4	0	7.556524	-10.391745	0	0	1197.000000	9.984145	-10.157719
926	926	0	0	0	4	0	10.322440	-10.717639	0	0	1176.000000	9.984145	-10.157719
927	927	0	0	0	4	0	11.031334	-10.907661	0	0	1186.000000	9.984145	-10.157719
928	928	0	0	0	4	0	11.062955	-10.965196	0	0	1193.000000	9.984145	-10.157719
929	929	0	0	0	4	0	11.493455	-10.547568	0	0	1174.000000	9.984145	-10.157719
930	930	0	0	0	4	0	11.814041	-10.362871	0	0	1159.000000	9.984145	-10.157719
931	931	0	0	0	4	0	11.034209	-9.943617	0	0	1156.000000	9.984145	-10.157719
932	932	0	0	0	4	0	10.821318	-9.850946	0	0	1161.000000	9.984145	-10.157719
933	933	0	0	0	4	0	10.939309	-9.584227	0	0	1183.000000	9.984145	-10.157719
934	934	0	0	0	4	0	11.126175	-9.729235	0	0	1191.000000	9.984145	-10.157719
935	935	0	0	0	4	0	11.507782	-9.732134	0	0	1176.000000	9.984145	-10.157719
936	936	0	0	0	4	0	11.438996	-9.955198	0	0	1178.000000	9.984145	-10.157719
937	937	0	0	0	4	0	11.238180	-10.388858	0	0	1169.000000	9.984145	-10.157719
938	938	0	0	0	4	0	11.108935	-10.435044	0	0	1200.000000	9.984145	-10.157719
939	939	0	0	0	4	0	11.126175	-10.414841	0	0	1209.000000	9.984145	-10.157719
940	940	0	0	0	4	0	11.504916	-10.466791	0	0	1185.000000	9.984145	-10.157719
941	941	0	0	0	4	0	11.705355	-10.602358	0	0	1164.000000	9.984145	-10.157719
942	942	0	0	0	4	0	11.590854	-10.423500	0	0	1171.000000	9.984145	-10.157719
943	943	0	0	0	4	0	11.467661	-10.351321	0	0	1194.000000	9.984145	-10.157719
944	944	0	0	0	4	0	11.476260	-10.397518	0	0	1188.000000	9.984145	-10.157719
945	945	0	0	0	4	0	11.808324	-10.313775	0	0	1193.000000	9.984145	-10.157719
946	946	0	0	0	4	0	12.002609	-10.380197	0	0	1173.000000	9.984145	10.157719
947	947	0	0	0	4	0	11.656702	-10.192412	0	0	1164.000000	9.984145	10.157719
948	948	0	0	0	4	0	11.398856	-10.123019	0	0	1199.000000	9.984145	10.157719
949	949	0	0	0	4	0	11.292715	-10.123019	0	0	1216.000000	9.984145	10.157719
950	950	0	0	0	4	0	11.418928	-10.105666	0	0	1204.000000	9.984145	10.157719
951	951	0	0	0	4	0	11.516377	-10.238656	0	0	1177.000000	9.984145	10.157719
952	952	0	0	0	4	0	11.662428	-10.125913	0	0	1176.000000	9.984145	10.157719
953	953	0	0	0	4	0	11.361571	-7.899356	0	0	1215.000000	9.984145	10.157719
954	954	0	0	0	4	0	11.114682	-0.193969	0	0	1168.000000	9.984145	10.157719
955	955	0	0	0	4	0	11.249662	4.914751	0	0	1093.000000	9.984145	10.157719
956	956	0	0	0	4	0	11.246792	7.450926	0	0	1048.000000	9.984145	10.157719
957	957	0	0	0	4	0	11.567943	8.755356	0	0	980.000000	9.984145	10.157719
958	958	0	0	0	4	0	11.252534	9.261865	0	0	954.000000	9.984145	10.157719
959	959	0	0	0	4	0	10.325329	9.136826	0	0	964.000000	9.984145	10.157719
960	960	0	0	0	4	0	9.505869	9.349049	0	0	1027.000000	9.984145	10.157719
961	961	0	0	0	4	0	9.581325	9.572619	0	0	1004.000000	9.984145	10.157719
962	962	0	0	0	4	0	9.992828	9.882808	0	0	945.000000	9.984145	10.157719
963	963	0	0	0	4	0	10.180849	9.775612	0	0	924.000000	9.984145	10.157719
964	964	0	0	0	4	0	9.975461	9.575521	0	0	933.000000	9.984145	10.157719
965	965	0	0	0	4	0	8.976764	9.723436	0	0	1007.000000	9.984145	10.157719
966	966	0	0	0	4	0	9.212441	9.929141	0	0	967.000000	9.984145	10.157719
967	967	0	0	0	4	0	9.717639	9.987039	0	0	922.000000	9.984145	10.157719
968	968	0	0	0	4	0	10.276220	10.047811	0	0	890.000000	9.984145	10.157719
969	969	0	0	0	4	0	9.630642	9.270585	0	0	909.000000	9.984145	10.157719
970	970	0	0	0	4	0	8.787418	8.743695	0	0	974.000000	9.984145	10.157719
971	971	0	0	0	4	0	8.985498	8.767015	0	0	963.000000	9.984145	10.157719
972	972	0	0	0	4	0	9.540698	8.918525	0	0	908.000000	9.984145	10.157719
973	973	0	0	0	4	0	9.949408	9.029163	0	0	884.000000	9.984145	10.157719
974	974	0	0	0	4	0	9.485549	8.764101	0	0	909.000000	9.984145	10.157719
975	975	0	0	0	4	0	9.200810	8.723288	0	0	959.000000	9.984145	10.157719
976	976	0	0	0	4	0	9.439093	8.994232	0	0	941.000000	9.984145	10.157719
977	977	0	0	0	4	0	9.984144	9.276398	0	0	904.000000	-9.984145	10.157719
978	978	0	0	0	4	0	10.443704	9.357764	0	0	879.000000	-9.984145	10.157719
979	979	0	0	0	4	0	10.325329	9.540699	0	0	873.000000	-9.984145	10.157719
980	980	0	0	0	4	0	9.453612	9.221165	0	0	941.000000	-9.984145	10.157719
981	981	0	0	0	4	0	9.563915	9.293837	0	0	946.000000	-9.984145	10.157719
982	982	0	0	0	4	0	10.073848	9.366480	0	0	915.000000	-9.984145	10.157719
983	983	0	0	0	4	0	9.238607	8.898136	0	0	884.000000	-9.984145	10.157719
984	984	0	0	0	4	0	5.471171	7.840792	0	0	916.000000	-9.984145	10.157719
985	985	0	0	0	4	0	-0.587858	7.280691	0	0	1021.000000	-9.984145	10.157719
986	986	0	0	0	4	0	-5.045064	8.262077	0	0	962.000000	-9.984145	10.157719
987	987	0	0	0	4	0	-7.577052	8.513253	0	0	933.000000	-9.984145	10.157719
988	988	0	0	0	4	0	-9.145552	8.352655	0	0	933.000000	-9.984145	10.157719
989	989	0	0	0	4	0	-9.891496	8.069097	0	0	953.000000	-9.984145	10.157719
990	990	0	0	0	4	0	-10.446589	7.887644	0	0	996.000000	-9.984145	10.157719
991	991	0	0	0	4	0	-10.939308	8.323442	0	0	963.000000	-9.984145	10.157719
992	992	0	0	0	4	0	-11.639527	8.615383	0	0	917.000000	-9.984145	10.157719
993	993	0	0	0	4	0	-11.905501	8.227004	0	0	910.000000	-9.984145	10.157719
994	994	0	0	0	4	0	-12.062552	7.943267	0	0	930.000000	-9.984145	10.157719
995	995	0	0	0	4	0	-12.019739	7.805645	0	0	972.000000	-9.984145	10.157719
996	996	0	0	0	4	0	-12.071114	8.156838	0	0	967.000000	-9.984145	10.157719
997	997	0	0	0	4	0	-12.053992	8.451950	0	0	908.000000	-9.984145	10.157719
998	998	0	0	0	4	0	-10.654244	7.832006	0	0	911.000000	-9.984145	10.157719
999	999	0	0	0	4	0	-10.501415	7.386369	0	0	939.000000	-9.984145	10.157719
1000	1000	0	0	0	4	0	-10.307998	7.186711	0	0	979.000000	-9.984145	10.157719
1001	1001	0	0	0	4	0	-10.388858	7.574118	0	0	992.000000	-9.984145	10.157719
1002	1002	0	0	0	4	0	-9.981251	9.005877	0	0	954.000000	-9.984145	10.157719
1003	1003	0	0	0	4	0	-9.740829	8.545358	0	0	961.000000	-9.984145	10.157719
1004	1004	0	0	0	4	0	-9.723436	8.232850	0	0	960.000000	-9.984145	10.157719
1005	1005	0	0	0	4	0	-9.766917	8.016434	0	0	1025.000000	-9.984145	10.157719
1006	1006	0	0	0	4	0	-9.929141	8.186077	0	0	1032.000000	-9.984145	10.157719
1007	1007	0	0	0	4	0	-10.114343	8.723288	0	0	969.000000	0.000000	0.000000
1008	1008	0	0	0	4	0	-10.146152	8.443192	0	0	971.000000	0.000000	0.000000
1009	1009	0	0	0	4	0	-9.584227	8.627051	0	0	967.000000	0.000000	0.000000
1010	1010	0	0	0	4	0	-9.514577	9.069908	0	0	991.000000	0.000000	0.000000
1011	1011	0	0	0	4	0	-9.708941	9.183362	0	0	1033.000000	0.000000	0.000000
1012	1012	0	0	0	4	0	-10.094096	9.671247	0	0	971.000000	0.000000	0.000000
1013	1013	0	0	0	4	0	-9.436188	8.618300	0	0	974.000000	0.000000	0.000000
1014	1014	0	0	0	4	0	-3.831900	4.241671	0	0	1021.000000	0.000000	0.000000
1015	1015	0	0	0	4	0	-0.769865	1.557346	0	0	1109.000000	0.000000	0.000000
1016	1016	0	0	0	4	0	-0.116383	0.662453	0	0	1132.000000	0.000000	0.000000
1017	1017	0	0	0	4	0	-0.208890	0.199938	0	0	1100.000000	0.000000	0.000000
1018	1018	0	0	0	4	0	-0.641567	-0.074604	0	0	1102.000000	0.000000	0.000000
1019	1019	0	0	0	4	0	-1.074170	-0.199938	0	0	1092.000000	0.000000	0.000000
1020	1020	0	0	0	4	0	-1.244197	-0.349142	0	0	1112.000000	0.000000	0.000000
1021	1021	0	0	0	4	0	-1.297885	-0.662453	0	0	1146.000000	0.000000	0.000000
1022	1022	0	0	0	4	0	-1.247180	-0.960808	0	0	1142.000000	0.000000	0.000000
1023	1023	0	0	0	4	0	-1.175593	-1.083119	0	0	1146.000000	0.000000	0.000000
1024	1024	0	0	0	4	0	-1.095052	-1.092069	0	0	1133.000000	0.000000	0.000000
1025	1025	0	0	0	4	0	-0.802686	-0.137271	0	0	1163.000000	0.000000	0.000000
1026	1026	0	0	0	4	0	-0.555035	0.596809	0	0	1205.000000	0.000000	0.000000
1027	1027	0	0	0	4	0	-0.307365	0.486405	0	0	1172.000000	0.000000	0.000000
1028	1028	0	0	0	4	0	-0.155176	0.477454	0	0	1158.000000	0.000000	0.000000
1029	1029	0	0	0	4	0	-0.110414	0.375998	0	0	1168.000000	0.000000	0.000000
1030	1030	0	0	0	4	0	-0.047746	0.283492	0	0	1184.000000	0.000000	0.000000
1031	1031	0	0	0	4	0	0.002984	0.289461	0	0	1207.000000	0.000000	0.000000
1032	1032	0	0	0	4	0	-0.349142	0.322285	0	0	1190.000000	0.000000	0.000000
1033	1033	0	0	0	4	0	-0.176065	0.274541	0	0	1173.000000	0.000000	0.000000
1034	1034	0	0	0	4	0	-0.193969	0.152192	0	0	1193.000000	0.000000	0.000000
1035	1035	0	0	0	4	0	-0.322285	0.149207	0	0	1185.000000	0.000000	0.000000
1036	1036	0	0	0	4	0	-0.304381	0.217842	0	0	1212.000000	0.000000	0.000000
1037	1037	0	0	0	4	0	-0.238731	0.008952	0	0	1218.000000	0.000000	0.000000
1038	1038	0	0	0	4	0	-0.280509	-0.137271	0	0	1197.000000	0.000000	0.000000
1039	1039	0	0	0	4	0	-0.241714	0.310349	0	0	1203.000000	0.000000	0.000000
1040	1040	0	0	0	4	0	-0.277524	0.119366	0	0	1214.000000	0.000000	0.000000
1041	1041	0	0	0	4	0	-0.232762	0.211874	0	0	1226.000000	0.000000	0.000000
1042	1042	0	0	0	4	0	-0.185017	0.435678	0	0	1212.000000	0.000000	0.000000
1043	1043	0	0	0	4	0	-0.065652	0.447614	0	0	1200.000000	0.000000	0.000000
1044	1044	0	0	0	4	0	-0.167111	0.626648	0	0	1198.000000	0.000000	0.000000
1045	1045	0	0	0	4	0	-0.202921	0.563987	0	0	1200.000000	0.000000	0.000000
1046	1046	0	0	0	4	0	-0.304381	0.432694	0	0	1218.000000	0.000000	0.000000
1047	1047	0	0	0	4	0	-0.256635	0.492373	0	0	1225.000000	0.000000	0.000000
1048	1048	0	0	0	4	0	-0.244700	0.340189	0	0	1205.000000	0.000000	0.000000
1049	1049	0	0	0	4	0	-0.384951	0.080573	0	0	1196.000000	0.000000	0.000000
1050	1050	0	0	0	4	0	-0.381966	-0.029842	0	0	1196.000000	0.000000	0.000000
1051	1051	0	0	0	4	0	-0.420758	0.065652	0	0	1213.000000	0.000000	0.000000
1052	1052	0	0	0	4	0	-0.343174	0.373014	0	0	1209.000000	0.000000	0.000000
1053	1053	0	0	0	4	0	-0.265589	0.355110	0	0	1198.000000	0.000000	0.000000
1054	1054	0	0	0	4	0	-0.331237	0.262603	0	0	1187.000000	0.000000	0.000000
1055	1055	0	0	0	4	0	-0.283492	0.268572	0	0	1197.000000	0.000000	0.000000
1056	1056	0	0	0	4	0	-0.256635	0.179049	0	0	1202.000000	0.000000	0.000000
1057	1057	0	0	0	4	0	-0.319302	0.340189	0	0	1208.000000	0.000000	0.000000
1058	1058	0	0	0	4	0	-0.226794	0.217842	0	0	1186.000000	0.000000	0.000000
1059	1059	0	0	0	4	0	-0.214859	0.143239	0	0	1185.000000	0.000000	0.000000
1060	1060	0	0	0	4	0	-0.265589	0.083556	0	0	1201.000000	0.000000	0.000000
1061	1061	0	0	0	4	0	-0.250668	0.161144	0	0	1209.000000	0.000000	0.000000
1062	1062	0	0	0	4	0	-0.211873	0.032826	0	0	1222.000000	0.000000	0.000000
1063	1063	0	0	0	4	0	-0.247683	0.155176	0	0	1190.000000	0.000000	0.000000
1064	1064	0	0	0	4	0	-0.199938	0.164128	0	0	1188.000000	0.000000	0.000000
1065	1065	0	0	0	4	0	-0.247683	0.110414	0	0	1196.000000	0.000000	0.000000
1066	1066	0	0	0	4	0	-0.286476	0.059683	0	0	1202.000000	0.000000	0.000000
1067	1067	0	0	0	4	0	-0.205907	0.167112	0	0	1224.000000	0.000000	0.000000
