RowNumber	TimeStamp	X_Position_Degree_Right_Eye	Y_Position_Degree_Right_Eye	Distance_From_RightEye	Validity_Right_Eye	Pupil_Diameter_RightEye	X_Position_Degree_Left_Eye	Y_Position_Degree_Left_Eye	Distance_From_LeftEye	Validity_Left_Eye	Pupil_Diameter_LeftEye	Target X	Target Y
0	0	0	0	0	4	0	0.220826	-0.820587	0	0	1195.000000	0.000000	0.000000
1	50	0	0	0	4	0	0.271556	-0.862356	0	0	1197.000000	0.000000	0.000000
2	100	0	0	0	4	0	0.217842	-0.966774	0	0	1208.000000	0.000000	0.000000
3	150	0	0	0	4	0	0.223811	-0.954841	0	0	1219.000000	0.000000	0.000000
4	200	0	0	0	4	0	0.259620	-0.925008	0	0	1206.000000	0.000000	0.000000
5	250	0	0	0	4	0	0.244700	-0.865339	0	0	1190.000000	0.000000	0.000000
6	300	0	0	0	4	0	0.086540	-0.927991	0	0	1193.000000	0.000000	0.000000
7	350	0	0	0	4	0	0.113397	-0.930975	0	0	1195.000000	0.000000	0.000000
8	400	0	0	0	4	0	0.116382	-0.853405	0	0	1177.000000	0.000000	0.000000
9	450	0	0	0	4	0	0.149207	-0.877273	0	0	1169.000000	0.000000	0.000000
10	500	0	0	0	4	0	0.083556	-0.886224	0	0	1175.000000	0.000000	0.000000
11	550	0	0	0	4	0	0.086540	-0.951858	0	0	1174.000000	0.000000	0.000000
12	600	0	0	0	4	0	0.137271	-0.844454	0	0	1165.000000	0.000000	0.000000
13	650	0	0	0	4	0	0.143239	-0.826554	0	0	1162.000000	0.000000	0.000000
14	700	0	0	0	4	0	0.077588	-0.880257	0	0	1183.000000	0.000000	0.000000
15	750	0	0	0	4	0	0.056699	-0.889206	0	0	1199.000000	0.000000	0.000000
16	800	0	0	0	4	0	0.119366	-0.835504	0	0	1204.000000	0.000000	0.000000
17	850	0	0	0	4	0	0.190985	-0.859372	0	0	1214.000000	0.000000	0.000000
18	900	0	0	0	4	0	0.202921	-0.790751	0	0	1231.000000	0.000000	0.000000
19	950	0	0	0	4	0	0.170097	-0.802685	0	0	1252.000000	0.000000	0.000000
20	1000	0	0	0	4	0	0.205906	-0.784783	0	0	1254.000000	0.000000	0.000000
21	1050	0	0	0	4	0	0.250667	-0.677372	0	0	1254.000000	-0.691970	0.704000
22	1100	0	0	0	4	0	0.256636	-0.674388	0	0	1268.000000	-1.398063	1.422368
23	1150	0	0	0	4	0	0.259620	-0.635599	0	0	1269.000000	-2.104155	2.140736
24	1200	0	0	0	4	0	0.185017	-0.647534	0	0	1259.000000	-2.810247	2.859103
25	1250	0	0	0	4	0	-1.661709	1.858476	0	0	1243.000000	-3.516340	3.577471
26	1300	0	0	0	4	0	-2.186324	1.864439	0	0	1255.000000	-4.222432	4.295838
27	1350	0	0	0	4	0	-2.716527	2.219101	0	0	1256.000000	-4.928524	5.014206
28	1400	0	0	0	4	0	-4.831797	4.523510	0	0	1238.000000	-5.634616	5.732574
29	1450	0	0	0	4	0	-5.376532	5.272985	0	0	1226.000000	-6.340709	6.450942
30	1500	0	0	0	4	0	-5.849426	5.757863	0	0	1242.000000	-7.046801	7.169309
31	1550	0	0	0	4	0	-6.501285	6.486556	0	0	1249.000000	-7.752893	7.887677
32	1600	0	0	0	4	0	-7.207272	7.172023	0	0	1246.000000	-8.458985	8.606045
33	1650	0	0	0	4	0	-8.300066	8.288378	0	0	1221.000000	-9.165078	9.324412
34	1700	0	0	0	4	0	-8.708709	8.551193	0	0	1227.000000	-9.871170	10.042780
35	1750	0	0	0	4	0	-9.293837	8.828217	0	0	1218.000000	-9.984145	10.157719
36	1800	0	0	0	4	0	-9.769814	9.595831	0	0	1194.000000	-9.984145	10.157719
37	1850	0	0	0	4	0	-10.426385	10.564872	0	0	1155.000000	-9.984145	10.157719
38	1900	0	0	0	4	0	-10.348432	10.169284	0	0	1173.000000	-9.984145	10.157719
39	1950	0	0	0	4	0	-10.305108	10.044918	0	0	1170.000000	-9.984145	10.157719
40	2000	0	0	0	4	0	-9.998616	10.157718	0	0	1141.000000	-9.984145	10.157719
41	2050	0	0	0	4	0	-10.001510	10.224206	0	0	1123.000000	-9.984145	10.157719
42	2100	0	0	0	4	0	-9.908873	9.868325	0	0	1149.000000	-9.984145	10.157719
43	2150	0	0	0	4	0	-9.816180	9.703142	0	0	1163.000000	-9.984145	10.157719
44	2200	0	0	0	4	0	-9.848048	9.989934	0	0	1148.000000	-9.984145	10.157719
45	2250	0	0	0	4	0	-9.842255	10.189521	0	0	1141.000000	-9.984145	10.157719
46	2300	0	0	0	4	0	-9.691545	9.839358	0	0	1173.000000	-9.984145	10.157719
47	2350	0	0	0	4	0	-9.633543	9.836461	0	0	1184.000000	-9.984145	10.157719
48	2400	0	0	0	4	0	-9.674146	10.004404	0	0	1161.000000	-9.984145	10.157719
49	2450	0	0	0	4	0	-9.694445	10.146152	0	0	1151.000000	-9.984145	10.157719
50	2500	0	0	0	4	0	-9.616138	9.877015	0	0	1170.000000	-9.984145	10.157719
51	2550	0	0	0	4	0	-9.700244	9.717639	0	0	1181.000000	-9.984145	10.157719
52	2600	0	0	0	4	0	-9.772714	9.981250	0	0	1153.000000	-9.984145	10.157719
53	2650	0	0	0	4	0	-9.810385	10.224206	0	0	1136.000000	-9.984145	10.157719
54	2700	0	0	0	4	0	-9.732134	9.992828	0	0	1157.000000	-9.984145	10.157719
55	2750	0	0	0	4	0	-9.697343	9.879911	0	0	1168.000000	-9.292174	9.453718
56	2800	0	0	0	4	0	-9.723436	9.937827	0	0	1157.000000	-8.468400	8.615623
57	2850	0	0	0	4	0	-9.737932	9.981250	0	0	1152.000000	-7.644626	7.777527
58	2900	0	0	0	4	0	-9.479742	9.555209	0	0	1179.000000	-6.820852	6.939432
59	2950	0	0	0	4	0	-6.356896	6.233068	0	0	1235.000000	-5.997077	6.101336
60	3000	0	0	0	4	0	-5.488913	5.441599	0	0	1229.000000	-5.173303	5.263240
61	3050	0	0	0	4	0	-4.745861	4.656937	0	0	1242.000000	-4.349529	4.425145
62	3100	0	0	0	4	0	-3.974477	3.938837	0	0	1271.000000	-3.525754	3.587049
63	3150	0	0	0	4	0	-3.136196	3.139170	0	0	1293.000000	-2.701980	2.748954
64	3200	0	0	0	4	0	-2.326362	2.350195	0	0	1299.000000	-1.878206	1.910858
65	3250	0	0	0	4	0	-1.745191	1.238232	0	0	1308.000000	-1.054431	1.072762
66	3300	0	0	0	4	0	-1.032405	0.650518	0	0	1307.000000	-0.230657	0.234667
67	3350	0	0	0	4	0	-0.510276	0.164128	0	0	1300.000000	0.000000	0.000000
68	3400	0	0	0	4	0	0.017905	-0.274541	0	0	1277.000000	0.000000	0.000000
69	3450	0	0	0	4	0	0.823570	-1.014507	0	0	1250.000000	0.000000	0.000000
70	3500	0	0	0	4	0	1.688543	-2.210162	0	0	1253.000000	0.000000	0.000000
71	3550	0	0	0	4	0	1.745191	-2.287631	0	0	1244.000000	0.000000	0.000000
72	3600	0	0	0	4	0	0.193969	-0.910091	0	0	1220.000000	0.000000	0.000000
73	3650	0	0	0	4	0	0.274541	-0.913074	0	0	1219.000000	0.000000	0.000000
74	3700	0	0	0	4	0	0.310349	-0.963791	0	0	1219.000000	0.000000	0.000000
75	3750	0	0	0	4	0	0.325269	-0.960808	0	0	1206.000000	0.000000	0.000000
76	3800	0	0	0	4	0	0.098477	-0.823570	0	0	1187.000000	0.000000	0.000000
77	3850	0	0	0	4	0	0.185017	-0.734062	0	0	1169.000000	0.000000	0.000000
78	3900	0	0	0	4	0	0.158159	-0.772849	0	0	1166.000000	0.000000	0.000000
79	3950	0	0	0	4	0	0.092509	-0.814619	0	0	1156.000000	0.000000	0.000000
80	4000	0	0	0	4	0	0.188001	-0.701241	0	0	1129.000000	0.000000	0.000000
81	4050	0	0	0	4	0	0.244700	-0.632616	0	0	1119.000000	0.000000	0.000000
82	4100	0	0	0	4	0	0.182033	-0.716160	0	0	1121.000000	0.000000	0.000000
83	4150	0	0	0	4	0	0.050731	-0.778817	0	0	1117.000000	0.000000	0.000000
84	4200	0	0	0	4	0	0.110414	-0.737046	0	0	1105.000000	0.000000	0.000000
85	4250	0	0	0	4	0	0.232762	-0.656485	0	0	1087.000000	0.000000	0.000000
86	4300	0	0	0	4	0	0.080573	-0.772849	0	0	1092.000000	0.000000	0.000000
87	4350	0	0	0	4	0	0.089525	-0.790751	0	0	1093.000000	-9.984145	10.157719
88	4400	0	0	0	4	0	0.116382	-0.811636	0	0	1079.000000	-9.984145	10.157719
89	4450	0	0	0	4	0	0.125335	-0.731078	0	0	1062.000000	-9.984145	10.157719
90	4500	0	0	0	4	0	0.041778	-0.811636	0	0	1054.000000	-9.984145	10.157719
91	4550	0	0	0	4	0	-7.462661	8.013508	0	0	1021.000000	-9.984145	10.157719
92	4600	0	0	0	4	0	-9.372291	10.276220	0	0	994.000000	-9.984145	10.157719
93	4650	0	0	0	4	0	-9.363574	10.423500	0	0	983.000000	-9.984145	10.157719
94	4700	0	0	0	4	0	-9.331615	10.010193	0	0	1022.000000	-9.984145	10.157719
95	4750	0	0	0	4	0	-10.050704	10.042024	0	0	1031.000000	-9.984145	10.157719
96	4800	0	0	0	4	0	-10.195301	10.333993	0	0	1012.000000	-9.984145	10.157719
97	4850	0	0	0	4	0	-10.235766	10.469676	0	0	1019.000000	-9.984145	10.157719
98	4900	0	0	0	4	0	-10.137478	10.079634	0	0	1059.000000	-9.984145	10.157719
99	4950	0	0	0	4	0	-10.163502	10.068063	0	0	1075.000000	-9.984145	10.157719
100	5000	0	0	0	4	0	-9.871222	10.229987	0	0	1070.000000	-9.984145	10.157719
101	5050	0	0	0	4	0	-9.911767	10.345545	0	0	1057.000000	-9.984145	10.157719
102	5100	0	0	0	4	0	-9.862532	10.042024	0	0	1073.000000	-9.984145	10.157719
103	5150	0	0	0	4	0	-9.960988	9.905975	0	0	1072.000000	-9.984145	10.157719
104	5200	0	0	0	4	0	-10.027556	10.232876	0	0	1036.000000	-9.984145	10.157719
105	5250	0	0	0	4	0	-10.050704	10.492760	0	0	1014.000000	-9.984145	10.157719
106	5300	0	0	0	4	0	-9.981251	10.134586	0	0	1035.000000	-9.984145	10.157719
107	5350	0	0	0	4	0	-9.911767	9.949408	0	0	1044.000000	0.000000	0.000000
108	5400	0	0	0	4	0	-9.882808	10.255995	0	0	1031.000000	0.000000	0.000000
109	5450	0	0	0	4	0	-9.859636	10.331105	0	0	1035.000000	0.000000	0.000000
110	5500	0	0	0	4	0	-9.737932	9.975461	0	0	1083.000000	0.000000	0.000000
111	5550	0	0	0	4	0	0.086540	-2.653998	0	0	1206.000000	0.000000	0.000000
112	5600	0	0	0	4	0	0.101461	-2.645066	0	0	1215.000000	0.000000	0.000000
113	5650	0	0	0	4	0	0.143239	-2.564659	0	0	1221.000000	0.000000	0.000000
114	5700	0	0	0	4	0	0.441646	-0.701241	0	0	1229.000000	0.000000	0.000000
115	5750	0	0	0	4	0	0.414790	-0.734062	0	0	1250.000000	0.000000	0.000000
116	5800	0	0	0	4	0	0.402854	-0.680355	0	0	1251.000000	0.000000	0.000000
117	5850	0	0	0	4	0	0.375998	-0.647534	0	0	1231.000000	0.000000	0.000000
118	5900	0	0	0	4	0	0.274541	-0.519229	0	0	1224.000000	0.000000	0.000000
119	5950	0	0	0	4	0	0.253652	-0.587858	0	0	1204.000000	0.000000	0.000000
120	6000	0	0	0	4	0	0.208890	-0.558020	0	0	1175.000000	0.000000	0.000000
121	6050	0	0	0	4	0	0.268572	-0.599793	0	0	1155.000000	0.000000	0.000000
122	6100	0	0	0	4	0	0.161144	-0.602777	0	0	1151.000000	0.000000	0.000000
123	6150	0	0	0	4	0	0.167112	-0.704225	0	0	1148.000000	0.000000	0.000000
124	6200	0	0	0	4	0	0.152192	-0.665436	0	0	1133.000000	0.000000	0.000000
125	6250	0	0	0	4	0	0.199938	-0.641567	0	0	1122.000000	0.000000	0.000000
126	6300	0	0	0	4	0	0.128318	-0.695274	0	0	1124.000000	0.000000	0.000000
127	6350	0	0	0	4	0	0.146223	-0.668420	0	0	1123.000000	-0.676891	-0.688659
128	6400	0	0	0	4	0	0.185017	-0.707209	0	0	1115.000000	-1.617018	-1.645130
129	6450	0	0	0	4	0	0.304381	-0.629632	0	0	1108.000000	-2.557145	-2.601600
130	6500	0	0	0	4	0	0.193969	-0.677372	0	0	1115.000000	-3.497271	-3.558071
131	6550	0	0	0	4	0	0.176064	-0.745997	0	0	1122.000000	-4.437398	-4.514542
132	6600	0	0	0	4	0	-3.683333	-4.757714	0	0	1131.000000	-5.377524	-5.471012
133	6650	0	0	0	4	0	-4.063562	-5.139805	0	0	1128.000000	-6.317651	-6.427483
134	6700	0	0	0	4	0	-4.437498	-5.548044	0	0	1134.000000	-7.257778	-7.383954
135	6750	0	0	0	4	0	-7.700170	-8.609550	0	0	1165.000000	-8.197905	-8.340425
136	6800	0	0	0	4	0	-7.966684	-8.714541	0	0	1177.000000	-9.138031	-9.296895
137	6850	0	0	0	4	0	-8.390628	-8.819477	0	0	1189.000000	-9.984145	-10.157719
138	6900	0	0	0	4	0	-8.962206	-8.976764	0	0	1220.000000	-9.984145	-10.157719
139	6950	0	0	0	4	0	-10.873130	-10.423500	0	0	1235.000000	-9.984145	-10.157719
140	7000	0	0	0	4	0	-10.867373	-10.706115	0	0	1240.000000	-9.984145	-10.157719
141	7050	0	0	0	4	0	-10.924924	-10.703235	0	0	1233.000000	-9.984145	-10.157719
142	7100	0	0	0	4	0	-9.865431	-10.423500	0	0	1230.000000	-9.984145	-10.157719
143	7150	0	0	0	4	0	-10.030449	-10.455247	0	0	1230.000000	-9.984145	-10.157719
144	7200	0	0	0	4	0	-10.015980	-10.325329	0	0	1213.000000	-9.984145	-10.157719
145	7250	0	0	0	4	0	-9.960988	-10.354208	0	0	1204.000000	-9.984145	-10.157719
146	7300	0	0	0	4	0	-9.966779	-10.461019	0	0	1197.000000	-9.984145	-10.157719
147	7350	0	0	0	4	0	-10.018875	-10.510070	0	0	1191.000000	-9.984145	-10.157719
148	7400	0	0	0	4	0	-9.917560	-10.423500	0	0	1186.000000	-9.984145	-10.157719
149	7450	0	0	0	4	0	-9.859636	-10.383083	0	0	1199.000000	-9.984145	-10.157719
150	7500	0	0	0	4	0	-9.630642	-10.131694	0	0	1213.000000	-9.984145	-10.157719
151	7550	0	0	0	4	0	-9.151369	-9.839358	0	0	1221.000000	-9.984145	-10.157719
152	7600	0	0	0	4	0	-8.577455	-9.058268	0	0	1228.000000	-9.984145	-10.157719
153	7650	0	0	0	4	0	-7.908139	-8.542439	0	0	1211.000000	-9.984145	-10.157719
154	7700	0	0	0	4	0	-7.365825	-8.101273	0	0	1220.000000	-9.984145	-10.157719
155	7750	0	0	0	4	0	-8.653303	-8.880659	0	0	1232.000000	-9.984145	-10.157719
156	7800	0	0	0	4	0	-8.256232	-8.486983	0	0	1223.000000	-9.984145	-10.157719
157	7850	0	0	0	4	0	-7.913994	-8.265000	0	0	1214.000000	-9.878157	-10.049888
158	7900	0	0	0	4	0	-7.541861	-7.978390	0	0	1229.000000	-8.818269	-8.971573
159	7950	0	0	0	4	0	-9.072818	-9.697343	0	0	1245.000000	-7.758380	-7.893259
160	8000	0	0	0	4	0	-8.793247	-9.497161	0	0	1250.000000	-6.698493	-6.814945
161	8050	0	0	0	4	0	-8.434432	-9.317086	0	0	1265.000000	-5.638604	-5.736631
162	8100	0	0	0	4	0	-7.896427	-8.997144	0	0	1283.000000	-4.578716	-4.658317
163	8150	0	0	0	4	0	-4.232767	-4.229799	0	0	1305.000000	-3.518828	-3.580003
164	8200	0	0	0	4	0	-3.368210	-3.326575	0	0	1297.000000	-2.458940	-2.501689
165	8250	0	0	0	4	0	-2.347217	-2.493179	0	0	1297.000000	-1.399052	-1.423375
166	8300	0	0	0	4	0	-1.479811	-1.670653	0	0	1311.000000	-0.339164	-0.345060
167	8350	0	0	0	4	0	-0.880257	-1.268059	0	0	1305.000000	0.000000	0.000000
168	8400	0	0	0	4	0	-0.420758	-0.784783	0	0	1268.000000	0.000000	0.000000
169	8450	0	0	0	4	0	1.384378	0.420759	0	0	1218.000000	0.000000	0.000000
170	8500	0	0	0	4	0	1.441043	0.495358	0	0	1203.000000	0.000000	0.000000
171	8550	0	0	0	4	0	1.417185	0.575922	0	0	1171.000000	0.000000	0.000000
172	8600	0	0	0	4	0	0.504309	-0.032826	0	0	1140.000000	0.000000	0.000000
173	8650	0	0	0	4	0	0.408823	-0.167112	0	0	1112.000000	0.000000	0.000000
174	8700	0	0	0	4	0	0.378983	-0.253652	0	0	1104.000000	0.000000	0.000000
175	8750	0	0	0	4	0	0.173080	-0.522213	0	0	1104.000000	0.000000	0.000000
176	8800	0	0	0	4	0	0.038794	-0.519229	0	0	1099.000000	0.000000	0.000000
177	8850	0	0	0	4	0	0.116382	-0.501325	0	0	1102.000000	0.000000	0.000000
178	8900	0	0	0	4	0	0.128318	-0.501325	0	0	1124.000000	0.000000	0.000000
179	8950	0	0	0	4	0	0.125335	-0.558020	0	0	1145.000000	0.000000	0.000000
180	9000	0	0	0	4	0	0.211874	-0.495358	0	0	1150.000000	0.000000	0.000000
181	9050	0	0	0	4	0	0.220826	-0.635599	0	0	1153.000000	0.000000	0.000000
182	9100	0	0	0	4	0	0.137271	-0.465518	0	0	1155.000000	0.000000	0.000000
183	9150	0	0	0	4	0	0.113397	-0.620680	0	0	1158.000000	0.000000	0.000000
184	9200	0	0	0	4	0	0.065652	-0.519229	0	0	1154.000000	0.000000	0.000000
185	9250	0	0	0	4	0	0.104445	-0.435678	0	0	1145.000000	0.000000	0.000000
186	9300	0	0	0	4	0	0.083556	-0.480438	0	0	1160.000000	0.000000	0.000000
187	9350	0	0	0	4	0	0.023873	-0.507293	0	0	1172.000000	-9.984145	-10.157719
188	9400	0	0	0	4	0	0.071620	-0.495358	0	0	1171.000000	-9.984145	-10.157719
189	9450	0	0	0	4	0	0.155176	-0.441646	0	0	1167.000000	-9.984145	-10.157719
190	9500	0	0	0	4	0	0.071620	-0.543100	0	0	1188.000000	-9.984145	-10.157719
191	9550	0	0	0	4	0	0.161144	-0.450598	0	0	1196.000000	-9.984145	-10.157719
192	9600	0	0	0	4	0	0.176064	-0.680355	0	0	1193.000000	-9.984145	-10.157719
193	9650	0	0	0	4	0	-11.146285	-10.192412	0	0	1253.000000	-9.984145	-10.157719
194	9700	0	0	0	4	0	-11.519243	-10.478333	0	0	1259.000000	-9.984145	-10.157719
195	9750	0	0	0	4	0	-11.401724	-10.593707	0	0	1258.000000	-9.984145	-10.157719
196	9800	0	0	0	4	0	-10.169284	-10.475447	0	0	1278.000000	-9.984145	-10.157719
197	9850	0	0	0	4	0	-9.613237	-10.357098	0	0	1270.000000	-9.984145	-10.157719
198	9900	0	0	0	4	0	-9.590030	-10.452362	0	0	1267.000000	-9.984145	-10.157719
199	9950	0	0	0	4	0	-9.688644	-10.501415	0	0	1235.000000	-9.984145	-10.157719
200	10000	0	0	0	4	0	-9.717639	-10.475447	0	0	1199.000000	-9.984145	-10.157719
201	10050	0	0	0	4	0	-9.816180	-10.556220	0	0	1181.000000	-9.984145	-10.157719
202	10100	0	0	0	4	0	-9.998616	-10.668655	0	0	1172.000000	-9.984145	-10.157719
203	10150	0	0	0	4	0	-10.030449	-10.804044	0	0	1174.000000	-9.984145	-10.157719
204	10200	0	0	0	4	0	-9.989934	-10.685945	0	0	1159.000000	-9.984145	-10.157719
205	10250	0	0	0	4	0	-9.995723	-10.636950	0	0	1165.000000	-9.984145	-10.157719
206	10300	0	0	0	4	0	-9.943617	-10.570639	0	0	1161.000000	-9.984145	-10.157719
207	10350	0	0	0	4	0	-9.932036	-10.498529	0	0	1159.000000	0.000000	0.000000
208	10400	0	0	0	4	0	-8.291300	-9.096098	0	0	1162.000000	0.000000	0.000000
209	10450	0	0	0	4	0	-5.127963	-5.267067	0	0	1168.000000	0.000000	0.000000
210	10500	0	0	0	4	0	-1.879343	-1.745191	0	0	1155.000000	0.000000	0.000000
211	10550	0	0	0	4	0	-0.286476	-0.089525	0	0	1163.000000	0.000000	0.000000
212	10600	0	0	0	4	0	-0.146224	0.086540	0	0	1158.000000	0.000000	0.000000
213	10650	0	0	0	4	0	-0.089525	0.113397	0	0	1161.000000	0.000000	0.000000
214	10700	0	0	0	4	0	-0.005969	0.011936	0	0	1166.000000	0.000000	0.000000
215	10750	0	0	0	4	0	0.537132	-0.370030	0	0	1156.000000	0.000000	0.000000
216	10800	0	0	0	4	0	0.480438	-0.384950	0	0	1131.000000	0.000000	0.000000
217	10850	0	0	0	4	0	0.531164	-0.352126	0	0	1104.000000	0.000000	0.000000
218	10900	0	0	0	4	0	0.170097	-0.668420	0	0	1094.000000	0.000000	0.000000
219	10950	0	0	0	4	0	0.196954	-0.686323	0	0	1077.000000	0.000000	0.000000
220	11000	0	0	0	4	0	0.170097	-0.796718	0	0	1069.000000	0.000000	0.000000
221	11050	0	0	0	4	0	0.253652	-0.668420	0	0	1056.000000	0.000000	0.000000
222	11100	0	0	0	4	0	0.167112	-0.725111	0	0	1062.000000	0.000000	0.000000
223	11150	0	0	0	4	0	0.125335	-0.808653	0	0	1066.000000	0.000000	0.000000
224	11200	0	0	0	4	0	0.122350	-0.734062	0	0	1056.000000	0.000000	0.000000
225	11250	0	0	0	4	0	0.167112	-0.629632	0	0	1046.000000	0.000000	0.000000
226	11300	0	0	0	4	0	0.065652	-0.728094	0	0	1046.000000	0.000000	0.000000
227	11350	0	0	0	4	0	0.056699	-0.781801	0	0	1058.000000	0.798732	-0.812617
228	11400	0	0	0	4	0	0.053714	-0.778817	0	0	1055.000000	1.973337	-2.007643
229	11450	0	0	0	4	0	0.116382	-0.811636	0	0	1050.000000	3.147942	-3.202669
230	11500	0	0	0	4	0	0.026857	-0.886224	0	0	1062.000000	4.322547	-4.397695
231	11550	0	0	0	4	0	0.077588	-1.390344	0	0	1078.000000	5.497153	-5.592721
232	11600	0	0	0	4	0	7.928631	-8.256232	0	0	1111.000000	6.671758	-6.787746
233	11650	0	0	0	4	0	8.288378	-8.705794	0	0	1119.000000	7.846364	-7.982772
234	11700	0	0	0	4	0	8.682467	-9.084458	0	0	1154.000000	9.020968	-9.177797
235	11750	0	0	0	4	0	9.273491	-9.322898	0	0	1160.000000	9.984145	-10.157719
236	11800	0	0	0	4	0	9.723436	-9.430382	0	0	1177.000000	9.984145	-10.157719
237	11850	0	0	0	4	0	9.987040	-9.549405	0	0	1200.000000	9.984145	-10.157719
238	11900	0	0	0	4	0	10.073848	-9.581324	0	0	1211.000000	9.984145	-10.157719
239	11950	0	0	0	4	0	10.203974	-9.523284	0	0	1194.000000	9.984145	-10.157719
240	12000	0	0	0	4	0	10.455248	-10.345545	0	0	1201.000000	9.984145	-10.157719
241	12050	0	0	0	4	0	10.458133	-10.368647	0	0	1195.000000	9.984145	-10.157719
242	12100	0	0	0	4	0	10.388858	-10.417727	0	0	1206.000000	9.984145	-10.157719
243	12150	0	0	0	4	0	10.544683	-10.547568	0	0	1202.000000	9.984145	-10.157719
244	12200	0	0	0	4	0	10.345545	-10.319551	0	0	1191.000000	9.984145	-10.157719
245	12250	0	0	0	4	0	10.281998	-10.313775	0	0	1191.000000	9.984145	-10.157719
246	12300	0	0	0	4	0	10.131694	-10.296443	0	0	1193.000000	9.984145	-10.157719
247	12350	0	0	0	4	0	10.313774	-10.322440	0	0	1172.000000	9.984145	-10.157719
248	12400	0	0	0	4	0	10.290666	-10.250216	0	0	1168.000000	9.984145	-10.157719
249	12450	0	0	0	4	0	10.218426	-10.169284	0	0	1166.000000	9.984145	-10.157719
250	12500	0	0	0	4	0	9.992828	-10.070955	0	0	1172.000000	9.984145	-10.157719
251	12550	0	0	0	4	0	10.015981	-10.076741	0	0	1173.000000	9.984145	-10.157719
252	12600	0	0	0	4	0	9.795897	-9.781408	0	0	1178.000000	9.984145	-10.157719
253	12650	0	0	0	4	0	9.433285	-9.346143	0	0	1178.000000	9.984145	-10.157719
254	12700	0	0	0	4	0	8.557030	-8.790334	0	0	1195.000000	9.984145	-10.157719
255	12750	0	0	0	4	0	8.069097	-8.522010	0	0	1203.000000	9.751354	-9.920880
256	12800	0	0	0	4	0	7.445057	-7.820290	0	0	1204.000000	8.458071	-8.605114
257	12850	0	0	0	4	0	8.991322	-8.699962	0	0	1197.000000	7.164788	-7.289347
258	12900	0	0	0	4	0	9.314180	-8.988410	0	0	1188.000000	5.871505	-5.973581
259	12950	0	0	0	4	0	8.486983	-8.451949	0	0	1179.000000	4.578222	-4.657814
260	13000	0	0	0	4	0	5.151645	-4.576887	0	0	1173.000000	3.284939	-3.342047
261	13050	0	0	0	4	0	3.805162	-3.665502	0	0	1163.000000	1.991656	-2.026281
262	13100	0	0	0	4	0	2.633153	-2.877289	0	0	1168.000000	0.698373	-0.710514
263	13150	0	0	0	4	0	1.575237	-2.082023	0	0	1175.000000	0.000000	0.000000
264	13200	0	0	0	4	0	0.304381	-1.148746	0	0	1155.000000	0.000000	0.000000
265	13250	0	0	0	4	0	-0.644550	0.095493	0	0	1127.000000	0.000000	0.000000
266	13300	0	0	0	4	0	-1.112949	0.277524	0	0	1115.000000	0.000000	0.000000
267	13350	0	0	0	4	0	-1.190507	0.319302	0	0	1100.000000	0.000000	0.000000
268	13400	0	0	0	4	0	-1.217352	0.250667	0	0	1068.000000	0.000000	0.000000
269	13450	0	0	0	4	0	-0.170097	-0.032826	0	0	1044.000000	0.000000	0.000000
270	13500	0	0	0	4	0	-0.390918	-0.173080	0	0	1034.000000	0.000000	0.000000
271	13550	0	0	0	4	0	-0.390918	-0.292444	0	0	1028.000000	0.000000	0.000000
272	13600	0	0	0	4	0	0.304381	-0.659469	0	0	1020.000000	0.000000	0.000000
273	13650	0	0	0	4	0	0.125335	-0.599793	0	0	1012.000000	0.000000	0.000000
274	13700	0	0	0	4	0	0.101461	-0.629632	0	0	1026.000000	0.000000	0.000000
275	13750	0	0	0	4	0	0.008952	-0.701241	0	0	1035.000000	0.000000	0.000000
276	13800	0	0	0	4	0	0.089525	-0.760915	0	0	1040.000000	0.000000	0.000000
277	13850	0	0	0	4	0	0.134287	-0.725111	0	0	1043.000000	0.000000	0.000000
278	13900	0	0	0	4	0	0.125335	-0.668420	0	0	1061.000000	0.000000	0.000000
279	13950	0	0	0	4	0	0.053714	-0.725111	0	0	1078.000000	0.000000	0.000000
280	14000	0	0	0	4	0	0.053714	-0.734062	0	0	1092.000000	0.000000	0.000000
281	14050	0	0	0	4	0	0.071620	-0.683339	0	0	1091.000000	0.000000	0.000000
282	14100	0	0	0	4	0	0.041778	-0.626648	0	0	1104.000000	0.000000	0.000000
283	14150	0	0	0	4	0	-0.011937	-0.772849	0	0	1118.000000	9.984145	-10.157719
284	14200	0	0	0	4	0	4.351465	-4.194183	0	0	1140.000000	9.984145	-10.157719
285	14250	0	0	0	4	0	4.283218	-4.292120	0	0	1135.000000	9.984145	-10.157719
286	14300	0	0	0	4	0	9.534895	-9.911767	0	0	1175.000000	9.984145	-10.157719
287	14350	0	0	0	4	0	9.607435	-10.131694	0	0	1184.000000	9.984145	-10.157719
288	14400	0	0	0	4	0	9.688645	-10.050704	0	0	1200.000000	9.984145	-10.157719
289	14450	0	0	0	4	0	9.679947	-9.903081	0	0	1222.000000	9.984145	-10.157719
290	14500	0	0	0	4	0	10.305109	-10.273331	0	0	1235.000000	9.984145	-10.157719
291	14550	0	0	0	4	0	10.377309	-10.336882	0	0	1253.000000	9.984145	-10.157719
292	14600	0	0	0	4	0	10.446589	-10.276219	0	0	1257.000000	9.984145	-10.157719
293	14650	0	0	0	4	0	10.411953	-10.255995	0	0	1271.000000	9.984145	-10.157719
294	14700	0	0	0	4	0	10.331105	-10.186629	0	0	1274.000000	9.984145	-10.157719
295	14750	0	0	0	4	0	10.331105	-10.232875	0	0	1275.000000	9.984145	-10.157719
296	14800	0	0	0	4	0	10.406179	-10.131694	0	0	1258.000000	9.984145	-10.157719
297	14850	0	0	0	4	0	5.542131	-5.071713	0	0	1251.000000	9.984145	-10.157719
298	14900	0	0	0	4	0	3.451470	-4.024959	0	0	1236.000000	9.984145	-10.157719
299	14950	0	0	0	4	0	0.892190	-0.853405	0	0	1221.000000	9.984145	-10.157719
300	15000	0	0	0	4	0	0.483422	-0.790751	0	0	1218.000000	9.984145	-10.157719
301	15050	0	0	0	4	0	0.489389	-0.799701	0	0	1212.000000	9.984145	-10.157719
302	15100	0	0	0	4	0	0.459550	-0.772849	0	0	1225.000000	9.984145	-10.157719
303	15150	0	0	0	4	0	0.447614	-0.850422	0	0	1238.000000	0.000000	0.000000
304	15200	0	0	0	4	0	0.495358	-0.907107	0	0	1248.000000	0.000000	0.000000
305	15250	0	0	0	4	0	0.596809	-0.826554	0	0	1249.000000	0.000000	0.000000
306	15300	0	0	0	4	0	0.528181	-0.892190	0	0	1259.000000	0.000000	0.000000
307	15350	0	0	0	4	0	0.268572	-0.325269	0	0	1276.000000	0.000000	0.000000
308	15400	0	0	0	4	0	0.262603	-0.313333	0	0	1268.000000	0.000000	0.000000
309	15450	0	0	0	4	0	0.334222	-0.349142	0	0	1262.000000	0.000000	0.000000
310	15500	0	0	0	4	0	0.343174	-0.295429	0	0	1260.000000	0.000000	0.000000
311	15550	0	0	0	4	0	0.352126	-0.381966	0	0	1263.000000	0.000000	0.000000
312	15600	0	0	0	4	0	0.408823	-0.328253	0	0	1258.000000	0.000000	0.000000
313	15650	0	0	0	4	0	0.426726	-0.319302	0	0	1234.000000	0.000000	0.000000
314	15700	0	0	0	4	0	0.432694	-0.381966	0	0	1230.000000	0.000000	0.000000
315	15750	0	0	0	4	0	0.396886	-0.537132	0	0	1228.000000	0.000000	0.000000
316	15800	0	0	0	4	0	0.370030	-0.495358	0	0	1219.000000	0.000000	0.000000
317	15850	0	0	0	4	0	0.444630	-0.471486	0	0	1206.000000	0.000000	0.000000
318	15900	0	0	0	4	0	0.364062	-0.498342	0	0	1212.000000	0.000000	0.000000
319	15950	0	0	0	4	0	0.301397	-0.665436	0	0	1209.000000	0.000000	0.000000
320	16000	0	0	0	4	0	0.381966	-0.614713	0	0	1200.000000	0.000000	0.000000
321	16050	0	0	0	4	0	0.456566	-0.519229	0	0	1191.000000	0.000000	0.000000
322	16100	0	0	0	4	0	0.396886	-0.540116	0	0	1206.000000	0.000000	0.000000
323	16150	0	0	0	4	0	0.498342	-0.537132	0	0	1210.000000	0.650525	0.661834
324	16200	0	0	0	4	0	0.531164	-0.474470	0	0	1216.000000	2.064710	2.100605
325	16250	0	0	0	4	0	0.575922	-0.325269	0	0	1211.000000	3.478895	3.539375
326	16300	0	0	0	4	0	0.710192	-0.253652	0	0	1221.000000	4.893080	4.978146
327	16350	0	0	0	4	0	5.071712	4.455295	0	0	1211.000000	6.307264	6.416916
328	16400	0	0	0	4	0	5.964575	6.356895	0	0	1199.000000	7.721449	7.855686
329	16450	0	0	0	4	0	6.368685	6.583757	0	0	1187.000000	9.135634	9.294456
330	16500	0	0	0	4	0	6.580812	6.807469	0	0	1194.000000	9.984145	10.157719
331	16550	0	0	0	4	0	10.273331	9.920454	0	0	1144.000000	9.984145	10.157719
332	16600	0	0	0	4	0	10.426385	10.039130	0	0	1129.000000	9.984145	10.157719
333	16650	0	0	0	4	0	10.380197	10.099881	0	0	1116.000000	9.984145	10.157719
334	16700	0	0	0	4	0	10.296444	10.082526	0	0	1099.000000	9.984145	10.157719
335	16750	0	0	0	4	0	10.348433	10.062277	0	0	1067.000000	9.984145	10.157719
336	16800	0	0	0	4	0	10.388858	10.085419	0	0	1027.000000	9.984145	10.157719
337	16850	0	0	0	4	0	10.151937	10.287776	0	0	1004.000000	9.984145	10.157719
338	16900	0	0	0	4	0	10.114343	10.241546	0	0	999.000000	9.984145	10.157719
339	16950	0	0	0	4	0	10.201083	10.218426	0	0	986.000000	9.984145	10.157719
340	17000	0	0	0	4	0	10.261773	10.293553	0	0	966.000000	9.984145	10.157719
341	17050	0	0	0	4	0	10.128803	10.391746	0	0	964.000000	9.984145	10.157719
342	17100	0	0	0	4	0	9.972567	10.299332	0	0	962.000000	9.984145	10.157719
343	17150	0	0	0	4	0	10.108559	10.247325	0	0	957.000000	9.984145	10.157719
344	17200	0	0	0	4	0	10.151937	10.383083	0	0	945.000000	9.984145	10.157719
345	17250	0	0	0	4	0	10.076740	10.368647	0	0	940.000000	9.984145	10.157719
346	17300	0	0	0	4	0	10.050704	10.287776	0	0	940.000000	9.984145	10.157719
347	17350	0	0	0	4	0	10.157718	10.238656	0	0	935.000000	9.984145	10.157719
348	17400	0	0	0	4	0	10.212645	10.351320	0	0	924.000000	9.984145	10.157719
349	17450	0	0	0	4	0	10.114343	10.331105	0	0	923.000000	9.984145	10.157719
350	17500	0	0	0	4	0	10.030451	10.261773	0	0	927.000000	9.372559	9.535501
351	17550	0	0	0	4	0	10.137479	10.201083	0	0	924.000000	7.843594	7.979954
352	17600	0	0	0	4	0	10.166392	10.255995	0	0	920.000000	6.314628	6.424407
353	17650	0	0	0	4	0	9.189178	8.548275	0	0	931.000000	4.785662	4.868861
354	17700	0	0	0	4	0	7.415716	6.527797	0	0	967.000000	3.256697	3.313314
355	17750	0	0	0	4	0	3.724937	2.564659	0	0	1030.000000	1.727731	1.757768
356	17800	0	0	0	4	0	3.043956	1.703451	0	0	1026.000000	0.198766	0.202221
357	17850	0	0	0	4	0	2.466372	1.211387	0	0	1024.000000	-1.330200	-1.353325
358	17900	0	0	0	4	0	-0.190986	-1.441043	0	0	1052.000000	-2.859166	-2.908872
359	17950	0	0	0	4	0	-0.578907	-1.843571	0	0	1068.000000	-4.388131	-4.464418
360	18000	0	0	0	4	0	-0.754947	-1.679598	0	0	1069.000000	-5.917097	-6.019965
361	18050	0	0	0	4	0	-3.302780	-3.617948	0	0	1076.000000	-7.446062	-7.575511
362	18100	0	0	0	4	0	-3.365237	-3.745738	0	0	1081.000000	-8.975028	-9.131058
363	18150	0	0	0	4	0	-3.427683	-3.808133	0	0	1088.000000	-9.984145	-10.157719
364	18200	0	0	0	4	0	-7.544793	-7.653276	0	0	1131.000000	-9.984145	-10.157719
365	18250	0	0	0	4	0	-10.469675	-10.163502	0	0	1105.000000	-9.984145	-10.157719
366	18300	0	0	0	4	0	-10.512954	-10.276219	0	0	1121.000000	-9.984145	-10.157719
367	18350	0	0	0	4	0	-10.559105	-10.348432	0	0	1139.000000	-9.984145	-10.157719
368	18400	0	0	0	4	0	-10.556220	-10.123019	0	0	1153.000000	-9.984145	-10.157719
369	18450	0	0	0	4	0	-10.166392	-10.530263	0	0	1171.000000	-9.984145	-10.157719
370	18500	0	0	0	4	0	-10.166392	-10.642716	0	0	1179.000000	-9.984145	-10.157719
371	18550	0	0	0	4	0	-10.163502	-10.858740	0	0	1175.000000	-9.984145	-10.157719
372	18600	0	0	0	4	0	-10.146152	-10.726282	0	0	1182.000000	-9.984145	-10.157719
373	18650	0	0	0	4	0	-10.128803	-10.714758	0	0	1165.000000	-9.984145	-10.157719
374	18700	0	0	0	4	0	-9.960988	-10.654244	0	0	1158.000000	-9.984145	-10.157719
375	18750	0	0	0	4	0	-10.085419	-10.536031	0	0	1145.000000	-9.984145	-10.157719
376	18800	0	0	0	4	0	-10.065169	-10.345545	0	0	1125.000000	-9.984145	-10.157719
377	18850	0	0	0	4	0	-10.108559	-10.417727	0	0	1104.000000	-9.984145	-10.157719
378	18900	0	0	0	4	0	-10.085419	-10.463903	0	0	1096.000000	-9.984145	-10.157719
379	18950	0	0	0	4	0	-10.079633	-10.515841	0	0	1090.000000	-9.984145	-10.157719
380	19000	0	0	0	4	0	-10.059382	-10.478333	0	0	1099.000000	-9.984145	-10.157719
381	19050	0	0	0	4	0	-9.929141	-10.281998	0	0	1102.000000	-9.984145	-10.157719
382	19100	0	0	0	4	0	-9.830667	-10.238656	0	0	1128.000000	-9.984145	-10.157719
383	19150	0	0	0	4	0	-9.671247	-10.175065	0	0	1153.000000	-9.424901	-9.588753
384	19200	0	0	0	4	0	-9.418764	-9.862532	0	0	1174.000000	-7.780067	-7.915323
385	19250	0	0	0	4	0	-9.049536	-9.424573	0	0	1190.000000	-6.135232	-6.241893
386	19300	0	0	0	4	0	-8.740781	-9.209533	0	0	1208.000000	-4.490398	-4.568463
387	19350	0	0	0	4	0	-7.433322	-8.010582	0	0	1230.000000	-2.845564	-2.895034
388	19400	0	0	0	4	0	-3.552554	-3.831900	0	0	1211.000000	-1.200729	-1.221604
389	19450	0	0	0	4	0	-2.662931	-2.969557	0	0	1221.000000	0.444105	0.451826
390	19500	0	0	0	4	0	0.569955	-0.754947	0	0	1214.000000	2.088940	2.125256
391	19550	0	0	0	4	0	1.259111	0.301397	0	0	1221.000000	3.733774	3.798686
392	19600	0	0	0	4	0	1.637855	0.704225	0	0	1213.000000	5.378609	5.472116
393	19650	0	0	0	4	0	3.073712	2.382965	0	0	1196.000000	7.023443	7.145545
394	19700	0	0	0	4	0	4.476057	3.947747	0	0	1163.000000	8.668278	8.818974
395	19750	0	0	0	4	0	6.571977	6.271401	0	0	1125.000000	9.984145	10.157719
396	19800	0	0	0	4	0	8.615383	9.192086	0	0	1032.000000	9.984145	10.157719
397	19850	0	0	0	4	0	8.749526	9.465226	0	0	991.000000	9.984145	10.157719
398	19900	0	0	0	4	0	9.168820	9.650946	0	0	984.000000	9.984145	10.157719
399	19950	0	0	0	4	0	10.541800	10.351320	0	0	957.000000	9.984145	10.157719
400	20000	0	0	0	4	0	10.651363	10.377309	0	0	941.000000	9.984145	10.157719
401	20050	0	0	0	4	0	10.570640	10.336881	0	0	941.000000	9.984145	10.157719
402	20100	0	0	0	4	0	10.498529	10.192412	0	0	946.000000	9.984145	10.157719
403	20150	0	0	0	4	0	10.409065	10.137479	0	0	938.000000	9.984145	10.157719
404	20200	0	0	0	4	0	10.394631	10.183740	0	0	933.000000	9.984145	10.157719
405	20250	0	0	0	4	0	10.270441	10.241546	0	0	934.000000	9.984145	10.157719
406	20300	0	0	0	4	0	10.238656	10.102775	0	0	937.000000	9.984145	10.157719
407	20350	0	0	0	4	0	10.371533	9.992828	0	0	927.000000	9.984145	10.157719
408	20400	0	0	0	4	0	10.322440	10.088311	0	0	917.000000	9.984145	10.157719
409	20450	0	0	0	4	0	10.166392	10.120128	0	0	914.000000	9.984145	10.157719
410	20500	0	0	0	4	0	10.085419	10.059383	0	0	932.000000	9.984145	10.157719
411	20550	0	0	0	4	0	10.206864	9.998616	0	0	931.000000	9.984145	10.157719
412	20600	0	0	0	4	0	10.160611	10.062277	0	0	936.000000	9.984145	10.157719
413	20650	0	0	0	4	0	10.010192	10.108559	0	0	936.000000	9.984145	10.157719
414	20700	0	0	0	4	0	9.908872	10.027556	0	0	954.000000	9.984145	10.157719
415	20750	0	0	0	4	0	9.998616	9.972567	0	0	961.000000	-9.984145	-10.157719
416	20800	0	0	0	4	0	9.981250	10.036237	0	0	963.000000	-9.984145	-10.157719
417	20850	0	0	0	4	0	9.908872	10.050704	0	0	976.000000	-9.984145	-10.157719
418	20900	0	0	0	4	0	9.772714	9.989934	0	0	999.000000	-9.984145	-10.157719
419	20950	0	0	0	4	0	9.862533	9.856739	0	0	1015.000000	-9.984145	-10.157719
420	21000	0	0	0	4	0	4.683616	2.662931	0	0	1179.000000	-9.984145	-10.157719
421	21050	0	0	0	4	0	-11.688186	-12.293514	0	0	1217.000000	-9.984145	-10.157719
422	21100	0	0	0	4	0	-12.512692	-13.233035	0	0	1226.000000	-9.984145	-10.157719
423	21150	0	0	0	4	0	-12.461488	-13.371518	0	0	1215.000000	-9.984145	-10.157719
424	21200	0	0	0	4	0	-10.120129	-10.290665	0	0	1240.000000	-9.984145	-10.157719
425	21250	0	0	0	4	0	-10.206864	-10.279109	0	0	1237.000000	-9.984145	-10.157719
426	21300	0	0	0	4	0	-10.183741	-10.238656	0	0	1238.000000	-9.984145	-10.157719
427	21350	0	0	0	4	0	-10.209755	-10.357098	0	0	1231.000000	-9.984145	-10.157719
428	21400	0	0	0	4	0	-10.177958	-10.215536	0	0	1207.000000	-9.984145	-10.157719
429	21450	0	0	0	4	0	-10.198193	-10.328217	0	0	1201.000000	-9.984145	-10.157719
430	21500	0	0	0	4	0	-10.250216	-10.227097	0	0	1191.000000	-9.984145	-10.157719
431	21550	0	0	0	4	0	-10.099881	-10.463903	0	0	1185.000000	-9.984145	-10.157719
432	21600	0	0	0	4	0	-10.015980	-10.336882	0	0	1188.000000	-9.984145	-10.157719
433	21650	0	0	0	4	0	-9.958093	-10.166392	0	0	1176.000000	-9.984145	-10.157719
434	21700	0	0	0	4	0	-9.871222	-10.232875	0	0	1186.000000	-9.984145	-10.157719
435	21750	0	0	0	4	0	-9.877014	-10.423500	0	0	1202.000000	9.984145	10.157719
436	21800	0	0	0	4	0	-9.819077	-10.232875	0	0	1210.000000	9.984145	10.157719
437	21850	0	0	0	4	0	-9.688644	-10.258883	0	0	1219.000000	9.984145	10.157719
438	21900	0	0	0	4	0	-9.671247	-10.333993	0	0	1244.000000	9.984145	10.157719
439	21950	0	0	0	4	0	-9.595830	-10.336882	0	0	1264.000000	9.984145	10.157719
440	22000	0	0	0	4	0	1.930018	2.972533	0	0	1254.000000	9.984145	10.157719
441	22050	0	0	0	4	0	9.296743	8.323442	0	0	1195.000000	9.984145	10.157719
442	22100	0	0	0	4	0	9.078638	8.662052	0	0	1176.000000	9.984145	10.157719
443	22150	0	0	0	4	0	9.066998	8.606631	0	0	1196.000000	9.984145	10.157719
444	22200	0	0	0	4	0	10.328216	10.281998	0	0	1148.000000	9.984145	10.157719
445	22250	0	0	0	4	0	10.302220	10.461019	0	0	1145.000000	9.984145	10.157719
446	22300	0	0	0	4	0	10.154827	10.420613	0	0	1142.000000	9.984145	10.157719
447	22350	0	0	0	4	0	10.238656	10.403293	0	0	1112.000000	9.984145	10.157719
448	22400	0	0	0	4	0	10.198193	10.498529	0	0	1080.000000	9.984145	10.157719
449	22450	0	0	0	4	0	10.091205	10.547568	0	0	1051.000000	9.984145	10.157719
450	22500	0	0	0	4	0	10.007298	10.611006	0	0	1042.000000	9.984145	10.157719
451	22550	0	0	0	4	0	10.111450	10.544683	0	0	1035.000000	9.984145	10.157719
452	22600	0	0	0	4	0	10.125911	10.631186	0	0	1023.000000	9.984145	10.157719
453	22650	0	0	0	4	0	10.056491	10.737804	0	0	1015.000000	9.984145	10.157719
454	22700	0	0	0	4	0	9.952302	10.613890	0	0	1037.000000	9.984145	10.157719
455	22750	0	0	0	4	0	10.027556	10.561989	0	0	1032.000000	9.484938	10.157719
456	22800	0	0	0	4	0	10.024663	10.593708	0	0	1029.000000	6.988902	10.157719
457	22850	0	0	0	4	0	9.963882	10.636951	0	0	1029.000000	4.492866	10.157719
458	22900	0	0	0	4	0	9.908872	10.507185	0	0	1023.000000	1.996829	10.157719
459	22950	0	0	0	4	0	9.981250	10.414840	0	0	1026.000000	-0.499207	10.157719
460	23000	0	0	0	4	0	6.026559	10.175066	0	0	1045.000000	-2.995244	10.157719
461	23050	0	0	0	4	0	1.634873	9.934932	0	0	1071.000000	-5.491280	10.157719
462	23100	0	0	0	4	0	-0.107429	9.833564	0	0	1090.000000	-7.987316	10.157719
463	23150	0	0	0	4	0	-6.303833	9.349049	0	0	1131.000000	-9.984145	10.157719
464	23200	0	0	0	4	0	-7.747055	9.720538	0	0	1126.000000	-9.984145	10.157719
465	23250	0	0	0	4	0	-9.180454	10.209755	0	0	1106.000000	-9.984145	10.157719
466	23300	0	0	0	4	0	-11.899786	10.322440	0	0	1136.000000	-9.984145	10.157719
467	23350	0	0	0	4	0	-11.742546	10.140370	0	0	1152.000000	-9.984145	10.157719
468	23400	0	0	0	4	0	-11.748267	10.108559	0	0	1150.000000	-9.984145	10.157719
469	23450	0	0	0	4	0	-10.498529	10.380197	0	0	1139.000000	-9.984145	10.157719
470	23500	0	0	0	4	0	-10.198193	10.177957	0	0	1156.000000	-9.984145	10.157719
471	23550	0	0	0	4	0	-10.094096	9.940722	0	0	1167.000000	-9.984145	10.157719
472	23600	0	0	0	4	0	-10.073847	10.007298	0	0	1160.000000	-9.984145	10.157719
473	23650	0	0	0	4	0	-10.108559	10.261773	0	0	1138.000000	-9.984145	10.157719
474	23700	0	0	0	4	0	-10.044917	10.010193	0	0	1152.000000	-9.984145	10.157719
475	23750	0	0	0	4	0	-10.007298	9.824872	0	0	1163.000000	-9.984145	10.157719
476	23800	0	0	0	4	0	-9.975461	9.801692	0	0	1166.000000	-9.984145	10.157719
477	23850	0	0	0	4	0	-9.975461	10.076740	0	0	1137.000000	-9.984145	10.157719
478	23900	0	0	0	4	0	-9.882808	9.914663	0	0	1144.000000	-9.984145	10.157719
479	23950	0	0	0	4	0	-9.795897	9.769814	0	0	1159.000000	-9.984145	10.157719
480	24000	0	0	0	4	0	-9.798795	9.897288	0	0	1147.000000	-9.984145	10.157719
481	24050	0	0	0	4	0	-9.769814	10.044918	0	0	1119.000000	-9.984145	10.157719
482	24100	0	0	0	4	0	-9.737932	10.010193	0	0	1134.000000	-9.984145	10.157719
483	24150	0	0	0	4	0	-9.645144	9.781408	0	0	1147.000000	-9.631349	9.798789
484	24200	0	0	0	4	0	-9.781408	9.633543	0	0	1147.000000	-7.867365	8.004139
485	24250	0	0	0	4	0	-9.761120	10.068063	0	0	1123.000000	-6.103382	6.209489
486	24300	0	0	0	4	0	-9.697343	9.810385	0	0	1154.000000	-4.339399	4.414839
487	24350	0	0	0	4	0	-8.644553	8.247464	0	0	1190.000000	-2.575416	2.620189
488	24400	0	0	0	4	0	1.193489	-1.918095	0	0	1257.000000	-0.811432	0.825539
489	24450	0	0	0	4	0	1.584183	-2.785005	0	0	1261.000000	0.952551	-0.969111
490	24500	0	0	0	4	0	2.365090	-3.127269	0	0	1269.000000	2.716534	-2.763761
491	24550	0	0	0	4	0	3.276012	-3.650642	0	0	1289.000000	4.480517	-4.558411
492	24600	0	0	0	4	0	4.461226	-4.354433	0	0	1302.000000	6.244501	-6.353061
493	24650	0	0	0	4	0	5.429770	-4.633219	0	0	1296.000000	8.008484	-8.147711
494	24700	0	0	0	4	0	6.233068	-5.142765	0	0	1287.000000	9.772468	-9.942361
495	24750	0	0	0	4	0	7.239580	-6.100331	0	0	1276.000000	9.984145	-10.157719
496	24800	0	0	0	4	0	11.054332	-10.235766	0	0	1282.000000	9.984145	-10.157719
497	24850	0	0	0	4	0	11.206597	-10.276219	0	0	1274.000000	9.984145	-10.157719
498	24900	0	0	0	4	0	11.080199	-10.264663	0	0	1279.000000	9.984145	-10.157719
499	24950	0	0	0	4	0	11.100315	-10.501415	0	0	1288.000000	9.984145	-10.157719
500	25000	0	0	0	4	0	10.377309	-10.380197	0	0	1294.000000	9.984145	-10.157719
501	25050	0	0	0	4	0	10.342657	-10.302220	0	0	1308.000000	9.984145	-10.157719
502	25100	0	0	0	4	0	10.215536	-10.313775	0	0	1313.000000	9.984145	-10.157719
503	25150	0	0	0	4	0	10.328216	-10.388858	0	0	1317.000000	9.984145	-10.157719
504	25200	0	0	0	4	0	10.328216	-10.357098	0	0	1314.000000	9.984145	-10.157719
505	25250	0	0	0	4	0	10.221315	-10.160610	0	0	1301.000000	9.984145	-10.157719
506	25300	0	0	0	4	0	10.203974	-10.117234	0	0	1303.000000	9.984145	-10.157719
507	25350	0	0	0	4	0	10.276220	-10.201083	0	0	1298.000000	9.984145	-10.157719
508	25400	0	0	0	4	0	10.475447	-10.117234	0	0	1292.000000	9.984145	-10.157719
509	25450	0	0	0	4	0	10.397519	-10.056491	0	0	1288.000000	9.984145	-10.157719
510	25500	0	0	0	4	0	10.281998	-10.018875	0	0	1290.000000	9.984145	-10.157719
511	25550	0	0	0	4	0	10.351320	-10.140371	0	0	1287.000000	9.984145	-10.157719
512	25600	0	0	0	4	0	10.489875	-9.940722	0	0	1285.000000	9.984145	-10.157719
513	25650	0	0	0	4	0	10.391746	-9.781408	0	0	1281.000000	9.984145	-10.157719
514	25700	0	0	0	4	0	10.227096	-9.653846	0	0	1289.000000	9.984145	-10.157719
515	25750	0	0	0	4	0	10.232876	-9.619040	0	0	1291.000000	8.329522	-8.474330
516	25800	0	0	0	4	0	10.449475	-9.677047	0	0	1286.000000	6.449269	-6.561389
517	25850	0	0	0	4	0	10.397519	-9.462322	0	0	1285.000000	4.569016	-4.648448
518	25900	0	0	0	4	0	10.137479	-9.340332	0	0	1291.000000	2.688762	-2.735506
519	25950	0	0	0	4	0	9.848048	-8.973853	0	0	1286.000000	0.808509	-0.822565
520	26000	0	0	0	4	0	0.059683	1.378414	0	0	1264.000000	-1.071744	1.090377
521	26050	0	0	0	4	0	-0.713177	2.695685	0	0	1259.000000	-2.951998	3.003318
522	26100	0	0	0	4	0	-1.977709	3.671446	0	0	1270.000000	-4.832251	4.916259
523	26150	0	0	0	4	0	-3.323600	4.544269	0	0	1280.000000	-6.712504	6.829201
524	26200	0	0	0	4	0	-4.630255	5.201962	0	0	1287.000000	-8.592758	8.742142
525	26250	0	0	0	4	0	-6.230118	6.144583	0	0	1268.000000	-9.984145	10.157719
526	26300	0	0	0	4	0	-9.264771	8.673717	0	0	1256.000000	-9.984145	10.157719
527	26350	0	0	0	4	0	-9.604535	8.831132	0	0	1267.000000	-9.984145	10.157719
528	26400	0	0	0	4	0	-9.929141	8.970942	0	0	1270.000000	-9.984145	10.157719
529	26450	0	0	0	4	0	-10.310885	9.969672	0	0	1227.000000	-9.984145	10.157719
530	26500	0	0	0	4	0	-10.137478	9.737932	0	0	1238.000000	-9.984145	10.157719
531	26550	0	0	0	4	0	-10.010193	9.485549	0	0	1254.000000	-9.984145	10.157719
532	26600	0	0	0	4	0	-10.018875	9.572619	0	0	1240.000000	-9.984145	10.157719
533	26650	0	0	0	4	0	-10.088311	9.740830	0	0	1228.000000	-9.984145	10.157719
534	26700	0	0	0	4	0	-10.021769	9.529090	0	0	1253.000000	-9.984145	10.157719
535	26750	0	0	0	4	0	-9.960988	9.346143	0	0	1269.000000	-9.984145	10.157719
536	26800	0	0	0	4	0	-9.952303	9.357764	0	0	1269.000000	-9.984145	10.157719
537	26850	0	0	0	4	0	-9.960988	9.656746	0	0	1242.000000	-9.984145	10.157719
538	26900	0	0	0	4	0	-9.932036	9.584226	0	0	1261.000000	-9.984145	10.157719
539	26950	0	0	0	4	0	-10.004404	9.404243	0	0	1276.000000	-9.984145	10.157719
540	27000	0	0	0	4	0	-10.027556	9.415860	0	0	1264.000000	-9.984145	10.157719
541	27050	0	0	0	4	0	-10.143261	9.723436	0	0	1230.000000	-9.984145	10.157719
542	27100	0	0	0	4	0	-10.146152	9.595831	0	0	1234.000000	-9.984145	10.157719
543	27150	0	0	0	4	0	-10.102774	9.346143	0	0	1255.000000	-9.984145	10.157719
544	27200	0	0	0	4	0	-10.047811	9.433285	0	0	1235.000000	-9.984145	10.157719
545	27250	0	0	0	4	0	-10.105666	9.700243	0	0	1199.000000	9.984145	-10.157719
546	27300	0	0	0	4	0	-9.992828	9.558111	0	0	1207.000000	9.984145	-10.157719
547	27350	0	0	0	4	0	-9.865431	9.378099	0	0	1234.000000	9.984145	-10.157719
548	27400	0	0	0	4	0	-9.842255	9.410051	0	0	1228.000000	9.984145	-10.157719
549	27450	0	0	0	4	0	-7.447993	7.022155	0	0	1245.000000	9.984145	-10.157719
550	27500	0	0	0	4	0	5.899625	-6.883955	0	0	1334.000000	9.984145	-10.157719
551	27550	0	0	0	4	0	6.436468	-9.113552	0	0	1351.000000	9.984145	-10.157719
552	27600	0	0	0	4	0	6.498340	-9.107734	0	0	1359.000000	9.984145	-10.157719
553	27650	0	0	0	4	0	10.033343	-10.628303	0	0	1367.000000	9.984145	-10.157719
554	27700	0	0	0	4	0	10.232876	-10.752206	0	0	1367.000000	9.984145	-10.157719
555	27750	0	0	0	4	0	10.328216	-10.798284	0	0	1376.000000	9.984145	-10.157719
556	27800	0	0	0	4	0	10.388858	-10.829954	0	0	1374.000000	9.984145	-10.157719
557	27850	0	0	0	4	0	10.316663	-10.734923	0	0	1375.000000	9.984145	-10.157719
558	27900	0	0	0	4	0	10.267551	-10.717639	0	0	1387.000000	9.984145	-10.157719
559	27950	0	0	0	4	0	10.310886	-10.821318	0	0	1396.000000	9.984145	-10.157719
560	28000	0	0	0	4	0	10.296444	-10.711878	0	0	1393.000000	9.984145	-10.157719
561	28050	0	0	0	4	0	10.357097	-10.553337	0	0	1395.000000	9.984145	-10.157719
562	28100	0	0	0	4	0	10.250215	-10.596591	0	0	1392.000000	9.984145	-10.157719
563	28150	0	0	0	4	0	10.322440	-10.602358	0	0	1369.000000	9.984145	-10.157719
564	28200	0	0	0	4	0	10.333993	-10.530263	0	0	1357.000000	9.984145	-10.157719
565	28250	0	0	0	4	0	10.328216	-10.550451	0	0	1344.000000	-9.984145	10.157719
566	28300	0	0	0	4	0	10.209755	-10.455247	0	0	1337.000000	-9.984145	10.157719
567	28350	0	0	0	4	0	10.244436	-10.567757	0	0	1336.000000	-9.984145	10.157719
568	28400	0	0	0	4	0	10.440817	-10.449475	0	0	1320.000000	-9.984145	10.157719
569	28450	0	0	0	4	0	10.403293	-10.486990	0	0	1322.000000	-9.984145	10.157719
570	28500	0	0	0	4	0	0.686323	0.587858	0	0	1299.000000	-9.984145	10.157719
571	28550	0	0	0	4	0	-9.543600	9.078638	0	0	1249.000000	-9.984145	10.157719
572	28600	0	0	0	4	0	-9.769814	9.293837	0	0	1210.000000	-9.984145	10.157719
573	28650	0	0	0	4	0	-9.856738	9.587128	0	0	1165.000000	-9.984145	10.157719
574	28700	0	0	0	4	0	-9.830667	9.366480	0	0	1171.000000	-9.984145	10.157719
575	28750	0	0	0	4	0	-10.004404	10.175066	0	0	1171.000000	-9.984145	10.157719
576	28800	0	0	0	4	0	-10.015980	10.183740	0	0	1152.000000	-9.984145	10.157719
577	28850	0	0	0	4	0	-10.079633	10.443705	0	0	1105.000000	-9.984145	10.157719
578	28900	0	0	0	4	0	-10.096990	10.227097	0	0	1106.000000	-9.984145	10.157719
579	28950	0	0	0	4	0	-10.076741	9.816180	0	0	1110.000000	-9.984145	10.157719
580	29000	0	0	0	4	0	-10.096990	9.908873	0	0	1083.000000	-9.984145	10.157719
581	29050	0	0	0	4	0	-10.160610	10.111450	0	0	1048.000000	-9.984145	10.157719
582	29100	0	0	0	4	0	-10.114343	9.879911	0	0	1061.000000	-9.984145	10.157719
583	29150	0	0	0	4	0	-10.036237	9.552306	0	0	1078.000000	-9.984145	10.157719
584	29200	0	0	0	4	0	-10.117234	9.648046	0	0	1069.000000	-9.984145	10.157719
585	29250	0	0	0	4	0	-10.163502	9.998616	0	0	1039.000000	-9.984145	-10.157719
586	29300	0	0	0	4	0	-10.076741	9.807488	0	0	1055.000000	-9.984145	-10.157719
587	29350	0	0	0	4	0	-10.036237	9.546503	0	0	1074.000000	-9.984145	-10.157719
588	29400	0	0	0	4	0	-10.076741	9.558111	0	0	1064.000000	-9.984145	-10.157719
589	29450	0	0	0	4	0	-10.073847	9.845152	0	0	1033.000000	-9.984145	-10.157719
590	29500	0	0	0	4	0	-9.714740	4.502750	0	0	1090.000000	-9.984145	-10.157719
591	29550	0	0	0	4	0	-10.221315	-12.287816	0	0	1170.000000	-9.984145	-10.157719
592	29600	0	0	0	4	0	-10.143261	-11.822619	0	0	1172.000000	-9.984145	-10.157719
593	29650	0	0	0	4	0	-10.013087	-11.751129	0	0	1178.000000	-9.984145	-10.157719
594	29700	0	0	0	4	0	-10.070955	-10.276219	0	0	1178.000000	-9.984145	-10.157719
595	29750	0	0	0	4	0	-10.056491	-10.553337	0	0	1197.000000	-9.984145	-10.157719
596	29800	0	0	0	4	0	-10.004404	-10.423500	0	0	1221.000000	-9.984145	-10.157719
597	29850	0	0	0	4	0	-9.992828	-10.345545	0	0	1213.000000	-9.984145	-10.157719
598	29900	0	0	0	4	0	-9.963881	-10.307998	0	0	1214.000000	-9.984145	-10.157719
599	29950	0	0	0	4	0	-9.998616	-10.414841	0	0	1225.000000	-9.984145	-10.157719
600	30000	0	0	0	4	0	-9.943617	-10.333993	0	0	1236.000000	-9.984145	-10.157719
601	30050	0	0	0	4	0	-9.940722	-10.276219	0	0	1231.000000	-9.984145	-10.157719
602	30100	0	0	0	4	0	-9.963881	-10.169284	0	0	1244.000000	-9.984145	-10.157719
603	30150	0	0	0	4	0	-9.992828	-10.380197	0	0	1260.000000	-9.984145	-10.157719
604	30200	0	0	0	4	0	-9.966779	-10.177958	0	0	1278.000000	-9.984145	-10.157719
605	30250	0	0	0	4	0	-9.952303	-10.151937	0	0	1280.000000	9.984145	-10.157719
606	30300	0	0	0	4	0	-9.871222	-10.137478	0	0	1291.000000	9.984145	-10.157719
607	30350	0	0	0	4	0	-9.888600	-10.244436	0	0	1308.000000	9.984145	-10.157719
608	30400	0	0	0	4	0	-9.821976	-10.108559	0	0	1318.000000	9.984145	-10.157719
609	30450	0	0	0	4	0	-9.772714	-10.096990	0	0	1334.000000	9.984145	-10.157719
610	30500	0	0	0	4	0	6.627927	-10.437931	0	0	1380.000000	9.984145	-10.157719
611	30550	0	0	0	4	0	11.481991	-10.613890	0	0	1379.000000	9.984145	-10.157719
612	30600	0	0	0	4	0	11.338623	-10.576407	0	0	1378.000000	9.984145	-10.157719
613	30650	0	0	0	4	0	11.375913	-10.478333	0	0	1383.000000	9.984145	-10.157719
614	30700	0	0	0	4	0	10.478333	-10.417727	0	0	1404.000000	9.984145	-10.157719
615	30750	0	0	0	4	0	10.420613	-10.587941	0	0	1400.000000	9.984145	-10.157719
616	30800	0	0	0	4	0	10.432158	-10.512954	0	0	1381.000000	9.984145	-10.157719
617	30850	0	0	0	4	0	10.380197	-10.466791	0	0	1366.000000	9.984145	-10.157719
618	30900	0	0	0	4	0	10.290666	-10.486990	0	0	1349.000000	9.984145	-10.157719
619	30950	0	0	0	4	0	10.706115	-10.619655	0	0	1341.000000	9.984145	-10.157719
620	31000	0	0	0	4	0	10.806922	-10.628303	0	0	1321.000000	9.984145	-10.157719
621	31050	0	0	0	4	0	10.734923	-10.660009	0	0	1337.000000	9.984145	-10.157719
622	31100	0	0	0	4	0	10.706115	-10.668655	0	0	1349.000000	9.984145	-10.157719
623	31150	0	0	0	4	0	10.697472	-10.775249	0	0	1362.000000	9.984145	-10.157719
624	31200	0	0	0	4	0	10.838591	-10.711878	0	0	1368.000000	9.984145	-10.157719
625	31250	0	0	0	4	0	10.829955	-10.639833	0	0	1382.000000	9.984145	10.157719
626	31300	0	0	0	4	0	10.674418	-10.639833	0	0	1386.000000	9.984145	10.157719
627	31350	0	0	0	4	0	10.611006	-10.541800	0	0	1397.000000	9.984145	10.157719
628	31400	0	0	0	4	0	10.781006	-10.481218	0	0	1376.000000	9.984145	10.157719
629	31450	0	0	0	4	0	10.763727	-10.394632	0	0	1363.000000	9.984145	10.157719
630	31500	0	0	0	4	0	10.166392	3.198671	0	0	1323.000000	9.984145	10.157719
631	31550	0	0	0	4	0	9.807488	10.175066	0	0	1235.000000	9.984145	10.157719
632	31600	0	0	0	4	0	9.804590	10.446589	0	0	1204.000000	9.984145	10.157719
633	31650	0	0	0	4	0	9.706042	10.533146	0	0	1194.000000	9.984145	10.157719
634	31700	0	0	0	4	0	10.336881	10.368647	0	0	1190.000000	9.984145	10.157719
635	31750	0	0	0	4	0	10.276220	10.299332	0	0	1172.000000	9.984145	10.157719
636	31800	0	0	0	4	0	10.287776	10.325329	0	0	1149.000000	9.984145	10.157719
637	31850	0	0	0	4	0	10.258883	10.325329	0	0	1114.000000	9.984145	10.157719
638	31900	0	0	0	4	0	10.183740	10.365760	0	0	1085.000000	9.984145	10.157719
639	31950	0	0	0	4	0	10.241546	10.267551	0	0	1061.000000	9.984145	10.157719
640	32000	0	0	0	4	0	10.255995	10.296444	0	0	1032.000000	9.984145	10.157719
641	32050	0	0	0	4	0	10.273331	10.287776	0	0	1020.000000	9.984145	10.157719
642	32100	0	0	0	4	0	10.192411	10.232876	0	0	1022.000000	9.984145	10.157719
643	32150	0	0	0	4	0	10.250215	10.151937	0	0	1032.000000	9.984145	10.157719
644	32200	0	0	0	4	0	10.299332	10.163502	0	0	1032.000000	9.984145	10.157719
645	32250	0	0	0	4	0	10.198193	10.163502	0	0	1043.000000	-9.984145	10.157719
646	32300	0	0	0	4	0	10.105666	10.131694	0	0	1050.000000	-9.984145	10.157719
647	32350	0	0	0	4	0	10.166392	9.960987	0	0	1054.000000	-9.984145	10.157719
648	32400	0	0	0	4	0	10.157718	9.995723	0	0	1058.000000	-9.984145	10.157719
649	32450	0	0	0	4	0	10.111450	10.004404	0	0	1064.000000	-9.984145	10.157719
650	32500	0	0	0	4	0	-5.586473	10.660009	0	0	1124.000000	-9.984145	10.157719
651	32550	0	0	0	4	0	-9.758223	10.371533	0	0	1149.000000	-9.984145	10.157719
652	32600	0	0	0	4	0	-9.778510	10.536032	0	0	1147.000000	-9.984145	10.157719
653	32650	0	0	0	4	0	-9.792999	10.775248	0	0	1130.000000	-9.984145	10.157719
654	32700	0	0	0	4	0	-9.987039	10.279109	0	0	1162.000000	-9.984145	10.157719
655	32750	0	0	0	4	0	-9.932036	9.995723	0	0	1195.000000	-9.984145	10.157719
656	32800	0	0	0	4	0	-9.891496	9.842255	0	0	1208.000000	-9.984145	10.157719
657	32850	0	0	0	4	0	-9.975461	10.224206	0	0	1178.000000	-9.984145	10.157719
658	32900	0	0	0	4	0	-9.897288	10.088311	0	0	1194.000000	-9.984145	10.157719
659	32950	0	0	0	4	0	-9.848048	9.824872	0	0	1206.000000	-9.984145	10.157719
660	33000	0	0	0	4	0	-9.813282	9.775612	0	0	1196.000000	-9.984145	10.157719
661	33050	0	0	0	4	0	-9.859636	10.053596	0	0	1163.000000	-9.984145	10.157719
662	33100	0	0	0	4	0	-9.813282	9.923349	0	0	1168.000000	-9.984145	10.157719
663	33150	0	0	0	4	0	-9.758223	9.685745	0	0	1182.000000	-9.984145	10.157719
664	33200	0	0	0	4	0	-9.749527	9.642244	0	0	1180.000000	-9.984145	10.157719
665	33250	0	0	0	4	0	-9.720539	9.877015	0	0	1153.000000	0.000000	0.000000
666	33300	0	0	0	4	0	-9.778510	9.842255	0	0	1170.000000	0.000000	0.000000
667	33350	0	0	0	4	0	-9.685746	9.572619	0	0	1195.000000	0.000000	0.000000
668	33400	0	0	0	4	0	-9.607435	9.540699	0	0	1205.000000	0.000000	0.000000
669	33450	0	0	0	4	0	-8.959294	8.349733	0	0	1204.000000	0.000000	0.000000
670	33500	0	0	0	4	0	0.095493	-2.016456	0	0	1312.000000	0.000000	0.000000
671	33550	0	0	0	4	0	0.259620	-2.192284	0	0	1332.000000	0.000000	0.000000
672	33600	0	0	0	4	0	0.226795	-2.296569	0	0	1338.000000	0.000000	0.000000
673	33650	0	0	0	4	0	0.471486	-1.202438	0	0	1332.000000	0.000000	0.000000
674	33700	0	0	0	4	0	0.462534	-1.235249	0	0	1340.000000	0.000000	0.000000
675	33750	0	0	0	4	0	0.459550	-0.975725	0	0	1327.000000	0.000000	0.000000
676	33800	0	0	0	4	0	0.611729	-0.558020	0	0	1289.000000	0.000000	0.000000
677	33850	0	0	0	4	0	0.555036	-0.552052	0	0	1254.000000	0.000000	0.000000
678	33900	0	0	0	4	0	0.447614	-0.513261	0	0	1218.000000	0.000000	0.000000
679	33950	0	0	0	4	0	0.378983	-0.516244	0	0	1211.000000	0.000000	0.000000
680	34000	0	0	0	4	0	0.322285	-0.483422	0	0	1189.000000	0.000000	0.000000
681	34050	0	0	0	4	0	0.384950	-0.513261	0	0	1166.000000	0.000000	0.000000
682	34100	0	0	0	4	0	0.295429	-0.444630	0	0	1160.000000	0.000000	0.000000
683	34150	0	0	0	4	0	0.325269	-0.429710	0	0	1168.000000	0.000000	0.000000
684	34200	0	0	0	4	0	0.283492	-0.441646	0	0	1173.000000	0.000000	0.000000
685	34250	0	0	0	4	0	0.340189	-0.402854	0	0	1170.000000	0.000000	0.000000
686	34300	0	0	0	4	0	0.316317	-0.378983	0	0	1160.000000	0.000000	0.000000
687	34350	0	0	0	4	0	0.205906	-0.378983	0	0	1178.000000	0.000000	0.000000
688	34400	0	0	0	4	0	0.247683	-0.375998	0	0	1174.000000	0.000000	0.000000
689	34450	0	0	0	4	0	0.274541	-0.370030	0	0	1166.000000	0.000000	0.000000
690	34500	0	0	0	4	0	0.274541	-0.319302	0	0	1165.000000	0.000000	0.000000
691	34550	0	0	0	4	0	0.271556	-0.310349	0	0	1168.000000	0.000000	0.000000
692	34600	0	0	0	4	0	0.223811	-0.304381	0	0	1181.000000	0.000000	0.000000
693	34650	0	0	0	4	0	0.343174	-0.265588	0	0	1166.000000	0.000000	0.000000
694	34700	0	0	0	4	0	0.295429	-0.268572	0	0	1169.000000	0.000000	0.000000
695	34750	0	0	0	4	0	0.223811	-0.349142	0	0	1182.000000	0.000000	0.000000
696	34800	0	0	0	4	0	0.262603	-0.307365	0	0	1165.000000	0.000000	0.000000
697	34850	0	0	0	4	0	0.250667	-0.229779	0	0	1166.000000	0.000000	0.000000
698	34900	0	0	0	4	0	0.274541	-0.238731	0	0	1149.000000	0.000000	0.000000
699	34950	0	0	0	4	0	0.241715	-0.271556	0	0	1149.000000	0.000000	0.000000
700	35000	0	0	0	4	0	0.310349	-0.274541	0	0	1137.000000	0.000000	0.000000
701	35050	0	0	0	4	0	0.319302	-0.268572	0	0	1117.000000	0.000000	0.000000
702	35100	0	0	0	4	0	0.304381	-0.214859	0	0	1109.000000	0.000000	0.000000
703	35150	0	0	0	4	0	0.167112	-0.337205	0	0	1119.000000	0.000000	0.000000
704	35200	0	0	0	4	0	0.247683	-0.361078	0	0	1104.000000	0.000000	0.000000
