RowNumber	TimeStamp	X_Position_Degree_Right_Eye	Y_Position_Degree_Right_Eye	Distance_From_RightEye	Validity_Right_Eye	Pupil_Diameter_RightEye	X_Position_Degree_Left_Eye	Y_Position_Degree_Left_Eye	Distance_From_LeftEye	Validity_Left_Eye	Pupil_Diameter_LeftEye	Target X	Target Y
0	0	0	0	0	4	0	2.665909	4.956220	0	0	555.000000	0.000000	0.000000
1	50	0	0	0	4	0	2.651020	4.719185	0	0	571.000000	0.000000	0.000000
2	100	0	0	0	4	0	2.749279	4.378167	0	0	584.000000	0.000000	0.000000
3	150	0	0	0	4	0	2.755234	4.505716	0	0	579.000000	0.000000	0.000000
4	200	0	0	0	4	0	2.764166	4.819945	0	0	563.000000	0.000000	0.000000
5	250	0	0	0	4	0	2.689731	4.639150	0	0	572.000000	0.000000	0.000000
6	300	0	0	0	4	0	2.725460	4.253542	0	0	594.000000	0.000000	0.000000
7	350	0	0	0	4	0	2.776074	4.452328	0	0	582.000000	0.000000	0.000000
8	400	0	0	0	4	0	2.793937	4.565026	0	0	580.000000	0.000000	0.000000
9	450	0	0	0	4	0	0.399870	2.162485	0	0	616.000000	0.000000	0.000000
10	500	0	0	0	4	0	0.668420	0.993624	0	0	637.000000	0.000000	0.000000
11	550	0	0	0	4	0	0.677372	1.032406	0	0	634.000000	0.000000	0.000000
12	600	0	0	0	4	0	0.644551	1.291920	0	0	628.000000	0.000000	0.000000
13	650	0	0	0	4	0	0.653501	1.190506	0	0	637.000000	0.000000	0.000000
14	700	0	0	0	4	0	0.274541	0.232762	0	0	652.000000	0.000000	0.000000
15	750	0	0	0	4	0	0.244700	0.298413	0	0	641.000000	0.000000	0.000000
16	800	0	0	0	4	0	0.283492	0.507293	0	0	634.000000	0.000000	0.000000
17	850	0	0	0	4	0	0.304381	0.477454	0	0	638.000000	0.000000	0.000000
18	900	0	0	0	4	0	0.337205	0.235747	0	0	652.000000	0.000000	0.000000
19	950	0	0	0	4	0	0.289461	0.119366	0	0	660.000000	0.000000	0.000000
20	1000	0	0	0	4	0	0.250667	0.528181	0	0	643.000000	0.000000	0.000000
21	1050	0	0	0	4	0	0.316317	0.519229	0	0	647.000000	-0.691970	0.704000
22	1100	0	0	0	4	0	0.310349	0.158159	0	0	664.000000	-1.398063	1.422368
23	1150	0	0	0	4	0	0.253652	0.143239	0	0	656.000000	-2.104155	2.140736
24	1200	0	0	0	4	0	0.208890	0.441646	0	0	646.000000	-2.810247	2.859103
25	1250	0	0	0	4	0	-0.110414	1.002574	0	0	647.000000	-3.516340	3.577471
26	1300	0	0	0	4	0	-3.008246	4.155595	0	0	607.000000	-4.222432	4.295838
27	1350	0	0	0	4	0	-3.543636	5.101319	0	0	587.000000	-4.928524	5.014206
28	1400	0	0	0	4	0	-4.030899	5.840566	0	0	567.000000	-5.634616	5.732574
29	1450	0	0	0	4	0	-4.680652	6.277298	0	0	569.000000	-6.340709	6.450942
30	1500	0	0	0	4	0	-5.432726	6.751561	0	0	572.000000	-7.046801	7.169309
31	1550	0	0	0	4	0	-7.060366	7.975463	0	0	558.000000	-7.752893	7.887677
32	1600	0	0	0	4	0	-7.307115	8.189001	0	0	561.000000	-8.458985	8.606045
33	1650	0	0	0	4	0	-7.538927	8.279613	0	0	577.000000	-9.165078	9.324412
34	1700	0	0	0	4	0	-7.834935	8.446111	0	0	583.000000	-9.871170	10.042780
35	1750	0	0	0	4	0	-9.630642	9.621941	0	0	565.000000	-9.984145	10.157719
36	1800	0	0	0	4	0	-9.934932	9.708941	0	0	568.000000	-9.984145	10.157719
37	1850	0	0	0	4	0	-9.914662	9.743730	0	0	573.000000	-9.984145	10.157719
38	1900	0	0	0	4	0	-10.033344	9.833564	0	0	562.000000	-9.984145	10.157719
39	1950	0	0	0	4	0	-10.180848	9.963881	0	0	543.000000	-9.984145	10.157719
40	2000	0	0	0	4	0	-10.172175	9.934932	0	0	549.000000	-9.984145	10.157719
41	2050	0	0	0	4	0	-10.076741	9.850946	0	0	556.000000	-9.984145	10.157719
42	2100	0	0	0	4	0	-9.792999	10.042024	0	0	564.000000	-9.984145	10.157719
43	2150	0	0	0	4	0	-9.894393	10.157718	0	0	557.000000	-9.984145	10.157719
44	2200	0	0	0	4	0	-9.833564	10.137479	0	0	565.000000	-9.984145	10.157719
45	2250	0	0	0	4	0	-9.743731	10.079634	0	0	566.000000	-9.984145	10.157719
46	2300	0	0	0	4	0	-9.746627	10.088311	0	0	557.000000	-9.984145	10.157719
47	2350	0	0	0	4	0	-9.874119	10.183740	0	0	543.000000	-9.984145	10.157719
48	2400	0	0	0	4	0	-9.989934	10.099881	0	0	544.000000	-9.984145	10.157719
49	2450	0	0	0	4	0	-9.871222	10.036237	0	0	551.000000	-9.984145	10.157719
50	2500	0	0	0	4	0	-9.903081	10.010193	0	0	555.000000	-9.984145	10.157719
51	2550	0	0	0	4	0	-10.039131	10.166392	0	0	538.000000	-9.984145	10.157719
52	2600	0	0	0	4	0	-9.949408	10.117235	0	0	545.000000	-9.984145	10.157719
53	2650	0	0	0	4	0	-9.778510	10.065169	0	0	550.000000	-9.984145	10.157719
54	2700	0	0	0	4	0	-9.798795	10.039130	0	0	557.000000	-9.984145	10.157719
55	2750	0	0	0	4	0	-9.871222	10.079634	0	0	545.000000	-9.292174	9.453718
56	2800	0	0	0	4	0	-9.778510	10.059383	0	0	562.000000	-8.468400	8.615623
57	2850	0	0	0	4	0	-9.656746	9.932036	0	0	573.000000	-7.644626	7.777527
58	2900	0	0	0	4	0	-9.558111	9.819078	0	0	578.000000	-6.820852	6.939432
59	2950	0	0	0	4	0	-7.981318	9.226978	0	0	577.000000	-5.997077	6.101336
60	3000	0	0	0	4	0	-5.878956	7.990097	0	0	596.000000	-5.173303	5.263240
61	3050	0	0	0	4	0	-5.488913	7.550659	0	0	604.000000	-4.349529	4.425145
62	3100	0	0	0	4	0	-4.846611	6.828063	0	0	626.000000	-3.525754	3.587049
63	3150	0	0	0	4	0	-1.452972	1.399290	0	0	719.000000	-2.701980	2.748954
64	3200	0	0	0	4	0	-0.766882	1.282972	0	0	705.000000	-1.878206	1.910858
65	3250	0	0	0	4	0	-0.176065	0.778817	0	0	709.000000	-1.054431	1.072762
66	3300	0	0	0	4	0	0.471486	0.080573	0	0	726.000000	-0.230657	0.234667
67	3350	0	0	0	4	0	1.086102	-0.516244	0	0	719.000000	0.000000	0.000000
68	3400	0	0	0	4	0	1.661709	-0.716160	0	0	702.000000	0.000000	0.000000
69	3450	0	0	0	4	0	2.463393	-2.272734	0	0	688.000000	0.000000	0.000000
70	3500	0	0	0	4	0	2.963604	-4.102159	0	0	687.000000	0.000000	0.000000
71	3550	0	0	0	4	0	0.137271	-0.477454	0	0	699.000000	0.000000	0.000000
72	3600	0	0	0	4	0	0.083556	-0.450598	0	0	677.000000	0.000000	0.000000
73	3650	0	0	0	4	0	0.101461	-0.477454	0	0	673.000000	0.000000	0.000000
74	3700	0	0	0	4	0	0.083556	-0.704225	0	0	693.000000	0.000000	0.000000
75	3750	0	0	0	4	0	-0.020889	-0.164128	0	0	688.000000	0.000000	0.000000
76	3800	0	0	0	4	0	-0.068635	0.196954	0	0	671.000000	0.000000	0.000000
77	3850	0	0	0	4	0	-0.047746	0.131302	0	0	675.000000	0.000000	0.000000
78	3900	0	0	0	4	0	-0.026858	-0.182033	0	0	692.000000	0.000000	0.000000
79	3950	0	0	0	4	0	-0.071620	-0.271556	0	0	670.000000	0.000000	0.000000
80	4000	0	0	0	4	0	-0.164128	0.026857	0	0	646.000000	0.000000	0.000000
81	4050	0	0	0	4	0	-0.116383	0.053714	0	0	635.000000	0.000000	0.000000
82	4100	0	0	0	4	0	-0.104445	-0.199938	0	0	646.000000	0.000000	0.000000
83	4150	0	0	0	4	0	-0.125335	-0.259620	0	0	629.000000	0.000000	0.000000
84	4200	0	0	0	4	0	-0.119366	-0.020889	0	0	615.000000	0.000000	0.000000
85	4250	0	0	0	4	0	-0.020889	0.071620	0	0	612.000000	0.000000	0.000000
86	4300	0	0	0	4	0	-0.026858	-0.271556	0	0	631.000000	0.000000	0.000000
87	4350	0	0	0	4	0	-0.053714	-0.271556	0	0	625.000000	-9.984145	10.157719
88	4400	0	0	0	4	0	-0.074604	0.008952	0	0	618.000000	-9.984145	10.157719
89	4450	0	0	0	4	0	-0.056700	0.086540	0	0	625.000000	-9.984145	10.157719
90	4500	0	0	0	4	0	-0.029842	-0.155176	0	0	646.000000	-9.984145	10.157719
91	4550	0	0	0	4	0	-0.313333	0.575922	0	0	649.000000	-9.984145	10.157719
92	4600	0	0	0	4	0	-9.630642	10.475447	0	0	576.000000	-9.984145	10.157719
93	4650	0	0	0	4	0	-9.787204	9.816180	0	0	549.000000	-9.984145	10.157719
94	4700	0	0	0	4	0	-9.891496	9.830667	0	0	553.000000	-9.984145	10.157719
95	4750	0	0	0	4	0	-9.987039	10.010193	0	0	549.000000	-9.984145	10.157719
96	4800	0	0	0	4	0	-9.946512	9.998616	0	0	553.000000	-9.984145	10.157719
97	4850	0	0	0	4	0	-9.859636	9.877015	0	0	559.000000	-9.984145	10.157719
98	4900	0	0	0	4	0	-9.845153	9.862533	0	0	562.000000	-9.984145	10.157719
99	4950	0	0	0	4	0	-9.972566	9.963881	0	0	561.000000	-9.984145	10.157719
100	5000	0	0	0	4	0	-9.882808	10.042024	0	0	560.000000	-9.984145	10.157719
101	5050	0	0	0	4	0	-9.810385	9.923349	0	0	557.000000	-9.984145	10.157719
102	5100	0	0	0	4	0	-9.877014	9.978355	0	0	547.000000	-9.984145	10.157719
103	5150	0	0	0	4	0	-10.050704	10.166392	0	0	524.000000	-9.984145	10.157719
104	5200	0	0	0	4	0	-10.007298	10.137479	0	0	518.000000	-9.984145	10.157719
105	5250	0	0	0	4	0	-9.900184	10.070955	0	0	528.000000	-9.984145	10.157719
106	5300	0	0	0	4	0	-9.917560	9.992828	0	0	524.000000	-9.984145	10.157719
107	5350	0	0	0	4	0	-10.082527	10.088311	0	0	517.000000	0.000000	0.000000
108	5400	0	0	0	4	0	-9.981251	10.123019	0	0	526.000000	0.000000	0.000000
109	5450	0	0	0	4	0	-9.842255	10.015981	0	0	531.000000	0.000000	0.000000
110	5500	0	0	0	4	0	-1.983670	6.100330	0	0	592.000000	0.000000	0.000000
111	5550	0	0	0	4	0	-0.373014	2.076063	0	0	635.000000	0.000000	0.000000
112	5600	0	0	0	4	0	-0.474471	2.266775	0	0	632.000000	0.000000	0.000000
113	5650	0	0	0	4	0	-0.438663	2.222081	0	0	637.000000	0.000000	0.000000
114	5700	0	0	0	4	0	-0.041779	0.420759	0	0	661.000000	0.000000	0.000000
115	5750	0	0	0	4	0	0.146223	0.262603	0	0	669.000000	0.000000	0.000000
116	5800	0	0	0	4	0	0.104445	0.590841	0	0	652.000000	0.000000	0.000000
117	5850	0	0	0	4	0	0.101461	0.572939	0	0	651.000000	0.000000	0.000000
118	5900	0	0	0	4	0	0.107430	0.370030	0	0	666.000000	0.000000	0.000000
119	5950	0	0	0	4	0	0.131302	0.292444	0	0	656.000000	0.000000	0.000000
120	6000	0	0	0	4	0	0.095493	0.614713	0	0	625.000000	0.000000	0.000000
121	6050	0	0	0	4	0	0.140255	0.605761	0	0	627.000000	0.000000	0.000000
122	6100	0	0	0	4	0	0.170097	0.590841	0	0	630.000000	0.000000	0.000000
123	6150	0	0	0	4	0	0.202921	0.480438	0	0	627.000000	0.000000	0.000000
124	6200	0	0	0	4	0	0.179049	0.790751	0	0	615.000000	0.000000	0.000000
125	6250	0	0	0	4	0	0.190985	0.784783	0	0	613.000000	0.000000	0.000000
126	6300	0	0	0	4	0	0.205906	0.489389	0	0	627.000000	0.000000	0.000000
127	6350	0	0	0	4	0	0.149207	0.474470	0	0	615.000000	-0.676891	-0.688659
128	6400	0	0	0	4	0	0.149207	0.811636	0	0	603.000000	-1.617018	-1.645130
129	6450	0	0	0	4	0	0.176064	0.772849	0	0	606.000000	-2.557145	-2.601600
130	6500	0	0	0	4	0	0.190985	0.364062	0	0	618.000000	-3.497271	-3.558071
131	6550	0	0	0	4	0	0.134287	0.399870	0	0	612.000000	-4.437398	-4.514542
132	6600	0	0	0	4	0	-3.742766	-3.270063	0	0	618.000000	-5.377524	-5.471012
133	6650	0	0	0	4	0	-4.280251	-3.335496	0	0	618.000000	-6.317651	-6.427483
134	6700	0	0	0	4	0	-4.541303	-3.822987	0	0	630.000000	-7.257778	-7.383954
135	6750	0	0	0	4	0	-5.065791	-4.357398	0	0	624.000000	-8.197905	-8.340425
136	6800	0	0	0	4	0	-8.530766	-7.183774	0	0	609.000000	-9.138031	-9.296895
137	6850	0	0	0	4	0	-8.624135	-7.362889	0	0	609.000000	-9.984145	-10.157719
138	6900	0	0	0	4	0	-8.542439	-7.533062	0	0	622.000000	-9.984145	-10.157719
139	6950	0	0	0	4	0	-8.653303	-7.656207	0	0	619.000000	-9.984145	-10.157719
140	7000	0	0	0	4	0	-10.685945	-9.043715	0	0	589.000000	-9.984145	-10.157719
141	7050	0	0	0	4	0	-10.475447	-9.023342	0	0	597.000000	-9.984145	-10.157719
142	7100	0	0	0	4	0	-10.331105	-9.174637	0	0	609.000000	-9.984145	-10.157719
143	7150	0	0	0	4	0	-10.411952	-9.314181	0	0	605.000000	-9.984145	-10.157719
144	7200	0	0	0	4	0	-10.567757	-9.395529	0	0	597.000000	-9.984145	-10.157719
145	7250	0	0	0	4	0	-10.299333	-9.714740	0	0	595.000000	-9.984145	-10.157719
146	7300	0	0	0	4	0	-10.030449	-9.790101	0	0	608.000000	-9.984145	-10.157719
147	7350	0	0	0	4	0	-10.059382	-9.735034	0	0	602.000000	-9.984145	-10.157719
148	7400	0	0	0	4	0	-10.195301	-9.816180	0	0	593.000000	-9.984145	-10.157719
149	7450	0	0	0	4	0	-10.088311	-9.743731	0	0	599.000000	-9.984145	-10.157719
150	7500	0	0	0	4	0	-9.787204	-9.555209	0	0	613.000000	-9.984145	-10.157719
151	7550	0	0	0	4	0	-9.665446	-9.447803	0	0	615.000000	-9.984145	-10.157719
152	7600	0	0	0	4	0	-9.685746	-9.276398	0	0	598.000000	-9.984145	-10.157719
153	7650	0	0	0	4	0	-9.511675	-8.869006	0	0	601.000000	-9.984145	-10.157719
154	7700	0	0	0	4	0	-9.113552	-8.557031	0	0	608.000000	-9.984145	-10.157719
155	7750	0	0	0	4	0	-8.985497	-8.413991	0	0	608.000000	-9.984145	-10.157719
156	7800	0	0	0	4	0	-9.052448	-8.130520	0	0	587.000000	-9.984145	-10.157719
157	7850	0	0	0	4	0	-8.764101	-7.893500	0	0	594.000000	-9.878157	-10.049888
158	7900	0	0	0	4	0	-8.446110	-7.729473	0	0	606.000000	-8.818269	-8.971573
159	7950	0	0	0	4	0	-8.428592	-7.729473	0	0	607.000000	-7.758380	-7.893259
160	8000	0	0	0	4	0	-8.498661	-7.565320	0	0	591.000000	-6.698493	-6.814945
161	8050	0	0	0	4	0	-8.229928	-7.342343	0	0	597.000000	-5.638604	-5.736631
162	8100	0	0	0	4	0	-7.582914	-6.980996	0	0	600.000000	-4.578716	-4.658317
163	8150	0	0	0	4	0	-7.060366	-6.757446	0	0	602.000000	-3.518828	-3.580003
164	8200	0	0	0	4	0	-2.397861	-1.852515	0	0	606.000000	-2.458940	-2.501689
165	8250	0	0	0	4	0	-1.706432	-1.226301	0	0	604.000000	-1.399052	-1.423375
166	8300	0	0	0	4	0	-1.008540	-0.665436	0	0	615.000000	-0.339164	-0.345060
167	8350	0	0	0	4	0	-0.596809	-0.155176	0	0	608.000000	0.000000	0.000000
168	8400	0	0	0	4	0	-0.214859	0.608745	0	0	590.000000	0.000000	0.000000
169	8450	0	0	0	4	0	0.074604	0.844454	0	0	594.000000	0.000000	0.000000
170	8500	0	0	0	4	0	0.244700	0.587858	0	0	618.000000	0.000000	0.000000
171	8550	0	0	0	4	0	0.223811	0.522213	0	0	615.000000	0.000000	0.000000
172	8600	0	0	0	4	0	0.238731	0.856389	0	0	599.000000	0.000000	0.000000
173	8650	0	0	0	4	0	0.101461	0.647534	0	0	594.000000	0.000000	0.000000
174	8700	0	0	0	4	0	0.077588	0.414790	0	0	605.000000	0.000000	0.000000
175	8750	0	0	0	4	0	0.047747	0.310349	0	0	595.000000	0.000000	0.000000
176	8800	0	0	0	4	0	-0.026858	0.671404	0	0	575.000000	0.000000	0.000000
177	8850	0	0	0	4	0	0.000000	0.575922	0	0	578.000000	0.000000	0.000000
178	8900	0	0	0	4	0	0.002984	0.253652	0	0	602.000000	0.000000	0.000000
179	8950	0	0	0	4	0	0.026857	-0.050731	0	0	591.000000	0.000000	0.000000
180	9000	0	0	0	4	0	0.017905	0.367046	0	0	578.000000	0.000000	0.000000
181	9050	0	0	0	4	0	0.053714	0.358094	0	0	585.000000	0.000000	0.000000
182	9100	0	0	0	4	0	0.035810	0.128318	0	0	596.000000	0.000000	0.000000
183	9150	0	0	0	4	0	0.041778	0.011936	0	0	600.000000	0.000000	0.000000
184	9200	0	0	0	4	0	0.008952	0.408823	0	0	582.000000	0.000000	0.000000
185	9250	0	0	0	4	0	0.014921	0.465518	0	0	589.000000	0.000000	0.000000
186	9300	0	0	0	4	0	0.026857	0.146223	0	0	612.000000	0.000000	0.000000
187	9350	0	0	0	4	0	-0.005969	-0.014921	0	0	604.000000	-9.984145	-10.157719
188	9400	0	0	0	4	0	-0.041779	0.399870	0	0	593.000000	-9.984145	-10.157719
189	9450	0	0	0	4	0	-0.020889	0.361078	0	0	593.000000	-9.984145	-10.157719
190	9500	0	0	0	4	0	0.017905	0.149207	0	0	607.000000	-9.984145	-10.157719
191	9550	0	0	0	4	0	-0.080573	-0.423743	0	0	607.000000	-9.984145	-10.157719
192	9600	0	0	0	4	0	-9.882808	-8.694130	0	0	592.000000	-9.984145	-10.157719
193	9650	0	0	0	4	0	-10.079633	-9.084458	0	0	591.000000	-9.984145	-10.157719
194	9700	0	0	0	4	0	-9.943617	-9.008788	0	0	604.000000	-9.984145	-10.157719
195	9750	0	0	0	4	0	-10.047811	-9.075728	0	0	593.000000	-9.984145	-10.157719
196	9800	0	0	0	4	0	-10.284887	-9.040806	0	0	581.000000	-9.984145	-10.157719
197	9850	0	0	0	4	0	-10.172175	-8.956382	0	0	580.000000	-9.984145	-10.157719
198	9900	0	0	0	4	0	-10.033344	-8.994233	0	0	589.000000	-9.984145	-10.157719
199	9950	0	0	0	4	0	-10.036237	-9.040806	0	0	585.000000	-9.984145	-10.157719
200	10000	0	0	0	4	0	-10.215536	-9.043715	0	0	575.000000	-9.984145	-10.157719
201	10050	0	0	0	4	0	-10.099881	-8.994233	0	0	578.000000	-9.984145	-10.157719
202	10100	0	0	0	4	0	-7.066244	-7.242516	0	0	592.000000	-9.984145	-10.157719
203	10150	0	0	0	4	0	-7.066244	-6.954535	0	0	597.000000	-9.984145	-10.157719
204	10200	0	0	0	4	0	-7.266008	-6.916307	0	0	579.000000	-9.984145	-10.157719
205	10250	0	0	0	4	0	-7.148521	-6.769218	0	0	588.000000	-9.984145	-10.157719
206	10300	0	0	0	4	0	-6.998637	-6.722129	0	0	601.000000	-9.984145	-10.157719
207	10350	0	0	0	4	0	-7.025094	-6.798643	0	0	605.000000	0.000000	0.000000
208	10400	0	0	0	4	0	-7.295370	-6.763332	0	0	599.000000	0.000000	0.000000
209	10450	0	0	0	4	0	-7.183774	-6.666202	0	0	616.000000	0.000000	0.000000
210	10500	0	0	0	4	0	-7.054487	-6.574922	0	0	636.000000	0.000000	0.000000
211	10550	0	0	0	4	0	-4.226832	-4.473092	0	0	665.000000	0.000000	0.000000
212	10600	0	0	0	4	0	-0.134287	2.281672	0	0	665.000000	0.000000	0.000000
213	10650	0	0	0	4	0	-0.128318	2.117785	0	0	656.000000	0.000000	0.000000
214	10700	0	0	0	4	0	-0.059683	0.889206	0	0	671.000000	0.000000	0.000000
215	10750	0	0	0	4	0	-0.032825	0.671404	0	0	670.000000	0.000000	0.000000
216	10800	0	0	0	4	0	-0.041779	0.399870	0	0	657.000000	0.000000	0.000000
217	10850	0	0	0	4	0	0.083556	0.531164	0	0	654.000000	0.000000	0.000000
218	10900	0	0	0	4	0	0.065652	0.268572	0	0	668.000000	0.000000	0.000000
219	10950	0	0	0	4	0	0.041778	0.128318	0	0	676.000000	0.000000	0.000000
220	11000	0	0	0	4	0	0.029842	0.456566	0	0	651.000000	0.000000	0.000000
221	11050	0	0	0	4	0	0.056699	0.477454	0	0	648.000000	0.000000	0.000000
222	11100	0	0	0	4	0	-0.086541	0.137271	0	0	644.000000	0.000000	0.000000
223	11150	0	0	0	4	0	-0.143239	-0.119366	0	0	636.000000	0.000000	0.000000
224	11200	0	0	0	4	0	-0.110414	0.170097	0	0	617.000000	0.000000	0.000000
225	11250	0	0	0	4	0	-0.062667	0.319302	0	0	611.000000	0.000000	0.000000
226	11300	0	0	0	4	0	-0.071620	-0.041778	0	0	631.000000	0.000000	0.000000
227	11350	0	0	0	4	0	-0.071620	-0.155176	0	0	623.000000	0.798732	-0.812617
228	11400	0	0	0	4	0	-0.119366	0.352126	0	0	607.000000	1.973337	-2.007643
229	11450	0	0	0	4	0	-0.032825	0.322285	0	0	611.000000	3.147942	-3.202669
230	11500	0	0	0	4	0	0.035810	-0.053714	0	0	630.000000	4.322547	-4.397695
231	11550	0	0	0	4	0	0.059683	-0.313333	0	0	631.000000	5.497153	-5.592721
232	11600	0	0	0	4	0	6.115082	-6.630872	0	0	626.000000	6.671758	-6.787746
233	11650	0	0	0	4	0	6.551360	-6.792758	0	0	635.000000	7.846364	-7.982772
234	11700	0	0	0	4	0	6.804527	-7.180838	0	0	648.000000	9.020968	-9.177797
235	11750	0	0	0	4	0	8.294223	-8.355577	0	0	658.000000	9.984145	-10.157719
236	11800	0	0	0	4	0	10.365760	-9.691545	0	0	656.000000	9.984145	-10.157719
237	11850	0	0	0	4	0	10.383083	-9.662547	0	0	670.000000	9.984145	-10.157719
238	11900	0	0	0	4	0	10.255995	-9.737932	0	0	688.000000	9.984145	-10.157719
239	11950	0	0	0	4	0	11.616625	-10.792525	0	0	691.000000	9.984145	-10.157719
240	12000	0	0	0	4	0	11.519243	-10.518723	0	0	679.000000	9.984145	-10.157719
241	12050	0	0	0	4	0	11.416060	-10.524493	0	0	683.000000	9.984145	-10.157719
242	12100	0	0	0	4	0	11.335754	-10.452362	0	0	678.000000	9.984145	-10.157719
243	12150	0	0	0	4	0	11.344361	-10.561989	0	0	687.000000	9.984145	-10.157719
244	12200	0	0	0	4	0	11.390252	-10.599474	0	0	679.000000	9.984145	-10.157719
245	12250	0	0	0	4	0	11.436130	-10.550451	0	0	684.000000	9.984145	-10.157719
246	12300	0	0	0	4	0	11.258274	-10.538916	0	0	693.000000	9.984145	-10.157719
247	12350	0	0	0	4	0	11.284106	-10.634068	0	0	696.000000	9.984145	-10.157719
248	12400	0	0	0	4	0	11.315671	-10.740685	0	0	701.000000	9.984145	-10.157719
249	12450	0	0	0	4	0	11.352967	-10.645598	0	0	700.000000	9.984145	-10.157719
250	12500	0	0	0	4	0	11.264015	-10.489875	0	0	709.000000	9.984145	-10.157719
251	12550	0	0	0	4	0	11.120429	-10.587941	0	0	713.000000	9.984145	-10.157719
252	12600	0	0	0	4	0	11.149157	-10.530263	0	0	703.000000	9.984145	-10.157719
253	12650	0	0	0	4	0	11.062955	-10.296443	0	0	698.000000	9.984145	-10.157719
254	12700	0	0	0	4	0	10.662891	-10.105666	0	0	702.000000	9.984145	-10.157719
255	12750	0	0	0	4	0	10.429272	-9.937828	0	0	707.000000	9.751354	-9.920880
256	12800	0	0	0	4	0	10.302220	-9.824872	0	0	697.000000	8.458071	-8.605114
257	12850	0	0	0	4	0	10.079634	-9.424573	0	0	694.000000	7.164788	-7.289347
258	12900	0	0	0	4	0	9.671247	-9.160094	0	0	697.000000	5.871505	-5.973581
259	12950	0	0	0	4	0	9.034986	-8.801991	0	0	701.000000	4.578222	-4.657814
260	13000	0	0	0	4	0	6.657369	-5.902578	0	0	691.000000	3.284939	-3.342047
261	13050	0	0	0	4	0	3.843783	-3.427683	0	0	686.000000	1.991656	-2.026281
262	13100	0	0	0	4	0	2.847522	-2.511050	0	0	697.000000	0.698373	-0.710514
263	13150	0	0	0	4	0	2.099905	-2.085003	0	0	711.000000	0.000000	0.000000
264	13200	0	0	0	4	0	1.044339	-0.486405	0	0	685.000000	0.000000	0.000000
265	13250	0	0	0	4	0	-0.945892	1.098034	0	0	678.000000	0.000000	0.000000
266	13300	0	0	0	4	0	-1.124882	1.566291	0	0	685.000000	0.000000	0.000000
267	13350	0	0	0	4	0	-1.324730	1.524544	0	0	688.000000	0.000000	0.000000
268	13400	0	0	0	4	0	-1.393326	1.703451	0	0	670.000000	0.000000	0.000000
269	13450	0	0	0	4	0	-0.292444	0.531164	0	0	656.000000	0.000000	0.000000
270	13500	0	0	0	4	0	-0.080573	0.268572	0	0	663.000000	0.000000	0.000000
271	13550	0	0	0	4	0	-0.167111	-0.023873	0	0	666.000000	0.000000	0.000000
272	13600	0	0	0	4	0	-0.131303	0.423743	0	0	641.000000	0.000000	0.000000
273	13650	0	0	0	4	0	-0.086541	0.370030	0	0	632.000000	0.000000	0.000000
274	13700	0	0	0	4	0	-0.065652	0.167112	0	0	642.000000	0.000000	0.000000
275	13750	0	0	0	4	0	0.116382	-0.035810	0	0	640.000000	0.000000	0.000000
276	13800	0	0	0	4	0	0.143239	0.277524	0	0	628.000000	0.000000	0.000000
277	13850	0	0	0	4	0	0.134287	0.256636	0	0	628.000000	0.000000	0.000000
278	13900	0	0	0	4	0	0.179049	0.023873	0	0	641.000000	0.000000	0.000000
279	13950	0	0	0	4	0	0.131302	-0.128318	0	0	638.000000	0.000000	0.000000
280	14000	0	0	0	4	0	0.170097	0.235747	0	0	625.000000	0.000000	0.000000
281	14050	0	0	0	4	0	0.143239	0.134287	0	0	629.000000	0.000000	0.000000
282	14100	0	0	0	4	0	0.140255	0.017905	0	0	641.000000	0.000000	0.000000
283	14150	0	0	0	4	0	0.119366	-0.077588	0	0	642.000000	9.984145	-10.157719
284	14200	0	0	0	4	0	0.086540	0.080573	0	0	635.000000	9.984145	-10.157719
285	14250	0	0	0	4	0	0.095493	0.334222	0	0	634.000000	9.984145	-10.157719
286	14300	0	0	0	4	0	5.607163	-3.757623	0	0	660.000000	9.984145	-10.157719
287	14350	0	0	0	4	0	10.512955	-11.461928	0	0	671.000000	9.984145	-10.157719
288	14400	0	0	0	4	0	10.484103	-11.123302	0	0	666.000000	9.984145	-10.157719
289	14450	0	0	0	4	0	10.475447	-10.942186	0	0	673.000000	9.984145	-10.157719
290	14500	0	0	0	4	0	10.388858	-10.855862	0	0	682.000000	9.984145	-10.157719
291	14550	0	0	0	4	0	11.146285	-10.950815	0	0	688.000000	9.984145	-10.157719
292	14600	0	0	0	4	0	11.226697	-11.126174	0	0	682.000000	9.984145	-10.157719
293	14650	0	0	0	4	0	11.206597	-11.134794	0	0	674.000000	9.984145	-10.157719
294	14700	0	0	0	4	0	11.042833	-11.016959	0	0	676.000000	9.984145	-10.157719
295	14750	0	0	0	4	0	10.916293	-11.077326	0	0	677.000000	9.984145	-10.157719
296	14800	0	0	0	4	0	11.062955	-11.149158	0	0	654.000000	9.984145	-10.157719
297	14850	0	0	0	4	0	11.137667	-11.037084	0	0	646.000000	9.984145	-10.157719
298	14900	0	0	0	4	0	10.924925	-10.942186	0	0	659.000000	9.984145	-10.157719
299	14950	0	0	0	4	0	10.982453	-10.999707	0	0	656.000000	9.984145	-10.157719
300	15000	0	0	0	4	0	11.183624	-10.876008	0	0	646.000000	9.984145	-10.157719
301	15050	0	0	0	4	0	11.286976	-10.835711	0	0	651.000000	9.984145	-10.157719
302	15100	0	0	0	4	0	11.088820	-10.769488	0	0	662.000000	9.984145	-10.157719
303	15150	0	0	0	4	0	10.993957	-10.919170	0	0	673.000000	0.000000	0.000000
304	15200	0	0	0	4	0	11.154902	-10.899030	0	0	672.000000	0.000000	0.000000
305	15250	0	0	0	4	0	11.192239	-10.864497	0	0	684.000000	0.000000	0.000000
306	15300	0	0	0	4	0	11.160647	-10.683064	0	0	691.000000	0.000000	0.000000
307	15350	0	0	0	4	0	2.293589	-2.108845	0	0	711.000000	0.000000	0.000000
308	15400	0	0	0	4	0	0.346158	1.390344	0	0	695.000000	0.000000	0.000000
309	15450	0	0	0	4	0	0.507293	0.441646	0	0	672.000000	0.000000	0.000000
310	15500	0	0	0	4	0	0.566971	0.295429	0	0	685.000000	0.000000	0.000000
311	15550	0	0	0	4	0	0.519229	0.146223	0	0	688.000000	0.000000	0.000000
312	15600	0	0	0	4	0	0.092509	0.540116	0	0	659.000000	0.000000	0.000000
313	15650	0	0	0	4	0	0.080573	0.525197	0	0	661.000000	0.000000	0.000000
314	15700	0	0	0	4	0	0.089525	0.352126	0	0	661.000000	0.000000	0.000000
315	15750	0	0	0	4	0	-0.149207	0.211874	0	0	636.000000	0.000000	0.000000
316	15800	0	0	0	4	0	-90.000000	-90.000000	0	4	0.000000	0.000000	0.000000
317	15850	0	0	0	4	0	-90.000000	-90.000000	0	4	0.000000	0.000000	0.000000
318	15900	0	0	0	4	0	-90.000000	-90.000000	0	4	0.000000	0.000000	0.000000
319	15950	0	0	0	4	0	-1.294904	-5.122042	0	0	445.000000	0.000000	0.000000
320	16000	0	0	0	4	0	-0.432694	1.005557	0	0	598.000000	0.000000	0.000000
321	16050	0	0	0	4	0	-0.074604	0.572939	0	0	584.000000	0.000000	0.000000
322	16100	0	0	0	4	0	0.014921	0.641567	0	0	586.000000	0.000000	0.000000
323	16150	0	0	0	4	0	-0.053714	0.358094	0	0	606.000000	0.650525	0.661834
324	16200	0	0	0	4	0	0.295429	0.605761	0	0	600.000000	2.064710	2.100605
325	16250	0	0	0	4	0	0.295429	0.632616	0	0	623.000000	3.478895	3.539375
326	16300	0	0	0	4	0	0.370030	0.355110	0	0	647.000000	4.893080	4.978146
327	16350	0	0	0	4	0	0.393903	0.301397	0	0	641.000000	6.307264	6.416916
328	16400	0	0	0	4	0	6.073774	7.597576	0	0	520.000000	7.721449	7.855686
329	16450	0	0	0	4	0	6.698583	8.349733	0	0	514.000000	9.135634	9.294456
330	16500	0	0	0	4	0	7.107387	8.492821	0	0	523.000000	9.984145	10.157719
331	16550	0	0	0	4	0	7.571186	9.165913	0	0	503.000000	9.984145	10.157719
332	16600	0	0	0	4	0	9.934932	10.613890	0	0	519.000000	9.984145	10.157719
333	16650	0	0	0	4	0	10.504300	11.195112	0	0	533.000000	9.984145	10.157719
334	16700	0	0	0	4	0	10.449475	11.157775	0	0	546.000000	9.984145	10.157719
335	16750	0	0	0	4	0	10.625421	11.261145	0	0	532.000000	9.984145	10.157719
336	16800	0	0	0	4	0	9.888600	11.149158	0	0	527.000000	9.984145	10.157719
337	16850	0	0	0	4	0	9.737932	11.014084	0	0	529.000000	9.984145	10.157719
338	16900	0	0	0	4	0	9.671247	11.022709	0	0	525.000000	9.984145	10.157719
339	16950	0	0	0	4	0	9.850945	11.172136	0	0	506.000000	9.984145	10.157719
340	17000	0	0	0	4	0	9.758222	11.192239	0	0	507.000000	9.984145	10.157719
341	17050	0	0	0	4	0	9.645144	11.031334	0	0	519.000000	9.984145	10.157719
342	17100	0	0	0	4	0	9.578424	10.835711	0	0	531.000000	9.984145	10.157719
343	17150	0	0	0	4	0	9.732134	10.740685	0	0	512.000000	9.984145	10.157719
344	17200	0	0	0	4	0	9.595832	10.458133	0	0	515.000000	9.984145	10.157719
345	17250	0	0	0	4	0	9.473935	10.414840	0	0	525.000000	9.984145	10.157719
346	17300	0	0	0	4	0	9.383910	10.172175	0	0	528.000000	9.984145	10.157719
347	17350	0	0	0	4	0	9.392624	10.426385	0	0	510.000000	9.984145	10.157719
348	17400	0	0	0	4	0	9.209534	10.362871	0	0	511.000000	9.984145	10.157719
349	17450	0	0	0	4	0	10.001511	10.140370	0	0	534.000000	9.984145	10.157719
350	17500	0	0	0	4	0	9.497161	10.198193	0	0	548.000000	9.372559	9.535501
351	17550	0	0	0	4	0	9.453612	10.270441	0	0	543.000000	7.843594	7.979954
352	17600	0	0	0	4	0	9.270585	10.331105	0	0	547.000000	6.314628	6.424407
353	17650	0	0	0	4	0	8.866094	10.085419	0	0	554.000000	4.785662	4.868861
354	17700	0	0	0	4	0	8.340970	9.908873	0	0	566.000000	3.256697	3.313314
355	17750	0	0	0	4	0	3.995264	5.293697	0	0	590.000000	1.727731	1.757768
356	17800	0	0	0	4	0	2.704618	5.142765	0	0	584.000000	0.198766	0.202221
357	17850	0	0	0	4	0	1.789911	3.897254	0	0	619.000000	-1.330200	-1.353325
358	17900	0	0	0	4	0	1.104001	2.957653	0	0	640.000000	-2.859166	-2.908872
359	17950	0	0	0	4	0	0.793735	2.332320	0	0	641.000000	-4.388131	-4.464418
360	18000	0	0	0	4	0	-1.795874	-1.169627	0	0	643.000000	-5.917097	-6.019965
361	18050	0	0	0	4	0	-1.861458	-1.306833	0	0	640.000000	-7.446062	-7.575511
362	18100	0	0	0	4	0	-1.861458	-1.455954	0	0	644.000000	-8.975028	-9.131058
363	18150	0	0	0	4	0	-1.956844	-1.798854	0	0	642.000000	-9.984145	-10.157719
364	18200	0	0	0	4	0	-9.282211	-7.260135	0	0	604.000000	-9.984145	-10.157719
365	18250	0	0	0	4	0	-9.772714	-7.700170	0	0	602.000000	-9.984145	-10.157719
366	18300	0	0	0	4	0	-9.700244	-7.755844	0	0	618.000000	-9.984145	-10.157719
367	18350	0	0	0	4	0	-9.624841	-7.834935	0	0	631.000000	-9.984145	-10.157719
368	18400	0	0	0	4	0	-10.524493	-9.415860	0	0	621.000000	-9.984145	-10.157719
369	18450	0	0	0	4	0	-10.660009	-9.752425	0	0	623.000000	-9.984145	-10.157719
370	18500	0	0	0	4	0	-10.556220	-9.717639	0	0	638.000000	-9.984145	-10.157719
371	18550	0	0	0	4	0	-10.521608	-9.740829	0	0	643.000000	-9.984145	-10.157719
372	18600	0	0	0	4	0	-10.700353	-9.827769	0	0	639.000000	-9.984145	-10.157719
373	18650	0	0	0	4	0	-10.737804	-9.816180	0	0	630.000000	-9.984145	-10.157719
374	18700	0	0	0	4	0	-10.631186	-9.775612	0	0	625.000000	-9.984145	-10.157719
375	18750	0	0	0	4	0	-10.440817	-9.816180	0	0	637.000000	-9.984145	-10.157719
376	18800	0	0	0	4	0	-10.611007	-9.929141	0	0	622.000000	-9.984145	-10.157719
377	18850	0	0	0	4	0	-10.587941	-9.856738	0	0	614.000000	-9.984145	-10.157719
378	18900	0	0	0	4	0	-10.475447	-9.816180	0	0	631.000000	-9.984145	-10.157719
379	18950	0	0	0	4	0	-10.258883	-9.874119	0	0	642.000000	-9.984145	-10.157719
380	19000	0	0	0	4	0	-10.385971	-9.853842	0	0	639.000000	-9.984145	-10.157719
381	19050	0	0	0	4	0	-10.293554	-9.679947	0	0	641.000000	-9.984145	-10.157719
382	19100	0	0	0	4	0	-10.050704	-9.520383	0	0	654.000000	-9.984145	-10.157719
383	19150	0	0	0	4	0	-9.845153	-9.308369	0	0	665.000000	-9.424901	-9.588753
384	19200	0	0	0	4	0	-9.885703	-9.133916	0	0	666.000000	-7.780067	-7.915323
385	19250	0	0	0	4	0	-9.688644	-8.845699	0	0	666.000000	-6.135232	-6.241893
386	19300	0	0	0	4	0	-10.123019	-9.037897	0	0	677.000000	-4.490398	-4.568463
387	19350	0	0	0	4	0	-9.691545	-8.524928	0	0	682.000000	-2.845564	-2.895034
388	19400	0	0	0	4	0	-3.448498	-0.910091	0	0	718.000000	-1.200729	-1.221604
389	19450	0	0	0	4	0	-2.171424	-0.202921	0	0	690.000000	0.444105	0.451826
390	19500	0	0	0	4	0	-1.074170	0.319302	0	0	695.000000	2.088940	2.125256
391	19550	0	0	0	4	0	-0.301396	0.763899	0	0	697.000000	3.733774	3.798686
392	19600	0	0	0	4	0	0.193969	1.393326	0	0	685.000000	5.378609	5.472116
393	19650	0	0	0	4	0	4.259478	6.819238	0	0	594.000000	7.023443	7.145545
394	19700	0	0	0	4	0	4.769569	7.333536	0	0	618.000000	8.668278	8.818974
395	19750	0	0	0	4	0	5.142765	7.559456	0	0	610.000000	9.984145	10.157719
396	19800	0	0	0	4	0	5.533262	8.031064	0	0	611.000000	9.984145	10.157719
397	19850	0	0	0	4	0	9.642244	10.772367	0	0	605.000000	9.984145	10.157719
398	19900	0	0	0	4	0	9.703142	10.734923	0	0	613.000000	9.984145	10.157719
399	19950	0	0	0	4	0	9.926246	10.806922	0	0	580.000000	9.984145	10.157719
400	20000	0	0	0	4	0	9.853842	10.827075	0	0	574.000000	9.984145	10.157719
401	20050	0	0	0	4	0	9.758222	10.752207	0	0	567.000000	9.984145	10.157719
402	20100	0	0	0	4	0	9.740830	10.611006	0	0	559.000000	9.984145	10.157719
403	20150	0	0	0	4	0	9.943618	10.717639	0	0	546.000000	9.984145	10.157719
404	20200	0	0	0	4	0	9.891496	10.622539	0	0	548.000000	9.984145	10.157719
405	20250	0	0	0	4	0	9.816179	10.510069	0	0	562.000000	9.984145	10.157719
406	20300	0	0	0	4	0	9.784306	10.383083	0	0	567.000000	9.984145	10.157719
407	20350	0	0	0	4	0	9.920454	10.512955	0	0	553.000000	9.984145	10.157719
408	20400	0	0	0	4	0	9.813284	10.501415	0	0	560.000000	9.984145	10.157719
409	20450	0	0	0	4	0	9.732134	10.397518	0	0	570.000000	9.984145	10.157719
410	20500	0	0	0	4	0	9.708941	10.238656	0	0	579.000000	9.984145	10.157719
411	20550	0	0	0	4	0	9.879911	10.420613	0	0	556.000000	9.984145	10.157719
412	20600	0	0	0	4	0	9.798795	10.383083	0	0	564.000000	9.984145	10.157719
413	20650	0	0	0	4	0	9.682846	10.284887	0	0	570.000000	9.984145	10.157719
414	20700	0	0	0	4	0	9.598732	10.111450	0	0	582.000000	9.984145	10.157719
415	20750	0	0	0	4	0	9.677046	10.232876	0	0	571.000000	-9.984145	-10.157719
416	20800	0	0	0	4	0	9.529090	10.209755	0	0	576.000000	-9.984145	-10.157719
417	20850	0	0	0	4	0	9.407147	10.062277	0	0	593.000000	-9.984145	-10.157719
418	20900	0	0	0	4	0	9.238607	9.900185	0	0	607.000000	-9.984145	-10.157719
419	20950	0	0	0	4	0	9.253144	9.952303	0	0	598.000000	-9.984145	-10.157719
420	21000	0	0	0	4	0	-2.999317	2.007514	0	0	681.000000	-9.984145	-10.157719
421	21050	0	0	0	4	0	-8.653303	-7.409847	0	0	660.000000	-9.984145	-10.157719
422	21100	0	0	0	4	0	-8.697046	-7.389304	0	0	666.000000	-9.984145	-10.157719
423	21150	0	0	0	4	0	-8.720372	-7.635689	0	0	664.000000	-9.984145	-10.157719
424	21200	0	0	0	4	0	-8.734950	-7.626892	0	0	654.000000	-9.984145	-10.157719
425	21250	0	0	0	4	0	-10.345545	-9.212442	0	0	658.000000	-9.984145	-10.157719
426	21300	0	0	0	4	0	-10.587941	-9.758223	0	0	664.000000	-9.984145	-10.157719
427	21350	0	0	0	4	0	-10.596591	-9.958093	0	0	660.000000	-9.984145	-10.157719
428	21400	0	0	0	4	0	-10.717639	-9.978354	0	0	658.000000	-9.984145	-10.157719
429	21450	0	0	0	4	0	-10.694589	-9.905975	0	0	644.000000	-9.984145	-10.157719
430	21500	0	0	0	4	0	-10.146152	-9.850946	0	0	644.000000	-9.984145	-10.157719
431	21550	0	0	0	4	0	-10.042024	-10.056491	0	0	643.000000	-9.984145	-10.157719
432	21600	0	0	0	4	0	-10.131694	-10.062278	0	0	622.000000	-9.984145	-10.157719
433	21650	0	0	0	4	0	-10.047811	-10.050704	0	0	619.000000	-9.984145	-10.157719
434	21700	0	0	0	4	0	-9.879912	-9.969672	0	0	623.000000	-9.984145	-10.157719
435	21750	0	0	0	4	0	-9.943617	-9.929141	0	0	618.000000	9.984145	10.157719
436	21800	0	0	0	4	0	-10.096990	-9.926246	0	0	609.000000	9.984145	10.157719
437	21850	0	0	0	4	0	-10.047811	-9.868325	0	0	609.000000	9.984145	10.157719
438	21900	0	0	0	4	0	-9.897288	-9.824872	0	0	622.000000	9.984145	10.157719
439	21950	0	0	0	4	0	-9.885703	-9.920454	0	0	619.000000	9.984145	10.157719
440	22000	0	0	0	4	0	-1.870401	-1.813760	0	0	664.000000	9.984145	10.157719
441	22050	0	0	0	4	0	8.720372	10.576407	0	0	583.000000	9.984145	10.157719
442	22100	0	0	0	4	0	8.778675	9.877015	0	0	582.000000	9.984145	10.157719
443	22150	0	0	0	4	0	8.874834	10.307998	0	0	575.000000	9.984145	10.157719
444	22200	0	0	0	4	0	8.857353	10.357097	0	0	578.000000	9.984145	10.157719
445	22250	0	0	0	4	0	8.804904	10.307998	0	0	588.000000	9.984145	10.157719
446	22300	0	0	0	4	0	9.337427	10.310886	0	0	602.000000	9.984145	10.157719
447	22350	0	0	0	4	0	9.531993	10.486989	0	0	582.000000	9.984145	10.157719
448	22400	0	0	0	4	0	9.453612	10.547568	0	0	574.000000	9.984145	10.157719
449	22450	0	0	0	4	0	9.325804	10.547568	0	0	578.000000	9.984145	10.157719
450	22500	0	0	0	4	0	9.296743	10.475447	0	0	578.000000	9.984145	10.157719
451	22550	0	0	0	4	0	9.441997	10.674418	0	0	548.000000	9.984145	10.157719
452	22600	0	0	0	4	0	9.418764	10.651363	0	0	549.000000	9.984145	10.157719
453	22650	0	0	0	4	0	9.331615	10.671537	0	0	559.000000	9.984145	10.157719
454	22700	0	0	0	4	0	9.319992	10.550452	0	0	568.000000	9.984145	10.157719
455	22750	0	0	0	4	0	9.514577	10.680182	0	0	549.000000	9.484938	10.157719
456	22800	0	0	0	4	0	9.505869	10.778128	0	0	555.000000	6.988902	10.157719
457	22850	0	0	0	4	0	9.412955	10.706115	0	0	560.000000	4.492866	10.157719
458	22900	0	0	0	4	0	9.340332	10.567756	0	0	574.000000	1.996829	10.157719
459	22950	0	0	0	4	0	8.836959	10.804043	0	0	564.000000	-0.499207	10.157719
460	23000	0	0	0	4	0	1.959825	10.645597	0	0	565.000000	-2.995244	10.157719
461	23050	0	0	0	4	0	-3.769508	10.660009	0	0	557.000000	-5.491280	10.157719
462	23100	0	0	0	4	0	-3.932896	10.582174	0	0	572.000000	-7.987316	10.157719
463	23150	0	0	0	4	0	-4.526475	10.766607	0	0	554.000000	-9.984145	10.157719
464	23200	0	0	0	4	0	-4.796239	10.778128	0	0	548.000000	-9.984145	10.157719
465	23250	0	0	0	4	0	-10.521608	10.212645	0	0	551.000000	-9.984145	10.157719
466	23300	0	0	0	4	0	-10.884643	10.345545	0	0	558.000000	-9.984145	10.157719
467	23350	0	0	0	4	0	-11.039957	10.368647	0	0	550.000000	-9.984145	10.157719
468	23400	0	0	0	4	0	-11.045708	10.397518	0	0	547.000000	-9.984145	10.157719
469	23450	0	0	0	4	0	-9.726336	10.533146	0	0	556.000000	-9.984145	10.157719
470	23500	0	0	0	4	0	-9.989934	10.440817	0	0	547.000000	-9.984145	10.157719
471	23550	0	0	0	4	0	-10.189520	10.510069	0	0	532.000000	-9.984145	10.157719
472	23600	0	0	0	4	0	-10.143261	10.550452	0	0	532.000000	-9.984145	10.157719
473	23650	0	0	0	4	0	-9.998616	10.510069	0	0	534.000000	-9.984145	10.157719
474	23700	0	0	0	4	0	-9.911767	10.432158	0	0	534.000000	-9.984145	10.157719
475	23750	0	0	0	4	0	-10.076741	10.536032	0	0	528.000000	-9.984145	10.157719
476	23800	0	0	0	4	0	-9.963881	10.550452	0	0	527.000000	-9.984145	10.157719
477	23850	0	0	0	4	0	-9.845153	10.466791	0	0	531.000000	-9.984145	10.157719
478	23900	0	0	0	4	0	-9.769814	10.362871	0	0	541.000000	-9.984145	10.157719
479	23950	0	0	0	4	0	-9.905975	10.437931	0	0	536.000000	-9.984145	10.157719
480	24000	0	0	0	4	0	-9.839358	10.472562	0	0	540.000000	-9.984145	10.157719
481	24050	0	0	0	4	0	-9.749527	10.371533	0	0	552.000000	-9.984145	10.157719
482	24100	0	0	0	4	0	-9.677047	10.307998	0	0	554.000000	-9.984145	10.157719
483	24150	0	0	0	4	0	-9.792999	10.417727	0	0	547.000000	-9.631349	9.798789
484	24200	0	0	0	4	0	-9.720539	10.489875	0	0	548.000000	-7.867365	8.004139
485	24250	0	0	0	4	0	-9.645144	10.484103	0	0	559.000000	-6.103382	6.209489
486	24300	0	0	0	4	0	-9.424573	10.325329	0	0	562.000000	-4.339399	4.414839
487	24350	0	0	0	4	0	-9.491355	10.209755	0	0	551.000000	-2.575416	2.620189
488	24400	0	0	0	4	0	-4.200119	6.100330	0	0	598.000000	-0.811432	0.825539
489	24450	0	0	0	4	0	1.381396	-2.653998	0	0	651.000000	0.952551	-0.969111
490	24500	0	0	0	4	0	4.988799	-5.080595	0	0	658.000000	2.716534	-2.763761
491	24550	0	0	0	4	0	5.657406	-6.056070	0	0	671.000000	4.480517	-4.558411
492	24600	0	0	0	4	0	6.574922	-6.433521	0	0	673.000000	6.244501	-6.353061
493	24650	0	0	0	4	0	7.321794	-6.710357	0	0	687.000000	8.008484	-8.147711
494	24700	0	0	0	4	0	7.873003	-6.804526	0	0	683.000000	9.772468	-9.942361
495	24750	0	0	0	4	0	8.393548	-7.442124	0	0	698.000000	9.984145	-10.157719
496	24800	0	0	0	4	0	8.764101	-7.623961	0	0	688.000000	9.984145	-10.157719
497	24850	0	0	0	4	0	11.842629	-10.469675	0	0	686.000000	9.984145	-10.157719
498	24900	0	0	0	4	0	12.042576	-10.766606	0	0	692.000000	9.984145	-10.157719
499	24950	0	0	0	4	0	11.991189	-10.835711	0	0	693.000000	9.984145	-10.157719
500	25000	0	0	0	4	0	11.373044	-10.657127	0	0	686.000000	9.984145	-10.157719
501	25050	0	0	0	4	0	11.117557	-10.481218	0	0	689.000000	9.984145	-10.157719
502	25100	0	0	0	4	0	11.083073	-10.461019	0	0	698.000000	9.984145	-10.157719
503	25150	0	0	0	4	0	11.039958	-10.611007	0	0	706.000000	9.984145	-10.157719
504	25200	0	0	0	4	0	11.166392	-10.677300	0	0	699.000000	9.984145	-10.157719
505	25250	0	0	0	4	0	11.235310	-10.616774	0	0	702.000000	9.984145	-10.157719
506	25300	0	0	0	4	0	11.077326	-10.533146	0	0	716.000000	9.984145	-10.157719
507	25350	0	0	0	4	0	11.028459	-10.622538	0	0	720.000000	9.984145	-10.157719
508	25400	0	0	0	4	0	11.226697	-10.648481	0	0	712.000000	9.984145	-10.157719
509	25450	0	0	0	4	0	11.246792	-10.628303	0	0	706.000000	9.984145	-10.157719
510	25500	0	0	0	4	0	11.094568	-10.498529	0	0	706.000000	9.984145	-10.157719
511	25550	0	0	0	4	0	11.016959	-10.564871	0	0	706.000000	9.984145	-10.157719
512	25600	0	0	0	4	0	11.131921	-10.611007	0	0	690.000000	9.984145	-10.157719
513	25650	0	0	0	4	0	11.103189	-10.530263	0	0	688.000000	9.984145	-10.157719
514	25700	0	0	0	4	0	10.973825	-10.261773	0	0	693.000000	9.984145	-10.157719
515	25750	0	0	0	4	0	10.933555	-10.273331	0	0	701.000000	8.329522	-8.474330
516	25800	0	0	0	4	0	11.051457	-10.177958	0	0	689.000000	6.449269	-6.561389
517	25850	0	0	0	4	0	10.991079	-9.926246	0	0	696.000000	4.569016	-4.648448
518	25900	0	0	0	4	0	10.680182	-9.488453	0	0	711.000000	2.688762	-2.735506
519	25950	0	0	0	4	0	3.362262	-4.185278	0	0	719.000000	0.808509	-0.822565
520	26000	0	0	0	4	0	2.004534	-1.256128	0	0	713.000000	-1.071744	1.090377
521	26050	0	0	0	4	0	0.966774	-0.005969	0	0	695.000000	-2.951998	3.003318
522	26100	0	0	0	4	0	0.298413	1.202438	0	0	703.000000	-4.832251	4.916259
523	26150	0	0	0	4	0	-5.130924	6.854540	0	0	601.000000	-6.712504	6.829201
524	26200	0	0	0	4	0	-6.061972	7.720684	0	0	590.000000	-8.592758	8.742142
525	26250	0	0	0	4	0	-6.392263	7.975463	0	0	593.000000	-9.984145	10.157719
526	26300	0	0	0	4	0	-6.518960	8.086649	0	0	597.000000	-9.984145	10.157719
527	26350	0	0	0	4	0	-8.209466	9.444900	0	0	586.000000	-9.984145	10.157719
528	26400	0	0	0	4	0	-10.781005	10.024663	0	0	558.000000	-9.984145	10.157719
529	26450	0	0	0	4	0	-10.703235	9.975461	0	0	550.000000	-9.984145	10.157719
530	26500	0	0	0	4	0	-10.688828	9.960987	0	0	547.000000	-9.984145	10.157719
531	26550	0	0	0	4	0	-10.056491	10.206864	0	0	530.000000	-9.984145	10.157719
532	26600	0	0	0	4	0	-10.053597	10.305108	0	0	521.000000	-9.984145	10.157719
533	26650	0	0	0	4	0	-9.923350	10.235765	0	0	517.000000	-9.984145	10.157719
534	26700	0	0	0	4	0	-9.813282	10.189521	0	0	526.000000	-9.984145	10.157719
535	26750	0	0	0	4	0	-9.946512	10.284887	0	0	512.000000	-9.984145	10.157719
536	26800	0	0	0	4	0	-9.900184	10.342657	0	0	516.000000	-9.984145	10.157719
537	26850	0	0	0	4	0	-9.784305	10.273331	0	0	519.000000	-9.984145	10.157719
538	26900	0	0	0	4	0	-9.688644	10.189521	0	0	534.000000	-9.984145	10.157719
539	26950	0	0	0	4	0	-9.885703	10.307998	0	0	529.000000	-9.984145	10.157719
540	27000	0	0	0	4	0	-9.836462	10.336881	0	0	525.000000	-9.984145	10.157719
541	27050	0	0	0	4	0	-9.726336	10.305108	0	0	533.000000	-9.984145	10.157719
542	27100	0	0	0	4	0	-9.592930	10.218426	0	0	545.000000	-9.984145	10.157719
543	27150	0	0	0	4	0	-9.714740	10.310886	0	0	538.000000	-9.984145	10.157719
544	27200	0	0	0	4	0	-9.697343	10.354209	0	0	539.000000	-9.984145	10.157719
545	27250	0	0	0	4	0	-9.546504	10.328216	0	0	545.000000	9.984145	-10.157719
546	27300	0	0	0	4	0	-9.502967	10.229987	0	0	554.000000	9.984145	-10.157719
547	27350	0	0	0	4	0	-9.630642	10.377309	0	0	548.000000	9.984145	-10.157719
548	27400	0	0	0	4	0	-9.674146	10.374421	0	0	543.000000	9.984145	-10.157719
549	27450	0	0	0	4	0	-9.531994	10.351320	0	0	555.000000	9.984145	-10.157719
550	27500	0	0	0	4	0	1.840591	2.183344	0	0	682.000000	9.984145	-10.157719
551	27550	0	0	0	4	0	9.526187	-9.229886	0	0	676.000000	9.984145	-10.157719
552	27600	0	0	0	4	0	10.001511	-9.679947	0	0	662.000000	9.984145	-10.157719
553	27650	0	0	0	4	0	9.981250	-9.636444	0	0	666.000000	9.984145	-10.157719
554	27700	0	0	0	4	0	9.908872	-9.572619	0	0	680.000000	9.984145	-10.157719
555	27750	0	0	0	4	0	10.876007	-10.377309	0	0	691.000000	9.984145	-10.157719
556	27800	0	0	0	4	0	11.321410	-10.596591	0	0	682.000000	9.984145	-10.157719
557	27850	0	0	0	4	0	11.235310	-10.429273	0	0	677.000000	9.984145	-10.157719
558	27900	0	0	0	4	0	11.080199	-10.397518	0	0	677.000000	9.984145	-10.157719
559	27950	0	0	0	4	0	11.045709	-10.492759	0	0	670.000000	9.984145	-10.157719
560	28000	0	0	0	4	0	11.183624	-10.530263	0	0	664.000000	9.984145	-10.157719
561	28050	0	0	0	4	0	11.048582	-10.310885	0	0	663.000000	9.984145	-10.157719
562	28100	0	0	0	4	0	10.927801	-10.281998	0	0	677.000000	9.984145	-10.157719
563	28150	0	0	0	4	0	10.962320	-10.313775	0	0	678.000000	9.984145	-10.157719
564	28200	0	0	0	4	0	11.091695	-10.296443	0	0	675.000000	9.984145	-10.157719
565	28250	0	0	0	4	0	11.014084	-10.206864	0	0	687.000000	-9.984145	10.157719
566	28300	0	0	0	4	0	10.922048	-10.079633	0	0	698.000000	-9.984145	10.157719
567	28350	0	0	0	4	0	10.907661	-10.224206	0	0	697.000000	-9.984145	10.157719
568	28400	0	0	0	4	0	11.008333	-10.359984	0	0	697.000000	-9.984145	10.157719
569	28450	0	0	0	4	0	9.929142	-9.270586	0	0	697.000000	-9.984145	10.157719
570	28500	0	0	0	4	0	-8.308833	8.889399	0	0	623.000000	-9.984145	10.157719
571	28550	0	0	0	4	0	-9.279305	9.165913	0	0	597.000000	-9.984145	10.157719
572	28600	0	0	0	4	0	-9.264771	9.273491	0	0	594.000000	-9.984145	10.157719
573	28650	0	0	0	4	0	-9.250237	9.293837	0	0	598.000000	-9.984145	10.157719
574	28700	0	0	0	4	0	-9.688644	9.891496	0	0	580.000000	-9.984145	10.157719
575	28750	0	0	0	4	0	-9.871222	10.044918	0	0	566.000000	-9.984145	10.157719
576	28800	0	0	0	4	0	-9.923350	10.140370	0	0	559.000000	-9.984145	10.157719
577	28850	0	0	0	4	0	-9.868325	10.123019	0	0	556.000000	-9.984145	10.157719
578	28900	0	0	0	4	0	-9.804589	10.070955	0	0	554.000000	-9.984145	10.157719
579	28950	0	0	0	4	0	-9.937828	10.166392	0	0	541.000000	-9.984145	10.157719
580	29000	0	0	0	4	0	-9.955198	10.276220	0	0	533.000000	-9.984145	10.157719
581	29050	0	0	0	4	0	-9.894393	10.235765	0	0	533.000000	-9.984145	10.157719
582	29100	0	0	0	4	0	-9.877014	10.186629	0	0	539.000000	-9.984145	10.157719
583	29150	0	0	0	4	0	-9.989934	10.247325	0	0	527.000000	-9.984145	10.157719
584	29200	0	0	0	4	0	-9.972566	10.339769	0	0	526.000000	-9.984145	10.157719
585	29250	0	0	0	4	0	-9.877014	10.241546	0	0	531.000000	-9.984145	-10.157719
586	29300	0	0	0	4	0	-9.879912	10.250216	0	0	533.000000	-9.984145	-10.157719
587	29350	0	0	0	4	0	-9.960988	10.305108	0	0	527.000000	-9.984145	-10.157719
588	29400	0	0	0	4	0	-9.897288	10.351320	0	0	528.000000	-9.984145	-10.157719
589	29450	0	0	0	4	0	-10.426385	4.802166	0	0	554.000000	-9.984145	-10.157719
590	29500	0	0	0	4	0	-10.942186	-6.857482	0	0	628.000000	-9.984145	-10.157719
591	29550	0	0	0	4	0	-10.717639	-7.268945	0	0	630.000000	-9.984145	-10.157719
592	29600	0	0	0	4	0	-10.760848	-7.304179	0	0	623.000000	-9.984145	-10.157719
593	29650	0	0	0	4	0	-10.769488	-7.321794	0	0	626.000000	-9.984145	-10.157719
594	29700	0	0	0	4	0	-10.313775	-9.002966	0	0	627.000000	-9.984145	-10.157719
595	29750	0	0	0	4	0	-10.293554	-9.473937	0	0	619.000000	-9.984145	-10.157719
596	29800	0	0	0	4	0	-10.377309	-9.534895	0	0	610.000000	-9.984145	-10.157719
597	29850	0	0	0	4	0	-10.406178	-9.531994	0	0	608.000000	-9.984145	-10.157719
598	29900	0	0	0	4	0	-10.290665	-9.444901	0	0	615.000000	-9.984145	-10.157719
599	29950	0	0	0	4	0	-10.325329	-9.607435	0	0	614.000000	-9.984145	-10.157719
600	30000	0	0	0	4	0	-10.429273	-9.648046	0	0	597.000000	-9.984145	-10.157719
601	30050	0	0	0	4	0	-10.339769	-9.581324	0	0	601.000000	-9.984145	-10.157719
602	30100	0	0	0	4	0	-10.221315	-9.415860	0	0	601.000000	-9.984145	-10.157719
603	30150	0	0	0	4	0	-10.076741	-9.592930	0	0	603.000000	-9.984145	-10.157719
604	30200	0	0	0	4	0	-10.253104	-9.595830	0	0	592.000000	-9.984145	-10.157719
605	30250	0	0	0	4	0	-10.247324	-9.552306	0	0	591.000000	9.984145	-10.157719
606	30300	0	0	0	4	0	-10.120129	-9.505869	0	0	594.000000	9.984145	-10.157719
607	30350	0	0	0	4	0	-10.030449	-9.511675	0	0	599.000000	9.984145	-10.157719
608	30400	0	0	0	4	0	-10.180848	-9.561013	0	0	595.000000	9.984145	-10.157719
609	30450	0	0	0	4	0	-10.224206	-9.424573	0	0	602.000000	9.984145	-10.157719
610	30500	0	0	0	4	0	-1.056272	-9.473937	0	0	617.000000	9.984145	-10.157719
611	30550	0	0	0	4	0	8.880659	-10.420612	0	0	666.000000	9.984145	-10.157719
612	30600	0	0	0	4	0	9.708941	-10.518723	0	0	648.000000	9.984145	-10.157719
613	30650	0	0	0	4	0	9.911767	-10.452362	0	0	639.000000	9.984145	-10.157719
614	30700	0	0	0	4	0	9.729235	-10.368647	0	0	657.000000	9.984145	-10.157719
615	30750	0	0	0	4	0	9.549405	-10.423500	0	0	668.000000	9.984145	-10.157719
616	30800	0	0	0	4	0	9.766917	-10.492759	0	0	660.000000	9.984145	-10.157719
617	30850	0	0	0	4	0	9.656746	-10.264663	0	0	656.000000	9.984145	-10.157719
618	30900	0	0	0	4	0	10.855862	-12.663342	0	0	519.000000	9.984145	-10.157719
619	30950	0	0	0	4	0	10.999706	-12.378952	0	0	538.000000	9.984145	-10.157719
620	31000	0	0	0	4	0	11.309933	-10.752206	0	0	605.000000	9.984145	-10.157719
621	31050	0	0	0	4	0	10.844348	-9.819077	0	0	644.000000	9.984145	-10.157719
622	31100	0	0	0	4	0	10.602357	-9.014609	0	0	672.000000	9.984145	-10.157719
623	31150	0	0	0	4	0	10.151937	-9.697343	0	0	676.000000	9.984145	-10.157719
624	31200	0	0	0	4	0	10.125911	-9.998616	0	0	667.000000	9.984145	-10.157719
625	31250	0	0	0	4	0	10.160611	-9.984144	0	0	677.000000	9.984145	10.157719
626	31300	0	0	0	4	0	10.004404	-9.908873	0	0	693.000000	9.984145	10.157719
627	31350	0	0	0	4	0	9.966778	-10.001510	0	0	701.000000	9.984145	10.157719
628	31400	0	0	0	4	0	10.021769	-10.053597	0	0	694.000000	9.984145	10.157719
629	31450	0	0	0	4	0	10.056491	-9.911767	0	0	682.000000	9.984145	10.157719
630	31500	0	0	0	4	0	11.559350	4.419699	0	0	589.000000	9.984145	10.157719
631	31550	0	0	0	4	0	10.212645	9.520383	0	0	585.000000	9.984145	10.157719
632	31600	0	0	0	4	0	10.044918	9.807488	0	0	592.000000	9.984145	10.157719
633	31650	0	0	0	4	0	9.946512	9.839358	0	0	602.000000	9.984145	10.157719
634	31700	0	0	0	4	0	9.824872	9.810385	0	0	615.000000	9.984145	10.157719
635	31750	0	0	0	4	0	9.558111	10.608124	0	0	590.000000	9.984145	10.157719
636	31800	0	0	0	4	0	9.502966	10.685946	0	0	580.000000	9.984145	10.157719
637	31850	0	0	0	4	0	9.418764	10.657127	0	0	585.000000	9.984145	10.157719
638	31900	0	0	0	4	0	9.378100	10.561989	0	0	580.000000	9.984145	10.157719
639	31950	0	0	0	4	0	9.526187	10.769487	0	0	555.000000	9.984145	10.157719
640	32000	0	0	0	4	0	2.951699	9.354859	0	0	538.000000	9.984145	10.157719
641	32050	0	0	0	4	0	2.049241	9.165913	0	0	536.000000	9.984145	10.157719
642	32100	0	0	0	4	0	2.079044	9.087367	0	0	537.000000	9.984145	10.157719
643	32150	0	0	0	4	0	2.058181	9.165913	0	0	526.000000	9.984145	10.157719
644	32200	0	0	0	4	0	1.995592	9.244423	0	0	519.000000	9.984145	10.157719
645	32250	0	0	0	4	0	1.924057	9.186271	0	0	525.000000	-9.984145	10.157719
646	32300	0	0	0	4	0	2.022416	9.136826	0	0	536.000000	-9.984145	10.157719
647	32350	0	0	0	4	0	2.067122	9.168820	0	0	530.000000	-9.984145	10.157719
648	32400	0	0	0	4	0	2.114805	9.215348	0	0	529.000000	-9.984145	10.157719
649	32450	0	0	0	4	0	-4.825871	9.708941	0	0	540.000000	-9.984145	10.157719
650	32500	0	0	0	4	0	-9.529090	10.143261	0	0	528.000000	-9.984145	10.157719
651	32550	0	0	0	4	0	-9.534895	10.175066	0	0	524.000000	-9.984145	10.157719
652	32600	0	0	0	4	0	-9.566815	10.238656	0	0	519.000000	-9.984145	10.157719
653	32650	0	0	0	4	0	-9.714740	10.331105	0	0	526.000000	-9.984145	10.157719
654	32700	0	0	0	4	0	-9.877014	10.348433	0	0	534.000000	-9.984145	10.157719
655	32750	0	0	0	4	0	-9.972566	10.423500	0	0	527.000000	-9.984145	10.157719
656	32800	0	0	0	4	0	-9.972566	10.489875	0	0	522.000000	-9.984145	10.157719
657	32850	0	0	0	4	0	-9.888600	10.469676	0	0	528.000000	-9.984145	10.157719
658	32900	0	0	0	4	0	-9.807489	10.394631	0	0	534.000000	-9.984145	10.157719
659	32950	0	0	0	4	0	-9.932036	10.466791	0	0	529.000000	-9.984145	10.157719
660	33000	0	0	0	4	0	-9.882808	10.512955	0	0	523.000000	-9.984145	10.157719
661	33050	0	0	0	4	0	-9.798795	10.484103	0	0	528.000000	-9.984145	10.157719
662	33100	0	0	0	4	0	-9.735034	10.394631	0	0	533.000000	-9.984145	10.157719
663	33150	0	0	0	4	0	-9.833564	10.481218	0	0	531.000000	-9.984145	10.157719
664	33200	0	0	0	4	0	-9.839358	10.512955	0	0	530.000000	-9.984145	10.157719
665	33250	0	0	0	4	0	-9.755322	10.429272	0	0	538.000000	0.000000	0.000000
666	33300	0	0	0	4	0	-9.642244	10.345545	0	0	553.000000	0.000000	0.000000
667	33350	0	0	0	4	0	-9.711840	10.409066	0	0	551.000000	0.000000	0.000000
668	33400	0	0	0	4	0	-9.691545	10.469676	0	0	549.000000	0.000000	0.000000
669	33450	0	0	0	4	0	-9.610336	10.400406	0	0	566.000000	0.000000	0.000000
670	33500	0	0	0	4	0	-0.011937	3.796249	0	0	677.000000	0.000000	0.000000
671	33550	0	0	0	4	0	0.253652	0.859372	0	0	697.000000	0.000000	0.000000
672	33600	0	0	0	4	0	0.238731	1.098034	0	0	696.000000	0.000000	0.000000
673	33650	0	0	0	4	0	0.262603	1.274025	0	0	699.000000	0.000000	0.000000
674	33700	0	0	0	4	0	0.325269	0.238731	0	0	706.000000	0.000000	0.000000
675	33750	0	0	0	4	0	0.259620	0.173080	0	0	720.000000	0.000000	0.000000
676	33800	0	0	0	4	0	0.202921	0.322285	0	0	708.000000	0.000000	0.000000
677	33850	0	0	0	4	0	0.173080	0.438663	0	0	691.000000	0.000000	0.000000
678	33900	0	0	0	4	0	0.235747	0.375998	0	0	694.000000	0.000000	0.000000
679	33950	0	0	0	4	0	0.265588	-0.014921	0	0	696.000000	0.000000	0.000000
680	34000	0	0	0	4	0	0.173080	0.176064	0	0	674.000000	0.000000	0.000000
681	34050	0	0	0	4	0	0.119366	0.483422	0	0	651.000000	0.000000	0.000000
682	34100	0	0	0	4	0	0.190985	0.220826	0	0	664.000000	0.000000	0.000000
683	34150	0	0	0	4	0	0.161144	-0.092509	0	0	673.000000	0.000000	0.000000
684	34200	0	0	0	4	0	0.131302	0.143239	0	0	657.000000	0.000000	0.000000
685	34250	0	0	0	4	0	0.185017	0.373014	0	0	650.000000	0.000000	0.000000
686	34300	0	0	0	4	0	0.226795	0.205906	0	0	665.000000	0.000000	0.000000
687	34350	0	0	0	4	0	0.214859	-0.065652	0	0	671.000000	0.000000	0.000000
688	34400	0	0	0	4	0	0.205906	0.116382	0	0	672.000000	0.000000	0.000000
689	34450	0	0	0	4	0	0.188001	0.283492	0	0	674.000000	0.000000	0.000000
690	34500	0	0	0	4	0	0.217842	0.316317	0	0	680.000000	0.000000	0.000000
691	34550	0	0	0	4	0	0.199938	-0.095493	0	0	697.000000	0.000000	0.000000
692	34600	0	0	0	4	0	0.122350	0.074604	0	0	677.000000	0.000000	0.000000
693	34650	0	0	0	4	0	0.119366	0.199938	0	0	670.000000	0.000000	0.000000
694	34700	0	0	0	4	0	0.080573	0.011936	0	0	674.000000	0.000000	0.000000
695	34750	0	0	0	4	0	0.065652	-0.408823	0	0	679.000000	0.000000	0.000000
696	34800	0	0	0	4	0	0.020889	0.525197	0	0	662.000000	0.000000	0.000000
697	34850	0	0	0	4	0	-0.847439	-4.247606	0	0	493.000000	0.000000	0.000000
698	34900	0	0	0	4	0	-0.537132	-3.891312	0	0	499.000000	0.000000	0.000000
699	34950	0	0	0	4	0	-0.426726	-0.495358	0	0	622.000000	0.000000	0.000000
700	35000	0	0	0	4	0	0.077588	0.438663	0	0	634.000000	0.000000	0.000000
701	35050	0	0	0	4	0	0.226795	0.414790	0	0	632.000000	0.000000	0.000000
702	35100	0	0	0	4	0	0.262603	0.343174	0	0	636.000000	0.000000	0.000000
703	35150	0	0	0	4	0	0.220826	-0.086540	0	0	656.000000	0.000000	0.000000
704	35200	0	0	0	4	0	0.247683	-0.122350	0	0	649.000000	0.000000	0.000000
