RowNumber	TimeStamp	X_Position_Degree_Right_Eye	Y_Position_Degree_Right_Eye	Distance_From_RightEye	Validity_Right_Eye	Pupil_Diameter_RightEye	X_Position_Degree_Left_Eye	Y_Position_Degree_Left_Eye	Distance_From_LeftEye	Validity_Left_Eye	Pupil_Diameter_LeftEye	Target X	Target Y
0	0	0	0	0	4	0	1.834628	7.450926	0	0	863.000000	0.000000	0.000000
1	33	0	0	0	4	0	1.694506	7.412781	0	0	858.000000	0.000000	0.000000
2	66	0	0	0	4	0	1.685561	7.489064	0	0	839.000000	0.000000	0.000000
3	99	0	0	0	4	0	1.816741	7.515465	0	0	851.000000	0.000000	0.000000
4	132	0	0	0	4	0	1.736247	7.230769	0	0	873.000000	0.000000	0.000000
5	165	0	0	0	4	0	1.596110	7.048609	0	0	883.000000	0.000000	0.000000
6	198	0	0	0	4	0	1.527526	7.125016	0	0	879.000000	0.000000	0.000000
7	231	0	0	0	4	0	1.441043	5.101319	0	0	868.000000	0.000000	0.000000
8	264	0	0	0	4	0	1.324729	1.020474	0	0	944.000000	0.000000	0.000000
9	297	0	0	0	4	0	1.241215	0.772849	0	0	961.000000	0.000000	0.000000
10	330	0	0	0	4	0	1.133831	0.644551	0	0	977.000000	0.000000	0.000000
11	363	0	0	0	4	0	0.853405	0.549068	0	0	976.000000	0.000000	0.000000
12	396	0	0	0	4	0	0.182033	0.277524	0	0	981.000000	0.000000	0.000000
13	429	0	0	0	4	0	0.116382	0.167112	0	0	1003.000000	0.000000	0.000000
14	462	0	0	0	4	0	0.035810	0.077588	0	0	1020.000000	0.000000	0.000000
15	495	0	0	0	4	0	0.056699	0.092509	0	0	1028.000000	0.000000	0.000000
16	528	0	0	0	4	0	0.053714	0.110414	0	0	1031.000000	0.000000	0.000000
17	561	0	0	0	4	0	0.128318	0.125335	0	0	1025.000000	0.000000	0.000000
18	594	0	0	0	4	0	0.128318	0.107430	0	0	1031.000000	0.000000	0.000000
19	627	0	0	0	4	0	0.029842	-0.020889	0	0	1044.000000	0.000000	0.000000
20	660	0	0	0	4	0	0.056699	0.002984	0	0	1037.000000	0.000000	0.000000
21	693	0	0	0	4	0	0.086540	0.071620	0	0	1024.000000	0.000000	0.000000
22	726	0	0	0	4	0	0.158159	0.056699	0	0	1011.000000	0.000000	0.000000
23	759	0	0	0	4	0	0.146223	0.074604	0	0	1011.000000	0.000000	0.000000
24	792	0	0	0	4	0	0.071620	0.035810	0	0	1017.000000	0.000000	0.000000
25	825	0	0	0	4	0	0.041778	-0.119366	0	0	1026.000000	0.000000	0.000000
26	858	0	0	0	4	0	0.041778	0.035810	0	0	1010.000000	0.000000	0.000000
27	891	0	0	0	4	0	0.062667	0.119366	0	0	990.000000	0.000000	0.000000
28	924	0	0	0	4	0	0.161144	0.092509	0	0	983.000000	0.000000	0.000000
29	957	0	0	0	4	0	0.053714	-0.044762	0	0	991.000000	0.000000	0.000000
30	990	0	0	0	4	0	0.026857	-0.062667	0	0	987.000000	0.000000	0.000000
31	1023	0	0	0	4	0	0.011936	-0.068635	0	0	978.000000	-0.310681	0.316082
32	1056	0	0	0	4	0	0.095493	0.035810	0	0	961.000000	-0.776702	0.790204
33	1089	0	0	0	4	0	0.190985	0.083556	0	0	957.000000	-1.242723	1.264327
34	1122	0	0	0	4	0	0.116382	-0.035810	0	0	972.000000	-1.708743	1.738450
35	1155	0	0	0	4	0	0.056699	-0.116382	0	0	979.000000	-2.174764	2.212572
36	1188	0	0	0	4	0	0.044762	0.032826	0	0	982.000000	-2.640785	2.686695
37	1221	0	0	0	4	0	0.038794	0.056699	0	0	976.000000	-3.106806	3.160818
38	1254	0	0	0	4	0	-2.374027	2.728438	0	0	962.000000	-3.572827	3.634940
39	1287	0	0	0	4	0	-2.755234	3.043956	0	0	976.000000	-4.038848	4.109063
40	1320	0	0	0	4	0	-3.035028	3.219495	0	0	989.000000	-4.504869	4.583186
41	1353	0	0	0	4	0	-3.317652	3.463364	0	0	1005.000000	-4.970890	5.057308
42	1386	0	0	0	4	0	-4.722148	6.132783	0	0	979.000000	-5.436911	5.531431
43	1419	0	0	0	4	0	-5.754909	8.045693	0	0	959.000000	-5.902932	6.005554
44	1452	0	0	0	4	0	-6.289091	8.168534	0	0	985.000000	-6.368953	6.479676
45	1485	0	0	0	4	0	-6.704470	8.022285	0	0	1018.000000	-6.834973	6.953799
46	1518	0	0	0	4	0	-6.966296	8.133445	0	0	1029.000000	-7.300994	7.427922
47	1551	0	0	0	4	0	-7.210210	8.390627	0	0	1030.000000	-7.767015	7.902044
48	1584	0	0	0	4	0	-7.585847	8.973852	0	0	1003.000000	-8.233036	8.376167
49	1617	0	0	0	4	0	-7.984243	9.418764	0	0	989.000000	-8.699058	8.850289
50	1650	0	0	0	4	0	-9.511675	10.829954	0	0	978.000000	-9.165078	9.324412
51	1683	0	0	0	4	0	-9.714740	10.039130	0	0	991.000000	-9.631099	9.798534
52	1716	0	0	0	4	0	-9.737932	9.819078	0	0	988.000000	-9.984145	10.157719
53	1749	0	0	0	4	0	-9.894393	10.062277	0	0	976.000000	-9.984145	10.157719
54	1782	0	0	0	4	0	-9.960988	10.409066	0	0	966.000000	-9.984145	10.157719
55	1815	0	0	0	4	0	-10.030449	10.452361	0	0	961.000000	-9.984145	10.157719
56	1848	0	0	0	4	0	-10.039131	10.094097	0	0	977.000000	-9.984145	10.157719
57	1881	0	0	0	4	0	-9.984144	9.978355	0	0	982.000000	-9.984145	10.157719
58	1914	0	0	0	4	0	-10.015980	9.998616	0	0	982.000000	-9.984145	10.157719
59	1947	0	0	0	4	0	-10.027556	10.432158	0	0	959.000000	-9.984145	10.157719
60	1980	0	0	0	4	0	-10.114343	10.466791	0	0	962.000000	-9.984145	10.157719
61	2013	0	0	0	4	0	-10.169284	10.585057	0	0	976.000000	-9.984145	10.157719
62	2046	0	0	0	4	0	-10.050704	10.177957	0	0	998.000000	-9.984145	10.157719
63	2079	0	0	0	4	0	-10.065169	10.310886	0	0	996.000000	-9.984145	10.157719
64	2112	0	0	0	4	0	-10.123019	10.579290	0	0	979.000000	-9.984145	10.157719
65	2145	0	0	0	4	0	-10.255995	10.841470	0	0	972.000000	-9.984145	10.157719
66	2178	0	0	0	4	0	-10.189520	10.432158	0	0	1000.000000	-9.984145	10.157719
67	2211	0	0	0	4	0	-10.102774	10.258883	0	0	1009.000000	-9.984145	10.157719
68	2244	0	0	0	4	0	-10.056491	10.322440	0	0	1010.000000	-9.984145	10.157719
69	2277	0	0	0	4	0	-10.137478	10.585057	0	0	1001.000000	-9.984145	10.157719
70	2310	0	0	0	4	0	-10.163502	10.824197	0	0	997.000000	-9.984145	10.157719
71	2343	0	0	0	4	0	-10.166392	10.475447	0	0	1027.000000	-9.984145	10.157719
72	2376	0	0	0	4	0	-10.091205	10.267551	0	0	1048.000000	-9.984145	10.157719
73	2409	0	0	0	4	0	-10.111451	10.359984	0	0	1060.000000	-9.984145	10.157719
74	2442	0	0	0	4	0	-10.079633	10.567756	0	0	1068.000000	-9.984145	10.157719
75	2475	0	0	0	4	0	-10.212646	10.818439	0	0	1060.000000	-9.984145	10.157719
76	2508	0	0	0	4	0	-10.177958	10.559105	0	0	1088.000000	-9.984145	10.157719
77	2541	0	0	0	4	0	-10.203973	10.333993	0	0	1108.000000	-9.984145	10.157719
78	2574	0	0	0	4	0	-10.218425	10.432158	0	0	1107.000000	-9.984145	10.157719
79	2607	0	0	0	4	0	-10.299333	10.726281	0	0	1095.000000	-9.984145	10.157719
80	2640	0	0	0	4	0	-10.420612	10.947939	0	0	1087.000000	-9.984145	10.157719
81	2673	0	0	0	4	0	-10.342658	10.613890	0	0	1110.000000	-9.984145	10.157719
82	2706	0	0	0	4	0	-10.336882	10.461019	0	0	1125.000000	-9.984145	10.157719
83	2739	0	0	0	4	0	-9.926246	10.536032	0	0	1130.000000	-9.473405	9.638100
84	2772	0	0	0	4	0	-9.900184	10.587940	0	0	1123.000000	-8.929714	9.084956
85	2805	0	0	0	4	0	-10.024664	11.008333	0	0	1110.000000	-8.386023	8.531814
86	2838	0	0	0	4	0	-10.053597	10.743566	0	0	1128.000000	-7.842332	7.978670
87	2871	0	0	0	4	0	-9.989934	10.536032	0	0	1146.000000	-7.298641	7.425527
88	2904	0	0	0	4	0	-10.050704	10.703234	0	0	1151.000000	-6.754950	6.872384
89	2937	0	0	0	4	0	-9.697343	11.094568	0	0	1132.000000	-6.211258	6.319241
90	2970	0	0	0	4	0	-6.630872	6.480663	0	0	1204.000000	-5.667568	5.766098
91	3003	0	0	0	4	0	-6.138683	5.607163	0	0	1215.000000	-5.123877	5.212955
92	3036	0	0	0	4	0	-5.716503	4.965105	0	0	1238.000000	-4.580185	4.659811
93	3069	0	0	0	4	0	-5.352868	4.722149	0	0	1227.000000	-4.036494	4.106668
94	3102	0	0	0	4	0	-4.923638	4.051684	0	0	1237.000000	-3.492803	3.553525
95	3135	0	0	0	4	0	-4.226832	3.493096	0	0	1261.000000	-2.949112	3.000382
96	3168	0	0	0	4	0	-2.743324	2.651020	0	0	1288.000000	-2.405421	2.447239
97	3201	0	0	0	4	0	-2.314444	1.989632	0	0	1297.000000	-1.861730	1.894096
98	3234	0	0	0	4	0	-1.864439	1.455954	0	0	1302.000000	-1.318039	1.340953
99	3267	0	0	0	4	0	-1.363502	1.202438	0	0	1310.000000	-0.774348	0.787810
100	3300	0	0	0	4	0	-0.853405	0.838488	0	0	1324.000000	-0.230657	0.234667
101	3333	0	0	0	4	0	-0.519230	0.250667	0	0	1331.000000	0.000000	0.000000
102	3366	0	0	0	4	0	-0.074604	-0.211874	0	0	1317.000000	0.000000	0.000000
103	3399	0	0	0	4	0	0.375998	-0.716160	0	0	1301.000000	0.000000	0.000000
104	3432	0	0	0	4	0	0.942908	-1.160677	0	0	1277.000000	0.000000	0.000000
105	3465	0	0	0	4	0	1.846552	-2.829660	0	0	1274.000000	0.000000	0.000000
106	3498	0	0	0	4	0	2.120765	-3.180822	0	0	1252.000000	0.000000	0.000000
107	3531	0	0	0	4	0	0.316317	-1.938961	0	0	1244.000000	0.000000	0.000000
108	3564	0	0	0	4	0	0.504309	-1.348589	0	0	1216.000000	0.000000	0.000000
109	3597	0	0	0	4	0	0.596809	-1.333677	0	0	1195.000000	0.000000	0.000000
110	3630	0	0	0	4	0	0.569955	-1.384378	0	0	1190.000000	0.000000	0.000000
111	3663	0	0	0	4	0	0.537132	-1.327711	0	0	1186.000000	0.000000	0.000000
112	3696	0	0	0	4	0	0.062667	-0.829537	0	0	1171.000000	0.000000	0.000000
113	3729	0	0	0	4	0	0.173080	-0.787767	0	0	1152.000000	0.000000	0.000000
114	3762	0	0	0	4	0	0.131302	-0.802685	0	0	1139.000000	0.000000	0.000000
115	3795	0	0	0	4	0	0.122350	-0.880257	0	0	1120.000000	0.000000	0.000000
116	3828	0	0	0	4	0	0.095493	-0.913074	0	0	1124.000000	0.000000	0.000000
117	3861	0	0	0	4	0	0.041778	-0.990641	0	0	1116.000000	0.000000	0.000000
118	3894	0	0	0	4	0	0.002984	-1.029423	0	0	1094.000000	0.000000	0.000000
119	3927	0	0	0	4	0	0.092509	-0.865339	0	0	1065.000000	0.000000	0.000000
120	3960	0	0	0	4	0	0.122350	-0.880257	0	0	1055.000000	0.000000	0.000000
121	3993	0	0	0	4	0	0.047747	-0.925008	0	0	1053.000000	0.000000	0.000000
122	4026	0	0	0	4	0	0.026857	-0.957825	0	0	1042.000000	0.000000	0.000000
123	4059	0	0	0	4	0	0.029842	-0.963791	0	0	1028.000000	0.000000	0.000000
124	4092	0	0	0	4	0	0.071620	-0.856389	0	0	1004.000000	0.000000	0.000000
125	4125	0	0	0	4	0	0.167112	-0.802685	0	0	993.000000	0.000000	0.000000
126	4158	0	0	0	4	0	0.092509	-0.865339	0	0	998.000000	0.000000	0.000000
127	4191	0	0	0	4	0	0.053714	-0.895174	0	0	995.000000	0.000000	0.000000
128	4224	0	0	0	4	0	0.023873	-0.880257	0	0	986.000000	0.000000	0.000000
129	4257	0	0	0	4	0	0.035810	-0.677372	0	0	966.000000	0.000000	0.000000
130	4290	0	0	0	4	0	0.080573	-0.605761	0	0	954.000000	0.000000	0.000000
131	4323	0	0	0	4	0	0.014921	-0.719144	0	0	965.000000	-9.984145	10.157719
132	4356	0	0	0	4	0	-0.002983	-0.692291	0	0	962.000000	-9.984145	10.157719
133	4389	0	0	0	4	0	-0.020889	-0.680355	0	0	958.000000	-9.984145	10.157719
134	4422	0	0	0	4	0	0.038794	-0.614713	0	0	944.000000	-9.984145	10.157719
135	4455	0	0	0	4	0	0.131302	-0.608745	0	0	934.000000	-9.984145	10.157719
136	4488	0	0	0	4	0	0.146223	-0.701241	0	0	942.000000	-9.984145	10.157719
137	4521	0	0	0	4	0	-3.002294	3.392000	0	0	930.000000	-9.984145	10.157719
138	4554	0	0	0	4	0	-8.854440	10.953691	0	0	850.000000	-9.984145	10.157719
139	4587	0	0	0	4	0	-9.113552	10.305108	0	0	852.000000	-9.984145	10.157719
140	4620	0	0	0	4	0	-9.192087	10.099881	0	0	847.000000	-9.984145	10.157719
141	4653	0	0	0	4	0	-9.311274	10.331105	0	0	833.000000	-9.984145	10.157719
142	4686	0	0	0	4	0	-9.436188	10.452361	0	0	824.000000	-9.984145	10.157719
143	4719	0	0	0	4	0	-10.255995	11.054332	0	0	833.000000	-9.984145	10.157719
144	4752	0	0	0	4	0	-10.091205	10.873130	0	0	844.000000	-9.984145	10.157719
145	4785	0	0	0	4	0	-10.120129	10.922048	0	0	839.000000	-9.984145	10.157719
146	4818	0	0	0	4	0	-10.192412	11.083073	0	0	834.000000	-9.984145	10.157719
147	4851	0	0	0	4	0	-10.316663	11.292715	0	0	829.000000	-9.984145	10.157719
148	4884	0	0	0	4	0	-10.290665	11.083073	0	0	845.000000	-9.984145	10.157719
149	4917	0	0	0	4	0	-10.255995	11.008333	0	0	860.000000	-9.984145	10.157719
150	4950	0	0	0	4	0	-10.261773	10.973825	0	0	865.000000	-9.984145	10.157719
151	4983	0	0	0	4	0	-10.296443	11.114683	0	0	858.000000	-9.984145	10.157719
152	5016	0	0	0	4	0	-10.374421	11.307063	0	0	849.000000	-9.984145	10.157719
153	5049	0	0	0	4	0	-10.380197	11.195112	0	0	861.000000	-9.984145	10.157719
154	5082	0	0	0	4	0	-10.299333	11.051457	0	0	872.000000	-9.984145	10.157719
155	5115	0	0	0	4	0	-10.270442	11.025584	0	0	866.000000	-9.984145	10.157719
156	5148	0	0	0	4	0	-10.339769	11.189368	0	0	864.000000	-9.984145	10.157719
157	5181	0	0	0	4	0	-10.440817	11.459063	0	0	853.000000	-9.984145	10.157719
158	5214	0	0	0	4	0	-10.469675	11.304193	0	0	865.000000	-9.984145	10.157719
159	5247	0	0	0	4	0	-10.368647	11.172136	0	0	878.000000	-9.984145	10.157719
160	5280	0	0	0	4	0	-10.365760	11.103189	0	0	887.000000	-9.984145	10.157719
161	5313	0	0	0	4	0	-10.394632	11.172136	0	0	880.000000	-9.984145	10.157719
162	5346	0	0	0	4	0	-10.486990	11.441863	0	0	880.000000	0.000000	0.000000
163	5379	0	0	0	4	0	-10.498529	11.301324	0	0	887.000000	0.000000	0.000000
164	5412	0	0	0	4	0	-10.409066	11.108935	0	0	903.000000	0.000000	0.000000
165	5445	0	0	0	4	0	-10.403293	10.996831	0	0	908.000000	0.000000	0.000000
166	5478	0	0	0	4	0	-9.215348	10.916293	0	0	907.000000	0.000000	0.000000
167	5511	0	0	0	4	0	0.310349	-1.673635	0	0	1040.000000	0.000000	0.000000
168	5544	0	0	0	4	0	0.271556	-2.231019	0	0	1044.000000	0.000000	0.000000
169	5577	0	0	0	4	0	0.301397	-2.260815	0	0	1059.000000	0.000000	0.000000
170	5610	0	0	0	4	0	0.325269	-2.174404	0	0	1068.000000	0.000000	0.000000
171	5643	0	0	0	4	0	0.086540	-0.990641	0	0	1075.000000	0.000000	0.000000
172	5676	0	0	0	4	0	-0.220827	-0.188001	0	0	1088.000000	0.000000	0.000000
173	5709	0	0	0	4	0	-0.253652	-0.280508	0	0	1111.000000	0.000000	0.000000
174	5742	0	0	0	4	0	-0.247683	-0.250667	0	0	1121.000000	0.000000	0.000000
175	5775	0	0	0	4	0	-0.193969	-0.199938	0	0	1116.000000	0.000000	0.000000
176	5808	0	0	0	4	0	-0.137270	-0.179049	0	0	1110.000000	0.000000	0.000000
177	5841	0	0	0	4	0	-0.116383	-0.289461	0	0	1110.000000	0.000000	0.000000
178	5874	0	0	0	4	0	-0.173080	-0.301397	0	0	1110.000000	0.000000	0.000000
179	5907	0	0	0	4	0	-0.190986	-0.334222	0	0	1098.000000	0.000000	0.000000
180	5940	0	0	0	4	0	-0.155176	-0.277524	0	0	1086.000000	0.000000	0.000000
181	5973	0	0	0	4	0	-0.098477	-0.250667	0	0	1069.000000	0.000000	0.000000
182	6006	0	0	0	4	0	-0.095493	-0.277524	0	0	1070.000000	0.000000	0.000000
183	6039	0	0	0	4	0	-0.185017	-0.373014	0	0	1079.000000	0.000000	0.000000
184	6072	0	0	0	4	0	-0.217842	-0.423743	0	0	1076.000000	0.000000	0.000000
185	6105	0	0	0	4	0	-0.199938	-0.349142	0	0	1073.000000	0.000000	0.000000
186	6138	0	0	0	4	0	-0.182032	-0.286477	0	0	1053.000000	0.000000	0.000000
187	6171	0	0	0	4	0	-0.158159	-0.277524	0	0	1058.000000	0.000000	0.000000
188	6204	0	0	0	4	0	-0.199938	-0.373014	0	0	1064.000000	0.000000	0.000000
189	6237	0	0	0	4	0	-0.262603	-0.420759	0	0	1068.000000	0.000000	0.000000
190	6270	0	0	0	4	0	-0.268572	-0.375998	0	0	1056.000000	0.000000	0.000000
191	6303	0	0	0	4	0	-0.244700	-0.337205	0	0	1045.000000	0.000000	0.000000
192	6336	0	0	0	4	0	-0.268572	-0.352126	0	0	1058.000000	-0.413656	-0.420847
193	6369	0	0	0	4	0	-0.307365	-0.402854	0	0	1072.000000	-1.034139	-1.052118
194	6402	0	0	0	4	0	-0.352126	-0.468502	0	0	1081.000000	-1.654623	-1.683388
195	6435	0	0	0	4	0	-0.349142	-0.393903	0	0	1080.000000	-2.275106	-2.314659
196	6468	0	0	0	4	0	-0.340190	-0.334222	0	0	1076.000000	-2.895590	-2.945930
197	6501	0	0	0	4	0	-0.331237	-0.358094	0	0	1084.000000	-3.516074	-3.577200
198	6534	0	0	0	4	0	-0.429711	-0.471486	0	0	1107.000000	-4.136557	-4.208471
199	6567	0	0	0	4	0	-2.698663	-3.906164	0	0	1130.000000	-4.757041	-4.839742
200	6600	0	0	0	4	0	-3.362262	-5.246353	0	0	1131.000000	-5.377524	-5.471012
201	6633	0	0	0	4	0	-3.612004	-5.432726	0	0	1140.000000	-5.998008	-6.102283
202	6666	0	0	0	4	0	-3.900224	-5.616030	0	0	1150.000000	-6.618492	-6.733553
203	6699	0	0	0	4	0	-6.619093	-6.839831	0	0	1154.000000	-7.238976	-7.364824
204	6732	0	0	0	4	0	-6.983938	-7.365825	0	0	1171.000000	-7.859459	-7.996095
205	6765	0	0	0	4	0	-7.336472	-7.600507	0	0	1174.000000	-8.479942	-8.627365
206	6798	0	0	0	4	0	-7.553590	-7.685517	0	0	1185.000000	-9.100426	-9.258636
207	6831	0	0	0	4	0	-7.799787	-7.949121	0	0	1191.000000	-9.720910	-9.889907
208	6864	0	0	0	4	0	-8.874833	-8.688299	0	0	1202.000000	-9.984145	-10.157719
209	6897	0	0	0	4	0	-10.082527	-9.810385	0	0	1191.000000	-9.984145	-10.157719
210	6930	0	0	0	4	0	-10.212646	-9.926246	0	0	1190.000000	-9.984145	-10.157719
211	6963	0	0	0	4	0	-10.235766	-9.807489	0	0	1188.000000	-9.984145	-10.157719
212	6996	0	0	0	4	0	-10.293554	-9.865431	0	0	1179.000000	-9.984145	-10.157719
213	7029	0	0	0	4	0	-10.244436	-9.894393	0	0	1181.000000	-9.984145	-10.157719
214	7062	0	0	0	4	0	-10.247324	-9.969672	0	0	1177.000000	-9.984145	-10.157719
215	7095	0	0	0	4	0	-10.175065	-9.972566	0	0	1174.000000	-9.984145	-10.157719
216	7128	0	0	0	4	0	-9.790101	-10.021769	0	0	1175.000000	-9.984145	-10.157719
217	7161	0	0	0	4	0	-9.888600	-9.995723	0	0	1161.000000	-9.984145	-10.157719
218	7194	0	0	0	4	0	-9.879912	-10.036237	0	0	1167.000000	-9.984145	-10.157719
219	7227	0	0	0	4	0	-9.874119	-10.128803	0	0	1169.000000	-9.984145	-10.157719
220	7260	0	0	0	4	0	-9.853842	-10.189520	0	0	1176.000000	-9.984145	-10.157719
221	7293	0	0	0	4	0	-9.798795	-10.024664	0	0	1180.000000	-9.984145	-10.157719
222	7326	0	0	0	4	0	-9.801693	-10.010193	0	0	1181.000000	-9.984145	-10.157719
223	7359	0	0	0	4	0	-9.775612	-10.024664	0	0	1187.000000	-9.984145	-10.157719
224	7392	0	0	0	4	0	-9.792999	-10.079633	0	0	1190.000000	-9.984145	-10.157719
225	7425	0	0	0	4	0	-9.755322	-10.123019	0	0	1208.000000	-9.984145	-10.157719
226	7458	0	0	0	4	0	-9.714740	-10.030449	0	0	1210.000000	-9.984145	-10.157719
227	7491	0	0	0	4	0	-9.700244	-9.972566	0	0	1215.000000	-9.984145	-10.157719
228	7524	0	0	0	4	0	-9.717639	-10.001510	0	0	1228.000000	-9.984145	-10.157719
229	7557	0	0	0	4	0	-9.784305	-9.937828	0	0	1227.000000	-9.984145	-10.157719
230	7590	0	0	0	4	0	-9.758223	-9.984144	0	0	1232.000000	-9.984145	-10.157719
231	7623	0	0	0	4	0	-9.659645	-9.914662	0	0	1239.000000	-9.984145	-10.157719
232	7656	0	0	0	4	0	-9.694445	-9.842255	0	0	1241.000000	-9.984145	-10.157719
233	7689	0	0	0	4	0	-9.662547	-9.888600	0	0	1247.000000	-9.984145	-10.157719
234	7722	0	0	0	4	0	-9.703142	-9.975461	0	0	1245.000000	-9.984145	-10.157719
235	7755	0	0	0	4	0	-9.685746	-10.036237	0	0	1240.000000	-9.984145	-10.157719
236	7788	0	0	0	4	0	-9.732134	-9.969672	0	0	1236.000000	-9.984145	-10.157719
237	7821	0	0	0	4	0	-9.717639	-9.885703	0	0	1232.000000	-9.984145	-10.157719
238	7854	0	0	0	4	0	-9.769814	-9.963881	0	0	1232.000000	-9.793365	-9.963622
239	7887	0	0	0	4	0	-9.804589	-10.007298	0	0	1227.000000	-9.093840	-9.251935
240	7920	0	0	0	4	0	-9.781408	-10.082527	0	0	1227.000000	-8.394313	-8.540248
241	7953	0	0	0	4	0	-9.735034	-10.053597	0	0	1233.000000	-7.694787	-7.828560
242	7986	0	0	0	4	0	-9.706043	-9.937828	0	0	1231.000000	-6.995261	-7.116873
243	8019	0	0	0	4	0	-9.645144	-9.911767	0	0	1227.000000	-6.295735	-6.405186
244	8052	0	0	0	4	0	-9.514577	-9.717639	0	0	1231.000000	-5.596209	-5.693498
245	8085	0	0	0	4	0	-6.159333	-6.978058	0	0	1232.000000	-4.896683	-4.981811
246	8118	0	0	0	4	0	-5.675136	-6.501285	0	0	1234.000000	-4.197156	-4.270124
247	8151	0	0	0	4	0	-5.172365	-6.230118	0	0	1227.000000	-3.497630	-3.558436
248	8184	0	0	0	4	0	-4.734005	-5.976383	0	0	1236.000000	-2.798104	-2.846749
249	8217	0	0	0	4	0	-4.303990	-5.672181	0	0	1239.000000	-2.098578	-2.135062
250	8250	0	0	0	4	0	-2.981461	-4.209023	0	0	1233.000000	-1.399052	-1.423375
251	8283	0	0	0	4	0	-2.090963	-2.350195	0	0	1220.000000	-0.699526	-0.711687
252	8316	0	0	0	4	0	-1.512616	-1.739228	0	0	1214.000000	0.000000	0.000000
253	8349	0	0	0	4	0	-1.124882	-1.354554	0	0	1210.000000	0.000000	0.000000
254	8382	0	0	0	4	0	-0.725111	-1.020474	0	0	1199.000000	0.000000	0.000000
255	8415	0	0	0	4	0	-0.438663	-0.787767	0	0	1194.000000	0.000000	0.000000
256	8448	0	0	0	4	0	0.581890	0.217842	0	0	1166.000000	0.000000	0.000000
257	8481	0	0	0	4	0	0.865339	1.038372	0	0	1128.000000	0.000000	0.000000
258	8514	0	0	0	4	0	0.963791	1.181558	0	0	1102.000000	0.000000	0.000000
259	8547	0	0	0	4	0	1.011523	1.106984	0	0	1090.000000	0.000000	0.000000
260	8580	0	0	0	4	0	0.023873	-0.059683	0	0	1087.000000	0.000000	0.000000
261	8613	0	0	0	4	0	-0.083556	-0.155176	0	0	1073.000000	0.000000	0.000000
262	8646	0	0	0	4	0	-0.062667	-0.077588	0	0	1043.000000	0.000000	0.000000
263	8679	0	0	0	4	0	-0.050731	-0.086540	0	0	1032.000000	0.000000	0.000000
264	8712	0	0	0	4	0	-0.050731	-0.193969	0	0	1031.000000	0.000000	0.000000
265	8745	0	0	0	4	0	-0.074604	-0.235747	0	0	1028.000000	0.000000	0.000000
266	8778	0	0	0	4	0	-0.080573	-0.271556	0	0	1025.000000	0.000000	0.000000
267	8811	0	0	0	4	0	-0.068635	-0.190985	0	0	1006.000000	0.000000	0.000000
268	8844	0	0	0	4	0	-0.008952	-0.158159	0	0	995.000000	0.000000	0.000000
269	8877	0	0	0	4	0	-0.050731	-0.283492	0	0	1007.000000	0.000000	0.000000
270	8910	0	0	0	4	0	-0.095493	-0.370030	0	0	1011.000000	0.000000	0.000000
271	8943	0	0	0	4	0	-0.068635	-0.301397	0	0	1003.000000	0.000000	0.000000
272	8976	0	0	0	4	0	-0.053714	-0.343174	0	0	989.000000	0.000000	0.000000
273	9009	0	0	0	4	0	0.017905	-0.208890	0	0	972.000000	0.000000	0.000000
274	9042	0	0	0	4	0	-0.122349	-0.358094	0	0	989.000000	0.000000	0.000000
275	9075	0	0	0	4	0	-0.164128	-0.441646	0	0	985.000000	0.000000	0.000000
276	9108	0	0	0	4	0	-0.176065	-0.450598	0	0	990.000000	0.000000	0.000000
277	9141	0	0	0	4	0	-0.065652	-0.286477	0	0	977.000000	0.000000	0.000000
278	9174	0	0	0	4	0	-0.035810	-0.193969	0	0	961.000000	0.000000	0.000000
279	9207	0	0	0	4	0	-0.086541	-0.331238	0	0	973.000000	0.000000	0.000000
280	9240	0	0	0	4	0	-0.131303	-0.396886	0	0	990.000000	0.000000	0.000000
281	9273	0	0	0	4	0	-0.119366	-0.417774	0	0	995.000000	0.000000	0.000000
282	9306	0	0	0	4	0	-0.101462	-0.399870	0	0	994.000000	0.000000	0.000000
283	9339	0	0	0	4	0	-0.089525	-0.286477	0	0	986.000000	-9.984145	-10.157719
284	9372	0	0	0	4	0	-0.101462	-0.381966	0	0	998.000000	-9.984145	-10.157719
285	9405	0	0	0	4	0	-0.137270	-0.402854	0	0	1006.000000	-9.984145	-10.157719
286	9438	0	0	0	4	0	-0.167111	-0.373014	0	0	1014.000000	-9.984145	-10.157719
287	9471	0	0	0	4	0	-0.176065	-0.361078	0	0	1019.000000	-9.984145	-10.157719
288	9504	0	0	0	4	0	-0.158159	-0.435678	0	0	1016.000000	-9.984145	-10.157719
289	9537	0	0	0	4	0	-8.466548	-8.498661	0	0	1027.000000	-9.984145	-10.157719
290	9570	0	0	0	4	0	-9.415860	-9.960988	0	0	1032.000000	-9.984145	-10.157719
291	9603	0	0	0	4	0	-9.441996	-10.004404	0	0	1031.000000	-9.984145	-10.157719
292	9636	0	0	0	4	0	-9.383909	-9.949408	0	0	1027.000000	-9.984145	-10.157719
293	9669	0	0	0	4	0	-9.450707	-9.853842	0	0	1034.000000	-9.984145	-10.157719
294	9702	0	0	0	4	0	-9.517480	-9.833564	0	0	1032.000000	-9.984145	-10.157719
295	9735	0	0	0	4	0	-9.726336	-9.824872	0	0	1032.000000	-9.984145	-10.157719
296	9768	0	0	0	4	0	-9.749527	-9.920454	0	0	1033.000000	-9.984145	-10.157719
297	9801	0	0	0	4	0	-9.749527	-10.004404	0	0	1033.000000	-9.984145	-10.157719
298	9834	0	0	0	4	0	-9.735034	-9.824872	0	0	1036.000000	-9.984145	-10.157719
299	9867	0	0	0	4	0	-9.795897	-9.842255	0	0	1039.000000	-9.984145	-10.157719
300	9900	0	0	0	4	0	-9.804589	-9.882808	0	0	1049.000000	-9.984145	-10.157719
301	9933	0	0	0	4	0	-9.746627	-9.984144	0	0	1051.000000	-9.984145	-10.157719
302	9966	0	0	0	4	0	-9.697343	-10.056491	0	0	1062.000000	-9.984145	-10.157719
303	9999	0	0	0	4	0	-9.717639	-9.937828	0	0	1072.000000	-9.984145	-10.157719
304	10032	0	0	0	4	0	-9.775612	-9.882808	0	0	1063.000000	-9.984145	-10.157719
305	10065	0	0	0	4	0	-9.836462	-9.752425	0	0	1071.000000	-9.984145	-10.157719
306	10098	0	0	0	4	0	-9.816180	-9.900184	0	0	1084.000000	-9.984145	-10.157719
307	10131	0	0	0	4	0	-9.778510	-9.987039	0	0	1083.000000	-9.984145	-10.157719
308	10164	0	0	0	4	0	-9.821976	-9.908873	0	0	1083.000000	-9.984145	-10.157719
309	10197	0	0	0	4	0	-9.821976	-9.795897	0	0	1096.000000	-9.984145	-10.157719
310	10230	0	0	0	4	0	-9.891496	-9.839358	0	0	1096.000000	-9.984145	-10.157719
311	10263	0	0	0	4	0	-9.911767	-9.926246	0	0	1104.000000	-9.984145	-10.157719
312	10296	0	0	0	4	0	-9.853842	-9.969672	0	0	1098.000000	-9.984145	-10.157719
313	10329	0	0	0	4	0	-9.795897	-9.882808	0	0	1105.000000	0.000000	0.000000
314	10362	0	0	0	4	0	-9.813282	-9.778510	0	0	1105.000000	0.000000	0.000000
315	10395	0	0	0	4	0	-9.772714	-9.850946	0	0	1102.000000	0.000000	0.000000
316	10428	0	0	0	4	0	-9.755322	-9.940722	0	0	1110.000000	0.000000	0.000000
317	10461	0	0	0	4	0	-9.781408	-10.030449	0	0	1121.000000	0.000000	0.000000
318	10494	0	0	0	4	0	-9.668346	-9.923350	0	0	1127.000000	0.000000	0.000000
319	10527	0	0	0	4	0	-4.259478	-5.787402	0	0	1148.000000	0.000000	0.000000
320	10560	0	0	0	4	0	0.071620	-0.232762	0	0	1138.000000	0.000000	0.000000
321	10593	0	0	0	4	0	0.146223	0.035810	0	0	1164.000000	0.000000	0.000000
322	10626	0	0	0	4	0	0.208890	0.143239	0	0	1176.000000	0.000000	0.000000
323	10659	0	0	0	4	0	0.271556	0.119366	0	0	1183.000000	0.000000	0.000000
324	10692	0	0	0	4	0	0.259620	0.032826	0	0	1198.000000	0.000000	0.000000
325	10725	0	0	0	4	0	0.259620	-0.041778	0	0	1209.000000	0.000000	0.000000
326	10758	0	0	0	4	0	0.020889	-0.510277	0	0	1226.000000	0.000000	0.000000
327	10791	0	0	0	4	0	0.035810	-0.450598	0	0	1242.000000	0.000000	0.000000
328	10824	0	0	0	4	0	0.065652	-0.552052	0	0	1247.000000	0.000000	0.000000
329	10857	0	0	0	4	0	0.059683	-0.534148	0	0	1237.000000	0.000000	0.000000
330	10890	0	0	0	4	0	0.056699	-0.578906	0	0	1230.000000	0.000000	0.000000
331	10923	0	0	0	4	0	0.119366	-0.546084	0	0	1220.000000	0.000000	0.000000
332	10956	0	0	0	4	0	0.050731	-0.578906	0	0	1217.000000	0.000000	0.000000
333	10989	0	0	0	4	0	0.086540	-0.522213	0	0	1200.000000	0.000000	0.000000
334	11022	0	0	0	4	0	0.074604	-0.504309	0	0	1180.000000	0.000000	0.000000
335	11055	0	0	0	4	0	0.089525	-0.447614	0	0	1156.000000	0.000000	0.000000
336	11088	0	0	0	4	0	0.050731	-0.584874	0	0	1168.000000	0.000000	0.000000
337	11121	0	0	0	4	0	0.041778	-0.516244	0	0	1155.000000	0.000000	0.000000
338	11154	0	0	0	4	0	0.062667	-0.534148	0	0	1143.000000	0.000000	0.000000
339	11187	0	0	0	4	0	0.017905	-0.516244	0	0	1124.000000	0.000000	0.000000
340	11220	0	0	0	4	0	0.095493	-0.450598	0	0	1100.000000	0.000000	0.000000
341	11253	0	0	0	4	0	-0.011937	-0.546084	0	0	1099.000000	0.000000	0.000000
342	11286	0	0	0	4	0	-0.104445	-0.510277	0	0	1093.000000	0.000000	0.000000
343	11319	0	0	0	4	0	-0.083556	-0.498342	0	0	1083.000000	0.070476	-0.071702
344	11352	0	0	0	4	0	-0.053714	-0.459550	0	0	1066.000000	0.845716	-0.860418
345	11385	0	0	0	4	0	-0.023873	-0.465518	0	0	1053.000000	1.620955	-1.649135
346	11418	0	0	0	4	0	-0.053714	-0.507293	0	0	1047.000000	2.396195	-2.437852
347	11451	0	0	0	4	0	-0.119366	-0.519229	0	0	1046.000000	3.171434	-3.226569
348	11484	0	0	0	4	0	-0.095493	-0.507293	0	0	1043.000000	3.946674	-4.015286
349	11517	0	0	0	4	0	-0.056700	-0.534148	0	0	1026.000000	4.721913	-4.804003
350	11550	0	0	0	4	0	4.102159	-5.358782	0	0	1044.000000	5.497153	-5.592721
351	11583	0	0	0	4	0	4.351465	-6.395211	0	0	1042.000000	6.272392	-6.381437
352	11616	0	0	0	4	0	4.579851	-6.648537	0	0	1039.000000	7.047632	-7.170155
353	11649	0	0	0	4	0	4.917713	-6.892777	0	0	1033.000000	7.822871	-7.958871
354	11682	0	0	0	4	0	5.210842	-6.848656	0	0	1031.000000	8.598111	-8.747588
355	11715	0	0	0	4	0	5.509611	-6.857482	0	0	1025.000000	9.373350	-9.536305
356	11748	0	0	0	4	0	7.697240	-8.629969	0	0	1027.000000	9.984145	-10.157719
357	11781	0	0	0	4	0	8.016434	-8.813648	0	0	1029.000000	9.984145	-10.157719
358	11814	0	0	0	4	0	8.145142	-8.997144	0	0	1023.000000	9.984145	-10.157719
359	11847	0	0	0	4	0	8.107123	-9.046627	0	0	1035.000000	9.984145	-10.157719
360	11880	0	0	0	4	0	9.761121	-9.885703	0	0	1042.000000	9.984145	-10.157719
361	11913	0	0	0	4	0	10.111450	-10.177958	0	0	1040.000000	9.984145	-10.157719
362	11946	0	0	0	4	0	10.105666	-10.232875	0	0	1039.000000	9.984145	-10.157719
363	11979	0	0	0	4	0	10.070955	-10.319551	0	0	1040.000000	9.984145	-10.157719
364	12012	0	0	0	4	0	9.978355	-10.307998	0	0	1049.000000	9.984145	-10.157719
365	12045	0	0	0	4	0	9.775612	-10.062278	0	0	1059.000000	9.984145	-10.157719
366	12078	0	0	0	4	0	9.645144	-9.766917	0	0	1063.000000	9.984145	-10.157719
367	12111	0	0	0	4	0	9.639344	-9.787204	0	0	1062.000000	9.984145	-10.157719
368	12144	0	0	0	4	0	9.619040	-9.917560	0	0	1066.000000	9.984145	-10.157719
369	12177	0	0	0	4	0	9.531993	-9.920454	0	0	1066.000000	9.984145	-10.157719
370	12210	0	0	0	4	0	9.444900	-9.732134	0	0	1076.000000	9.984145	-10.157719
371	12243	0	0	0	4	0	9.642244	-9.714740	0	0	1061.000000	9.984145	-10.157719
372	12276	0	0	0	4	0	9.616138	-9.746627	0	0	1067.000000	9.984145	-10.157719
373	12309	0	0	0	4	0	9.633542	-9.891496	0	0	1065.000000	9.984145	-10.157719
374	12342	0	0	0	4	0	9.558111	-9.908873	0	0	1063.000000	9.984145	-10.157719
375	12375	0	0	0	4	0	9.517479	-9.723436	0	0	1076.000000	9.984145	-10.157719
376	12408	0	0	0	4	0	9.642244	-9.729235	0	0	1067.000000	9.984145	-10.157719
377	12441	0	0	0	4	0	9.636444	-9.830667	0	0	1072.000000	9.984145	-10.157719
378	12474	0	0	0	4	0	9.633542	-9.929141	0	0	1063.000000	9.984145	-10.157719
379	12507	0	0	0	4	0	9.642244	-9.995723	0	0	1063.000000	9.984145	-10.157719
380	12540	0	0	0	4	0	9.619040	-9.816180	0	0	1068.000000	9.984145	-10.157719
381	12573	0	0	0	4	0	9.691545	-9.790101	0	0	1062.000000	9.984145	-10.157719
382	12606	0	0	0	4	0	9.662546	-9.894393	0	0	1067.000000	9.984145	-10.157719
383	12639	0	0	0	4	0	9.604534	-10.010193	0	0	1072.000000	9.984145	-10.157719
384	12672	0	0	0	4	0	9.601634	-10.082527	0	0	1076.000000	9.984145	-10.157719
385	12705	0	0	0	4	0	9.595832	-9.929141	0	0	1079.000000	9.984145	-10.157719
386	12738	0	0	0	4	0	9.674146	-9.891496	0	0	1083.000000	9.984145	-10.157719
387	12771	0	0	0	4	0	9.732134	-9.923350	0	0	1087.000000	9.208176	-9.368258
388	12804	0	0	0	4	0	9.636444	-10.021769	0	0	1094.000000	8.354609	-8.499853
389	12837	0	0	0	4	0	9.642244	-10.166392	0	0	1092.000000	7.501042	-7.631447
390	12870	0	0	0	4	0	9.558111	-10.010193	0	0	1108.000000	6.647475	-6.763041
391	12903	0	0	0	4	0	9.648046	-9.850946	0	0	1108.000000	5.793908	-5.894635
392	12936	0	0	0	4	0	9.621941	-9.885703	0	0	1099.000000	4.940341	-5.026228
393	12969	0	0	0	4	0	5.654450	-6.359843	0	0	1115.000000	4.086774	-4.157823
394	13002	0	0	0	4	0	3.879431	-3.484176	0	0	1096.000000	3.233208	-3.289417
395	13035	0	0	0	4	0	3.534717	-2.951699	0	0	1081.000000	2.379641	-2.421011
396	13068	0	0	0	4	0	3.055858	-2.624220	0	0	1073.000000	1.526074	-1.552605
397	13101	0	0	0	4	0	2.478286	-2.359133	0	0	1070.000000	0.672507	-0.684199
398	13134	0	0	0	4	0	1.670653	-1.962806	0	0	1084.000000	0.000000	0.000000
399	13167	0	0	0	4	0	0.942908	-1.345607	0	0	1064.000000	0.000000	0.000000
400	13200	0	0	0	4	0	0.283492	-1.142780	0	0	1057.000000	0.000000	0.000000
401	13233	0	0	0	4	0	-0.131303	-0.731078	0	0	1045.000000	0.000000	0.000000
402	13266	0	0	0	4	0	-0.668421	0.020889	0	0	1030.000000	0.000000	0.000000
403	13299	0	0	0	4	0	-1.259111	0.853405	0	0	1015.000000	0.000000	0.000000
404	13332	0	0	0	4	0	-1.333677	0.865339	0	0	992.000000	0.000000	0.000000
405	13365	0	0	0	4	0	-1.378414	0.871306	0	0	985.000000	0.000000	0.000000
406	13398	0	0	0	4	0	-1.354555	0.993624	0	0	944.000000	0.000000	0.000000
407	13431	0	0	0	4	0	0.155176	-0.408823	0	0	942.000000	0.000000	0.000000
408	13464	0	0	0	4	0	0.131302	-0.561003	0	0	932.000000	0.000000	0.000000
409	13497	0	0	0	4	0	0.110414	-0.641567	0	0	922.000000	0.000000	0.000000
410	13530	0	0	0	4	0	0.023873	-0.683339	0	0	905.000000	0.000000	0.000000
411	13563	0	0	0	4	0	0.098477	-0.429710	0	0	876.000000	0.000000	0.000000
412	13596	0	0	0	4	0	0.065652	-0.465518	0	0	869.000000	0.000000	0.000000
413	13629	0	0	0	4	0	0.032826	-0.659469	0	0	875.000000	0.000000	0.000000
414	13662	0	0	0	4	0	0.005969	-0.701241	0	0	879.000000	0.000000	0.000000
415	13695	0	0	0	4	0	0.011936	-0.629632	0	0	870.000000	0.000000	0.000000
416	13728	0	0	0	4	0	0.065652	-0.444630	0	0	846.000000	0.000000	0.000000
417	13761	0	0	0	4	0	0.050731	-0.417774	0	0	838.000000	0.000000	0.000000
418	13794	0	0	0	4	0	0.011936	-0.572939	0	0	852.000000	0.000000	0.000000
419	13827	0	0	0	4	0	-0.008952	-0.605761	0	0	862.000000	0.000000	0.000000
420	13860	0	0	0	4	0	0.002984	-0.638583	0	0	859.000000	0.000000	0.000000
421	13893	0	0	0	4	0	0.026857	-0.504309	0	0	844.000000	0.000000	0.000000
422	13926	0	0	0	4	0	0.020889	-0.465518	0	0	848.000000	0.000000	0.000000
423	13959	0	0	0	4	0	0.041778	-0.471486	0	0	851.000000	0.000000	0.000000
424	13992	0	0	0	4	0	-0.071620	-0.680355	0	0	867.000000	0.000000	0.000000
425	14025	0	0	0	4	0	-0.068635	-0.644551	0	0	869.000000	0.000000	0.000000
426	14058	0	0	0	4	0	0.000000	-0.393903	0	0	855.000000	0.000000	0.000000
427	14091	0	0	0	4	0	0.041778	-0.373014	0	0	853.000000	0.000000	0.000000
428	14124	0	0	0	4	0	0.023873	-0.462534	0	0	858.000000	0.000000	0.000000
429	14157	0	0	0	4	0	0.023873	-0.572939	0	0	868.000000	9.984145	-10.157719
430	14190	0	0	0	4	0	-0.005969	-0.650518	0	0	869.000000	9.984145	-10.157719
431	14223	0	0	0	4	0	0.038794	-0.370030	0	0	850.000000	9.984145	-10.157719
432	14256	0	0	0	4	0	0.095493	-0.316317	0	0	844.000000	9.984145	-10.157719
433	14289	0	0	0	4	0	0.083556	-0.432694	0	0	850.000000	9.984145	-10.157719
434	14322	0	0	0	4	0	2.683775	-2.981461	0	0	870.000000	9.984145	-10.157719
435	14355	0	0	0	4	0	9.537797	-10.339769	0	0	864.000000	9.984145	-10.157719
436	14388	0	0	0	4	0	9.441997	-10.203973	0	0	861.000000	9.984145	-10.157719
437	14421	0	0	0	4	0	9.514577	-10.068063	0	0	863.000000	9.984145	-10.157719
438	14454	0	0	0	4	0	9.648046	-10.105666	0	0	854.000000	9.984145	-10.157719
439	14487	0	0	0	4	0	9.711841	-10.175065	0	0	848.000000	9.984145	-10.157719
440	14520	0	0	0	4	0	9.700243	-10.342658	0	0	842.000000	9.984145	-10.157719
441	14553	0	0	0	4	0	9.668347	-10.206864	0	0	853.000000	9.984145	-10.157719
442	14586	0	0	0	4	0	9.711841	-10.039131	0	0	849.000000	9.984145	-10.157719
443	14619	0	0	0	4	0	9.778509	-10.085419	0	0	857.000000	9.984145	-10.157719
444	14652	0	0	0	4	0	9.758222	-10.198193	0	0	858.000000	9.984145	-10.157719
445	14685	0	0	0	4	0	9.735033	-10.310885	0	0	857.000000	9.984145	-10.157719
446	14718	0	0	0	4	0	9.587128	-10.247324	0	0	877.000000	9.984145	-10.157719
447	14751	0	0	0	4	0	9.563915	-10.068063	0	0	886.000000	9.984145	-10.157719
448	14784	0	0	0	4	0	9.682846	-10.082527	0	0	884.000000	9.984145	-10.157719
449	14817	0	0	0	4	0	9.639344	-10.151937	0	0	891.000000	9.984145	-10.157719
450	14850	0	0	0	4	0	9.769815	-10.281998	0	0	888.000000	9.984145	-10.157719
451	14883	0	0	0	4	0	9.677046	-10.261773	0	0	891.000000	9.984145	-10.157719
452	14916	0	0	0	4	0	9.706042	-10.050704	0	0	906.000000	9.984145	-10.157719
453	14949	0	0	0	4	0	9.819078	-10.099881	0	0	904.000000	9.984145	-10.157719
454	14982	0	0	0	4	0	9.882808	-10.125913	0	0	904.000000	9.984145	-10.157719
455	15015	0	0	0	4	0	9.877015	-10.307998	0	0	900.000000	9.984145	-10.157719
456	15048	0	0	0	4	0	9.798795	-10.284887	0	0	904.000000	9.984145	-10.157719
457	15081	0	0	0	4	0	9.697344	-10.091205	0	0	908.000000	9.984145	-10.157719
458	15114	0	0	0	4	0	9.819078	-10.099881	0	0	915.000000	9.984145	-10.157719
459	15147	0	0	0	4	0	9.859636	-10.120129	0	0	917.000000	0.000000	0.000000
460	15180	0	0	0	4	0	9.853842	-10.305108	0	0	921.000000	0.000000	0.000000
461	15213	0	0	0	4	0	9.871222	-10.284887	0	0	926.000000	0.000000	0.000000
462	15246	0	0	0	4	0	9.801692	-10.059382	0	0	945.000000	0.000000	0.000000
463	15279	0	0	0	4	0	9.952302	-10.013087	0	0	946.000000	0.000000	0.000000
464	15312	0	0	0	4	0	8.530766	-9.276398	0	0	962.000000	0.000000	0.000000
465	15345	0	0	0	4	0	0.584874	-2.439563	0	0	960.000000	0.000000	0.000000
466	15378	0	0	0	4	0	0.250667	-1.423150	0	0	964.000000	0.000000	0.000000
467	15411	0	0	0	4	0	0.131302	-1.309816	0	0	960.000000	0.000000	0.000000
468	15444	0	0	0	4	0	0.128318	-1.363502	0	0	967.000000	0.000000	0.000000
469	15477	0	0	0	4	0	0.062667	-1.321746	0	0	975.000000	0.000000	0.000000
470	15510	0	0	0	4	0	-0.020889	-1.470865	0	0	996.000000	0.000000	0.000000
471	15543	0	0	0	4	0	-0.086541	-1.578219	0	0	1004.000000	0.000000	0.000000
472	15576	0	0	0	4	0	-0.023873	-1.444025	0	0	988.000000	0.000000	0.000000
473	15609	0	0	0	4	0	-0.044762	-1.396308	0	0	981.000000	0.000000	0.000000
474	15642	0	0	0	4	0	0.447614	-0.626648	0	0	975.000000	0.000000	0.000000
475	15675	0	0	0	4	0	0.310349	-0.543100	0	0	981.000000	0.000000	0.000000
476	15708	0	0	0	4	0	0.352126	-0.590841	0	0	968.000000	0.000000	0.000000
477	15741	0	0	0	4	0	0.361078	-0.581890	0	0	951.000000	0.000000	0.000000
478	15774	0	0	0	4	0	0.301397	-0.441646	0	0	939.000000	0.000000	0.000000
479	15807	0	0	0	4	0	0.328253	-0.465518	0	0	931.000000	0.000000	0.000000
480	15840	0	0	0	4	0	0.349142	-0.516244	0	0	929.000000	0.000000	0.000000
481	15873	0	0	0	4	0	0.304381	-0.590841	0	0	923.000000	0.000000	0.000000
482	15906	0	0	0	4	0	0.265588	-0.563987	0	0	909.000000	0.000000	0.000000
483	15939	0	0	0	4	0	0.307365	-0.465518	0	0	892.000000	0.000000	0.000000
484	15972	0	0	0	4	0	0.274541	-0.549068	0	0	888.000000	0.000000	0.000000
485	16005	0	0	0	4	0	0.334222	-0.543100	0	0	886.000000	0.000000	0.000000
486	16038	0	0	0	4	0	0.247683	-0.662453	0	0	881.000000	0.000000	0.000000
487	16071	0	0	0	4	0	0.214859	-0.686323	0	0	870.000000	0.000000	0.000000
488	16104	0	0	0	4	0	0.340189	-0.444630	0	0	849.000000	0.000000	0.000000
489	16137	0	0	0	4	0	0.334222	-0.456566	0	0	850.000000	0.282837	0.287754
490	16170	0	0	0	4	0	0.232762	-0.644551	0	0	864.000000	1.216199	1.237342
491	16203	0	0	0	4	0	0.211874	-0.659469	0	0	867.000000	2.149561	2.186931
492	16236	0	0	0	4	0	0.208890	-0.659469	0	0	862.000000	3.082923	3.136519
493	16269	0	0	0	4	0	0.232762	-0.471486	0	0	848.000000	4.016285	4.086108
494	16302	0	0	0	4	0	0.367046	-0.399870	0	0	844.000000	4.949647	5.035696
495	16335	0	0	0	4	0	0.301397	-0.555036	0	0	865.000000	5.883009	5.985285
496	16368	0	0	0	4	0	2.814776	1.447008	0	0	855.000000	6.816371	6.934873
497	16401	0	0	0	4	0	7.641551	8.507416	0	0	822.000000	7.749733	7.884461
498	16434	0	0	0	4	0	7.424519	9.032074	0	0	825.000000	8.683095	8.834050
499	16467	0	0	0	4	0	7.706031	9.192086	0	0	824.000000	9.616457	9.783638
500	16500	0	0	0	4	0	8.036916	9.189178	0	0	832.000000	9.984145	10.157719
501	16533	0	0	0	4	0	8.294223	9.192086	0	0	854.000000	9.984145	10.157719
502	16566	0	0	0	4	0	12.119618	12.481404	0	0	855.000000	9.984145	10.157719
503	16599	0	0	0	4	0	11.819760	12.208019	0	0	874.000000	9.984145	10.157719
504	16632	0	0	0	4	0	11.736825	12.282117	0	0	875.000000	9.984145	10.157719
505	16665	0	0	0	4	0	11.859779	12.472869	0	0	870.000000	9.984145	10.157719
506	16698	0	0	0	4	0	11.951208	12.393187	0	0	875.000000	9.984145	10.157719
507	16731	0	0	0	4	0	11.939783	12.216571	0	0	880.000000	9.984145	10.157719
508	16764	0	0	0	4	0	11.719661	12.122471	0	0	879.000000	9.984145	10.157719
509	16797	0	0	0	4	0	11.828337	12.273570	0	0	875.000000	9.984145	10.157719
510	16830	0	0	0	4	0	12.011174	12.489938	0	0	865.000000	9.984145	10.157719
511	16863	0	0	0	4	0	12.002609	12.421649	0	0	859.000000	9.984145	10.157719
512	16896	0	0	0	4	0	12.005465	12.304909	0	0	861.000000	9.984145	10.157719
513	16929	0	0	0	4	0	11.796885	12.119617	0	0	871.000000	9.984145	10.157719
514	16962	0	0	0	4	0	11.802605	12.230824	0	0	869.000000	9.984145	10.157719
515	16995	0	0	0	4	0	11.902643	12.413112	0	0	864.000000	9.984145	10.157719
516	17028	0	0	0	4	0	11.936926	12.492783	0	0	867.000000	9.984145	10.157719
517	17061	0	0	0	4	0	11.453329	12.600828	0	0	882.000000	9.984145	10.157719
518	17094	0	0	0	4	0	11.281236	12.438725	0	0	892.000000	9.984145	10.157719
519	17127	0	0	0	4	0	11.157775	12.475714	0	0	897.000000	9.984145	10.157719
520	17160	0	0	0	4	0	11.284106	12.711623	0	0	898.000000	9.984145	10.157719
521	17193	0	0	0	4	0	11.375913	12.728662	0	0	901.000000	9.984145	10.157719
522	17226	0	0	0	4	0	11.424662	12.640613	0	0	918.000000	9.984145	10.157719
523	17259	0	0	0	4	0	11.249662	12.535443	0	0	930.000000	9.984145	10.157719
524	17292	0	0	0	4	0	11.120429	12.524068	0	0	938.000000	9.984145	10.157719
525	17325	0	0	0	4	0	11.281236	12.793947	0	0	941.000000	9.984145	10.157719
526	17358	0	0	0	4	0	11.330016	12.796785	0	0	952.000000	9.984145	10.157719
527	17391	0	0	0	4	0	11.398856	12.612196	0	0	970.000000	9.984145	10.157719
528	17424	0	0	0	4	0	11.275496	12.512692	0	0	992.000000	9.984145	10.157719
529	17457	0	0	0	4	0	11.143412	12.472869	0	0	1003.000000	9.984145	10.157719
530	17490	0	0	0	4	0	11.235310	12.674703	0	0	1003.000000	9.678352	9.846609
531	17523	0	0	0	4	0	11.324279	12.768404	0	0	1012.000000	8.669235	8.819948
532	17556	0	0	0	4	0	11.355835	12.674703	0	0	1026.000000	7.660118	7.793288
533	17589	0	0	0	4	0	11.286976	12.586617	0	0	1028.000000	6.651000	6.766627
534	17622	0	0	0	4	0	11.154902	12.509849	0	0	1028.000000	5.641883	5.739966
535	17655	0	0	0	4	0	11.327147	12.686064	0	0	1014.000000	4.632766	4.713306
536	17688	0	0	0	4	0	6.035413	7.083878	0	0	1040.000000	3.623648	3.686645
537	17721	0	0	0	4	0	2.966581	3.466337	0	0	1073.000000	2.614531	2.659985
538	17754	0	0	0	4	0	2.433606	3.180822	0	0	1084.000000	1.605414	1.633324
539	17787	0	0	0	4	0	2.073083	2.996341	0	0	1080.000000	0.596297	0.606663
540	17820	0	0	0	4	0	1.581201	2.728438	0	0	1086.000000	-0.412821	-0.419998
541	17853	0	0	0	4	0	1.065221	2.525942	0	0	1103.000000	-1.421938	-1.446658
542	17886	0	0	0	4	0	0.596809	2.067122	0	0	1123.000000	-2.431055	-2.473319
543	17919	0	0	0	4	0	-0.754947	-1.336659	0	0	1160.000000	-3.440172	-3.499980
544	17952	0	0	0	4	0	-0.969758	-1.393326	0	0	1163.000000	-4.449290	-4.526640
545	17985	0	0	0	4	0	-1.208404	-1.524544	0	0	1151.000000	-5.458407	-5.553301
546	18018	0	0	0	4	0	-1.452972	-1.640837	0	0	1167.000000	-6.467525	-6.579962
547	18051	0	0	0	4	0	-1.572255	-1.673635	0	0	1171.000000	-7.476642	-7.606622
548	18084	0	0	0	4	0	-2.347217	-2.665909	0	0	1170.000000	-8.485759	-8.633283
549	18117	0	0	0	4	0	-5.201962	-6.138683	0	0	1162.000000	-9.494876	-9.659944
550	18150	0	0	0	4	0	-5.654449	-6.533689	0	0	1145.000000	-9.984145	-10.157719
551	18183	0	0	0	4	0	-5.958672	-6.857482	0	0	1142.000000	-9.984145	-10.157719
552	18216	0	0	0	4	0	-8.629969	-8.860267	0	0	1153.000000	-9.984145	-10.157719
553	18249	0	0	0	4	0	-10.163502	-10.065169	0	0	1147.000000	-9.984145	-10.157719
554	18282	0	0	0	4	0	-10.290665	-10.010193	0	0	1159.000000	-9.984145	-10.157719
555	18315	0	0	0	4	0	-10.400407	-9.955198	0	0	1151.000000	-9.984145	-10.157719
556	18348	0	0	0	4	0	-10.374421	-9.992828	0	0	1154.000000	-9.984145	-10.157719
557	18381	0	0	0	4	0	-10.336882	-10.033344	0	0	1170.000000	-9.984145	-10.157719
558	18414	0	0	0	4	0	-9.923350	-9.784305	0	0	1165.000000	-9.984145	-10.157719
559	18447	0	0	0	4	0	-9.810385	-9.737932	0	0	1181.000000	-9.984145	-10.157719
560	18480	0	0	0	4	0	-9.821976	-9.711840	0	0	1197.000000	-9.984145	-10.157719
561	18513	0	0	0	4	0	-9.790101	-9.732134	0	0	1205.000000	-9.984145	-10.157719
562	18546	0	0	0	4	0	-9.798795	-9.848048	0	0	1224.000000	-9.984145	-10.157719
563	18579	0	0	0	4	0	-9.801693	-9.914662	0	0	1231.000000	-9.984145	-10.157719
564	18612	0	0	0	4	0	-9.764019	-9.807489	0	0	1235.000000	-9.984145	-10.157719
565	18645	0	0	0	4	0	-9.801693	-9.729235	0	0	1235.000000	-9.984145	-10.157719
566	18678	0	0	0	4	0	-9.787204	-9.729235	0	0	1245.000000	-9.984145	-10.157719
567	18711	0	0	0	4	0	-9.839358	-9.868325	0	0	1257.000000	-9.984145	-10.157719
568	18744	0	0	0	4	0	-9.798795	-9.995723	0	0	1256.000000	-9.984145	-10.157719
569	18777	0	0	0	4	0	-9.819077	-9.932036	0	0	1266.000000	-9.984145	-10.157719
570	18810	0	0	0	4	0	-9.819077	-9.903081	0	0	1277.000000	-9.984145	-10.157719
571	18843	0	0	0	4	0	-9.801693	-9.917560	0	0	1284.000000	-9.984145	-10.157719
572	18876	0	0	0	4	0	-9.827769	-9.963881	0	0	1296.000000	-9.984145	-10.157719
573	18909	0	0	0	4	0	-9.848048	-10.062278	0	0	1303.000000	-9.984145	-10.157719
574	18942	0	0	0	4	0	-9.804589	-10.007298	0	0	1317.000000	-9.984145	-10.157719
575	18975	0	0	0	4	0	-9.804589	-9.937828	0	0	1326.000000	-9.984145	-10.157719
576	19008	0	0	0	4	0	-9.856738	-9.937828	0	0	1335.000000	-9.984145	-10.157719
577	19041	0	0	0	4	0	-9.827769	-9.952303	0	0	1343.000000	-9.984145	-10.157719
578	19074	0	0	0	4	0	-9.897288	-10.070955	0	0	1355.000000	-9.984145	-10.157719
579	19107	0	0	0	4	0	-9.874119	-10.042024	0	0	1366.000000	-9.984145	-10.157719
580	19140	0	0	0	4	0	-9.839358	-9.891496	0	0	1377.000000	-9.753868	-9.923438
581	19173	0	0	0	4	0	-9.842255	-9.920454	0	0	1397.000000	-8.668278	-8.818974
582	19206	0	0	0	4	0	-9.821976	-9.937828	0	0	1411.000000	-7.582687	-7.714511
583	19239	0	0	0	4	0	-9.868325	-9.984144	0	0	1422.000000	-6.497096	-6.610047
584	19272	0	0	0	4	0	-9.813282	-9.963881	0	0	1440.000000	-5.411505	-5.505584
585	19305	0	0	0	4	0	-9.723436	-9.868325	0	0	1456.000000	-4.325915	-4.401120
586	19338	0	0	0	4	0	-9.688644	-9.833564	0	0	1471.000000	-3.240324	-3.296657
587	19371	0	0	0	4	0	-4.209023	-4.885126	0	0	1475.000000	-2.154733	-2.192193
588	19404	0	0	0	4	0	-3.490122	-3.897253	0	0	1499.000000	-1.069142	-1.087729
589	19437	0	0	0	4	0	-3.052883	-3.305755	0	0	1500.000000	0.016448	0.016734
590	19470	0	0	0	4	0	-2.442543	-2.990389	0	0	1501.000000	1.102039	1.121198
591	19503	0	0	0	4	0	-1.590146	-2.752256	0	0	1510.000000	2.187630	2.225662
592	19536	0	0	0	4	0	-0.525196	-1.402273	0	0	1521.000000	3.273221	3.330125
593	19569	0	0	0	4	0	2.603374	3.436604	0	0	1493.000000	4.358811	4.434589
594	19602	0	0	0	4	0	3.314678	4.214960	0	0	1494.000000	5.444402	5.539052
595	19635	0	0	0	4	0	3.840813	4.303990	0	0	1480.000000	6.529993	6.643516
596	19668	0	0	0	4	0	4.217928	4.464193	0	0	1454.000000	7.615583	7.747980
597	19701	0	0	0	4	0	4.799203	4.698437	0	0	1425.000000	8.701175	8.852444
598	19734	0	0	0	4	0	10.241546	11.264015	0	0	1326.000000	9.786765	9.956907
599	19767	0	0	0	4	0	11.456196	12.165253	0	0	1316.000000	9.984145	10.157719
600	19800	0	0	0	4	0	11.542163	12.088235	0	0	1288.000000	9.984145	10.157719
601	19833	0	0	0	4	0	11.628077	12.162400	0	0	1253.000000	9.984145	10.157719
602	19866	0	0	0	4	0	11.876927	12.273570	0	0	1228.000000	9.984145	10.157719
603	19899	0	0	0	4	0	12.051137	12.176658	0	0	1211.000000	9.984145	10.157719
604	19932	0	0	0	4	0	12.028303	12.113913	0	0	1195.000000	9.984145	10.157719
605	19965	0	0	0	4	0	11.968344	12.421649	0	0	1181.000000	9.984145	10.157719
606	19998	0	0	0	4	0	11.836911	12.333391	0	0	1165.000000	9.984145	10.157719
607	20031	0	0	0	4	0	11.936926	12.495627	0	0	1143.000000	9.984145	10.157719
608	20064	0	0	0	4	0	12.022593	12.455797	0	0	1138.000000	9.984145	10.157719
609	20097	0	0	0	4	0	12.045429	12.401726	0	0	1134.000000	9.984145	10.157719
610	20130	0	0	0	4	0	11.931213	12.296362	0	0	1134.000000	9.984145	10.157719
611	20163	0	0	0	4	0	11.774009	12.287815	0	0	1119.000000	9.984145	10.157719
612	20196	0	0	0	4	0	11.936926	12.461489	0	0	1106.000000	9.984145	10.157719
613	20229	0	0	0	4	0	12.056846	12.455797	0	0	1101.000000	9.984145	10.157719
614	20262	0	0	0	4	0	12.019739	12.356174	0	0	1099.000000	9.984145	10.157719
615	20295	0	0	0	4	0	11.931213	12.253622	0	0	1098.000000	9.984145	10.157719
616	20328	0	0	0	4	0	11.799746	12.210871	0	0	1095.000000	9.984145	10.157719
617	20361	0	0	0	4	0	11.891214	12.396032	0	0	1087.000000	9.984145	10.157719
618	20394	0	0	0	4	0	11.996900	12.478559	0	0	1077.000000	9.984145	10.157719
619	20427	0	0	0	4	0	12.039721	12.339087	0	0	1086.000000	9.984145	10.157719
620	20460	0	0	0	4	0	11.894073	12.250773	0	0	1093.000000	9.984145	10.157719
621	20493	0	0	0	4	0	11.771149	12.225122	0	0	1091.000000	9.984145	10.157719
622	20526	0	0	0	4	0	11.782589	12.418803	0	0	1091.000000	9.984145	10.157719
623	20559	0	0	0	4	0	11.828337	12.444416	0	0	1094.000000	9.984145	10.157719
624	20592	0	0	0	4	0	11.856920	12.339087	0	0	1105.000000	9.984145	10.157719
625	20625	0	0	0	4	0	11.794027	12.287815	0	0	1118.000000	9.984145	10.157719
626	20658	0	0	0	4	0	11.610898	12.273570	0	0	1119.000000	9.984145	10.157719
627	20691	0	0	0	4	0	11.616625	12.373258	0	0	1121.000000	9.984145	10.157719
628	20724	0	0	0	4	0	11.665290	12.410265	0	0	1121.000000	9.984145	10.157719
629	20757	0	0	0	4	0	11.693909	12.324847	0	0	1133.000000	-9.984145	-10.157719
630	20790	0	0	0	4	0	11.639527	12.247924	0	0	1147.000000	-9.984145	-10.157719
631	20823	0	0	0	4	0	11.430395	12.165253	0	0	1150.000000	-9.984145	-10.157719
632	20856	0	0	0	4	0	11.421795	12.293513	0	0	1147.000000	-9.984145	-10.157719
633	20889	0	0	0	4	0	11.513514	12.353326	0	0	1152.000000	-9.984145	-10.157719
634	20922	0	0	0	4	0	11.484858	12.267871	0	0	1157.000000	-9.984145	-10.157719
635	20955	0	0	0	4	0	2.079044	2.645066	0	0	1251.000000	-9.984145	-10.157719
636	20988	0	0	0	4	0	-7.447993	-6.560196	0	0	1244.000000	-9.984145	-10.157719
637	21021	0	0	0	4	0	-8.431511	-7.981318	0	0	1256.000000	-9.984145	-10.157719
638	21054	0	0	0	4	0	-8.580374	-7.843720	0	0	1265.000000	-9.984145	-10.157719
639	21087	0	0	0	4	0	-8.676634	-7.925704	0	0	1267.000000	-9.984145	-10.157719
640	21120	0	0	0	4	0	-8.729118	-8.001804	0	0	1263.000000	-9.984145	-10.157719
641	21153	0	0	0	4	0	-9.746627	-9.813282	0	0	1276.000000	-9.984145	-10.157719
642	21186	0	0	0	4	0	-9.682845	-9.505869	0	0	1270.000000	-9.984145	-10.157719
643	21219	0	0	0	4	0	-9.659645	-9.581324	0	0	1279.000000	-9.984145	-10.157719
644	21252	0	0	0	4	0	-9.706043	-9.648046	0	0	1288.000000	-9.984145	-10.157719
645	21285	0	0	0	4	0	-9.737932	-9.752425	0	0	1293.000000	-9.984145	-10.157719
646	21318	0	0	0	4	0	-9.665446	-9.671247	0	0	1289.000000	-9.984145	-10.157719
647	21351	0	0	0	4	0	-9.735034	-9.665446	0	0	1291.000000	-9.984145	-10.157719
648	21384	0	0	0	4	0	-9.752425	-9.711840	0	0	1294.000000	-9.984145	-10.157719
649	21417	0	0	0	4	0	-9.790101	-9.755322	0	0	1293.000000	-9.984145	-10.157719
650	21450	0	0	0	4	0	-9.792999	-9.905975	0	0	1288.000000	-9.984145	-10.157719
651	21483	0	0	0	4	0	-9.790101	-9.894393	0	0	1280.000000	-9.984145	-10.157719
652	21516	0	0	0	4	0	-9.790101	-9.810385	0	0	1266.000000	-9.984145	-10.157719
653	21549	0	0	0	4	0	-9.856738	-9.879912	0	0	1267.000000	-9.984145	-10.157719
654	21582	0	0	0	4	0	-9.853842	-9.969672	0	0	1261.000000	-9.984145	-10.157719
655	21615	0	0	0	4	0	-9.865431	-10.033344	0	0	1259.000000	-9.984145	-10.157719
656	21648	0	0	0	4	0	-9.865431	-10.018875	0	0	1257.000000	-9.984145	-10.157719
657	21681	0	0	0	4	0	-9.845153	-9.955198	0	0	1259.000000	-9.984145	-10.157719
658	21714	0	0	0	4	0	-9.874119	-9.955198	0	0	1260.000000	-9.984145	-10.157719
659	21747	0	0	0	4	0	-9.903081	-9.972566	0	0	1256.000000	9.984145	10.157719
660	21780	0	0	0	4	0	-9.905975	-10.120129	0	0	1254.000000	9.984145	10.157719
661	21813	0	0	0	4	0	-9.871222	-10.123019	0	0	1261.000000	9.984145	10.157719
662	21846	0	0	0	4	0	-9.894393	-9.903081	0	0	1256.000000	9.984145	10.157719
663	21879	0	0	0	4	0	-9.897288	-9.926246	0	0	1262.000000	9.984145	10.157719
664	21912	0	0	0	4	0	-9.874119	-9.978354	0	0	1269.000000	9.984145	10.157719
665	21945	0	0	0	4	0	-7.248390	-7.623961	0	0	1290.000000	9.984145	10.157719
666	21978	0	0	0	4	0	4.256510	5.973430	0	0	1225.000000	9.984145	10.157719
667	22011	0	0	0	4	0	8.434431	10.149045	0	0	1209.000000	9.984145	10.157719
668	22044	0	0	0	4	0	8.434431	10.414840	0	0	1207.000000	9.984145	10.157719
669	22077	0	0	0	4	0	8.574537	10.371533	0	0	1222.000000	9.984145	10.157719
670	22110	0	0	0	4	0	8.740781	10.362871	0	0	1243.000000	9.984145	10.157719
671	22143	0	0	0	4	0	8.784504	10.359984	0	0	1260.000000	9.984145	10.157719
672	22176	0	0	0	4	0	10.953692	12.022593	0	0	1260.000000	9.984145	10.157719
673	22209	0	0	0	4	0	11.281236	12.139585	0	0	1252.000000	9.984145	10.157719
674	22242	0	0	0	4	0	11.341493	12.105353	0	0	1256.000000	9.984145	10.157719
675	22275	0	0	0	4	0	11.335754	12.002609	0	0	1263.000000	9.984145	10.157719
676	22308	0	0	0	4	0	11.281236	11.902643	0	0	1266.000000	9.984145	10.157719
677	22341	0	0	0	4	0	11.077326	11.794027	0	0	1263.000000	9.984145	10.157719
678	22374	0	0	0	4	0	11.077326	11.859779	0	0	1255.000000	9.984145	10.157719
679	22407	0	0	0	4	0	11.192239	11.942639	0	0	1247.000000	9.984145	10.157719
680	22440	0	0	0	4	0	11.223825	11.885500	0	0	1252.000000	9.984145	10.157719
681	22473	0	0	0	4	0	11.200854	11.851205	0	0	1243.000000	9.984145	10.157719
682	22506	0	0	0	4	0	11.065828	11.848346	0	0	1239.000000	9.984145	10.157719
683	22539	0	0	0	4	0	11.060081	11.951208	0	0	1222.000000	9.984145	10.157719
684	22572	0	0	0	4	0	11.166392	12.042576	0	0	1210.000000	9.984145	10.157719
685	22605	0	0	0	4	0	11.226697	12.025449	0	0	1205.000000	9.984145	10.157719
686	22638	0	0	0	4	0	11.195112	11.965488	0	0	1200.000000	9.984145	10.157719
687	22671	0	0	0	4	0	11.143412	11.908359	0	0	1189.000000	9.984145	10.157719
688	22704	0	0	0	4	0	11.111810	11.979767	0	0	1175.000000	9.984145	10.157719
689	22737	0	0	0	4	0	11.232438	12.176658	0	0	1157.000000	9.984145	10.157719
690	22770	0	0	0	4	0	11.261146	12.119617	0	0	1159.000000	8.486524	10.157719
691	22803	0	0	0	4	0	11.264015	12.093942	0	0	1156.000000	6.839139	10.157719
692	22836	0	0	0	4	0	11.117557	12.016884	0	0	1158.000000	5.191755	10.157719
693	22869	0	0	0	4	0	11.103189	12.088235	0	0	1149.000000	3.544372	10.157719
694	22902	0	0	0	4	0	11.166392	12.267871	0	0	1138.000000	1.896988	10.157719
695	22935	0	0	0	4	0	11.255404	12.279269	0	0	1134.000000	0.249604	10.157719
696	22968	0	0	0	4	0	4.630255	11.088820	0	0	1143.000000	-1.397780	10.157719
697	23001	0	0	0	4	0	3.154046	10.680182	0	0	1138.000000	-3.045164	10.157719
698	23034	0	0	0	4	0	2.400839	10.622539	0	0	1126.000000	-4.692548	10.157719
699	23067	0	0	0	4	0	-2.841568	11.065828	0	0	1121.000000	-6.339932	10.157719
700	23100	0	0	0	4	0	-3.290884	11.407457	0	0	1110.000000	-7.987316	10.157719
701	23133	0	0	0	4	0	-3.814075	11.341493	0	0	1133.000000	-9.634700	10.157719
702	23166	0	0	0	4	0	-4.446396	11.298454	0	0	1148.000000	-9.984145	10.157719
703	23199	0	0	0	4	0	-5.589429	10.945063	0	0	1151.000000	-9.984145	10.157719
704	23232	0	0	0	4	0	-9.241516	11.499187	0	0	1124.000000	-9.984145	10.157719
705	23265	0	0	0	4	0	-9.900184	11.796885	0	0	1114.000000	-9.984145	10.157719
706	23298	0	0	0	4	0	-10.224206	11.484858	0	0	1129.000000	-9.984145	10.157719
707	23331	0	0	0	4	0	-10.331105	11.312802	0	0	1126.000000	-9.984145	10.157719
708	23364	0	0	0	4	0	-10.383083	11.309933	0	0	1120.000000	-9.984145	10.157719
709	23397	0	0	0	4	0	-10.397518	11.355835	0	0	1101.000000	-9.984145	10.157719
710	23430	0	0	0	4	0	-10.437931	11.613762	0	0	1075.000000	-9.984145	10.157719
711	23463	0	0	0	4	0	-10.406178	11.504916	0	0	1067.000000	-9.984145	10.157719
712	23496	0	0	0	4	0	-10.333993	11.315671	0	0	1065.000000	-9.984145	10.157719
713	23529	0	0	0	4	0	-10.247324	11.172136	0	0	1063.000000	-9.984145	10.157719
714	23562	0	0	0	4	0	-10.307998	11.152030	0	0	1058.000000	-9.984145	10.157719
715	23595	0	0	0	4	0	-10.333993	11.502051	0	0	1035.000000	-9.984145	10.157719
716	23628	0	0	0	4	0	-10.331105	11.519243	0	0	1035.000000	-9.984145	10.157719
717	23661	0	0	0	4	0	-10.255995	11.284106	0	0	1043.000000	-9.984145	10.157719
718	23694	0	0	0	4	0	-10.221315	11.108935	0	0	1053.000000	-9.984145	10.157719
719	23727	0	0	0	4	0	-10.163502	11.120429	0	0	1043.000000	-9.984145	10.157719
720	23760	0	0	0	4	0	-10.203973	11.507782	0	0	1025.000000	-9.984145	10.157719
721	23793	0	0	0	4	0	-10.261773	11.519243	0	0	1030.000000	-9.984145	10.157719
722	23826	0	0	0	4	0	-10.195301	11.249662	0	0	1046.000000	-9.984145	10.157719
723	23859	0	0	0	4	0	-10.227097	11.126175	0	0	1041.000000	-9.984145	10.157719
724	23892	0	0	0	4	0	-10.215536	11.172136	0	0	1044.000000	-9.984145	10.157719
725	23925	0	0	0	4	0	-10.253104	11.484858	0	0	1041.000000	-9.984145	10.157719
726	23958	0	0	0	4	0	-10.287776	11.570807	0	0	1041.000000	-9.984145	10.157719
727	23991	0	0	0	4	0	-10.319551	11.381649	0	0	1058.000000	-9.984145	10.157719
728	24024	0	0	0	4	0	-10.218425	11.246792	0	0	1074.000000	-9.984145	10.157719
729	24057	0	0	0	4	0	-10.209755	11.235310	0	0	1084.000000	-9.984145	10.157719
730	24090	0	0	0	4	0	-10.322440	11.427528	0	0	1093.000000	-9.984145	10.157719
731	24123	0	0	0	4	0	-10.302220	11.499187	0	0	1104.000000	-9.984145	10.157719
732	24156	0	0	0	4	0	-10.293554	11.387385	0	0	1120.000000	-9.419670	9.583430
733	24189	0	0	0	4	0	-10.284887	11.189368	0	0	1147.000000	-8.255442	8.398962
734	24222	0	0	0	4	0	-10.227097	11.200854	0	0	1159.000000	-7.091213	7.214493
735	24255	0	0	0	4	0	-10.270442	11.436130	0	0	1156.000000	-5.926984	6.030024
736	24288	0	0	0	4	0	-10.287776	11.464794	0	0	1172.000000	-4.762755	4.845555
737	24321	0	0	0	4	0	-10.201083	11.436130	0	0	1200.000000	-3.598526	3.661086
738	24354	0	0	0	4	0	-4.873277	6.566087	0	0	1272.000000	-2.434297	2.476617
739	24387	0	0	0	4	0	-2.064142	2.189304	0	0	1304.000000	-1.270068	1.292148
740	24420	0	0	0	4	0	-1.733265	1.521561	0	0	1324.000000	-0.105839	0.107679
741	24453	0	0	0	4	0	-1.256127	1.092069	0	0	1350.000000	1.058390	-1.076790
742	24486	0	0	0	4	0	-0.626648	0.489389	0	0	1381.000000	2.222619	-2.261259
743	24519	0	0	0	4	0	0.104445	0.083556	0	0	1391.000000	3.386848	-3.445728
744	24552	0	0	0	4	0	0.611729	-0.635599	0	0	1398.000000	4.551077	-4.630197
745	24585	0	0	0	4	0	4.030899	-5.474128	0	0	1441.000000	5.715306	-5.814666
746	24618	0	0	0	4	0	4.603572	-6.153433	0	0	1451.000000	6.879535	-6.999135
747	24651	0	0	0	4	0	4.985837	-6.421733	0	0	1452.000000	8.043763	-8.183603
748	24684	0	0	0	4	0	5.317367	-6.595536	0	0	1436.000000	9.207993	-9.368073
749	24717	0	0	0	4	0	6.218323	-6.933952	0	0	1420.000000	9.984145	-10.157719
750	24750	0	0	0	4	0	9.624842	-9.630642	0	0	1416.000000	9.984145	-10.157719
751	24783	0	0	0	4	0	9.824872	-9.833564	0	0	1412.000000	9.984145	-10.157719
752	24816	0	0	0	4	0	10.010192	-9.946512	0	0	1395.000000	9.984145	-10.157719
753	24849	0	0	0	4	0	10.099881	-10.076741	0	0	1386.000000	9.984145	-10.157719
754	24882	0	0	0	4	0	10.042024	-9.946512	0	0	1388.000000	9.984145	-10.157719
755	24915	0	0	0	4	0	10.079634	-9.975461	0	0	1383.000000	9.984145	-10.157719
756	24948	0	0	0	4	0	10.073848	-10.001510	0	0	1379.000000	9.984145	-10.157719
757	24981	0	0	0	4	0	10.085419	-10.047811	0	0	1377.000000	9.984145	-10.157719
758	25014	0	0	0	4	0	10.036237	-10.123019	0	0	1370.000000	9.984145	-10.157719
759	25047	0	0	0	4	0	10.039130	-10.033344	0	0	1381.000000	9.984145	-10.157719
760	25080	0	0	0	4	0	10.027556	-9.960988	0	0	1375.000000	9.984145	-10.157719
761	25113	0	0	0	4	0	10.068062	-10.007298	0	0	1378.000000	9.984145	-10.157719
762	25146	0	0	0	4	0	10.042024	-10.099881	0	0	1374.000000	9.984145	-10.157719
763	25179	0	0	0	4	0	10.094097	-10.175065	0	0	1373.000000	9.984145	-10.157719
764	25212	0	0	0	4	0	9.995723	-10.079633	0	0	1372.000000	9.984145	-10.157719
765	25245	0	0	0	4	0	9.987040	-10.018875	0	0	1371.000000	9.984145	-10.157719
766	25278	0	0	0	4	0	10.033343	-10.042024	0	0	1370.000000	9.984145	-10.157719
767	25311	0	0	0	4	0	10.018874	-10.036237	0	0	1366.000000	9.984145	-10.157719
768	25344	0	0	0	4	0	10.056491	-10.177958	0	0	1355.000000	9.984145	-10.157719
769	25377	0	0	0	4	0	9.972567	-10.099881	0	0	1360.000000	9.984145	-10.157719
770	25410	0	0	0	4	0	9.955198	-10.013087	0	0	1363.000000	9.984145	-10.157719
771	25443	0	0	0	4	0	9.975461	-10.021769	0	0	1353.000000	9.984145	-10.157719
772	25476	0	0	0	4	0	10.007298	-10.073847	0	0	1350.000000	9.984145	-10.157719
773	25509	0	0	0	4	0	10.024663	-10.154828	0	0	1351.000000	9.984145	-10.157719
774	25542	0	0	0	4	0	9.937827	-10.143261	0	0	1353.000000	9.984145	-10.157719
775	25575	0	0	0	4	0	9.929142	-10.091205	0	0	1354.000000	9.984145	-10.157719
776	25608	0	0	0	4	0	9.958093	-10.073847	0	0	1356.000000	9.984145	-10.157719
777	25641	0	0	0	4	0	9.923349	-10.091205	0	0	1351.000000	9.984145	-10.157719
778	25674	0	0	0	4	0	9.984144	-10.177958	0	0	1351.000000	9.984145	-10.157719
779	25707	0	0	0	4	0	9.937827	-10.186629	0	0	1344.000000	9.946540	-10.119460
780	25740	0	0	0	4	0	9.850945	-10.047811	0	0	1350.000000	8.705573	-8.856918
781	25773	0	0	0	4	0	9.926246	-10.039131	0	0	1341.000000	7.464606	-7.594377
782	25806	0	0	0	4	0	9.926246	-10.007298	0	0	1349.000000	6.223639	-6.331836
783	25839	0	0	0	4	0	9.955198	-10.085419	0	0	1338.000000	4.982671	-5.069294
784	25872	0	0	0	4	0	9.853842	-10.114343	0	0	1328.000000	3.741704	-3.806753
785	25905	0	0	0	4	0	9.735033	-9.946512	0	0	1329.000000	2.500737	-2.544212
786	25938	0	0	0	4	0	5.556912	-5.973432	0	0	1325.000000	1.259770	-1.281671
787	25971	0	0	0	4	0	2.487222	-1.536471	0	0	1300.000000	0.018803	-0.019129
788	26004	0	0	0	4	0	1.971748	-0.910091	0	0	1301.000000	-1.222165	1.243412
789	26037	0	0	0	4	0	1.375432	-0.378983	0	0	1300.000000	-2.463132	2.505953
790	26070	0	0	0	4	0	0.743013	0.038794	0	0	1290.000000	-3.704099	3.768495
791	26103	0	0	0	4	0	-2.400839	2.642087	0	0	1273.000000	-4.945066	5.031036
792	26136	0	0	0	4	0	-3.840813	6.032461	0	0	1251.000000	-6.186033	6.293577
793	26169	0	0	0	4	0	-4.579851	6.707413	0	0	1248.000000	-7.427001	7.556118
794	26202	0	0	0	4	0	-5.187164	7.415716	0	0	1239.000000	-8.667968	8.818660
795	26235	0	0	0	4	0	-5.672181	8.086649	0	0	1214.000000	-9.908935	10.081201
796	26268	0	0	0	4	0	-6.845715	9.421668	0	0	1186.000000	-9.984145	10.157719
797	26301	0	0	0	4	0	-9.212442	11.473392	0	0	1132.000000	-9.984145	10.157719
798	26334	0	0	0	4	0	-9.650946	10.890397	0	0	1130.000000	-9.984145	10.157719
799	26367	0	0	0	4	0	-9.737932	10.654244	0	0	1133.000000	-9.984145	10.157719
800	26400	0	0	0	4	0	-9.755322	10.579290	0	0	1124.000000	-9.984145	10.157719
801	26433	0	0	0	4	0	-9.798795	10.688827	0	0	1102.000000	-9.984145	10.157719
802	26466	0	0	0	4	0	-9.781408	11.034209	0	0	1081.000000	-9.984145	10.157719
803	26499	0	0	0	4	0	-9.839358	10.985329	0	0	1079.000000	-9.984145	10.157719
804	26532	0	0	0	4	0	-10.287776	11.272626	0	0	1078.000000	-9.984145	10.157719
805	26565	0	0	0	4	0	-10.169284	10.942185	0	0	1085.000000	-9.984145	10.157719
806	26598	0	0	0	4	0	-10.157718	11.002583	0	0	1077.000000	-9.984145	10.157719
807	26631	0	0	0	4	0	-10.195301	11.275496	0	0	1070.000000	-9.984145	10.157719
808	26664	0	0	0	4	0	-10.247324	11.373044	0	0	1070.000000	-9.984145	10.157719
809	26697	0	0	0	4	0	-10.215536	11.149158	0	0	1090.000000	-9.984145	10.157719
810	26730	0	0	0	4	0	-10.125913	11.028459	0	0	1099.000000	-9.984145	10.157719
811	26763	0	0	0	4	0	-10.137478	11.083073	0	0	1103.000000	-9.984145	10.157719
812	26796	0	0	0	4	0	-10.175065	11.424662	0	0	1092.000000	-9.984145	10.157719
813	26829	0	0	0	4	0	-10.177958	11.510648	0	0	1086.000000	-9.984145	10.157719
814	26862	0	0	0	4	0	-10.143261	11.261145	0	0	1101.000000	-9.984145	10.157719
815	26895	0	0	0	4	0	-10.123019	11.186497	0	0	1107.000000	-9.984145	10.157719
816	26928	0	0	0	4	0	-10.123019	11.192239	0	0	1112.000000	-9.984145	10.157719
817	26961	0	0	0	4	0	-10.079633	11.479126	0	0	1098.000000	-9.984145	10.157719
818	26994	0	0	0	4	0	-10.091205	11.556485	0	0	1097.000000	-9.984145	10.157719
819	27027	0	0	0	4	0	-10.088311	11.304193	0	0	1129.000000	-9.984145	10.157719
820	27060	0	0	0	4	0	-9.978354	11.186497	0	0	1139.000000	-9.984145	10.157719
821	27093	0	0	0	4	0	-9.978354	11.281236	0	0	1147.000000	-9.984145	10.157719
822	27126	0	0	0	4	0	-9.981251	11.467661	0	0	1142.000000	-9.984145	10.157719
823	27159	0	0	0	4	0	-10.004404	11.527839	0	0	1145.000000	-9.984145	10.157719
824	27192	0	0	0	4	0	-10.001510	11.220954	0	0	1164.000000	-9.984145	10.157719
825	27225	0	0	0	4	0	-10.024664	11.106063	0	0	1175.000000	-9.984145	10.157719
826	27258	0	0	0	4	0	-9.952303	11.085947	0	0	1178.000000	9.984145	-10.157719
827	27291	0	0	0	4	0	-9.992828	11.189368	0	0	1168.000000	9.984145	-10.157719
828	27324	0	0	0	4	0	-10.024664	11.324279	0	0	1164.000000	9.984145	-10.157719
829	27357	0	0	0	4	0	-9.949408	11.091696	0	0	1177.000000	9.984145	-10.157719
830	27390	0	0	0	4	0	-9.874119	11.060081	0	0	1187.000000	9.984145	-10.157719
831	27423	0	0	0	4	0	-5.681046	8.247464	0	0	1215.000000	9.984145	-10.157719
832	27456	0	0	0	4	0	6.474771	-5.456386	0	0	1310.000000	9.984145	-10.157719
833	27489	0	0	0	4	0	9.285118	-8.186077	0	0	1329.000000	9.984145	-10.157719
834	27522	0	0	0	4	0	9.322898	-8.238695	0	0	1341.000000	9.984145	-10.157719
835	27555	0	0	0	4	0	9.369386	-8.302989	0	0	1336.000000	9.984145	-10.157719
836	27588	0	0	0	4	0	9.296743	-8.206542	0	0	1346.000000	9.984145	-10.157719
837	27621	0	0	0	4	0	9.412955	-8.171459	0	0	1345.000000	9.984145	-10.157719
838	27654	0	0	0	4	0	9.375196	-8.186077	0	0	1349.000000	9.984145	-10.157719
839	27687	0	0	0	4	0	9.395529	-8.265000	0	0	1356.000000	9.984145	-10.157719
840	27720	0	0	0	4	0	9.398434	-8.340970	0	0	1354.000000	9.984145	-10.157719
841	27753	0	0	0	4	0	9.311275	-8.291300	0	0	1363.000000	9.984145	-10.157719
842	27786	0	0	0	4	0	10.221315	-9.958093	0	0	1365.000000	9.984145	-10.157719
843	27819	0	0	0	4	0	10.374421	-9.929141	0	0	1361.000000	9.984145	-10.157719
844	27852	0	0	0	4	0	10.348433	-10.015980	0	0	1359.000000	9.984145	-10.157719
845	27885	0	0	0	4	0	10.403293	-10.123019	0	0	1346.000000	9.984145	-10.157719
846	27918	0	0	0	4	0	10.305109	-10.004404	0	0	1349.000000	9.984145	-10.157719
847	27951	0	0	0	4	0	10.276220	-9.934932	0	0	1345.000000	9.984145	-10.157719
848	27984	0	0	0	4	0	10.299332	-9.960988	0	0	1342.000000	9.984145	-10.157719
849	28017	0	0	0	4	0	10.264663	-10.030449	0	0	1330.000000	9.984145	-10.157719
850	28050	0	0	0	4	0	10.267551	-10.096990	0	0	1319.000000	9.984145	-10.157719
851	28083	0	0	0	4	0	10.206864	-10.039131	0	0	1321.000000	9.984145	-10.157719
852	28116	0	0	0	4	0	10.198193	-10.018875	0	0	1316.000000	9.984145	-10.157719
853	28149	0	0	0	4	0	10.284887	-10.015980	0	0	1315.000000	9.984145	-10.157719
854	28182	0	0	0	4	0	10.328216	-10.053597	0	0	1317.000000	9.984145	-10.157719
855	28215	0	0	0	4	0	10.348433	-10.111451	0	0	1307.000000	9.984145	-10.157719
856	28248	0	0	0	4	0	10.267551	-10.076741	0	0	1316.000000	-9.984145	10.157719
857	28281	0	0	0	4	0	10.279109	-9.995723	0	0	1320.000000	-9.984145	10.157719
858	28314	0	0	0	4	0	10.281998	-10.027556	0	0	1326.000000	-9.984145	10.157719
859	28347	0	0	0	4	0	10.290666	-10.065169	0	0	1328.000000	-9.984145	10.157719
860	28380	0	0	0	4	0	10.261773	-10.157718	0	0	1329.000000	-9.984145	10.157719
861	28413	0	0	0	4	0	10.198193	-10.105666	0	0	1330.000000	-9.984145	10.157719
862	28446	0	0	0	4	0	5.754909	-5.210841	0	0	1352.000000	-9.984145	10.157719
863	28479	0	0	0	4	0	-5.999996	9.305462	0	0	1223.000000	-9.984145	10.157719
864	28512	0	0	0	4	0	-8.702879	11.739686	0	0	1199.000000	-9.984145	10.157719
865	28545	0	0	0	4	0	-8.772844	10.247325	0	0	1221.000000	-9.984145	10.157719
866	28578	0	0	0	4	0	-8.834045	9.946512	0	0	1230.000000	-9.984145	10.157719
867	28611	0	0	0	4	0	-8.895224	10.004404	0	0	1225.000000	-9.984145	10.157719
868	28644	0	0	0	4	0	-10.085419	10.605241	0	0	1214.000000	-9.984145	10.157719
869	28677	0	0	0	4	0	-10.073847	10.801164	0	0	1212.000000	-9.984145	10.157719
870	28710	0	0	0	4	0	-10.050704	10.654244	0	0	1200.000000	-9.984145	10.157719
871	28743	0	0	0	4	0	-10.018875	10.492760	0	0	1205.000000	-9.984145	10.157719
872	28776	0	0	0	4	0	-9.992828	10.553336	0	0	1184.000000	-9.984145	10.157719
873	28809	0	0	0	4	0	-10.010193	10.636951	0	0	1169.000000	-9.984145	10.157719
874	28842	0	0	0	4	0	-10.056491	10.864497	0	0	1154.000000	-9.984145	10.157719
875	28875	0	0	0	4	0	-9.995723	10.703234	0	0	1142.000000	-9.984145	10.157719
876	28908	0	0	0	4	0	-9.998616	10.602357	0	0	1140.000000	-9.984145	10.157719
877	28941	0	0	0	4	0	-9.920454	10.538916	0	0	1129.000000	-9.984145	10.157719
878	28974	0	0	0	4	0	-9.952303	10.677300	0	0	1108.000000	-9.984145	10.157719
879	29007	0	0	0	4	0	-10.021769	10.913416	0	0	1084.000000	-9.984145	10.157719
880	29040	0	0	0	4	0	-10.062278	10.904784	0	0	1078.000000	-9.984145	10.157719
881	29073	0	0	0	4	0	-10.013087	10.654244	0	0	1078.000000	-9.984145	10.157719
882	29106	0	0	0	4	0	-9.949408	10.533146	0	0	1077.000000	-9.984145	10.157719
883	29139	0	0	0	4	0	-10.033344	10.662891	0	0	1063.000000	-9.984145	10.157719
884	29172	0	0	0	4	0	-10.082527	10.939309	0	0	1048.000000	-9.984145	10.157719
885	29205	0	0	0	4	0	-10.082527	10.933556	0	0	1040.000000	-9.984145	10.157719
886	29238	0	0	0	4	0	-10.015980	10.657127	0	0	1051.000000	-9.984145	-10.157719
887	29271	0	0	0	4	0	-9.966779	10.553336	0	0	1049.000000	-9.984145	-10.157719
888	29304	0	0	0	4	0	-9.966779	10.619655	0	0	1046.000000	-9.984145	-10.157719
889	29337	0	0	0	4	0	-10.007298	10.904784	0	0	1038.000000	-9.984145	-10.157719
890	29370	0	0	0	4	0	-10.044917	10.962320	0	0	1036.000000	-9.984145	-10.157719
891	29403	0	0	0	4	0	-9.966779	10.625422	0	0	1051.000000	-9.984145	-10.157719
892	29436	0	0	0	4	0	-9.476839	7.415716	0	0	1079.000000	-9.984145	-10.157719
893	29469	0	0	0	4	0	-10.726282	-8.343891	0	0	1137.000000	-9.984145	-10.157719
894	29502	0	0	0	4	0	-10.907661	-8.892312	0	0	1146.000000	-9.984145	-10.157719
895	29535	0	0	0	4	0	-10.901907	-8.973853	0	0	1164.000000	-9.984145	-10.157719
896	29568	0	0	0	4	0	-10.942186	-9.090278	0	0	1184.000000	-9.984145	-10.157719
897	29601	0	0	0	4	0	-10.890398	-9.014609	0	0	1198.000000	-9.984145	-10.157719
898	29634	0	0	0	4	0	-10.091205	-9.630642	0	0	1217.000000	-9.984145	-10.157719
899	29667	0	0	0	4	0	-10.160610	-9.569718	0	0	1242.000000	-9.984145	-10.157719
900	29700	0	0	0	4	0	-10.137478	-9.656746	0	0	1253.000000	-9.984145	-10.157719
901	29733	0	0	0	4	0	-10.105666	-9.740829	0	0	1266.000000	-9.984145	-10.157719
902	29766	0	0	0	4	0	-10.065169	-9.656746	0	0	1285.000000	-9.984145	-10.157719
903	29799	0	0	0	4	0	-10.053597	-9.592930	0	0	1300.000000	-9.984145	-10.157719
904	29832	0	0	0	4	0	-10.044917	-9.555209	0	0	1311.000000	-9.984145	-10.157719
905	29865	0	0	0	4	0	-10.065169	-9.584227	0	0	1315.000000	-9.984145	-10.157719
906	29898	0	0	0	4	0	-10.068063	-9.688644	0	0	1319.000000	-9.984145	-10.157719
907	29931	0	0	0	4	0	-10.085419	-9.711840	0	0	1315.000000	-9.984145	-10.157719
908	29964	0	0	0	4	0	-10.085419	-9.610336	0	0	1320.000000	-9.984145	-10.157719
909	29997	0	0	0	4	0	-10.085419	-9.616138	0	0	1319.000000	-9.984145	-10.157719
910	30030	0	0	0	4	0	-10.123019	-9.668346	0	0	1315.000000	-9.984145	-10.157719
911	30063	0	0	0	4	0	-10.172175	-9.784305	0	0	1311.000000	-9.984145	-10.157719
912	30096	0	0	0	4	0	-10.140371	-9.778510	0	0	1305.000000	-9.984145	-10.157719
913	30129	0	0	0	4	0	-10.120129	-9.665446	0	0	1298.000000	-9.984145	-10.157719
914	30162	0	0	0	4	0	-10.163502	-9.636444	0	0	1294.000000	-9.984145	-10.157719
915	30195	0	0	0	4	0	-10.169284	-9.659645	0	0	1296.000000	-9.984145	-10.157719
916	30228	0	0	0	4	0	-10.149045	-9.764019	0	0	1297.000000	-9.984145	-10.157719
917	30261	0	0	0	4	0	-10.108559	-9.746627	0	0	1299.000000	9.984145	-10.157719
918	30294	0	0	0	4	0	-10.146152	-9.682845	0	0	1297.000000	9.984145	-10.157719
919	30327	0	0	0	4	0	-10.160610	-9.653846	0	0	1304.000000	9.984145	-10.157719
920	30360	0	0	0	4	0	-10.146152	-9.700244	0	0	1308.000000	9.984145	-10.157719
921	30393	0	0	0	4	0	-10.169284	-9.708941	0	0	1310.000000	9.984145	-10.157719
922	30426	0	0	0	4	0	-10.108559	-9.801693	0	0	1328.000000	9.984145	-10.157719
923	30459	0	0	0	4	0	-10.059382	-9.691545	0	0	1333.000000	9.984145	-10.157719
924	30492	0	0	0	4	0	-10.015980	-9.636444	0	0	1330.000000	9.984145	-10.157719
925	30525	0	0	0	4	0	-10.068063	-9.656746	0	0	1330.000000	9.984145	-10.157719
926	30558	0	0	0	4	0	-7.095632	-10.394632	0	0	1368.000000	9.984145	-10.157719
927	30591	0	0	0	4	0	6.907484	-10.362871	0	0	1353.000000	9.984145	-10.157719
928	30624	0	0	0	4	0	10.351320	-10.281998	0	0	1385.000000	9.984145	-10.157719
929	30657	0	0	0	4	0	10.608124	-10.229987	0	0	1382.000000	9.984145	-10.157719
930	30690	0	0	0	4	0	10.683063	-10.227097	0	0	1391.000000	9.984145	-10.157719
931	30723	0	0	0	4	0	10.783886	-10.218425	0	0	1398.000000	9.984145	-10.157719
932	30756	0	0	0	4	0	10.801164	-10.313775	0	0	1399.000000	9.984145	-10.157719
933	30789	0	0	0	4	0	10.015981	-10.128803	0	0	1416.000000	9.984145	-10.157719
934	30822	0	0	0	4	0	10.036237	-10.042024	0	0	1418.000000	9.984145	-10.157719
935	30855	0	0	0	4	0	10.123020	-10.027556	0	0	1418.000000	9.984145	-10.157719
936	30888	0	0	0	4	0	9.992828	-10.091205	0	0	1427.000000	9.984145	-10.157719
937	30921	0	0	0	4	0	10.108559	-10.203973	0	0	1405.000000	9.984145	-10.157719
938	30954	0	0	0	4	0	10.010192	-10.209755	0	0	1401.000000	9.984145	-10.157719
939	30987	0	0	0	4	0	10.065169	-10.099881	0	0	1379.000000	9.984145	-10.157719
940	31020	0	0	0	4	0	10.157718	-10.094096	0	0	1365.000000	9.984145	-10.157719
941	31053	0	0	0	4	0	10.117235	-10.140371	0	0	1355.000000	9.984145	-10.157719
942	31086	0	0	0	4	0	10.195302	-10.244436	0	0	1330.000000	9.984145	-10.157719
943	31119	0	0	0	4	0	10.186629	-10.279109	0	0	1315.000000	9.984145	-10.157719
944	31152	0	0	0	4	0	10.120128	-10.175065	0	0	1302.000000	9.984145	-10.157719
945	31185	0	0	0	4	0	10.169283	-10.209755	0	0	1291.000000	9.984145	-10.157719
946	31218	0	0	0	4	0	10.192411	-10.215536	0	0	1280.000000	9.984145	-10.157719
947	31251	0	0	0	4	0	10.218426	-10.319551	0	0	1270.000000	9.984145	10.157719
948	31284	0	0	0	4	0	10.088312	-10.319551	0	0	1263.000000	9.984145	10.157719
949	31317	0	0	0	4	0	10.036237	-10.232875	0	0	1262.000000	9.984145	10.157719
950	31350	0	0	0	4	0	10.099881	-10.238656	0	0	1256.000000	9.984145	10.157719
951	31383	0	0	0	4	0	10.091205	-10.299333	0	0	1250.000000	9.984145	10.157719
952	31416	0	0	0	4	0	10.053596	-10.336882	0	0	1249.000000	9.984145	10.157719
953	31449	0	0	0	4	0	9.177546	-2.796914	0	0	1236.000000	9.984145	10.157719
954	31482	0	0	0	4	0	10.786767	11.696770	0	0	1142.000000	9.984145	10.157719
955	31515	0	0	0	4	0	10.838591	11.713939	0	0	1149.000000	9.984145	10.157719
956	31548	0	0	0	4	0	10.876007	11.545028	0	0	1153.000000	9.984145	10.157719
957	31581	0	0	0	4	0	10.878886	11.470528	0	0	1153.000000	9.984145	10.157719
958	31614	0	0	0	4	0	10.927801	11.496320	0	0	1161.000000	9.984145	10.157719
959	31647	0	0	0	4	0	10.827075	11.573670	0	0	1157.000000	9.984145	10.157719
960	31680	0	0	0	4	0	11.668151	11.762569	0	0	1147.000000	9.984145	10.157719
961	31713	0	0	0	4	0	11.794027	11.888357	0	0	1140.000000	9.984145	10.157719
962	31746	0	0	0	4	0	11.856920	11.851205	0	0	1136.000000	9.984145	10.157719
963	31779	0	0	0	4	0	11.874069	11.771149	0	0	1131.000000	9.984145	10.157719
964	31812	0	0	0	4	0	11.728243	11.719661	0	0	1122.000000	9.984145	10.157719
965	31845	0	0	0	4	0	11.759708	11.825477	0	0	1112.000000	9.984145	10.157719
966	31878	0	0	0	4	0	11.902643	11.922644	0	0	1103.000000	9.984145	10.157719
967	31911	0	0	0	4	0	11.925500	11.882642	0	0	1110.000000	9.984145	10.157719
968	31944	0	0	0	4	0	11.894073	11.819760	0	0	1112.000000	9.984145	10.157719
969	31977	0	0	0	4	0	11.768289	11.782589	0	0	1114.000000	9.984145	10.157719
970	32010	0	0	0	4	0	11.785448	11.874069	0	0	1110.000000	9.984145	10.157719
971	32043	0	0	0	4	0	11.914072	11.999755	0	0	1103.000000	9.984145	10.157719
972	32076	0	0	0	4	0	11.965488	11.902643	0	0	1107.000000	9.984145	10.157719
973	32109	0	0	0	4	0	11.951208	11.842629	0	0	1106.000000	9.984145	10.157719
974	32142	0	0	0	4	0	11.845488	11.776868	0	0	1110.000000	9.984145	10.157719
975	32175	0	0	0	4	0	11.759708	11.828337	0	0	1099.000000	9.984145	10.157719
976	32208	0	0	0	4	0	11.891214	11.934070	0	0	1095.000000	9.984145	10.157719
977	32241	0	0	0	4	0	11.942639	11.908359	0	0	1103.000000	-9.984145	10.157719
978	32274	0	0	0	4	0	11.925500	11.879784	0	0	1102.000000	-9.984145	10.157719
979	32307	0	0	0	4	0	11.814041	11.828337	0	0	1105.000000	-9.984145	10.157719
980	32340	0	0	0	4	0	11.733965	11.862638	0	0	1109.000000	-9.984145	10.157719
981	32373	0	0	0	4	0	11.871211	11.954064	0	0	1104.000000	-9.984145	10.157719
982	32406	0	0	0	4	0	11.916929	11.988334	0	0	1116.000000	-9.984145	10.157719
983	32439	0	0	0	4	0	8.212388	11.327147	0	0	1134.000000	-9.984145	10.157719
984	32472	0	0	0	4	0	-6.972177	10.766607	0	0	1122.000000	-9.984145	10.157719
985	32505	0	0	0	4	0	-8.842787	11.160647	0	0	1126.000000	-9.984145	10.157719
986	32538	0	0	0	4	0	-9.032075	11.344361	0	0	1132.000000	-9.984145	10.157719
987	32571	0	0	0	4	0	-9.189178	11.484858	0	0	1135.000000	-9.984145	10.157719
988	32604	0	0	0	4	0	-9.253143	11.309933	0	0	1150.000000	-9.984145	10.157719
989	32637	0	0	0	4	0	-9.253143	11.149158	0	0	1165.000000	-9.984145	10.157719
990	32670	0	0	0	4	0	-9.946512	11.088820	0	0	1169.000000	-9.984145	10.157719
991	32703	0	0	0	4	0	-10.082527	11.126175	0	0	1165.000000	-9.984145	10.157719
992	32736	0	0	0	4	0	-10.154828	11.275496	0	0	1161.000000	-9.984145	10.157719
993	32769	0	0	0	4	0	-10.154828	11.146285	0	0	1177.000000	-9.984145	10.157719
994	32802	0	0	0	4	0	-10.120129	11.002583	0	0	1189.000000	-9.984145	10.157719
995	32835	0	0	0	4	0	-10.096990	10.876008	0	0	1196.000000	-9.984145	10.157719
996	32868	0	0	0	4	0	-10.096990	11.103189	0	0	1181.000000	-9.984145	10.157719
997	32901	0	0	0	4	0	-10.140371	11.416060	0	0	1175.000000	-9.984145	10.157719
998	32934	0	0	0	4	0	-10.140371	11.206598	0	0	1184.000000	-9.984145	10.157719
999	32967	0	0	0	4	0	-10.131694	11.077326	0	0	1196.000000	-9.984145	10.157719
1000	33000	0	0	0	4	0	-10.111451	11.028459	0	0	1193.000000	-9.984145	10.157719
1001	33033	0	0	0	4	0	-10.091205	11.146285	0	0	1196.000000	-9.984145	10.157719
1002	33066	0	0	0	4	0	-10.151937	11.398856	0	0	1182.000000	-9.984145	10.157719
1003	33099	0	0	0	4	0	-10.160610	11.286976	0	0	1195.000000	-9.984145	10.157719
1004	33132	0	0	0	4	0	-10.117234	11.103189	0	0	1212.000000	-9.984145	10.157719
1005	33165	0	0	0	4	0	-10.076741	11.123302	0	0	1220.000000	-9.984145	10.157719
1006	33198	0	0	0	4	0	-10.056491	11.258274	0	0	1213.000000	-9.984145	10.157719
1007	33231	0	0	0	4	0	-10.105666	11.522109	0	0	1206.000000	-9.984145	10.157719
1008	33264	0	0	0	4	0	-10.134587	11.378781	0	0	1215.000000	0.000000	0.000000
1009	33297	0	0	0	4	0	-10.154828	11.126175	0	0	1233.000000	0.000000	0.000000
1010	33330	0	0	0	4	0	-10.120129	11.120429	0	0	1231.000000	0.000000	0.000000
1011	33363	0	0	0	4	0	-10.154828	11.246792	0	0	1231.000000	0.000000	0.000000
1012	33396	0	0	0	4	0	-10.140371	11.559350	0	0	1217.000000	0.000000	0.000000
1013	33429	0	0	0	4	0	-1.873381	3.463364	0	0	1321.000000	0.000000	0.000000
1014	33462	0	0	0	4	0	-0.086541	-0.304381	0	0	1327.000000	0.000000	0.000000
1015	33495	0	0	0	4	0	0.011936	-0.268572	0	0	1320.000000	0.000000	0.000000
1016	33528	0	0	0	4	0	0.056699	-0.217842	0	0	1318.000000	0.000000	0.000000
1017	33561	0	0	0	4	0	0.122350	-0.113397	0	0	1324.000000	0.000000	0.000000
1018	33594	0	0	0	4	0	0.116382	-0.086540	0	0	1323.000000	0.000000	0.000000
1019	33627	0	0	0	4	0	-0.086541	-0.653501	0	0	1330.000000	0.000000	0.000000
1020	33660	0	0	0	4	0	0.680355	-1.274025	0	0	1330.000000	0.000000	0.000000
1021	33693	0	0	0	4	0	-90.000000	-90.000000	0	4	0.000000	0.000000	0.000000
1022	33726	0	0	0	4	0	-90.000000	-90.000000	0	4	0.000000	0.000000	0.000000
1023	33759	0	0	0	4	0	-90.000000	-90.000000	0	4	0.000000	0.000000	0.000000
1024	33792	0	0	0	4	0	-90.000000	-90.000000	0	4	0.000000	0.000000	0.000000
1025	33825	0	0	0	4	0	-90.000000	-90.000000	0	4	0.000000	0.000000	0.000000
1026	33858	0	0	0	4	0	-90.000000	-90.000000	0	4	0.000000	0.000000	0.000000
1027	33891	0	0	0	4	0	2.090964	2.400839	0	0	1217.000000	0.000000	0.000000
1028	33924	0	0	0	4	0	2.004534	2.210162	0	0	1210.000000	0.000000	0.000000
1029	33957	0	0	0	4	0	1.277007	1.497705	0	0	1208.000000	0.000000	0.000000
1030	33990	0	0	0	4	0	0.883240	1.393326	0	0	1184.000000	0.000000	0.000000
1031	34023	0	0	0	4	0	0.793735	1.432096	0	0	1180.000000	0.000000	0.000000
1032	34056	0	0	0	4	0	0.963791	1.408238	0	0	1183.000000	0.000000	0.000000
1033	34089	0	0	0	4	0	1.032406	1.405255	0	0	1189.000000	0.000000	0.000000
1034	34122	0	0	0	4	0	0.886224	1.348589	0	0	1205.000000	0.000000	0.000000
1035	34155	0	0	0	4	0	0.811636	1.372449	0	0	1205.000000	0.000000	0.000000
1036	34188	0	0	0	4	0	0.766882	1.405255	0	0	1198.000000	0.000000	0.000000
1037	34221	0	0	0	4	0	0.757931	1.372449	0	0	1190.000000	0.000000	0.000000
1038	34254	0	0	0	4	0	0.766882	1.303851	0	0	1188.000000	0.000000	0.000000
1039	34287	0	0	0	4	0	0.641567	1.211387	0	0	1192.000000	0.000000	0.000000
1040	34320	0	0	0	4	0	0.608745	1.187523	0	0	1182.000000	0.000000	0.000000
1041	34353	0	0	0	4	0	0.611729	1.232266	0	0	1165.000000	0.000000	0.000000
1042	34386	0	0	0	4	0	0.653501	1.256128	0	0	1159.000000	0.000000	0.000000
1043	34419	0	0	0	4	0	0.662453	1.178575	0	0	1148.000000	0.000000	0.000000
1044	34452	0	0	0	4	0	0.644551	1.172609	0	0	1149.000000	0.000000	0.000000
1045	34485	0	0	0	4	0	0.656485	1.148746	0	0	1146.000000	0.000000	0.000000
1046	34518	0	0	0	4	0	0.593825	1.211387	0	0	1135.000000	0.000000	0.000000
1047	34551	0	0	0	4	0	0.713176	1.214370	0	0	1121.000000	0.000000	0.000000
1048	34584	0	0	0	4	0	0.772849	1.193489	0	0	1125.000000	0.000000	0.000000
1049	34617	0	0	0	4	0	0.751964	1.121899	0	0	1122.000000	0.000000	0.000000
1050	34650	0	0	0	4	0	0.766882	1.115933	0	0	1115.000000	0.000000	0.000000
1051	34683	0	0	0	4	0	0.695274	1.101017	0	0	1102.000000	0.000000	0.000000
1052	34716	0	0	0	4	0	0.740029	1.109967	0	0	1089.000000	0.000000	0.000000
1053	34749	0	0	0	4	0	0.743013	1.074170	0	0	1097.000000	0.000000	0.000000
1054	34782	0	0	0	4	0	0.725111	0.951858	0	0	1098.000000	0.000000	0.000000
1055	34815	0	0	0	4	0	0.722128	0.916058	0	0	1100.000000	0.000000	0.000000
1056	34848	0	0	0	4	0	0.674388	0.939925	0	0	1102.000000	0.000000	0.000000
1057	34881	0	0	0	4	0	0.686323	0.907107	0	0	1106.000000	0.000000	0.000000
1058	34914	0	0	0	4	0	0.734062	0.850422	0	0	1121.000000	0.000000	0.000000
1059	34947	0	0	0	4	0	0.716160	0.814619	0	0	1129.000000	0.000000	0.000000
1060	34980	0	0	0	4	0	0.698258	0.751964	0	0	1146.000000	0.000000	0.000000
1061	35013	0	0	0	4	0	0.611729	0.674388	0	0	1156.000000	0.000000	0.000000
1062	35046	0	0	0	4	0	0.665436	0.728094	0	0	1162.000000	0.000000	0.000000
1063	35079	0	0	0	4	0	0.704225	0.677372	0	0	1171.000000	0.000000	0.000000
1064	35112	0	0	0	4	0	0.665436	0.683339	0	0	1186.000000	0.000000	0.000000
1065	35145	0	0	0	4	0	0.686323	0.581890	0	0	1199.000000	0.000000	0.000000
1066	35178	0	0	0	4	0	0.686323	0.572939	0	0	1205.000000	0.000000	0.000000
1067	35211	0	0	0	4	0	0.710192	0.519229	0	0	1201.000000	0.000000	0.000000
