RowNumber	TimeStamp	X_Position_Degree_Right_Eye	Y_Position_Degree_Right_Eye	Distance_From_RightEye	Validity_Right_Eye	Pupil_Diameter_RightEye	X_Position_Degree_Left_Eye	Y_Position_Degree_Left_Eye	Distance_From_LeftEye	Validity_Left_Eye	Pupil_Diameter_LeftEye	Target X	Target Y
0	0	0	0	0	4	0	-0.176065	-0.155176	0	0	1545.000000	0.000000	0.000000
1	33	0	0	0	4	0	-0.190986	-0.229779	0	0	1555.000000	0.000000	0.000000
2	66	0	0	0	4	0	-0.041779	-0.134287	0	0	1547.000000	0.000000	0.000000
3	99	0	0	0	4	0	-0.110414	-0.140255	0	0	1540.000000	0.000000	0.000000
4	132	0	0	0	4	0	-0.173080	-0.217842	0	0	1539.000000	0.000000	0.000000
5	165	0	0	0	4	0	-0.223811	-0.199938	0	0	1539.000000	0.000000	0.000000
6	198	0	0	0	4	0	-0.226794	-0.217842	0	0	1531.000000	0.000000	0.000000
7	231	0	0	0	4	0	-0.143239	-0.256636	0	0	1527.000000	0.000000	0.000000
8	264	0	0	0	4	0	-0.131303	-0.387934	0	0	1530.000000	0.000000	0.000000
9	297	0	0	0	4	0	-0.274541	-0.250667	0	0	1531.000000	0.000000	0.000000
10	330	0	0	0	4	0	-0.196953	-0.310349	0	0	1538.000000	0.000000	0.000000
11	363	0	0	0	4	0	-0.262603	-0.328253	0	0	1541.000000	0.000000	0.000000
12	396	0	0	0	4	0	-0.158159	-0.361078	0	0	1549.000000	0.000000	0.000000
13	429	0	0	0	4	0	-0.196953	-0.283492	0	0	1524.000000	0.000000	0.000000
14	462	0	0	0	4	0	-0.250668	-0.370030	0	0	1537.000000	0.000000	0.000000
15	495	0	0	0	4	0	-0.074604	-0.247683	0	0	1540.000000	0.000000	0.000000
16	528	0	0	0	4	0	-0.164128	-0.277524	0	0	1531.000000	0.000000	0.000000
17	561	0	0	0	4	0	-0.137270	-0.289461	0	0	1537.000000	0.000000	0.000000
18	594	0	0	0	4	0	-0.280509	-0.292444	0	0	1507.000000	0.000000	0.000000
19	627	0	0	0	4	0	-0.226794	-0.313333	0	0	1500.000000	0.000000	0.000000
20	660	0	0	0	4	0	-0.268572	-0.220826	0	0	1491.000000	0.000000	0.000000
21	693	0	0	0	4	0	-0.190986	-0.346158	0	0	1489.000000	0.000000	0.000000
22	726	0	0	0	4	0	-0.149207	-0.196954	0	0	1476.000000	0.000000	0.000000
23	759	0	0	0	4	0	-0.170097	-0.214859	0	0	1470.000000	0.000000	0.000000
24	792	0	0	0	4	0	-0.140255	-0.346158	0	0	1471.000000	0.000000	0.000000
25	825	0	0	0	4	0	-0.208890	-0.355110	0	0	1472.000000	0.000000	0.000000
26	858	0	0	0	4	0	-0.128318	-0.343174	0	0	1481.000000	0.000000	0.000000
27	891	0	0	0	4	0	-0.241714	-0.346158	0	0	1480.000000	0.000000	0.000000
28	924	0	0	0	4	0	-0.217842	-0.280508	0	0	1483.000000	0.000000	0.000000
29	957	0	0	0	4	0	-0.196953	-0.241715	0	0	1466.000000	0.000000	0.000000
30	990	0	0	0	4	0	-0.125335	-0.199938	0	0	1478.000000	0.000000	0.000000
31	1023	0	0	0	4	0	-0.128318	-0.199938	0	0	1488.000000	-0.310681	0.316082
32	1056	0	0	0	4	0	-0.143239	-0.185017	0	0	1491.000000	-0.776702	0.790204
33	1089	0	0	0	4	0	-0.056700	-0.092509	0	0	1479.000000	-1.242723	1.264327
34	1122	0	0	0	4	0	-0.214859	-0.247683	0	0	1463.000000	-1.708743	1.738450
35	1155	0	0	0	4	0	-0.176065	-0.289461	0	0	1472.000000	-2.174764	2.212572
36	1188	0	0	0	4	0	-0.125335	-0.026857	0	0	1480.000000	-2.640785	2.686695
37	1221	0	0	0	4	0	-0.322285	-0.250667	0	0	1484.000000	-3.106806	3.160818
38	1254	0	0	0	4	0	-2.225060	1.900210	0	0	1464.000000	-3.572827	3.634940
39	1287	0	0	0	4	0	-2.502115	1.807798	0	0	1444.000000	-4.038848	4.109063
40	1320	0	0	0	4	0	-5.210841	4.036837	0	0	1441.000000	-4.504869	4.583186
41	1353	0	0	0	4	0	-5.231557	4.416733	0	0	1444.000000	-4.970890	5.057308
42	1386	0	0	0	4	0	-5.222680	4.550199	0	0	1454.000000	-5.436911	5.531431
43	1419	0	0	0	4	0	-5.326242	4.867351	0	0	1449.000000	-5.902932	6.005554
44	1452	0	0	0	4	0	-5.497783	5.199003	0	0	1427.000000	-6.368953	6.479676
45	1485	0	0	0	4	0	-7.113262	5.849426	0	0	1411.000000	-6.834973	6.953799
46	1518	0	0	0	4	0	-8.028138	6.177031	0	0	1405.000000	-7.300994	7.427922
47	1551	0	0	0	4	0	-8.697046	6.348053	0	0	1417.000000	-7.767015	7.902044
48	1584	0	0	0	4	0	-8.819477	6.545470	0	0	1418.000000	-8.233036	8.376167
49	1617	0	0	0	4	0	-9.462322	6.660313	0	0	1395.000000	-8.699058	8.850289
50	1650	0	0	0	4	0	-9.700244	7.177899	0	0	1361.000000	-9.165078	9.324412
51	1683	0	0	0	4	0	-9.737932	7.708961	0	0	1336.000000	-9.631099	9.798534
52	1716	0	0	0	4	0	-9.590030	8.580374	0	0	1327.000000	-9.984145	10.157719
53	1749	0	0	0	4	0	-9.497161	9.378099	0	0	1338.000000	-9.984145	10.157719
54	1782	0	0	0	4	0	-9.671247	9.540699	0	0	1323.000000	-9.984145	10.157719
55	1815	0	0	0	4	0	-9.859636	9.732134	0	0	1317.000000	-9.984145	10.157719
56	1848	0	0	0	4	0	-10.443705	10.143261	0	0	1294.000000	-9.984145	10.157719
57	1881	0	0	0	4	0	-10.501415	10.128803	0	0	1295.000000	-9.984145	10.157719
58	1914	0	0	0	4	0	-10.310885	9.989934	0	0	1310.000000	-9.984145	10.157719
59	1947	0	0	0	4	0	-10.380197	9.989934	0	0	1310.000000	-9.984145	10.157719
60	1980	0	0	0	4	0	-10.472563	10.120128	0	0	1292.000000	-9.984145	10.157719
61	2013	0	0	0	4	0	-10.501415	10.160611	0	0	1298.000000	-9.984145	10.157719
62	2046	0	0	0	4	0	-10.510070	10.235765	0	0	1303.000000	-9.984145	10.157719
63	2079	0	0	0	4	0	-10.446589	10.070955	0	0	1312.000000	-9.984145	10.157719
64	2112	0	0	0	4	0	-10.351321	9.943618	0	0	1324.000000	-9.984145	10.157719
65	2145	0	0	0	4	0	-10.333993	10.096990	0	0	1323.000000	-9.984145	10.157719
66	2178	0	0	0	4	0	-10.585057	10.120128	0	0	1319.000000	-9.984145	10.157719
67	2211	0	0	0	4	0	-10.665772	10.056491	0	0	1326.000000	-9.984145	10.157719
68	2244	0	0	0	4	0	-10.550451	9.987039	0	0	1350.000000	-9.984145	10.157719
69	2277	0	0	0	4	0	-10.455247	9.914663	0	0	1354.000000	-9.984145	10.157719
70	2310	0	0	0	4	0	-10.481218	10.039130	0	0	1353.000000	-9.984145	10.157719
71	2343	0	0	0	4	0	-10.556220	10.065169	0	0	1353.000000	-9.984145	10.157719
72	2376	0	0	0	4	0	-10.743565	10.033344	0	0	1345.000000	-9.984145	10.157719
73	2409	0	0	0	4	0	-10.541800	9.992828	0	0	1354.000000	-9.984145	10.157719
74	2442	0	0	0	4	0	-10.489875	10.013087	0	0	1352.000000	-9.984145	10.157719
75	2475	0	0	0	4	0	-10.423500	10.070955	0	0	1347.000000	-9.984145	10.157719
76	2508	0	0	0	4	0	-10.533146	10.085419	0	0	1331.000000	-9.984145	10.157719
77	2541	0	0	0	4	0	-10.573524	10.120128	0	0	1321.000000	-9.984145	10.157719
78	2574	0	0	0	4	0	-10.469675	10.007298	0	0	1331.000000	-9.984145	10.157719
79	2607	0	0	0	4	0	-10.472563	9.853842	0	0	1336.000000	-9.984145	10.157719
80	2640	0	0	0	4	0	-10.472563	9.981250	0	0	1328.000000	-9.984145	10.157719
81	2673	0	0	0	4	0	-10.507184	10.076740	0	0	1317.000000	-9.984145	10.157719
82	2706	0	0	0	4	0	-10.691709	10.024663	0	0	1306.000000	-9.984145	10.157719
83	2739	0	0	0	4	0	-10.639833	9.978355	0	0	1311.000000	-9.473405	9.638100
84	2772	0	0	0	4	0	-10.484103	9.856739	0	0	1319.000000	-8.929714	9.084956
85	2805	0	0	0	4	0	-10.486990	9.963881	0	0	1316.000000	-8.386023	8.531814
86	2838	0	0	0	4	0	-10.449475	10.007298	0	0	1315.000000	-7.842332	7.978670
87	2871	0	0	0	4	0	-10.567757	10.004404	0	0	1312.000000	-7.298641	7.425527
88	2904	0	0	0	4	0	-10.561989	9.874119	0	0	1315.000000	-6.754950	6.872384
89	2937	0	0	0	4	0	-8.918525	6.936893	0	0	1402.000000	-6.211258	6.319241
90	2970	0	0	0	4	0	-8.212387	6.262556	0	0	1420.000000	-5.667568	5.766098
91	3003	0	0	0	4	0	-7.166148	6.029510	0	0	1428.000000	-5.123877	5.212955
92	3036	0	0	0	4	0	-5.775588	5.737183	0	0	1444.000000	-4.580185	4.659811
93	3069	0	0	0	4	0	-5.376532	4.579852	0	0	1472.000000	-4.036494	4.106668
94	3102	0	0	0	4	0	-4.938448	4.464193	0	0	1488.000000	-3.492803	3.553525
95	3135	0	0	0	4	0	-4.514612	3.923985	0	0	1468.000000	-2.949112	3.000382
96	3168	0	0	0	4	0	-3.870520	3.481203	0	0	1495.000000	-2.405421	2.447239
97	3201	0	0	0	4	0	-3.255191	3.046931	0	0	1498.000000	-1.861730	1.894096
98	3234	0	0	0	4	0	-1.748172	2.010495	0	0	1535.000000	-1.318039	1.340953
99	3267	0	0	0	4	0	-1.429115	1.724321	0	0	1527.000000	-0.774348	0.787810
100	3300	0	0	0	4	0	-0.999591	1.578219	0	0	1547.000000	-0.230657	0.234667
101	3333	0	0	0	4	0	-0.549068	1.199455	0	0	1560.000000	0.000000	0.000000
102	3366	0	0	0	4	0	-0.182032	0.963791	0	0	1563.000000	0.000000	0.000000
103	3399	0	0	0	4	0	0.390918	0.498342	0	0	1585.000000	0.000000	0.000000
104	3432	0	0	0	4	0	1.357536	-1.339641	0	0	1595.000000	0.000000	0.000000
105	3465	0	0	0	4	0	1.849533	-1.461919	0	0	1599.000000	0.000000	0.000000
106	3498	0	0	0	4	0	1.989632	-1.470865	0	0	1604.000000	0.000000	0.000000
107	3531	0	0	0	4	0	1.148746	-0.725111	0	0	1602.000000	0.000000	0.000000
108	3564	0	0	0	4	0	0.265588	0.107430	0	0	1595.000000	0.000000	0.000000
109	3597	0	0	0	4	0	0.226795	0.047747	0	0	1610.000000	0.000000	0.000000
110	3630	0	0	0	4	0	0.238731	0.161144	0	0	1609.000000	0.000000	0.000000
111	3663	0	0	0	4	0	0.349142	0.164128	0	0	1614.000000	0.000000	0.000000
112	3696	0	0	0	4	0	0.250667	0.065652	0	0	1631.000000	0.000000	0.000000
113	3729	0	0	0	4	0	0.259620	0.131302	0	0	1649.000000	0.000000	0.000000
114	3762	0	0	0	4	0	0.378983	0.155176	0	0	1652.000000	0.000000	0.000000
115	3795	0	0	0	4	0	0.286477	0.110414	0	0	1646.000000	0.000000	0.000000
116	3828	0	0	0	4	0	0.292444	0.068635	0	0	1634.000000	0.000000	0.000000
117	3861	0	0	0	4	0	0.223811	0.032826	0	0	1651.000000	0.000000	0.000000
118	3894	0	0	0	4	0	0.131302	-0.038794	0	0	1629.000000	0.000000	0.000000
119	3927	0	0	0	4	0	0.232762	0.065652	0	0	1633.000000	0.000000	0.000000
120	3960	0	0	0	4	0	0.214859	-0.011936	0	0	1606.000000	0.000000	0.000000
121	3993	0	0	0	4	0	0.393903	-0.092509	0	0	1595.000000	0.000000	0.000000
122	4026	0	0	0	4	0	0.283492	-0.119366	0	0	1579.000000	0.000000	0.000000
123	4059	0	0	0	4	0	0.289461	-0.125335	0	0	1567.000000	0.000000	0.000000
124	4092	0	0	0	4	0	0.328253	-0.173080	0	0	1550.000000	0.000000	0.000000
125	4125	0	0	0	4	0	0.381966	-0.083556	0	0	1529.000000	0.000000	0.000000
126	4158	0	0	0	4	0	0.331238	-0.101461	0	0	1517.000000	0.000000	0.000000
127	4191	0	0	0	4	0	0.307365	-0.268572	0	0	1500.000000	0.000000	0.000000
128	4224	0	0	0	4	0	0.387934	-0.122350	0	0	1484.000000	0.000000	0.000000
129	4257	0	0	0	4	0	0.247683	-0.119366	0	0	1499.000000	0.000000	0.000000
130	4290	0	0	0	4	0	0.471486	-0.164128	0	0	1479.000000	0.000000	0.000000
131	4323	0	0	0	4	0	0.414790	-0.008952	0	0	1467.000000	-9.984145	10.157719
132	4356	0	0	0	4	0	0.298413	-0.071620	0	0	1463.000000	-9.984145	10.157719
133	4389	0	0	0	4	0	0.322285	-0.122350	0	0	1472.000000	-9.984145	10.157719
134	4422	0	0	0	4	0	0.170097	-0.074604	0	0	1489.000000	-9.984145	10.157719
135	4455	0	0	0	4	0	0.390918	-0.050731	0	0	1483.000000	-9.984145	10.157719
136	4488	0	0	0	4	0	0.304381	0.047747	0	0	1473.000000	-9.984145	10.157719
137	4521	0	0	0	4	0	-1.226300	1.491740	0	0	1482.000000	-9.984145	10.157719
138	4554	0	0	0	4	0	-9.761120	7.172023	0	0	1360.000000	-9.984145	10.157719
139	4587	0	0	0	4	0	-9.853842	7.292434	0	0	1349.000000	-9.984145	10.157719
140	4620	0	0	0	4	0	-9.737932	7.283626	0	0	1359.000000	-9.984145	10.157719
141	4653	0	0	0	4	0	-9.650946	7.415716	0	0	1361.000000	-9.984145	10.157719
142	4686	0	0	0	4	0	-9.714740	7.594644	0	0	1325.000000	-9.984145	10.157719
143	4719	0	0	0	4	0	-9.949408	10.007298	0	0	1302.000000	-9.984145	10.157719
144	4752	0	0	0	4	0	-10.085419	10.013087	0	0	1292.000000	-9.984145	10.157719
145	4785	0	0	0	4	0	-10.004404	9.943618	0	0	1298.000000	-9.984145	10.157719
146	4818	0	0	0	4	0	-9.877014	9.923349	0	0	1294.000000	-9.984145	10.157719
147	4851	0	0	0	4	0	-9.900184	10.047811	0	0	1284.000000	-9.984145	10.157719
148	4884	0	0	0	4	0	-10.010193	10.160611	0	0	1274.000000	-9.984145	10.157719
149	4917	0	0	0	4	0	-10.073847	10.151937	0	0	1270.000000	-9.984145	10.157719
150	4950	0	0	0	4	0	-10.102774	10.050704	0	0	1274.000000	-9.984145	10.157719
151	4983	0	0	0	4	0	-9.958093	10.015981	0	0	1292.000000	-9.984145	10.157719
152	5016	0	0	0	4	0	-10.091205	10.027556	0	0	1286.000000	-9.984145	10.157719
153	5049	0	0	0	4	0	-10.180848	10.070955	0	0	1299.000000	-9.984145	10.157719
154	5082	0	0	0	4	0	-10.267551	10.201083	0	0	1309.000000	-9.984145	10.157719
155	5115	0	0	0	4	0	-10.154828	9.966778	0	0	1323.000000	-9.984145	10.157719
156	5148	0	0	0	4	0	-10.044917	9.943618	0	0	1327.000000	-9.984145	10.157719
157	5181	0	0	0	4	0	-10.079633	9.975461	0	0	1324.000000	-9.984145	10.157719
158	5214	0	0	0	4	0	-10.175065	10.088311	0	0	1324.000000	-9.984145	10.157719
159	5247	0	0	0	4	0	-10.319551	10.018874	0	0	1326.000000	-9.984145	10.157719
160	5280	0	0	0	4	0	-10.189520	9.987039	0	0	1328.000000	-9.984145	10.157719
161	5313	0	0	0	4	0	-10.085419	9.862533	0	0	1336.000000	-9.984145	10.157719
162	5346	0	0	0	4	0	-10.172175	9.937827	0	0	1325.000000	0.000000	0.000000
163	5379	0	0	0	4	0	-10.192412	10.053596	0	0	1328.000000	0.000000	0.000000
164	5412	0	0	0	4	0	-10.325329	10.108559	0	0	1326.000000	0.000000	0.000000
165	5445	0	0	0	4	0	-10.307998	9.960987	0	0	1336.000000	0.000000	0.000000
166	5478	0	0	0	4	0	-10.047811	9.879911	0	0	1356.000000	0.000000	0.000000
167	5511	0	0	0	4	0	-9.319991	7.051548	0	0	1384.000000	0.000000	0.000000
168	5544	0	0	0	4	0	-2.204203	0.653501	0	0	1494.000000	0.000000	0.000000
169	5577	0	0	0	4	0	-1.745191	-0.140255	0	0	1493.000000	0.000000	0.000000
170	5610	0	0	0	4	0	-1.777985	-0.256636	0	0	1507.000000	0.000000	0.000000
171	5643	0	0	0	4	0	-0.026858	-0.453582	0	0	1501.000000	0.000000	0.000000
172	5676	0	0	0	4	0	0.537132	-0.355110	0	0	1506.000000	0.000000	0.000000
173	5709	0	0	0	4	0	0.420759	-0.510277	0	0	1514.000000	0.000000	0.000000
174	5742	0	0	0	4	0	0.498342	-0.504309	0	0	1531.000000	0.000000	0.000000
175	5775	0	0	0	4	0	0.501325	-0.465518	0	0	1534.000000	0.000000	0.000000
176	5808	0	0	0	4	0	0.555036	-0.325269	0	0	1567.000000	0.000000	0.000000
177	5841	0	0	0	4	0	0.164128	-0.298413	0	0	1560.000000	0.000000	0.000000
178	5874	0	0	0	4	0	0.113397	-0.259620	0	0	1573.000000	0.000000	0.000000
179	5907	0	0	0	4	0	0.211874	-0.387934	0	0	1592.000000	0.000000	0.000000
180	5940	0	0	0	4	0	0.125335	-0.349142	0	0	1605.000000	0.000000	0.000000
181	5973	0	0	0	4	0	0.220826	-0.229779	0	0	1595.000000	0.000000	0.000000
182	6006	0	0	0	4	0	0.116382	-0.217842	0	0	1573.000000	0.000000	0.000000
183	6039	0	0	0	4	0	0.208890	-0.199938	0	0	1551.000000	0.000000	0.000000
184	6072	0	0	0	4	0	0.226795	-0.253652	0	0	1539.000000	0.000000	0.000000
185	6105	0	0	0	4	0	0.271556	-0.325269	0	0	1538.000000	0.000000	0.000000
186	6138	0	0	0	4	0	0.268572	-0.179049	0	0	1508.000000	0.000000	0.000000
187	6171	0	0	0	4	0	0.199938	-0.220826	0	0	1477.000000	0.000000	0.000000
188	6204	0	0	0	4	0	0.301397	-0.268572	0	0	1484.000000	0.000000	0.000000
189	6237	0	0	0	4	0	0.319302	-0.256636	0	0	1467.000000	0.000000	0.000000
190	6270	0	0	0	4	0	0.155176	-0.265588	0	0	1469.000000	0.000000	0.000000
191	6303	0	0	0	4	0	0.256636	-0.244700	0	0	1454.000000	0.000000	0.000000
192	6336	0	0	0	4	0	0.235747	-0.214859	0	0	1442.000000	-0.413656	-0.420847
193	6369	0	0	0	4	0	0.167112	-0.349142	0	0	1433.000000	-1.034139	-1.052118
194	6402	0	0	0	4	0	0.190985	-0.361078	0	0	1438.000000	-1.654623	-1.683388
195	6435	0	0	0	4	0	0.188001	-0.304381	0	0	1440.000000	-2.275106	-2.314659
196	6468	0	0	0	4	0	0.217842	-0.307365	0	0	1445.000000	-2.895590	-2.945930
197	6501	0	0	0	4	0	0.253652	-0.399870	0	0	1420.000000	-3.516074	-3.577200
198	6534	0	0	0	4	0	0.047747	-0.358094	0	0	1419.000000	-4.136557	-4.208471
199	6567	0	0	0	4	0	-1.596110	-1.205421	0	0	1413.000000	-4.757041	-4.839742
200	6600	0	0	0	4	0	-4.075437	-4.615431	0	0	1440.000000	-5.377524	-5.471012
201	6633	0	0	0	4	0	-5.302574	-5.684000	0	0	1445.000000	-5.998008	-6.102283
202	6666	0	0	0	4	0	-5.669225	-6.032462	0	0	1434.000000	-6.618492	-6.733553
203	6699	0	0	0	4	0	-5.958672	-5.970479	0	0	1441.000000	-7.238976	-7.364824
204	6732	0	0	0	4	0	-6.200626	-6.091479	0	0	1448.000000	-7.859459	-7.996095
205	6765	0	0	0	4	0	-8.013507	-7.368760	0	0	1454.000000	-8.479942	-8.627365
206	6798	0	0	0	4	0	-8.107123	-7.365825	0	0	1467.000000	-9.100426	-9.258636
207	6831	0	0	0	4	0	-8.364339	-7.544793	0	0	1474.000000	-9.720910	-9.889907
208	6864	0	0	0	4	0	-8.568701	-7.685517	0	0	1478.000000	-9.984145	-10.157719
209	6897	0	0	0	4	0	-9.485548	-8.761186	0	0	1464.000000	-9.984145	-10.157719
210	6930	0	0	0	4	0	-9.798795	-9.302556	0	0	1456.000000	-9.984145	-10.157719
211	6963	0	0	0	4	0	-9.911767	-9.354859	0	0	1456.000000	-9.984145	-10.157719
212	6996	0	0	0	4	0	-9.888600	-9.375196	0	0	1456.000000	-9.984145	-10.157719
213	7029	0	0	0	4	0	-9.949408	-9.232793	0	0	1449.000000	-9.984145	-10.157719
214	7062	0	0	0	4	0	-10.010193	-9.279305	0	0	1441.000000	-9.984145	-10.157719
215	7095	0	0	0	4	0	-9.992828	-9.401339	0	0	1433.000000	-9.984145	-10.157719
216	7128	0	0	0	4	0	-9.989934	-9.279305	0	0	1432.000000	-9.984145	-10.157719
217	7161	0	0	0	4	0	-9.813282	-9.992828	0	0	1435.000000	-9.984145	-10.157719
218	7194	0	0	0	4	0	-9.758223	-9.769814	0	0	1442.000000	-9.984145	-10.157719
219	7227	0	0	0	4	0	-9.795897	-9.824872	0	0	1441.000000	-9.984145	-10.157719
220	7260	0	0	0	4	0	-9.795897	-9.905975	0	0	1444.000000	-9.984145	-10.157719
221	7293	0	0	0	4	0	-9.766917	-9.963881	0	0	1431.000000	-9.984145	-10.157719
222	7326	0	0	0	4	0	-9.752425	-9.905975	0	0	1436.000000	-9.984145	-10.157719
223	7359	0	0	0	4	0	-9.732134	-9.772714	0	0	1445.000000	-9.984145	-10.157719
224	7392	0	0	0	4	0	-9.668346	-9.758223	0	0	1451.000000	-9.984145	-10.157719
225	7425	0	0	0	4	0	-9.790101	-9.833564	0	0	1448.000000	-9.984145	-10.157719
226	7458	0	0	0	4	0	-9.714740	-9.836462	0	0	1457.000000	-9.984145	-10.157719
227	7491	0	0	0	4	0	-9.743731	-9.842255	0	0	1459.000000	-9.984145	-10.157719
228	7524	0	0	0	4	0	-9.653846	-9.772714	0	0	1444.000000	-9.984145	-10.157719
229	7557	0	0	0	4	0	-9.671247	-9.636444	0	0	1451.000000	-9.984145	-10.157719
230	7590	0	0	0	4	0	-9.778510	-9.543600	0	0	1440.000000	-9.984145	-10.157719
231	7623	0	0	0	4	0	-9.752425	-9.424573	0	0	1441.000000	-9.984145	-10.157719
232	7656	0	0	0	4	0	-9.735034	-9.261864	0	0	1437.000000	-9.984145	-10.157719
233	7689	0	0	0	4	0	-9.648046	-9.145552	0	0	1453.000000	-9.984145	-10.157719
234	7722	0	0	0	4	0	-9.807489	-8.807819	0	0	1437.000000	-9.984145	-10.157719
235	7755	0	0	0	4	0	-9.755322	-8.743695	0	0	1450.000000	-9.984145	-10.157719
236	7788	0	0	0	4	0	-9.894393	-8.889398	0	0	1450.000000	-9.984145	-10.157719
237	7821	0	0	0	4	0	-9.949408	-8.737864	0	0	1458.000000	-9.984145	-10.157719
238	7854	0	0	0	4	0	-9.894393	-8.606630	0	0	1455.000000	-9.793365	-9.963622
239	7887	0	0	0	4	0	-9.845153	-8.769931	0	0	1459.000000	-9.093840	-9.251935
240	7920	0	0	0	4	0	-9.758223	-8.568701	0	0	1471.000000	-8.394313	-8.540248
241	7953	0	0	0	4	0	-9.810385	-8.670800	0	0	1475.000000	-7.694787	-7.828560
242	7986	0	0	0	4	0	-9.903081	-8.629969	0	0	1473.000000	-6.995261	-7.116873
243	8019	0	0	0	4	0	-9.726336	-8.443192	0	0	1488.000000	-6.295735	-6.405186
244	8052	0	0	0	4	0	-9.529090	-7.984243	0	0	1489.000000	-5.596209	-5.693498
245	8085	0	0	0	4	0	-7.221958	-6.542525	0	0	1511.000000	-4.896683	-4.981811
246	8118	0	0	0	4	0	-6.728016	-6.300885	0	0	1521.000000	-4.197156	-4.270124
247	8151	0	0	0	4	0	-6.126883	-5.858285	0	0	1517.000000	-3.497630	-3.558436
248	8184	0	0	0	4	0	-5.426813	-5.465257	0	0	1508.000000	-2.798104	-2.846749
249	8217	0	0	0	4	0	-2.835613	-2.111825	0	0	1490.000000	-2.098578	-2.135062
250	8250	0	0	0	4	0	-2.272734	-1.622946	0	0	1504.000000	-1.399052	-1.423375
251	8283	0	0	0	4	0	-1.786930	-1.417185	0	0	1491.000000	-0.699526	-0.711687
252	8316	0	0	0	4	0	-1.387361	-1.253145	0	0	1501.000000	0.000000	0.000000
253	8349	0	0	0	4	0	-1.375430	-0.978707	0	0	1506.000000	0.000000	0.000000
254	8382	0	0	0	4	0	0.596809	0.029842	0	0	1506.000000	0.000000	0.000000
255	8415	0	0	0	4	0	0.886224	0.188001	0	0	1511.000000	0.000000	0.000000
256	8448	0	0	0	4	0	1.095052	0.322285	0	0	1519.000000	0.000000	0.000000
257	8481	0	0	0	4	0	1.145763	0.507293	0	0	1507.000000	0.000000	0.000000
258	8514	0	0	0	4	0	1.327711	0.546084	0	0	1507.000000	0.000000	0.000000
259	8547	0	0	0	4	0	1.241215	0.540116	0	0	1484.000000	0.000000	0.000000
260	8580	0	0	0	4	0	1.324729	0.429710	0	0	1490.000000	0.000000	0.000000
261	8613	0	0	0	4	0	1.271042	0.408823	0	0	1484.000000	0.000000	0.000000
262	8646	0	0	0	4	0	1.351571	0.435678	0	0	1468.000000	0.000000	0.000000
263	8679	0	0	0	4	0	1.324729	0.683339	0	0	1460.000000	0.000000	0.000000
264	8712	0	0	0	4	0	1.303851	0.617697	0	0	1444.000000	0.000000	0.000000
265	8745	0	0	0	4	0	1.262093	0.626648	0	0	1430.000000	0.000000	0.000000
266	8778	0	0	0	4	0	1.324729	0.546084	0	0	1423.000000	0.000000	0.000000
267	8811	0	0	0	4	0	1.339641	0.638583	0	0	1446.000000	0.000000	0.000000
268	8844	0	0	0	4	0	1.211387	0.602777	0	0	1437.000000	0.000000	0.000000
269	8877	0	0	0	4	0	1.279989	0.677372	0	0	1436.000000	0.000000	0.000000
270	8910	0	0	0	4	0	1.199455	0.519229	0	0	1442.000000	0.000000	0.000000
271	8943	0	0	0	4	0	1.300868	0.602777	0	0	1440.000000	0.000000	0.000000
272	8976	0	0	0	4	0	1.342624	0.578906	0	0	1452.000000	0.000000	0.000000
273	9009	0	0	0	4	0	1.330694	0.522213	0	0	1461.000000	0.000000	0.000000
274	9042	0	0	0	4	0	1.300868	0.581890	0	0	1469.000000	0.000000	0.000000
275	9075	0	0	0	4	0	1.271042	0.569955	0	0	1455.000000	0.000000	0.000000
276	9108	0	0	0	4	0	1.369466	0.581890	0	0	1460.000000	0.000000	0.000000
277	9141	0	0	0	4	0	1.369466	0.605761	0	0	1468.000000	0.000000	0.000000
278	9174	0	0	0	4	0	1.238232	0.611729	0	0	1472.000000	0.000000	0.000000
279	9207	0	0	0	4	0	1.318764	0.641567	0	0	1470.000000	0.000000	0.000000
280	9240	0	0	0	4	0	1.336659	0.623664	0	0	1461.000000	0.000000	0.000000
281	9273	0	0	0	4	0	1.318764	0.602777	0	0	1466.000000	0.000000	0.000000
282	9306	0	0	0	4	0	1.291920	0.578906	0	0	1464.000000	0.000000	0.000000
283	9339	0	0	0	4	0	1.300868	0.608745	0	0	1462.000000	-9.984145	-10.157719
284	9372	0	0	0	4	0	1.306833	0.725111	0	0	1471.000000	-9.984145	-10.157719
285	9405	0	0	0	4	0	1.256128	0.569955	0	0	1456.000000	-9.984145	-10.157719
286	9438	0	0	0	4	0	1.342624	0.584874	0	0	1463.000000	-9.984145	-10.157719
287	9471	0	0	0	4	0	1.118916	0.531164	0	0	1470.000000	-9.984145	-10.157719
288	9504	0	0	0	4	0	1.184541	0.498342	0	0	1472.000000	-9.984145	-10.157719
289	9537	0	0	0	4	0	1.271042	0.593825	0	0	1458.000000	-9.984145	-10.157719
290	9570	0	0	0	4	0	1.160677	0.441646	0	0	1472.000000	-9.984145	-10.157719
291	9603	0	0	0	4	0	-5.604208	-5.509611	0	0	1463.000000	-9.984145	-10.157719
292	9636	0	0	0	4	0	-10.281998	-7.436255	0	0	1462.000000	-9.984145	-10.157719
293	9669	0	0	0	4	0	-10.538916	-7.562390	0	0	1453.000000	-9.984145	-10.157719
294	9702	0	0	0	4	0	-10.409066	-7.606372	0	0	1461.000000	-9.984145	-10.157719
295	9735	0	0	0	4	0	-10.495646	-7.597575	0	0	1450.000000	-9.984145	-10.157719
296	9768	0	0	0	4	0	-10.385971	-7.577052	0	0	1467.000000	-9.984145	-10.157719
297	9801	0	0	0	4	0	-10.432158	-7.591712	0	0	1467.000000	-9.984145	-10.157719
298	9834	0	0	0	4	0	-10.478333	-7.535995	0	0	1459.000000	-9.984145	-10.157719
299	9867	0	0	0	4	0	-10.489875	-7.497866	0	0	1476.000000	-9.984145	-10.157719
300	9900	0	0	0	4	0	-10.429273	-7.342343	0	0	1476.000000	-9.984145	-10.157719
301	9933	0	0	0	4	0	-10.302220	-7.398108	0	0	1491.000000	-9.984145	-10.157719
302	9966	0	0	0	4	0	-10.380197	-7.427454	0	0	1490.000000	-9.984145	-10.157719
303	9999	0	0	0	4	0	-10.420612	-7.362889	0	0	1506.000000	-9.984145	-10.157719
304	10032	0	0	0	4	0	-10.495646	-7.436255	0	0	1516.000000	-9.984145	-10.157719
305	10065	0	0	0	4	0	-10.397518	-7.315921	0	0	1516.000000	-9.984145	-10.157719
306	10098	0	0	0	4	0	-10.417727	-7.348212	0	0	1505.000000	-9.984145	-10.157719
307	10131	0	0	0	4	0	-10.530263	-7.327665	0	0	1519.000000	-9.984145	-10.157719
308	10164	0	0	0	4	0	-10.397518	-7.260135	0	0	1503.000000	-9.984145	-10.157719
309	10197	0	0	0	4	0	-10.420612	-7.192585	0	0	1493.000000	-9.984145	-10.157719
310	10230	0	0	0	4	0	-10.380197	-7.292435	0	0	1491.000000	-9.984145	-10.157719
311	10263	0	0	0	4	0	-10.336882	-7.230768	0	0	1494.000000	-9.984145	-10.157719
312	10296	0	0	0	4	0	-10.429273	-7.321794	0	0	1492.000000	-9.984145	-10.157719
313	10329	0	0	0	4	0	-10.383083	-7.415717	0	0	1485.000000	0.000000	0.000000
314	10362	0	0	0	4	0	-10.466791	-7.368760	0	0	1479.000000	0.000000	0.000000
315	10395	0	0	0	4	0	-10.437931	-7.207272	0	0	1475.000000	0.000000	0.000000
316	10428	0	0	0	4	0	-10.495646	-7.169086	0	0	1478.000000	0.000000	0.000000
317	10461	0	0	0	4	0	-10.417727	-7.142645	0	0	1481.000000	0.000000	0.000000
318	10494	0	0	0	4	0	-10.437931	-7.216083	0	0	1486.000000	0.000000	0.000000
319	10527	0	0	0	4	0	-10.475447	-7.289497	0	0	1477.000000	0.000000	0.000000
320	10560	0	0	0	4	0	-6.892777	-6.383421	0	0	1457.000000	0.000000	0.000000
321	10593	0	0	0	4	0	-0.760915	-0.313333	0	0	1462.000000	0.000000	0.000000
322	10626	0	0	0	4	0	-0.745997	-0.632616	0	0	1460.000000	0.000000	0.000000
323	10659	0	0	0	4	0	-0.960808	-0.668420	0	0	1470.000000	0.000000	0.000000
324	10692	0	0	0	4	0	-0.725111	-0.650518	0	0	1486.000000	0.000000	0.000000
325	10725	0	0	0	4	0	-0.760915	-0.519229	0	0	1493.000000	0.000000	0.000000
326	10758	0	0	0	4	0	-0.555035	-0.355110	0	0	1475.000000	0.000000	0.000000
327	10791	0	0	0	4	0	-0.516244	-0.244700	0	0	1491.000000	0.000000	0.000000
328	10824	0	0	0	4	0	0.101461	-0.164128	0	0	1476.000000	0.000000	0.000000
329	10857	0	0	0	4	0	-0.074604	-0.050731	0	0	1480.000000	0.000000	0.000000
330	10890	0	0	0	4	0	-0.149207	-0.396886	0	0	1484.000000	0.000000	0.000000
331	10923	0	0	0	4	0	-0.328253	-0.498342	0	0	1477.000000	0.000000	0.000000
332	10956	0	0	0	4	0	-0.378983	-0.435678	0	0	1470.000000	0.000000	0.000000
333	10989	0	0	0	4	0	-0.268572	-0.492373	0	0	1473.000000	0.000000	0.000000
334	11022	0	0	0	4	0	-0.364062	-0.399870	0	0	1460.000000	0.000000	0.000000
335	11055	0	0	0	4	0	-0.465517	-0.381966	0	0	1463.000000	0.000000	0.000000
336	11088	0	0	0	4	0	-0.501325	-0.322285	0	0	1451.000000	0.000000	0.000000
337	11121	0	0	0	4	0	-0.486405	-0.435678	0	0	1437.000000	0.000000	0.000000
338	11154	0	0	0	4	0	-0.593826	-0.462534	0	0	1435.000000	0.000000	0.000000
339	11187	0	0	0	4	0	-0.572939	-0.468502	0	0	1449.000000	0.000000	0.000000
340	11220	0	0	0	4	0	-0.471486	-0.384950	0	0	1432.000000	0.000000	0.000000
341	11253	0	0	0	4	0	-0.507293	-0.378983	0	0	1438.000000	0.000000	0.000000
342	11286	0	0	0	4	0	-0.459551	-0.420759	0	0	1414.000000	0.000000	0.000000
343	11319	0	0	0	4	0	-0.641567	-0.441646	0	0	1403.000000	0.070476	-0.071702
344	11352	0	0	0	4	0	-0.486405	-0.414790	0	0	1417.000000	0.845716	-0.860418
345	11385	0	0	0	4	0	-0.375997	-0.358094	0	0	1431.000000	1.620955	-1.649135
346	11418	0	0	0	4	0	-0.447614	-0.387934	0	0	1407.000000	2.396195	-2.437852
347	11451	0	0	0	4	0	-0.387934	-0.375998	0	0	1404.000000	3.171434	-3.226569
348	11484	0	0	0	4	0	-0.349142	-0.477454	0	0	1406.000000	3.946674	-4.015286
349	11517	0	0	0	4	0	-0.202921	-0.522213	0	0	1406.000000	4.721913	-4.804003
350	11550	0	0	0	4	0	4.630255	-3.204621	0	0	1439.000000	5.497153	-5.592721
351	11583	0	0	0	4	0	4.487921	-3.760595	0	0	1425.000000	6.272392	-6.381437
352	11616	0	0	0	4	0	4.876238	-4.155595	0	0	1441.000000	7.047632	-7.170155
353	11649	0	0	0	4	0	5.071712	-4.728077	0	0	1429.000000	7.822871	-7.958871
354	11682	0	0	0	4	0	6.969237	-7.271881	0	0	1489.000000	8.598111	-8.747588
355	11715	0	0	0	4	0	7.562389	-7.298307	0	0	1488.000000	9.373350	-9.536305
356	11748	0	0	0	4	0	7.588779	-7.433322	0	0	1521.000000	9.984145	-10.157719
357	11781	0	0	0	4	0	8.373102	-8.203618	0	0	1568.000000	9.984145	-10.157719
358	11814	0	0	0	4	0	8.475307	-8.262077	0	0	1568.000000	9.984145	-10.157719
359	11847	0	0	0	4	0	8.746611	-8.486983	0	0	1574.000000	9.984145	-10.157719
360	11880	0	0	0	4	0	8.609549	-8.475306	0	0	1590.000000	9.984145	-10.157719
361	11913	0	0	0	4	0	8.358498	-8.422751	0	0	1607.000000	9.984145	-10.157719
362	11946	0	0	0	4	0	8.384786	-8.381866	0	0	1609.000000	9.984145	-10.157719
363	11979	0	0	0	4	0	9.665446	-9.482646	0	0	1606.000000	9.984145	-10.157719
364	12012	0	0	0	4	0	9.905976	-9.514577	0	0	1611.000000	9.984145	-10.157719
365	12045	0	0	0	4	0	9.752425	-9.502967	0	0	1610.000000	9.984145	-10.157719
366	12078	0	0	0	4	0	9.752425	-9.578424	0	0	1617.000000	9.984145	-10.157719
367	12111	0	0	0	4	0	9.520383	-9.543600	0	0	1613.000000	9.984145	-10.157719
368	12144	0	0	0	4	0	9.691545	-9.569718	0	0	1602.000000	9.984145	-10.157719
369	12177	0	0	0	4	0	9.989934	-9.726336	0	0	1597.000000	9.984145	-10.157719
370	12210	0	0	0	4	0	10.339770	-9.963881	0	0	1613.000000	9.984145	-10.157719
371	12243	0	0	0	4	0	10.015981	-10.039131	0	0	1583.000000	9.984145	-10.157719
372	12276	0	0	0	4	0	9.836461	-9.989934	0	0	1569.000000	9.984145	-10.157719
373	12309	0	0	0	4	0	10.125911	-10.027556	0	0	1579.000000	9.984145	-10.157719
374	12342	0	0	0	4	0	10.015981	-10.044917	0	0	1557.000000	9.984145	-10.157719
375	12375	0	0	0	4	0	9.894392	-10.013087	0	0	1548.000000	9.984145	-10.157719
376	12408	0	0	0	4	0	9.720538	-10.039131	0	0	1557.000000	9.984145	-10.157719
377	12441	0	0	0	4	0	9.648046	-10.146152	0	0	1545.000000	9.984145	-10.157719
378	12474	0	0	0	4	0	9.845152	-10.229987	0	0	1539.000000	9.984145	-10.157719
379	12507	0	0	0	4	0	9.946512	-10.076741	0	0	1525.000000	9.984145	-10.157719
380	12540	0	0	0	4	0	9.943618	-10.013087	0	0	1523.000000	9.984145	-10.157719
381	12573	0	0	0	4	0	9.645144	-9.966779	0	0	1532.000000	9.984145	-10.157719
382	12606	0	0	0	4	0	9.354859	-9.830667	0	0	1530.000000	9.984145	-10.157719
383	12639	0	0	0	4	0	9.465226	-9.853842	0	0	1520.000000	9.984145	-10.157719
384	12672	0	0	0	4	0	9.369386	-9.732134	0	0	1517.000000	9.984145	-10.157719
385	12705	0	0	0	4	0	9.279305	-9.726336	0	0	1516.000000	9.984145	-10.157719
386	12738	0	0	0	4	0	9.229886	-9.523284	0	0	1530.000000	9.984145	-10.157719
387	12771	0	0	0	4	0	8.880659	-9.537796	0	0	1526.000000	9.208176	-9.368258
388	12804	0	0	0	4	0	8.857353	-9.372291	0	0	1542.000000	8.354609	-8.499853
389	12837	0	0	0	4	0	8.959294	-9.302556	0	0	1535.000000	7.501042	-7.631447
390	12870	0	0	0	4	0	8.921437	-9.224071	0	0	1554.000000	6.647475	-6.763041
391	12903	0	0	0	4	0	8.498660	-9.165912	0	0	1574.000000	5.793908	-5.894635
392	12936	0	0	0	4	0	8.364339	-8.801991	0	0	1590.000000	4.940341	-5.026228
393	12969	0	0	0	4	0	5.775588	-3.112393	0	0	1511.000000	4.086774	-4.157823
394	13002	0	0	0	4	0	5.287780	-0.757931	0	0	1483.000000	3.233208	-3.289417
395	13035	0	0	0	4	0	4.125908	-0.635599	0	0	1476.000000	2.379641	-2.421011
396	13068	0	0	0	4	0	2.704618	-0.414790	0	0	1511.000000	1.526074	-1.552605
397	13101	0	0	0	4	0	-0.948874	-0.692291	0	0	1472.000000	0.672507	-0.684199
398	13134	0	0	0	4	0	-1.670653	-0.734062	0	0	1457.000000	0.000000	0.000000
399	13167	0	0	0	4	0	-2.323383	-0.540116	0	0	1470.000000	0.000000	0.000000
400	13200	0	0	0	4	0	-2.981461	-0.381966	0	0	1487.000000	0.000000	0.000000
401	13233	0	0	0	4	0	-3.234368	-0.152192	0	0	1471.000000	0.000000	0.000000
402	13266	0	0	0	4	0	-3.400921	0.053714	0	0	1470.000000	0.000000	0.000000
403	13299	0	0	0	4	0	-3.597142	-0.077588	0	0	1445.000000	0.000000	0.000000
404	13332	0	0	0	4	0	-0.963791	-0.513261	0	0	1411.000000	0.000000	0.000000
405	13365	0	0	0	4	0	-1.017489	-0.590841	0	0	1414.000000	0.000000	0.000000
406	13398	0	0	0	4	0	-1.071187	-0.704225	0	0	1420.000000	0.000000	0.000000
407	13431	0	0	0	4	0	-1.041356	-0.387934	0	0	1419.000000	0.000000	0.000000
408	13464	0	0	0	4	0	-1.014507	-0.483422	0	0	1404.000000	0.000000	0.000000
409	13497	0	0	0	4	0	-1.053288	-0.498342	0	0	1405.000000	0.000000	0.000000
410	13530	0	0	0	4	0	-0.933958	-0.575922	0	0	1422.000000	0.000000	0.000000
411	13563	0	0	0	4	0	-0.671404	-0.471486	0	0	1400.000000	0.000000	0.000000
412	13596	0	0	0	4	0	-0.620680	-0.405838	0	0	1409.000000	0.000000	0.000000
413	13629	0	0	0	4	0	-0.683340	-0.420759	0	0	1403.000000	0.000000	0.000000
414	13662	0	0	0	4	0	-0.629631	-0.528181	0	0	1394.000000	0.000000	0.000000
415	13695	0	0	0	4	0	-0.563988	-0.483422	0	0	1401.000000	0.000000	0.000000
416	13728	0	0	0	4	0	-0.704224	-0.513261	0	0	1406.000000	0.000000	0.000000
417	13761	0	0	0	4	0	-0.641567	-0.552052	0	0	1403.000000	0.000000	0.000000
418	13794	0	0	0	4	0	-0.608746	-0.480438	0	0	1392.000000	0.000000	0.000000
419	13827	0	0	0	4	0	-0.647534	-0.423743	0	0	1390.000000	0.000000	0.000000
420	13860	0	0	0	4	0	-0.641567	-0.522213	0	0	1385.000000	0.000000	0.000000
421	13893	0	0	0	4	0	-0.728095	-0.549068	0	0	1395.000000	0.000000	0.000000
422	13926	0	0	0	4	0	-0.584873	-0.584874	0	0	1410.000000	0.000000	0.000000
423	13959	0	0	0	4	0	-0.722128	-0.656485	0	0	1400.000000	0.000000	0.000000
424	13992	0	0	0	4	0	-0.635599	-0.692291	0	0	1410.000000	0.000000	0.000000
425	14025	0	0	0	4	0	-0.689306	-0.656485	0	0	1430.000000	0.000000	0.000000
426	14058	0	0	0	4	0	-0.620680	-0.593825	0	0	1444.000000	0.000000	0.000000
427	14091	0	0	0	4	0	-0.677372	-0.659469	0	0	1455.000000	0.000000	0.000000
428	14124	0	0	0	4	0	-0.555035	-0.668420	0	0	1456.000000	0.000000	0.000000
429	14157	0	0	0	4	0	-0.569954	-0.590841	0	0	1458.000000	9.984145	-10.157719
430	14190	0	0	0	4	0	-0.632616	-0.578906	0	0	1455.000000	9.984145	-10.157719
431	14223	0	0	0	4	0	-0.531164	-0.635599	0	0	1485.000000	9.984145	-10.157719
432	14256	0	0	0	4	0	-0.552052	-0.593825	0	0	1509.000000	9.984145	-10.157719
433	14289	0	0	0	4	0	-0.587858	-0.552052	0	0	1500.000000	9.984145	-10.157719
434	14322	0	0	0	4	0	-0.519230	-0.558020	0	0	1506.000000	9.984145	-10.157719
435	14355	0	0	0	4	0	-0.498342	-0.599793	0	0	1524.000000	9.984145	-10.157719
436	14388	0	0	0	4	0	5.151645	-3.246267	0	0	1553.000000	9.984145	-10.157719
437	14421	0	0	0	4	0	10.417727	-8.016435	0	0	1657.000000	9.984145	-10.157719
438	14454	0	0	0	4	0	10.798284	-8.793247	0	0	1685.000000	9.984145	-10.157719
439	14487	0	0	0	4	0	10.564872	-8.729118	0	0	1670.000000	9.984145	-10.157719
440	14520	0	0	0	4	0	10.541800	-8.656219	0	0	1655.000000	9.984145	-10.157719
441	14553	0	0	0	4	0	10.631186	-8.694130	0	0	1658.000000	9.984145	-10.157719
442	14586	0	0	0	4	0	10.515840	-8.734950	0	0	1676.000000	9.984145	-10.157719
443	14619	0	0	0	4	0	10.406179	-8.592043	0	0	1663.000000	9.984145	-10.157719
444	14652	0	0	0	4	0	10.420613	-8.600798	0	0	1672.000000	9.984145	-10.157719
445	14685	0	0	0	4	0	10.391746	-8.653303	0	0	1663.000000	9.984145	-10.157719
446	14718	0	0	0	4	0	10.547568	-8.659137	0	0	1672.000000	9.984145	-10.157719
447	14751	0	0	0	4	0	9.305462	-9.389719	0	0	1683.000000	9.984145	-10.157719
448	14784	0	0	0	4	0	9.404243	-9.325803	0	0	1688.000000	9.984145	-10.157719
449	14817	0	0	0	4	0	9.139734	-9.424573	0	0	1672.000000	9.984145	-10.157719
450	14850	0	0	0	4	0	9.168820	-9.325803	0	0	1649.000000	9.984145	-10.157719
451	14883	0	0	0	4	0	9.218257	-9.479742	0	0	1634.000000	9.984145	-10.157719
452	14916	0	0	0	4	0	9.165913	-9.325803	0	0	1628.000000	9.984145	-10.157719
453	14949	0	0	0	4	0	9.011699	-9.378099	0	0	1626.000000	9.984145	-10.157719
454	14982	0	0	0	4	0	8.898136	-9.203716	0	0	1631.000000	9.984145	-10.157719
455	15015	0	0	0	4	0	8.970942	-9.215348	0	0	1616.000000	9.984145	-10.157719
456	15048	0	0	0	4	0	8.915612	-9.043715	0	0	1602.000000	9.984145	-10.157719
457	15081	0	0	0	4	0	8.976764	-8.988410	0	0	1602.000000	9.984145	-10.157719
458	15114	0	0	0	4	0	8.702878	-8.997144	0	0	1583.000000	9.984145	-10.157719
459	15147	0	0	0	4	0	8.536603	-8.959294	0	0	1585.000000	0.000000	0.000000
460	15180	0	0	0	4	0	8.705794	-9.020432	0	0	1559.000000	0.000000	0.000000
461	15213	0	0	0	4	0	8.734950	-8.976764	0	0	1552.000000	0.000000	0.000000
462	15246	0	0	0	4	0	8.767015	-8.734950	0	0	1536.000000	0.000000	0.000000
463	15279	0	0	0	4	0	8.603714	-8.796161	0	0	1554.000000	0.000000	0.000000
464	15312	0	0	0	4	0	8.539521	-8.796161	0	0	1533.000000	0.000000	0.000000
465	15345	0	0	0	4	0	2.412754	-1.381396	0	0	1454.000000	0.000000	0.000000
466	15378	0	0	0	4	0	-0.489390	-0.459550	0	0	1410.000000	0.000000	0.000000
467	15411	0	0	0	4	0	-0.373014	-0.158159	0	0	1409.000000	0.000000	0.000000
468	15444	0	0	0	4	0	-0.504310	-0.023873	0	0	1406.000000	0.000000	0.000000
469	15477	0	0	0	4	0	-0.504310	-0.002984	0	0	1382.000000	0.000000	0.000000
470	15510	0	0	0	4	0	-0.534149	-0.134287	0	0	1387.000000	0.000000	0.000000
471	15543	0	0	0	4	0	-0.653502	-0.229779	0	0	1390.000000	0.000000	0.000000
472	15576	0	0	0	4	0	-0.650518	-0.378983	0	0	1388.000000	0.000000	0.000000
473	15609	0	0	0	4	0	-0.525196	-0.211874	0	0	1389.000000	0.000000	0.000000
474	15642	0	0	0	4	0	-0.611729	-0.331238	0	0	1368.000000	0.000000	0.000000
475	15675	0	0	0	4	0	-0.581890	-0.244700	0	0	1374.000000	0.000000	0.000000
476	15708	0	0	0	4	0	-0.671404	-0.316317	0	0	1352.000000	0.000000	0.000000
477	15741	0	0	0	4	0	-0.763898	-0.441646	0	0	1340.000000	0.000000	0.000000
478	15774	0	0	0	4	0	-0.486405	-0.375998	0	0	1352.000000	0.000000	0.000000
479	15807	0	0	0	4	0	-1.265077	-0.465518	0	0	1326.000000	0.000000	0.000000
480	15840	0	0	0	4	0	-90.000000	-90.000000	0	4	0.000000	0.000000	0.000000
481	15873	0	0	0	4	0	-90.000000	-90.000000	0	4	0.000000	0.000000	0.000000
482	15906	0	0	0	4	0	-90.000000	-90.000000	0	4	0.000000	0.000000	0.000000
483	15939	0	0	0	4	0	-90.000000	-90.000000	0	4	0.000000	0.000000	0.000000
484	15972	0	0	0	4	0	-0.038794	-0.029842	0	0	1299.000000	0.000000	0.000000
485	16005	0	0	0	4	0	0.149207	0.220826	0	0	1291.000000	0.000000	0.000000
486	16038	0	0	0	4	0	0.188001	0.128318	0	0	1288.000000	0.000000	0.000000
487	16071	0	0	0	4	0	0.232762	-0.026857	0	0	1306.000000	0.000000	0.000000
488	16104	0	0	0	4	0	0.229779	0.235747	0	0	1294.000000	0.000000	0.000000
489	16137	0	0	0	4	0	0.101461	0.370030	0	0	1298.000000	0.282837	0.287754
490	16170	0	0	0	4	0	0.068635	0.593825	0	0	1285.000000	1.216199	1.237342
491	16203	0	0	0	4	0	0.119366	0.686323	0	0	1281.000000	2.149561	2.186931
492	16236	0	0	0	4	0	-0.149207	0.328253	0	0	1295.000000	3.082923	3.136519
493	16269	0	0	0	4	0	-90.000000	-90.000000	0	4	0.000000	4.016285	4.086108
494	16302	0	0	0	4	0	-90.000000	-90.000000	0	4	0.000000	4.949647	5.035696
495	16335	0	0	0	4	0	4.493853	4.876239	0	0	1318.000000	5.883009	5.985285
496	16368	0	0	0	4	0	4.985837	4.956220	0	0	1298.000000	6.816371	6.934873
497	16401	0	0	0	4	0	5.225639	5.163485	0	0	1314.000000	7.749733	7.884461
498	16434	0	0	0	4	0	5.686956	5.568737	0	0	1317.000000	8.683095	8.834050
499	16467	0	0	0	4	0	8.737865	8.066172	0	0	1319.000000	9.616457	9.783638
500	16500	0	0	0	4	0	10.501414	9.630642	0	0	1309.000000	9.984145	10.157719
501	16533	0	0	0	4	0	10.890397	9.920454	0	0	1283.000000	9.984145	10.157719
502	16566	0	0	0	4	0	11.470528	10.096990	0	0	1294.000000	9.984145	10.157719
503	16599	0	0	0	4	0	11.547893	10.079634	0	0	1287.000000	9.984145	10.157719
504	16632	0	0	0	4	0	11.269755	10.151937	0	0	1296.000000	9.984145	10.157719
505	16665	0	0	0	4	0	10.890397	10.881763	0	0	1293.000000	9.984145	10.157719
506	16698	0	0	0	4	0	10.936432	10.852983	0	0	1277.000000	9.984145	10.157719
507	16731	0	0	0	4	0	11.034209	11.005458	0	0	1268.000000	9.984145	10.157719
508	16764	0	0	0	4	0	11.111810	10.867374	0	0	1291.000000	9.984145	10.157719
509	16797	0	0	0	4	0	10.829955	10.913416	0	0	1288.000000	9.984145	10.157719
510	16830	0	0	0	4	0	10.878886	10.973825	0	0	1287.000000	9.984145	10.157719
511	16863	0	0	0	4	0	10.832833	11.005458	0	0	1284.000000	9.984145	10.157719
512	16896	0	0	0	4	0	10.827075	11.005458	0	0	1270.000000	9.984145	10.157719
513	16929	0	0	0	4	0	10.757967	10.947939	0	0	1274.000000	9.984145	10.157719
514	16962	0	0	0	4	0	10.688827	10.968073	0	0	1292.000000	9.984145	10.157719
515	16995	0	0	0	4	0	10.461019	10.769487	0	0	1287.000000	9.984145	10.157719
516	17028	0	0	0	4	0	10.518723	10.801164	0	0	1305.000000	9.984145	10.157719
517	17061	0	0	0	4	0	10.599474	10.901907	0	0	1304.000000	9.984145	10.157719
518	17094	0	0	0	4	0	10.680182	10.864497	0	0	1308.000000	9.984145	10.157719
519	17127	0	0	0	4	0	10.518723	10.755087	0	0	1306.000000	9.984145	10.157719
520	17160	0	0	0	4	0	10.504300	10.786767	0	0	1324.000000	9.984145	10.157719
521	17193	0	0	0	4	0	10.518723	10.832833	0	0	1304.000000	9.984145	10.157719
522	17226	0	0	0	4	0	10.510069	10.786767	0	0	1301.000000	9.984145	10.157719
523	17259	0	0	0	4	0	10.547568	10.732043	0	0	1281.000000	9.984145	10.157719
524	17292	0	0	0	4	0	10.417727	10.622539	0	0	1279.000000	9.984145	10.157719
525	17325	0	0	0	4	0	10.463905	10.631186	0	0	1296.000000	9.984145	10.157719
526	17358	0	0	0	4	0	10.409065	10.691709	0	0	1273.000000	9.984145	10.157719
527	17391	0	0	0	4	0	10.443704	10.674418	0	0	1260.000000	9.984145	10.157719
528	17424	0	0	0	4	0	10.504300	10.585057	0	0	1268.000000	9.984145	10.157719
529	17457	0	0	0	4	0	10.322440	10.536032	0	0	1267.000000	9.984145	10.157719
530	17490	0	0	0	4	0	10.053596	10.307998	0	0	1267.000000	9.678352	9.846609
531	17523	0	0	0	4	0	10.021769	10.316663	0	0	1268.000000	8.669235	8.819948
532	17556	0	0	0	4	0	10.088312	10.501415	0	0	1285.000000	7.660118	7.793288
533	17589	0	0	0	4	0	10.125911	10.388858	0	0	1285.000000	6.651000	6.766627
534	17622	0	0	0	4	0	10.013087	10.096990	0	0	1305.000000	5.641883	5.739966
535	17655	0	0	0	4	0	9.824872	9.900185	0	0	1318.000000	4.632766	4.713306
536	17688	0	0	0	4	0	8.358498	8.755356	0	0	1322.000000	3.623648	3.686645
537	17721	0	0	0	4	0	3.918045	1.769041	0	0	1346.000000	2.614531	2.659985
538	17754	0	0	0	4	0	1.602074	-0.134287	0	0	1326.000000	1.605414	1.633324
539	17787	0	0	0	4	0	1.300868	-0.375998	0	0	1345.000000	0.596297	0.606663
540	17820	0	0	0	4	0	1.235249	-0.534148	0	0	1348.000000	-0.412821	-0.419998
541	17853	0	0	0	4	0	1.032406	-0.629632	0	0	1344.000000	-1.421938	-1.446658
542	17886	0	0	0	4	0	0.692291	-0.799701	0	0	1363.000000	-2.431055	-2.473319
543	17919	0	0	0	4	0	0.367046	-1.175592	0	0	1372.000000	-3.440172	-3.499980
544	17952	0	0	0	4	0	-1.640837	-1.742209	0	0	1385.000000	-4.449290	-4.526640
545	17985	0	0	0	4	0	-1.536471	-1.667671	0	0	1387.000000	-5.458407	-5.553301
546	18018	0	0	0	4	0	-1.697488	-1.658727	0	0	1399.000000	-6.467525	-6.579962
547	18051	0	0	0	4	0	-1.766061	-1.658727	0	0	1412.000000	-7.476642	-7.606622
548	18084	0	0	0	4	0	-5.610118	-4.455294	0	0	1431.000000	-8.485759	-8.633283
549	18117	0	0	0	4	0	-5.624896	-4.748824	0	0	1441.000000	-9.494876	-9.659944
550	18150	0	0	0	4	0	-5.604208	-4.956220	0	0	1442.000000	-9.984145	-10.157719
551	18183	0	0	0	4	0	-5.477084	-5.130924	0	0	1443.000000	-9.984145	-10.157719
552	18216	0	0	0	4	0	-5.556912	-5.477084	0	0	1464.000000	-9.984145	-10.157719
553	18249	0	0	0	4	0	-8.688299	-8.454871	0	0	1467.000000	-9.984145	-10.157719
554	18282	0	0	0	4	0	-11.166392	-10.881763	0	0	1435.000000	-9.984145	-10.157719
555	18315	0	0	0	4	0	-11.550757	-11.163521	0	0	1424.000000	-9.984145	-10.157719
556	18348	0	0	0	4	0	-11.533567	-11.077326	0	0	1445.000000	-9.984145	-10.157719
557	18381	0	0	0	4	0	-11.507783	-11.083073	0	0	1454.000000	-9.984145	-10.157719
558	18414	0	0	0	4	0	-10.313775	-10.296443	0	0	1461.000000	-9.984145	-10.157719
559	18447	0	0	0	4	0	-10.345545	-10.273331	0	0	1466.000000	-9.984145	-10.157719
560	18480	0	0	0	4	0	-10.235766	-10.258883	0	0	1488.000000	-9.984145	-10.157719
561	18513	0	0	0	4	0	-10.203973	-10.180848	0	0	1499.000000	-9.984145	-10.157719
562	18546	0	0	0	4	0	-10.160610	-10.319551	0	0	1510.000000	-9.984145	-10.157719
563	18579	0	0	0	4	0	-9.685746	-10.117234	0	0	1505.000000	-9.984145	-10.157719
564	18612	0	0	0	4	0	-9.653846	-10.111451	0	0	1503.000000	-9.984145	-10.157719
565	18645	0	0	0	4	0	-9.523284	-10.241547	0	0	1491.000000	-9.984145	-10.157719
566	18678	0	0	0	4	0	-9.517480	-10.299333	0	0	1489.000000	-9.984145	-10.157719
567	18711	0	0	0	4	0	-9.531994	-10.305108	0	0	1492.000000	-9.984145	-10.157719
568	18744	0	0	0	4	0	-9.581324	-10.261773	0	0	1490.000000	-9.984145	-10.157719
569	18777	0	0	0	4	0	-9.584227	-10.345545	0	0	1478.000000	-9.984145	-10.157719
570	18810	0	0	0	4	0	-9.824872	-10.091205	0	0	1483.000000	-9.984145	-10.157719
571	18843	0	0	0	4	0	-9.932036	-9.943617	0	0	1468.000000	-9.984145	-10.157719
572	18876	0	0	0	4	0	-9.926246	-10.047811	0	0	1467.000000	-9.984145	-10.157719
573	18909	0	0	0	4	0	-9.905975	-10.094096	0	0	1454.000000	-9.984145	-10.157719
574	18942	0	0	0	4	0	-9.908873	-10.105666	0	0	1456.000000	-9.984145	-10.157719
575	18975	0	0	0	4	0	-9.960988	-10.157718	0	0	1449.000000	-9.984145	-10.157719
576	19008	0	0	0	4	0	-9.978354	-10.018875	0	0	1456.000000	-9.984145	-10.157719
577	19041	0	0	0	4	0	-9.833564	-10.114343	0	0	1452.000000	-9.984145	-10.157719
578	19074	0	0	0	4	0	-9.882808	-10.018875	0	0	1453.000000	-9.984145	-10.157719
579	19107	0	0	0	4	0	-10.027556	-9.972566	0	0	1439.000000	-9.984145	-10.157719
580	19140	0	0	0	4	0	-10.065169	-9.868325	0	0	1446.000000	-9.753868	-9.923438
581	19173	0	0	0	4	0	-9.998616	-9.836462	0	0	1453.000000	-8.668278	-8.818974
582	19206	0	0	0	4	0	-9.998616	-9.714740	0	0	1447.000000	-7.582687	-7.714511
583	19239	0	0	0	4	0	-9.949408	-9.682845	0	0	1455.000000	-6.497096	-6.610047
584	19272	0	0	0	4	0	-9.929141	-9.679947	0	0	1450.000000	-5.411505	-5.505584
585	19305	0	0	0	4	0	-9.723436	-9.462322	0	0	1451.000000	-4.325915	-4.401120
586	19338	0	0	0	4	0	-5.808078	-6.471825	0	0	1510.000000	-3.240324	-3.296657
587	19371	0	0	0	4	0	-5.110201	-4.054653	0	0	1522.000000	-2.154733	-2.192193
588	19404	0	0	0	4	0	-4.277283	-3.406868	0	0	1526.000000	-1.069142	-1.087729
589	19437	0	0	0	4	0	-0.796718	-0.492373	0	0	1528.000000	0.016448	0.016734
590	19470	0	0	0	4	0	0.590841	0.930975	0	0	1547.000000	1.102039	1.121198
591	19503	0	0	0	4	0	1.903190	1.512616	0	0	1552.000000	2.187630	2.225662
592	19536	0	0	0	4	0	2.701641	2.195264	0	0	1543.000000	3.273221	3.330125
593	19569	0	0	0	4	0	3.264114	2.591462	0	0	1574.000000	4.358811	4.434589
594	19602	0	0	0	4	0	3.594169	3.293858	0	0	1579.000000	5.444402	5.539052
595	19635	0	0	0	4	0	6.642648	6.627927	0	0	1550.000000	6.529993	6.643516
596	19668	0	0	0	4	0	6.966297	7.937413	0	0	1549.000000	7.615583	7.747980
597	19701	0	0	0	4	0	7.371694	8.308832	0	0	1543.000000	8.701175	8.852444
598	19734	0	0	0	4	0	7.788069	8.632885	0	0	1531.000000	9.786765	9.956907
599	19767	0	0	0	4	0	7.919849	8.889399	0	0	1530.000000	9.984145	10.157719
600	19800	0	0	0	4	0	7.998877	8.953470	0	0	1504.000000	9.984145	10.157719
601	19833	0	0	0	4	0	8.828217	9.816180	0	0	1512.000000	9.984145	10.157719
602	19866	0	0	0	4	0	9.110643	9.874119	0	0	1518.000000	9.984145	10.157719
603	19899	0	0	0	4	0	9.061178	10.082526	0	0	1514.000000	9.984145	10.157719
604	19932	0	0	0	4	0	9.267679	10.143261	0	0	1496.000000	9.984145	10.157719
605	19965	0	0	0	4	0	9.415860	10.027556	0	0	1488.000000	9.984145	10.157719
606	19998	0	0	0	4	0	9.578424	10.648481	0	0	1498.000000	9.984145	10.157719
607	20031	0	0	0	4	0	9.334521	10.654244	0	0	1482.000000	9.984145	10.157719
608	20064	0	0	0	4	0	9.613237	10.746446	0	0	1489.000000	9.984145	10.157719
609	20097	0	0	0	4	0	9.706042	10.720520	0	0	1472.000000	9.984145	10.157719
610	20130	0	0	0	4	0	9.723436	10.789645	0	0	1470.000000	9.984145	10.157719
611	20163	0	0	0	4	0	9.526187	10.824197	0	0	1458.000000	9.984145	10.157719
612	20196	0	0	0	4	0	9.569718	10.662891	0	0	1458.000000	9.984145	10.157719
613	20229	0	0	0	4	0	9.459418	10.991080	0	0	1447.000000	9.984145	10.157719
614	20262	0	0	0	4	0	9.604534	10.870252	0	0	1440.000000	9.984145	10.157719
615	20295	0	0	0	4	0	9.555209	10.783886	0	0	1445.000000	9.984145	10.157719
616	20328	0	0	0	4	0	9.642244	10.829954	0	0	1442.000000	9.984145	10.157719
617	20361	0	0	0	4	0	9.520383	10.873130	0	0	1457.000000	9.984145	10.157719
618	20394	0	0	0	4	0	9.407147	10.688827	0	0	1435.000000	9.984145	10.157719
619	20427	0	0	0	4	0	9.534895	10.867374	0	0	1447.000000	9.984145	10.157719
620	20460	0	0	0	4	0	9.540698	10.746446	0	0	1427.000000	9.984145	10.157719
621	20493	0	0	0	4	0	9.711841	10.801164	0	0	1447.000000	9.984145	10.157719
622	20526	0	0	0	4	0	9.563915	10.858740	0	0	1471.000000	9.984145	10.157719
623	20559	0	0	0	4	0	9.572619	10.821318	0	0	1467.000000	9.984145	10.157719
624	20592	0	0	0	4	0	9.505869	10.726281	0	0	1453.000000	9.984145	10.157719
625	20625	0	0	0	4	0	9.604534	10.732043	0	0	1451.000000	9.984145	10.157719
626	20658	0	0	0	4	0	9.520383	10.680182	0	0	1455.000000	9.984145	10.157719
627	20691	0	0	0	4	0	9.529090	10.729162	0	0	1472.000000	9.984145	10.157719
628	20724	0	0	0	4	0	9.369386	10.660009	0	0	1467.000000	9.984145	10.157719
629	20757	0	0	0	4	0	9.337427	10.688827	0	0	1461.000000	-9.984145	-10.157719
630	20790	0	0	0	4	0	9.508773	10.631186	0	0	1458.000000	-9.984145	-10.157719
631	20823	0	0	0	4	0	9.502966	10.657127	0	0	1477.000000	-9.984145	-10.157719
632	20856	0	0	0	4	0	9.415860	10.605241	0	0	1482.000000	-9.984145	-10.157719
633	20889	0	0	0	4	0	9.308368	10.662891	0	0	1493.000000	-9.984145	-10.157719
634	20922	0	0	0	4	0	9.410051	10.527377	0	0	1477.000000	-9.984145	-10.157719
635	20955	0	0	0	4	0	9.160095	10.371533	0	0	1467.000000	-9.984145	-10.157719
636	20988	0	0	0	4	0	2.397860	2.636131	0	0	1556.000000	-9.984145	-10.157719
637	21021	0	0	0	4	0	-7.166148	-6.786873	0	0	1456.000000	-9.984145	-10.157719
638	21054	0	0	0	4	0	-8.329284	-8.340970	0	0	1464.000000	-9.984145	-10.157719
639	21087	0	0	0	4	0	-8.197771	-8.743695	0	0	1465.000000	-9.984145	-10.157719
640	21120	0	0	0	4	0	-8.235774	-8.746612	0	0	1477.000000	-9.984145	-10.157719
641	21153	0	0	0	4	0	-8.200695	-8.778675	0	0	1498.000000	-9.984145	-10.157719
642	21186	0	0	0	4	0	-8.221159	-8.702879	0	0	1507.000000	-9.984145	-10.157719
643	21219	0	0	0	4	0	-10.357098	-9.656746	0	0	1496.000000	-9.984145	-10.157719
644	21252	0	0	0	4	0	-10.512954	-9.804589	0	0	1497.000000	-9.984145	-10.157719
645	21285	0	0	0	4	0	-10.394632	-9.790101	0	0	1521.000000	-9.984145	-10.157719
646	21318	0	0	0	4	0	-10.452362	-9.911767	0	0	1527.000000	-9.984145	-10.157719
647	21351	0	0	0	4	0	-10.472563	-9.804589	0	0	1542.000000	-9.984145	-10.157719
648	21384	0	0	0	4	0	-10.388858	-9.807489	0	0	1546.000000	-9.984145	-10.157719
649	21417	0	0	0	4	0	-10.461019	-9.926246	0	0	1551.000000	-9.984145	-10.157719
650	21450	0	0	0	4	0	-10.426385	-9.894393	0	0	1555.000000	-9.984145	-10.157719
651	21483	0	0	0	4	0	-10.446589	-9.943617	0	0	1554.000000	-9.984145	-10.157719
652	21516	0	0	0	4	0	-10.426385	-9.903081	0	0	1552.000000	-9.984145	-10.157719
653	21549	0	0	0	4	0	-10.357098	-9.807489	0	0	1546.000000	-9.984145	-10.157719
654	21582	0	0	0	4	0	-10.411952	-9.845153	0	0	1530.000000	-9.984145	-10.157719
655	21615	0	0	0	4	0	-10.394632	-9.894393	0	0	1537.000000	-9.984145	-10.157719
656	21648	0	0	0	4	0	-10.319551	-10.001510	0	0	1539.000000	-9.984145	-10.157719
657	21681	0	0	0	4	0	-10.316663	-10.056491	0	0	1519.000000	-9.984145	-10.157719
658	21714	0	0	0	4	0	-10.452362	-9.836462	0	0	1517.000000	-9.984145	-10.157719
659	21747	0	0	0	4	0	-10.351321	-9.865431	0	0	1513.000000	9.984145	10.157719
660	21780	0	0	0	4	0	-10.250216	-9.958093	0	0	1513.000000	9.984145	10.157719
661	21813	0	0	0	4	0	-10.336882	-9.900184	0	0	1503.000000	9.984145	10.157719
662	21846	0	0	0	4	0	-10.377309	-9.900184	0	0	1481.000000	9.984145	10.157719
663	21879	0	0	0	4	0	-10.302220	-9.903081	0	0	1495.000000	9.984145	10.157719
664	21912	0	0	0	4	0	-10.235766	-9.885703	0	0	1485.000000	9.984145	10.157719
665	21945	0	0	0	4	0	-7.119140	-7.371695	0	0	1527.000000	9.984145	10.157719
666	21978	0	0	0	4	0	4.766605	7.618098	0	0	1540.000000	9.984145	10.157719
667	22011	0	0	0	4	0	7.723613	10.172175	0	0	1552.000000	9.984145	10.157719
668	22044	0	0	0	4	0	7.503730	10.149045	0	0	1552.000000	9.984145	10.157719
669	22077	0	0	0	4	0	7.374630	10.010193	0	0	1531.000000	9.984145	10.157719
670	22110	0	0	0	4	0	7.568254	10.206864	0	0	1543.000000	9.984145	10.157719
671	22143	0	0	0	4	0	8.612467	10.221315	0	0	1564.000000	9.984145	10.157719
672	22176	0	0	0	4	0	8.545358	10.276220	0	0	1585.000000	9.984145	10.157719
673	22209	0	0	0	4	0	8.478226	10.284887	0	0	1581.000000	9.984145	10.157719
674	22242	0	0	0	4	0	8.434431	10.331105	0	0	1587.000000	9.984145	10.157719
675	22275	0	0	0	4	0	8.405230	10.423500	0	0	1595.000000	9.984145	10.157719
676	22308	0	0	0	4	0	8.600796	10.417727	0	0	1588.000000	9.984145	10.157719
677	22341	0	0	0	4	0	8.446111	10.368647	0	0	1573.000000	9.984145	10.157719
678	22374	0	0	0	4	0	8.516172	10.400406	0	0	1600.000000	9.984145	10.157719
679	22407	0	0	0	4	0	8.273767	10.368647	0	0	1594.000000	9.984145	10.157719
680	22440	0	0	0	4	0	7.221958	9.209534	0	0	1576.000000	9.984145	10.157719
681	22473	0	0	0	4	0	5.660360	6.995697	0	0	1599.000000	9.984145	10.157719
682	22506	0	0	0	4	0	5.278903	6.978058	0	0	1569.000000	9.984145	10.157719
683	22539	0	0	0	4	0	5.320324	6.848657	0	0	1593.000000	9.984145	10.157719
684	22572	0	0	0	4	0	5.157565	6.895720	0	0	1545.000000	9.984145	10.157719
685	22605	0	0	0	4	0	5.231557	7.072122	0	0	1543.000000	9.984145	10.157719
686	22638	0	0	0	4	0	5.320324	6.886897	0	0	1542.000000	9.984145	10.157719
687	22671	0	0	0	4	0	5.290739	6.945714	0	0	1546.000000	9.984145	10.157719
688	22704	0	0	0	4	0	5.311449	6.913366	0	0	1551.000000	9.984145	10.157719
689	22737	0	0	0	4	0	5.240436	6.960416	0	0	1551.000000	9.984145	10.157719
690	22770	0	0	0	4	0	5.184205	6.822180	0	0	1519.000000	8.486524	10.157719
691	22803	0	0	0	4	0	5.127963	6.892778	0	0	1547.000000	6.839139	10.157719
692	22836	0	0	0	4	0	5.264108	6.613204	0	0	1549.000000	5.191755	10.157719
693	22869	0	0	0	4	0	5.027297	6.822180	0	0	1564.000000	3.544372	10.157719
694	22902	0	0	0	4	0	5.024335	6.807469	0	0	1543.000000	1.896988	10.157719
695	22935	0	0	0	4	0	4.923637	6.883955	0	0	1543.000000	0.249604	10.157719
696	22968	0	0	0	4	0	4.790313	6.986877	0	0	1562.000000	-1.397780	10.157719
697	23001	0	0	0	4	0	1.372449	8.976764	0	0	1516.000000	-3.045164	10.157719
698	23034	0	0	0	4	0	-1.121898	10.484103	0	0	1469.000000	-4.692548	10.157719
699	23067	0	0	0	4	0	-2.344236	10.755087	0	0	1485.000000	-6.339932	10.157719
700	23100	0	0	0	4	0	-3.284935	11.057205	0	0	1448.000000	-7.987316	10.157719
701	23133	0	0	0	4	0	-6.666202	11.177880	0	0	1426.000000	-9.634700	10.157719
702	23166	0	0	0	4	0	-7.315921	10.947939	0	0	1413.000000	-9.984145	10.157719
703	23199	0	0	0	4	0	-7.755844	10.778128	0	0	1430.000000	-9.984145	10.157719
704	23232	0	0	0	4	0	-7.960830	10.734923	0	0	1456.000000	-9.984145	10.157719
705	23265	0	0	0	4	0	-10.053597	10.660009	0	0	1446.000000	-9.984145	10.157719
706	23298	0	0	0	4	0	-11.160647	10.608124	0	0	1413.000000	-9.984145	10.157719
707	23331	0	0	0	4	0	-11.301324	10.504300	0	0	1412.000000	-9.984145	10.157719
708	23364	0	0	0	4	0	-11.307063	10.466791	0	0	1412.000000	-9.984145	10.157719
709	23397	0	0	0	4	0	-11.192240	10.354209	0	0	1432.000000	-9.984145	10.157719
710	23430	0	0	0	4	0	-10.339769	10.602357	0	0	1422.000000	-9.984145	10.157719
711	23463	0	0	0	4	0	-10.437931	10.654244	0	0	1413.000000	-9.984145	10.157719
712	23496	0	0	0	4	0	-10.423500	10.708997	0	0	1402.000000	-9.984145	10.157719
713	23529	0	0	0	4	0	-10.357098	10.648481	0	0	1410.000000	-9.984145	10.157719
714	23562	0	0	0	4	0	-10.160610	10.533146	0	0	1419.000000	-9.984145	10.157719
715	23595	0	0	0	4	0	-10.123019	10.590824	0	0	1398.000000	-9.984145	10.157719
716	23628	0	0	0	4	0	-10.267551	10.703234	0	0	1390.000000	-9.984145	10.157719
717	23661	0	0	0	4	0	-10.339769	10.636951	0	0	1376.000000	-9.984145	10.157719
718	23694	0	0	0	4	0	-10.235766	10.648481	0	0	1378.000000	-9.984145	10.157719
719	23727	0	0	0	4	0	-10.099881	10.538916	0	0	1392.000000	-9.984145	10.157719
720	23760	0	0	0	4	0	-10.015980	10.556220	0	0	1382.000000	-9.984145	10.157719
721	23793	0	0	0	4	0	-10.125913	10.668654	0	0	1362.000000	-9.984145	10.157719
722	23826	0	0	0	4	0	-10.192412	10.769487	0	0	1352.000000	-9.984145	10.157719
723	23859	0	0	0	4	0	-10.166392	10.706115	0	0	1334.000000	-9.984145	10.157719
724	23892	0	0	0	4	0	-10.088311	10.587940	0	0	1350.000000	-9.984145	10.157719
725	23925	0	0	0	4	0	-10.027556	10.564872	0	0	1346.000000	-9.984145	10.157719
726	23958	0	0	0	4	0	-10.099881	10.628304	0	0	1327.000000	-9.984145	10.157719
727	23991	0	0	0	4	0	-10.096990	10.737804	0	0	1315.000000	-9.984145	10.157719
728	24024	0	0	0	4	0	-10.096990	10.685946	0	0	1317.000000	-9.984145	10.157719
729	24057	0	0	0	4	0	-9.920454	10.634068	0	0	1339.000000	-9.984145	10.157719
730	24090	0	0	0	4	0	-9.778510	10.639833	0	0	1334.000000	-9.984145	10.157719
731	24123	0	0	0	4	0	-9.755322	10.639833	0	0	1331.000000	-9.984145	10.157719
732	24156	0	0	0	4	0	-9.816180	10.769487	0	0	1320.000000	-9.419670	9.583430
733	24189	0	0	0	4	0	-9.784305	10.743566	0	0	1326.000000	-8.255442	8.398962
734	24222	0	0	0	4	0	-9.717639	10.587940	0	0	1343.000000	-7.091213	7.214493
735	24255	0	0	0	4	0	-9.511675	10.561989	0	0	1351.000000	-5.926984	6.030024
736	24288	0	0	0	4	0	-9.349048	10.564872	0	0	1346.000000	-4.762755	4.845555
737	24321	0	0	0	4	0	-7.201397	8.548275	0	0	1369.000000	-3.598526	3.661086
738	24354	0	0	0	4	0	-1.655745	2.630176	0	0	1483.000000	-2.434297	2.476617
739	24387	0	0	0	4	0	1.885306	0.930975	0	0	1473.000000	-1.270068	1.292148
740	24420	0	0	0	4	0	2.490200	0.862356	0	0	1480.000000	-0.105839	0.107679
741	24453	0	0	0	4	0	2.722482	0.519229	0	0	1468.000000	1.058390	-1.076790
742	24486	0	0	0	4	0	3.029077	0.378983	0	0	1465.000000	2.222619	-2.261259
743	24519	0	0	0	4	0	3.362262	0.128318	0	0	1487.000000	3.386848	-3.445728
744	24552	0	0	0	4	0	3.701164	-0.176064	0	0	1499.000000	4.551077	-4.630197
745	24585	0	0	0	4	0	4.639149	-5.048024	0	0	1539.000000	5.715306	-5.814666
746	24618	0	0	0	4	0	5.160525	-7.007456	0	0	1543.000000	6.879535	-6.999135
747	24651	0	0	0	4	0	5.234517	-7.544793	0	0	1568.000000	8.043763	-8.183603
748	24684	0	0	0	4	0	5.509611	-7.837862	0	0	1582.000000	9.207993	-9.368073
749	24717	0	0	0	4	0	8.133445	-8.466548	0	0	1575.000000	9.984145	-10.157719
750	24750	0	0	0	4	0	8.839872	-8.592043	0	0	1616.000000	9.984145	-10.157719
751	24783	0	0	0	4	0	9.061178	-8.627051	0	0	1597.000000	9.984145	-10.157719
752	24816	0	0	0	4	0	9.235701	-8.632885	0	0	1596.000000	9.984145	-10.157719
753	24849	0	0	0	4	0	9.378100	-8.393547	0	0	1598.000000	9.984145	-10.157719
754	24882	0	0	0	4	0	-90.000000	-90.000000	0	4	0.000000	9.984145	-10.157719
755	24915	0	0	0	4	0	-90.000000	-90.000000	0	4	0.000000	9.984145	-10.157719
756	24948	0	0	0	4	0	-90.000000	-90.000000	0	4	0.000000	9.984145	-10.157719
757	24981	0	0	0	4	0	-90.000000	-90.000000	0	4	0.000000	9.984145	-10.157719
758	25014	0	0	0	4	0	-90.000000	-90.000000	0	4	0.000000	9.984145	-10.157719
759	25047	0	0	0	4	0	-90.000000	-90.000000	0	4	0.000000	9.984145	-10.157719
760	25080	0	0	0	4	0	-90.000000	-90.000000	0	4	0.000000	9.984145	-10.157719
761	25113	0	0	0	4	0	8.933086	-7.453861	0	0	1624.000000	9.984145	-10.157719
762	25146	0	0	0	4	0	9.128098	-7.834935	0	0	1602.000000	9.984145	-10.157719
763	25179	0	0	0	4	0	9.282211	-7.843720	0	0	1607.000000	9.984145	-10.157719
764	25212	0	0	0	4	0	9.360670	-7.990097	0	0	1607.000000	9.984145	-10.157719
765	25245	0	0	0	4	0	9.894392	-9.848048	0	0	1617.000000	9.984145	-10.157719
766	25278	0	0	0	4	0	9.723436	-9.758223	0	0	1633.000000	9.984145	-10.157719
767	25311	0	0	0	4	0	9.619040	-9.836462	0	0	1637.000000	9.984145	-10.157719
768	25344	0	0	0	4	0	9.595832	-9.706043	0	0	1638.000000	9.984145	-10.157719
769	25377	0	0	0	4	0	9.552307	-9.740829	0	0	1665.000000	9.984145	-10.157719
770	25410	0	0	0	4	0	9.540698	-9.755322	0	0	1690.000000	9.984145	-10.157719
771	25443	0	0	0	4	0	9.299649	-9.459419	0	0	1665.000000	9.984145	-10.157719
772	25476	0	0	0	4	0	9.386814	-9.485548	0	0	1651.000000	9.984145	-10.157719
773	25509	0	0	0	4	0	9.392624	-9.154279	0	0	1633.000000	9.984145	-10.157719
774	25542	0	0	0	4	0	9.383910	-9.069908	0	0	1604.000000	9.984145	-10.157719
775	25575	0	0	0	4	0	9.296743	-8.903962	0	0	1584.000000	9.984145	-10.157719
776	25608	0	0	0	4	0	9.168820	-8.898136	0	0	1559.000000	9.984145	-10.157719
777	25641	0	0	0	4	0	9.299649	-8.801991	0	0	1552.000000	9.984145	-10.157719
778	25674	0	0	0	4	0	9.383910	-8.557031	0	0	1527.000000	9.984145	-10.157719
779	25707	0	0	0	4	0	9.395529	-8.486983	0	0	1510.000000	9.946540	-10.119460
780	25740	0	0	0	4	0	9.441997	-8.533684	0	0	1500.000000	8.705573	-8.856918
781	25773	0	0	0	4	0	9.279305	-8.469468	0	0	1492.000000	7.464606	-7.594377
782	25806	0	0	0	4	0	9.267679	-8.416910	0	0	1490.000000	6.223639	-6.331836
783	25839	0	0	0	4	0	9.244423	-8.265000	0	0	1492.000000	4.982671	-5.069294
784	25872	0	0	0	4	0	9.226978	-8.150990	0	0	1479.000000	3.741704	-3.806753
785	25905	0	0	0	4	0	9.224072	-7.990097	0	0	1479.000000	2.500737	-2.544212
786	25938	0	0	0	4	0	4.099190	-3.689276	0	0	1475.000000	1.259770	-1.281671
787	25971	0	0	0	4	0	0.948874	-0.975725	0	0	1422.000000	0.018803	-0.019129
788	26004	0	0	0	4	0	0.202921	-0.316317	0	0	1414.000000	-1.222165	1.243412
789	26037	0	0	0	4	0	-0.247683	0.196954	0	0	1409.000000	-2.463132	2.505953
790	26070	0	0	0	4	0	-0.925008	0.826554	0	0	1405.000000	-3.704099	3.768495
791	26103	0	0	0	4	0	-5.258191	4.971028	0	0	1360.000000	-4.945066	5.031036
792	26136	0	0	0	4	0	-6.401105	6.005899	0	0	1329.000000	-6.186033	6.293577
793	26169	0	0	0	4	0	-7.119140	6.889837	0	0	1300.000000	-7.427001	7.556118
794	26202	0	0	0	4	0	-7.268945	7.125016	0	0	1305.000000	-8.667968	8.818660
795	26235	0	0	0	4	0	-7.453861	7.318858	0	0	1305.000000	-9.908935	10.081201
796	26268	0	0	0	4	0	-7.506665	7.571185	0	0	1304.000000	-9.984145	10.157719
797	26301	0	0	0	4	0	-9.040806	8.758270	0	0	1270.000000	-9.984145	10.157719
798	26334	0	0	0	4	0	-9.226979	9.023341	0	0	1257.000000	-9.984145	10.157719
799	26367	0	0	0	4	0	-9.430382	9.192086	0	0	1258.000000	-9.984145	10.157719
800	26400	0	0	0	4	0	-9.398434	9.099006	0	0	1256.000000	-9.984145	10.157719
801	26433	0	0	0	4	0	-10.281998	10.088311	0	0	1264.000000	-9.984145	10.157719
802	26466	0	0	0	4	0	-10.149045	10.117235	0	0	1275.000000	-9.984145	10.157719
803	26499	0	0	0	4	0	-10.322440	10.238656	0	0	1263.000000	-9.984145	10.157719
804	26532	0	0	0	4	0	-10.504300	10.357097	0	0	1260.000000	-9.984145	10.157719
805	26565	0	0	0	4	0	-10.423500	10.362871	0	0	1262.000000	-9.984145	10.157719
806	26598	0	0	0	4	0	-10.466791	10.195302	0	0	1275.000000	-9.984145	10.157719
807	26631	0	0	0	4	0	-10.411952	10.261773	0	0	1283.000000	-9.984145	10.157719
808	26664	0	0	0	4	0	-10.050704	10.368647	0	0	1271.000000	-9.984145	10.157719
809	26697	0	0	0	4	0	-10.195301	10.348433	0	0	1271.000000	-9.984145	10.157719
810	26730	0	0	0	4	0	-10.322440	10.331105	0	0	1266.000000	-9.984145	10.157719
811	26763	0	0	0	4	0	-10.186629	10.192412	0	0	1279.000000	-9.984145	10.157719
812	26796	0	0	0	4	0	-10.151937	10.250216	0	0	1272.000000	-9.984145	10.157719
813	26829	0	0	0	4	0	-10.131694	10.264663	0	0	1279.000000	-9.984145	10.157719
814	26862	0	0	0	4	0	-10.206864	10.365760	0	0	1281.000000	-9.984145	10.157719
815	26895	0	0	0	4	0	-10.227097	10.348433	0	0	1282.000000	-9.984145	10.157719
816	26928	0	0	0	4	0	-10.180848	10.195302	0	0	1296.000000	-9.984145	10.157719
817	26961	0	0	0	4	0	-9.987039	10.183740	0	0	1313.000000	-9.984145	10.157719
818	26994	0	0	0	4	0	-10.073847	10.281998	0	0	1302.000000	-9.984145	10.157719
819	27027	0	0	0	4	0	-10.082527	10.322440	0	0	1303.000000	-9.984145	10.157719
820	27060	0	0	0	4	0	-10.175065	10.195302	0	0	1302.000000	-9.984145	10.157719
821	27093	0	0	0	4	0	-10.001510	10.128803	0	0	1307.000000	-9.984145	10.157719
822	27126	0	0	0	4	0	-9.729235	10.027556	0	0	1318.000000	-9.984145	10.157719
823	27159	0	0	0	4	0	-9.749527	10.068063	0	0	1325.000000	-9.984145	10.157719
824	27192	0	0	0	4	0	-9.659645	10.151937	0	0	1320.000000	-9.984145	10.157719
825	27225	0	0	0	4	0	-9.648046	10.096990	0	0	1334.000000	-9.984145	10.157719
826	27258	0	0	0	4	0	-9.578424	9.984144	0	0	1340.000000	9.984145	-10.157719
827	27291	0	0	0	4	0	-9.378099	9.963881	0	0	1361.000000	9.984145	-10.157719
828	27324	0	0	0	4	0	-9.282211	10.001511	0	0	1361.000000	9.984145	-10.157719
829	27357	0	0	0	4	0	-9.360670	10.082526	0	0	1364.000000	9.984145	-10.157719
830	27390	0	0	0	4	0	-9.177546	10.004404	0	0	1361.000000	9.984145	-10.157719
831	27423	0	0	0	4	0	-8.571621	9.366480	0	0	1395.000000	9.984145	-10.157719
832	27456	0	0	0	4	0	1.849533	-0.125335	0	0	1555.000000	9.984145	-10.157719
833	27489	0	0	0	4	0	8.851526	-6.120983	0	0	1634.000000	9.984145	-10.157719
834	27522	0	0	0	4	0	8.979675	-6.141633	0	0	1625.000000	9.984145	-10.157719
835	27555	0	0	0	4	0	8.854441	-6.126883	0	0	1616.000000	9.984145	-10.157719
836	27588	0	0	0	4	0	9.005877	-6.218323	0	0	1610.000000	9.984145	-10.157719
837	27621	0	0	0	4	0	8.758270	-6.159333	0	0	1609.000000	9.984145	-10.157719
838	27654	0	0	0	4	0	10.117235	-9.398434	0	0	1647.000000	9.984145	-10.157719
839	27687	0	0	0	4	0	9.772714	-9.224071	0	0	1641.000000	9.984145	-10.157719
840	27720	0	0	0	4	0	9.775612	-9.500064	0	0	1629.000000	9.984145	-10.157719
841	27753	0	0	0	4	0	9.819078	-9.334520	0	0	1650.000000	9.984145	-10.157719
842	27786	0	0	0	4	0	9.740830	-9.311274	0	0	1658.000000	9.984145	-10.157719
843	27819	0	0	0	4	0	9.531993	-9.238607	0	0	1666.000000	9.984145	-10.157719
844	27852	0	0	0	4	0	9.645144	-9.224071	0	0	1684.000000	9.984145	-10.157719
845	27885	0	0	0	4	0	9.619040	-9.209533	0	0	1691.000000	9.984145	-10.157719
846	27918	0	0	0	4	0	9.482645	-9.154279	0	0	1684.000000	9.984145	-10.157719
847	27951	0	0	0	4	0	9.401338	-9.247329	0	0	1692.000000	9.984145	-10.157719
848	27984	0	0	0	4	0	9.288024	-9.011699	0	0	1682.000000	9.984145	-10.157719
849	28017	0	0	0	4	0	9.235701	-9.174637	0	0	1674.000000	9.984145	-10.157719
850	28050	0	0	0	4	0	9.232794	-9.058268	0	0	1672.000000	9.984145	-10.157719
851	28083	0	0	0	4	0	9.221165	-9.226979	0	0	1671.000000	9.984145	-10.157719
852	28116	0	0	0	4	0	9.215348	-9.131006	0	0	1662.000000	9.984145	-10.157719
853	28149	0	0	0	4	0	9.157187	-9.270586	0	0	1660.000000	9.984145	-10.157719
854	28182	0	0	0	4	0	9.154278	-9.174637	0	0	1644.000000	9.984145	-10.157719
855	28215	0	0	0	4	0	9.351954	-9.151369	0	0	1648.000000	9.984145	-10.157719
856	28248	0	0	0	4	0	9.308368	-9.264771	0	0	1644.000000	-9.984145	10.157719
857	28281	0	0	0	4	0	9.226978	-9.183363	0	0	1634.000000	-9.984145	10.157719
858	28314	0	0	0	4	0	9.180454	-9.165912	0	0	1652.000000	-9.984145	10.157719
859	28347	0	0	0	4	0	9.165913	-9.142644	0	0	1648.000000	-9.984145	10.157719
860	28380	0	0	0	4	0	9.302556	-9.096098	0	0	1645.000000	-9.984145	10.157719
861	28413	0	0	0	4	0	9.125189	-9.168821	0	0	1630.000000	-9.984145	10.157719
862	28446	0	0	0	4	0	8.346813	-8.329284	0	0	1631.000000	-9.984145	10.157719
863	28479	0	0	0	4	0	-2.278693	4.431565	0	0	1556.000000	-9.984145	10.157719
864	28512	0	0	0	4	0	-10.001510	10.858740	0	0	1393.000000	-9.984145	10.157719
865	28545	0	0	0	4	0	-10.359984	11.060081	0	0	1378.000000	-9.984145	10.157719
866	28578	0	0	0	4	0	-10.481218	11.065828	0	0	1369.000000	-9.984145	10.157719
867	28611	0	0	0	4	0	-10.368647	10.991080	0	0	1377.000000	-9.984145	10.157719
868	28644	0	0	0	4	0	-10.322440	10.829954	0	0	1384.000000	-9.984145	10.157719
869	28677	0	0	0	4	0	-10.307998	10.907661	0	0	1389.000000	-9.984145	10.157719
870	28710	0	0	0	4	0	-10.550451	10.616773	0	0	1379.000000	-9.984145	10.157719
871	28743	0	0	0	4	0	-10.397518	10.680182	0	0	1382.000000	-9.984145	10.157719
872	28776	0	0	0	4	0	-10.498529	10.570640	0	0	1387.000000	-9.984145	10.157719
873	28809	0	0	0	4	0	-10.411952	10.495645	0	0	1390.000000	-9.984145	10.157719
874	28842	0	0	0	4	0	-10.365760	10.478333	0	0	1381.000000	-9.984145	10.157719
875	28875	0	0	0	4	0	-10.446589	10.596591	0	0	1370.000000	-9.984145	10.157719
876	28908	0	0	0	4	0	-10.426385	10.596591	0	0	1368.000000	-9.984145	10.157719
877	28941	0	0	0	4	0	-10.576407	10.452361	0	0	1365.000000	-9.984145	10.157719
878	28974	0	0	0	4	0	-10.380197	10.371533	0	0	1379.000000	-9.984145	10.157719
879	29007	0	0	0	4	0	-10.354208	10.423500	0	0	1371.000000	-9.984145	10.157719
880	29040	0	0	0	4	0	-10.359984	10.521608	0	0	1363.000000	-9.984145	10.157719
881	29073	0	0	0	4	0	-10.368647	10.472562	0	0	1350.000000	-9.984145	10.157719
882	29106	0	0	0	4	0	-10.403293	10.429272	0	0	1359.000000	-9.984145	10.157719
883	29139	0	0	0	4	0	-10.247324	10.313774	0	0	1382.000000	-9.984145	10.157719
884	29172	0	0	0	4	0	-10.258883	10.394631	0	0	1377.000000	-9.984145	10.157719
885	29205	0	0	0	4	0	-10.273331	10.449475	0	0	1360.000000	-9.984145	10.157719
886	29238	0	0	0	4	0	-10.354208	10.475447	0	0	1363.000000	-9.984145	-10.157719
887	29271	0	0	0	4	0	-10.345545	10.446589	0	0	1367.000000	-9.984145	-10.157719
888	29304	0	0	0	4	0	-10.305108	10.423500	0	0	1389.000000	-9.984145	-10.157719
889	29337	0	0	0	4	0	-10.201083	10.368647	0	0	1383.000000	-9.984145	-10.157719
890	29370	0	0	0	4	0	-10.290665	10.515840	0	0	1384.000000	-9.984145	-10.157719
891	29403	0	0	0	4	0	-10.342658	10.484103	0	0	1382.000000	-9.984145	-10.157719
892	29436	0	0	0	4	0	-10.302220	10.492760	0	0	1399.000000	-9.984145	-10.157719
893	29469	0	0	0	4	0	-10.276219	10.385971	0	0	1417.000000	-9.984145	-10.157719
894	29502	0	0	0	4	0	-10.157718	10.397518	0	0	1429.000000	-9.984145	-10.157719
895	29535	0	0	0	4	0	-10.501415	9.290932	0	0	1428.000000	-9.984145	-10.157719
896	29568	0	0	0	4	0	-9.427476	-3.650642	0	0	1533.000000	-9.984145	-10.157719
897	29601	0	0	0	4	0	-9.099006	-7.030973	0	0	1518.000000	-9.984145	-10.157719
898	29634	0	0	0	4	0	-9.133916	-7.506665	0	0	1531.000000	-9.984145	-10.157719
899	29667	0	0	0	4	0	-9.066998	-7.436255	0	0	1520.000000	-9.984145	-10.157719
900	29700	0	0	0	4	0	-9.116462	-7.550659	0	0	1510.000000	-9.984145	-10.157719
901	29733	0	0	0	4	0	-8.874833	-9.450707	0	0	1522.000000	-9.984145	-10.157719
902	29766	0	0	0	4	0	-8.874833	-9.772714	0	0	1531.000000	-9.984145	-10.157719
903	29799	0	0	0	4	0	-8.968030	-9.908873	0	0	1533.000000	-9.984145	-10.157719
904	29832	0	0	0	4	0	-8.866094	-9.888600	0	0	1540.000000	-9.984145	-10.157719
905	29865	0	0	0	4	0	-8.825302	-9.720539	0	0	1545.000000	-9.984145	-10.157719
906	29898	0	0	0	4	0	-8.831131	-9.746627	0	0	1540.000000	-9.984145	-10.157719
907	29931	0	0	0	4	0	-8.825302	-9.691545	0	0	1541.000000	-9.984145	-10.157719
908	29964	0	0	0	4	0	-8.892312	-9.708941	0	0	1552.000000	-9.984145	-10.157719
909	29997	0	0	0	4	0	-8.784504	-9.749527	0	0	1533.000000	-9.984145	-10.157719
910	30030	0	0	0	4	0	-8.740781	-9.813282	0	0	1518.000000	-9.984145	-10.157719
911	30063	0	0	0	4	0	-8.860267	-9.732134	0	0	1504.000000	-9.984145	-10.157719
912	30096	0	0	0	4	0	-8.804905	-9.732134	0	0	1486.000000	-9.984145	-10.157719
913	30129	0	0	0	4	0	-8.874833	-9.682845	0	0	1475.000000	-9.984145	-10.157719
914	30162	0	0	0	4	0	-8.793247	-9.743731	0	0	1472.000000	-9.984145	-10.157719
915	30195	0	0	0	4	0	-8.740781	-9.682845	0	0	1477.000000	-9.984145	-10.157719
916	30228	0	0	0	4	0	-8.778675	-9.816180	0	0	1464.000000	-9.984145	-10.157719
917	30261	0	0	0	4	0	-8.761186	-9.735034	0	0	1467.000000	9.984145	-10.157719
918	30294	0	0	0	4	0	-8.869006	-9.694445	0	0	1457.000000	9.984145	-10.157719
919	30327	0	0	0	4	0	-8.726204	-9.671247	0	0	1457.000000	9.984145	-10.157719
920	30360	0	0	0	4	0	-8.734950	-9.708941	0	0	1464.000000	9.984145	-10.157719
921	30393	0	0	0	4	0	-8.644553	-9.708941	0	0	1469.000000	9.984145	-10.157719
922	30426	0	0	0	4	0	-8.659137	-9.662547	0	0	1475.000000	9.984145	-10.157719
923	30459	0	0	0	4	0	-8.717459	-9.781408	0	0	1484.000000	9.984145	-10.157719
924	30492	0	0	0	4	0	-8.752440	-9.717639	0	0	1488.000000	9.984145	-10.157719
925	30525	0	0	0	4	0	-0.274541	-10.307998	0	0	1614.000000	9.984145	-10.157719
926	30558	0	0	0	4	0	9.151370	-9.453612	0	0	1653.000000	9.984145	-10.157719
927	30591	0	0	0	4	0	9.148460	-9.682845	0	0	1664.000000	9.984145	-10.157719
928	30624	0	0	0	4	0	8.956383	-9.827769	0	0	1663.000000	9.984145	-10.157719
929	30657	0	0	0	4	0	8.825303	-9.735034	0	0	1691.000000	9.984145	-10.157719
930	30690	0	0	0	4	0	9.569718	-10.198193	0	0	1698.000000	9.984145	-10.157719
931	30723	0	0	0	4	0	9.633542	-10.096990	0	0	1707.000000	9.984145	-10.157719
932	30756	0	0	0	4	0	9.590029	-10.180848	0	0	1702.000000	9.984145	-10.157719
933	30789	0	0	0	4	0	9.801692	-10.149045	0	0	1726.000000	9.984145	-10.157719
934	30822	0	0	0	4	0	9.645144	-10.111451	0	0	1737.000000	9.984145	-10.157719
935	30855	0	0	0	4	0	9.476839	-10.250216	0	0	1759.000000	9.984145	-10.157719
936	30888	0	0	0	4	0	9.471033	-10.111451	0	0	1746.000000	9.984145	-10.157719
937	30921	0	0	0	4	0	6.348053	-8.010582	0	0	1741.000000	9.984145	-10.157719
938	30954	0	0	0	4	0	5.819893	-7.219022	0	0	1719.000000	9.984145	-10.157719
939	30987	0	0	0	4	0	5.805126	-7.086816	0	0	1702.000000	9.984145	-10.157719
940	31020	0	0	0	4	0	5.793310	-7.145584	0	0	1695.000000	9.984145	-10.157719
941	31053	0	0	0	4	0	5.825799	-7.186710	0	0	1668.000000	9.984145	-10.157719
942	31086	0	0	0	4	0	5.707638	-7.260135	0	0	1657.000000	9.984145	-10.157719
943	31119	0	0	0	4	0	5.695819	-7.271881	0	0	1642.000000	9.984145	-10.157719
944	31152	0	0	0	4	0	5.743093	-7.098570	0	0	1631.000000	9.984145	-10.157719
945	31185	0	0	0	4	0	5.796264	-7.130893	0	0	1622.000000	9.984145	-10.157719
946	31218	0	0	0	4	0	5.663315	-7.216083	0	0	1628.000000	9.984145	-10.157719
947	31251	0	0	0	4	0	5.781495	-7.221958	0	0	1638.000000	9.984145	10.157719
948	31284	0	0	0	4	0	5.775588	-7.107387	0	0	1627.000000	9.984145	10.157719
949	31317	0	0	0	4	0	5.840566	-7.101510	0	0	1621.000000	9.984145	10.157719
950	31350	0	0	0	4	0	5.843520	-7.227832	0	0	1624.000000	9.984145	10.157719
951	31383	0	0	0	4	0	5.681046	-6.998637	0	0	1609.000000	9.984145	10.157719
952	31416	0	0	0	4	0	5.743093	-7.154397	0	0	1616.000000	9.984145	10.157719
953	31449	0	0	0	4	0	5.689909	-7.227832	0	0	1612.000000	9.984145	10.157719
954	31482	0	0	0	4	0	5.766725	-7.110324	0	0	1625.000000	9.984145	10.157719
955	31515	0	0	0	4	0	8.112972	0.462534	0	0	1634.000000	9.984145	10.157719
956	31548	0	0	0	4	0	8.781590	10.053596	0	0	1566.000000	9.984145	10.157719
957	31581	0	0	0	4	0	8.621218	10.354209	0	0	1571.000000	9.984145	10.157719
958	31614	0	0	0	4	0	8.618300	10.175066	0	0	1558.000000	9.984145	10.157719
959	31647	0	0	0	4	0	8.635802	10.273331	0	0	1555.000000	9.984145	10.157719
960	31680	0	0	0	4	0	9.096097	10.668654	0	0	1594.000000	9.984145	10.157719
961	31713	0	0	0	4	0	9.037895	10.801164	0	0	1572.000000	9.984145	10.157719
962	31746	0	0	0	4	0	9.101915	10.729162	0	0	1549.000000	9.984145	10.157719
963	31779	0	0	0	4	0	9.090277	10.685946	0	0	1547.000000	9.984145	10.157719
964	31812	0	0	0	4	0	9.087367	10.703234	0	0	1533.000000	9.984145	10.157719
965	31845	0	0	0	4	0	9.058269	10.694590	0	0	1514.000000	9.984145	10.157719
966	31878	0	0	0	4	0	9.040806	10.700353	0	0	1517.000000	9.984145	10.157719
967	31911	0	0	0	4	0	8.921437	10.821318	0	0	1496.000000	9.984145	10.157719
968	31944	0	0	0	4	0	9.029163	10.697472	0	0	1496.000000	9.984145	10.157719
969	31977	0	0	0	4	0	7.679656	9.636444	0	0	1493.000000	9.984145	10.157719
970	32010	0	0	0	4	0	7.591711	9.546503	0	0	1508.000000	9.984145	10.157719
971	32043	0	0	0	4	0	7.468529	9.569718	0	0	1493.000000	9.984145	10.157719
972	32076	0	0	0	4	0	7.453861	9.500064	0	0	1505.000000	9.984145	10.157719
973	32109	0	0	0	4	0	7.421585	9.485549	0	0	1497.000000	9.984145	10.157719
974	32142	0	0	0	4	0	7.439191	9.546503	0	0	1478.000000	9.984145	10.157719
975	32175	0	0	0	4	0	7.600507	9.439093	0	0	1490.000000	9.984145	10.157719
976	32208	0	0	0	4	0	7.236642	9.444900	0	0	1478.000000	9.984145	10.157719
977	32241	0	0	0	4	0	7.292435	9.613237	0	0	1494.000000	-9.984145	10.157719
978	32274	0	0	0	4	0	7.383434	9.529090	0	0	1485.000000	-9.984145	10.157719
979	32307	0	0	0	4	0	7.430387	9.566816	0	0	1514.000000	-9.984145	10.157719
980	32340	0	0	0	4	0	7.436256	9.473936	0	0	1534.000000	-9.984145	10.157719
981	32373	0	0	0	4	0	7.174962	9.604534	0	0	1550.000000	-9.984145	10.157719
982	32406	0	0	0	4	0	7.274817	9.566816	0	0	1557.000000	-9.984145	10.157719
983	32439	0	0	0	4	0	7.277754	9.534895	0	0	1568.000000	-9.984145	10.157719
984	32472	0	0	0	4	0	7.268944	9.479742	0	0	1597.000000	-9.984145	10.157719
985	32505	0	0	0	4	0	-4.905863	12.492783	0	0	1553.000000	-9.984145	10.157719
986	32538	0	0	0	4	0	-9.226979	10.936432	0	0	1499.000000	-9.984145	10.157719
987	32571	0	0	0	4	0	-9.729235	10.919169	0	0	1493.000000	-9.984145	10.157719
988	32604	0	0	0	4	0	-9.761120	11.019834	0	0	1497.000000	-9.984145	10.157719
989	32637	0	0	0	4	0	-10.027556	10.922048	0	0	1506.000000	-9.984145	10.157719
990	32670	0	0	0	4	0	-10.927802	10.328216	0	0	1532.000000	-9.984145	10.157719
991	32703	0	0	0	4	0	-10.524493	10.380197	0	0	1527.000000	-9.984145	10.157719
992	32736	0	0	0	4	0	-10.582174	10.472562	0	0	1523.000000	-9.984145	10.157719
993	32769	0	0	0	4	0	-10.619655	10.530262	0	0	1515.000000	-9.984145	10.157719
994	32802	0	0	0	4	0	-10.671536	10.486989	0	0	1522.000000	-9.984145	10.157719
995	32835	0	0	0	4	0	-10.708996	10.348433	0	0	1537.000000	-9.984145	10.157719
996	32868	0	0	0	4	0	-10.501415	10.357097	0	0	1531.000000	-9.984145	10.157719
997	32901	0	0	0	4	0	-10.599474	10.383083	0	0	1516.000000	-9.984145	10.157719
998	32934	0	0	0	4	0	-10.553337	10.512955	0	0	1500.000000	-9.984145	10.157719
999	32967	0	0	0	4	0	-10.634068	10.466791	0	0	1494.000000	-9.984145	10.157719
1000	33000	0	0	0	4	0	-10.700353	10.316663	0	0	1493.000000	-9.984145	10.157719
1001	33033	0	0	0	4	0	-10.527376	10.296444	0	0	1493.000000	-9.984145	10.157719
1002	33066	0	0	0	4	0	-10.585057	10.397518	0	0	1491.000000	-9.984145	10.157719
1003	33099	0	0	0	4	0	-10.582174	10.374421	0	0	1475.000000	-9.984145	10.157719
1004	33132	0	0	0	4	0	-10.593707	10.406179	0	0	1478.000000	-9.984145	10.157719
1005	33165	0	0	0	4	0	-10.547568	10.385971	0	0	1483.000000	-9.984145	10.157719
1006	33198	0	0	0	4	0	-10.608123	10.302220	0	0	1499.000000	-9.984145	10.157719
1007	33231	0	0	0	4	0	-10.561989	10.336881	0	0	1491.000000	-9.984145	10.157719
1008	33264	0	0	0	4	0	-10.611007	10.446589	0	0	1487.000000	0.000000	0.000000
1009	33297	0	0	0	4	0	-10.593707	10.417727	0	0	1486.000000	0.000000	0.000000
1010	33330	0	0	0	4	0	-10.613890	10.290666	0	0	1507.000000	0.000000	0.000000
1011	33363	0	0	0	4	0	-10.486990	10.264663	0	0	1503.000000	0.000000	0.000000
1012	33396	0	0	0	4	0	-10.383083	10.281998	0	0	1512.000000	0.000000	0.000000
1013	33429	0	0	0	4	0	-10.484103	10.377309	0	0	1511.000000	0.000000	0.000000
1014	33462	0	0	0	4	0	-10.463903	10.310886	0	0	1526.000000	0.000000	0.000000
1015	33495	0	0	0	4	0	-1.476830	2.472329	0	0	1666.000000	0.000000	0.000000
1016	33528	0	0	0	4	0	0.483422	0.262603	0	0	1727.000000	0.000000	0.000000
1017	33561	0	0	0	4	0	0.465518	-0.023873	0	0	1720.000000	0.000000	0.000000
1018	33594	0	0	0	4	0	0.555036	0.143239	0	0	1746.000000	0.000000	0.000000
1019	33627	0	0	0	4	0	0.575922	0.050731	0	0	1752.000000	0.000000	0.000000
1020	33660	0	0	0	4	0	0.635599	0.217842	0	0	1777.000000	0.000000	0.000000
1021	33693	0	0	0	4	0	-0.268572	0.161144	0	0	1773.000000	0.000000	0.000000
1022	33726	0	0	0	4	0	-0.226794	0.095493	0	0	1776.000000	0.000000	0.000000
1023	33759	0	0	0	4	0	-0.229779	0.176064	0	0	1787.000000	0.000000	0.000000
1024	33792	0	0	0	4	0	-0.259620	0.247683	0	0	1804.000000	0.000000	0.000000
1025	33825	0	0	0	4	0	-0.268572	0.235747	0	0	1827.000000	0.000000	0.000000
1026	33858	0	0	0	4	0	-0.241714	0.119366	0	0	1830.000000	0.000000	0.000000
1027	33891	0	0	0	4	0	-0.367046	0.235747	0	0	1804.000000	0.000000	0.000000
1028	33924	0	0	0	4	0	-0.271555	0.238731	0	0	1797.000000	0.000000	0.000000
1029	33957	0	0	0	4	0	-0.259620	0.247683	0	0	1802.000000	0.000000	0.000000
1030	33990	0	0	0	4	0	-0.193969	0.217842	0	0	1792.000000	0.000000	0.000000
1031	34023	0	0	0	4	0	-0.250668	0.185017	0	0	1784.000000	0.000000	0.000000
1032	34056	0	0	0	4	0	-0.190986	0.241715	0	0	1766.000000	0.000000	0.000000
1033	34089	0	0	0	4	0	-0.101462	0.229779	0	0	1719.000000	0.000000	0.000000
1034	34122	0	0	0	4	0	-0.179049	0.089525	0	0	1739.000000	0.000000	0.000000
1035	34155	0	0	0	4	0	-0.334222	0.161144	0	0	1736.000000	0.000000	0.000000
1036	34188	0	0	0	4	0	-0.259620	0.098477	0	0	1722.000000	0.000000	0.000000
1037	34221	0	0	0	4	0	-0.182032	0.208890	0	0	1717.000000	0.000000	0.000000
1038	34254	0	0	0	4	0	-0.280509	0.137271	0	0	1681.000000	0.000000	0.000000
1039	34287	0	0	0	4	0	-0.310350	0.229779	0	0	1696.000000	0.000000	0.000000
1040	34320	0	0	0	4	0	-0.214859	0.092509	0	0	1707.000000	0.000000	0.000000
1041	34353	0	0	0	4	0	-0.223811	0.167112	0	0	1707.000000	0.000000	0.000000
1042	34386	0	0	0	4	0	-0.337205	0.131302	0	0	1712.000000	0.000000	0.000000
1043	34419	0	0	0	4	0	-0.262603	0.292444	0	0	1694.000000	0.000000	0.000000
1044	34452	0	0	0	4	0	-0.167111	0.190985	0	0	1705.000000	0.000000	0.000000
1045	34485	0	0	0	4	0	-0.340190	0.167112	0	0	1700.000000	0.000000	0.000000
1046	34518	0	0	0	4	0	-0.259620	0.226795	0	0	1720.000000	0.000000	0.000000
1047	34551	0	0	0	4	0	-0.241714	0.119366	0	0	1704.000000	0.000000	0.000000
1048	34584	0	0	0	4	0	-0.208890	0.232762	0	0	1680.000000	0.000000	0.000000
1049	34617	0	0	0	4	0	-0.199938	0.232762	0	0	1688.000000	0.000000	0.000000
1050	34650	0	0	0	4	0	-0.208890	0.137271	0	0	1695.000000	0.000000	0.000000
1051	34683	0	0	0	4	0	-0.274541	0.095493	0	0	1681.000000	0.000000	0.000000
1052	34716	0	0	0	4	0	-0.250668	0.211874	0	0	1685.000000	0.000000	0.000000
1053	34749	0	0	0	4	0	-0.232762	0.355110	0	0	1666.000000	0.000000	0.000000
1054	34782	0	0	0	4	0	-0.304381	0.250667	0	0	1665.000000	0.000000	0.000000
1055	34815	0	0	0	4	0	-0.190986	0.095493	0	0	1681.000000	0.000000	0.000000
1056	34848	0	0	0	4	0	-0.238731	0.155176	0	0	1689.000000	0.000000	0.000000
1057	34881	0	0	0	4	0	-0.205907	0.229779	0	0	1685.000000	0.000000	0.000000
1058	34914	0	0	0	4	0	-0.247683	0.211874	0	0	1653.000000	0.000000	0.000000
1059	34947	0	0	0	4	0	-0.253652	0.280508	0	0	1647.000000	0.000000	0.000000
1060	34980	0	0	0	4	0	-0.283492	0.083556	0	0	1650.000000	0.000000	0.000000
1061	35013	0	0	0	4	0	-0.179049	0.328253	0	0	1663.000000	0.000000	0.000000
1062	35046	0	0	0	4	0	-0.214859	0.274541	0	0	1639.000000	0.000000	0.000000
1063	35079	0	0	0	4	0	-0.107429	0.289461	0	0	1634.000000	0.000000	0.000000
1064	35112	0	0	0	4	0	-0.217842	0.274541	0	0	1612.000000	0.000000	0.000000
1065	35145	0	0	0	4	0	-0.280509	0.241715	0	0	1622.000000	0.000000	0.000000
1066	35178	0	0	0	4	0	-0.280509	0.095493	0	0	1628.000000	0.000000	0.000000
1067	35211	0	0	0	4	0	-0.089525	0.217842	0	0	1638.000000	0.000000	0.000000
