RowNumber	TimeStamp	X_Position_Degree_Right_Eye	Y_Position_Degree_Right_Eye	Distance_From_RightEye	Validity_Right_Eye	Pupil_Diameter_RightEye	X_Position_Degree_Left_Eye	Y_Position_Degree_Left_Eye	Distance_From_LeftEye	Validity_Left_Eye	Pupil_Diameter_LeftEye	Target X	Target Y
0	0	0	0	0	4	0	-0.176065	-0.155176	0	0	1545.000000	0.000000	0.000000
1	50	0	0	0	4	0	-0.143239	-0.199938	0	0	1548.000000	0.000000	0.000000
2	100	0	0	0	4	0	-0.128318	-0.125335	0	0	1545.000000	0.000000	0.000000
3	150	0	0	0	4	0	-0.220827	-0.271556	0	0	1535.000000	0.000000	0.000000
4	200	0	0	0	4	0	-0.182032	-0.214859	0	0	1528.000000	0.000000	0.000000
5	250	0	0	0	4	0	-0.247683	-0.268572	0	0	1522.000000	0.000000	0.000000
6	300	0	0	0	4	0	-0.256635	-0.331238	0	0	1529.000000	0.000000	0.000000
7	350	0	0	0	4	0	-0.167111	-0.265588	0	0	1529.000000	0.000000	0.000000
8	400	0	0	0	4	0	-0.188001	-0.331238	0	0	1539.000000	0.000000	0.000000
9	450	0	0	0	4	0	-0.170097	-0.352126	0	0	1549.000000	0.000000	0.000000
10	500	0	0	0	4	0	-0.173080	-0.179049	0	0	1531.000000	0.000000	0.000000
11	550	0	0	0	4	0	-0.244700	-0.274541	0	0	1529.000000	0.000000	0.000000
12	600	0	0	0	4	0	-0.190986	-0.241715	0	0	1513.000000	0.000000	0.000000
13	650	0	0	0	4	0	-0.247683	-0.229779	0	0	1491.000000	0.000000	0.000000
14	700	0	0	0	4	0	-0.193969	-0.196954	0	0	1480.000000	0.000000	0.000000
15	750	0	0	0	4	0	-0.188001	-0.268572	0	0	1473.000000	0.000000	0.000000
16	800	0	0	0	4	0	-0.223811	-0.292444	0	0	1467.000000	0.000000	0.000000
17	850	0	0	0	4	0	-0.146224	-0.262603	0	0	1475.000000	0.000000	0.000000
18	900	0	0	0	4	0	-0.035810	-0.229779	0	0	1476.000000	0.000000	0.000000
19	950	0	0	0	4	0	-0.134287	-0.262603	0	0	1481.000000	0.000000	0.000000
20	1000	0	0	0	4	0	-0.173080	-0.283492	0	0	1477.000000	0.000000	0.000000
21	1050	0	0	0	4	0	-0.202921	-0.283492	0	0	1473.000000	-0.691970	0.704000
22	1100	0	0	0	4	0	-0.047746	-0.074604	0	0	1466.000000	-1.398063	1.422368
23	1150	0	0	0	4	0	-0.193969	-0.217842	0	0	1477.000000	-2.104155	2.140736
24	1200	0	0	0	4	0	-0.364062	-0.223811	0	0	1478.000000	-2.810247	2.859103
25	1250	0	0	0	4	0	-2.251877	1.649781	0	0	1459.000000	-3.516340	3.577471
26	1300	0	0	0	4	0	-2.537854	1.915114	0	0	1440.000000	-4.222432	4.295838
27	1350	0	0	0	4	0	-5.157565	4.470125	0	0	1452.000000	-4.928524	5.014206
28	1400	0	0	0	4	0	-5.154605	4.695473	0	0	1440.000000	-5.634616	5.732574
29	1450	0	0	0	4	0	-5.512566	5.160525	0	0	1425.000000	-6.340709	6.450942
30	1500	0	0	0	4	0	-7.518398	5.890767	0	0	1427.000000	-7.046801	7.169309
31	1550	0	0	0	4	0	-8.688299	6.339209	0	0	1421.000000	-7.752893	7.887677
32	1600	0	0	0	4	0	-8.994233	6.736845	0	0	1392.000000	-8.458985	8.606045
33	1650	0	0	0	4	0	-9.700244	7.177899	0	0	1361.000000	-9.165078	9.324412
34	1700	0	0	0	4	0	-9.619040	7.785140	0	0	1350.000000	-9.871170	10.042780
35	1750	0	0	0	4	0	-9.543600	9.415860	0	0	1332.000000	-9.984145	10.157719
36	1800	0	0	0	4	0	-9.914662	9.697344	0	0	1305.000000	-9.984145	10.157719
37	1850	0	0	0	4	0	-10.403293	10.102775	0	0	1297.000000	-9.984145	10.157719
38	1900	0	0	0	4	0	-10.331105	10.021769	0	0	1306.000000	-9.984145	10.157719
39	1950	0	0	0	4	0	-10.495646	10.068063	0	0	1309.000000	-9.984145	10.157719
40	2000	0	0	0	4	0	-10.498529	10.160611	0	0	1284.000000	-9.984145	10.157719
41	2050	0	0	0	4	0	-10.486990	10.111450	0	0	1303.000000	-9.984145	10.157719
42	2100	0	0	0	4	0	-10.400407	10.033344	0	0	1322.000000	-9.984145	10.157719
43	2150	0	0	0	4	0	-10.561989	9.920454	0	0	1316.000000	-9.984145	10.157719
44	2200	0	0	0	4	0	-10.657127	10.070955	0	0	1322.000000	-9.984145	10.157719
45	2250	0	0	0	4	0	-10.504300	10.044918	0	0	1346.000000	-9.984145	10.157719
46	2300	0	0	0	4	0	-10.510070	9.963881	0	0	1357.000000	-9.984145	10.157719
47	2350	0	0	0	4	0	-10.564871	9.952303	0	0	1356.000000	-9.984145	10.157719
48	2400	0	0	0	4	0	-10.593707	10.120128	0	0	1348.000000	-9.984145	10.157719
49	2450	0	0	0	4	0	-10.590824	10.102775	0	0	1343.000000	-9.984145	10.157719
50	2500	0	0	0	4	0	-10.377309	10.039130	0	0	1347.000000	-9.984145	10.157719
51	2550	0	0	0	4	0	-10.489875	10.024663	0	0	1330.000000	-9.984145	10.157719
52	2600	0	0	0	4	0	-10.619655	10.053596	0	0	1318.000000	-9.984145	10.157719
53	2650	0	0	0	4	0	-10.553337	10.042024	0	0	1320.000000	-9.984145	10.157719
54	2700	0	0	0	4	0	-10.449475	9.966778	0	0	1329.000000	-9.984145	10.157719
55	2750	0	0	0	4	0	-10.564871	9.972567	0	0	1319.000000	-9.292174	9.453718
56	2800	0	0	0	4	0	-10.662891	9.966778	0	0	1302.000000	-8.468400	8.615623
57	2850	0	0	0	4	0	-10.501415	10.018874	0	0	1311.000000	-7.644626	7.777527
58	2900	0	0	0	4	0	-10.374421	9.862533	0	0	1332.000000	-6.820852	6.939432
59	2950	0	0	0	4	0	-8.475306	6.103281	0	0	1432.000000	-5.997077	6.101336
60	3000	0	0	0	4	0	-7.304179	5.846473	0	0	1436.000000	-5.173303	5.263240
61	3050	0	0	0	4	0	-5.684000	5.533262	0	0	1433.000000	-4.349529	4.425145
62	3100	0	0	0	4	0	-5.059869	4.609502	0	0	1467.000000	-3.525754	3.587049
63	3150	0	0	0	4	0	-4.119970	3.531744	0	0	1506.000000	-2.701980	2.748954
64	3200	0	0	0	4	0	-3.323600	3.035028	0	0	1505.000000	-1.878206	1.910858
65	3250	0	0	0	4	0	-1.628909	1.959825	0	0	1524.000000	-1.054431	1.072762
66	3300	0	0	0	4	0	-0.999591	1.578219	0	0	1547.000000	-0.230657	0.234667
67	3350	0	0	0	4	0	-0.277524	1.083119	0	0	1574.000000	0.000000	0.000000
68	3400	0	0	0	4	0	0.390918	0.459550	0	0	1586.000000	0.000000	0.000000
69	3450	0	0	0	4	0	1.763079	-1.229284	0	0	1605.000000	0.000000	0.000000
70	3500	0	0	0	4	0	2.082023	-1.458936	0	0	1612.000000	0.000000	0.000000
71	3550	0	0	0	4	0	0.217842	0.208890	0	0	1580.000000	0.000000	0.000000
72	3600	0	0	0	4	0	0.208890	0.053714	0	0	1601.000000	0.000000	0.000000
73	3650	0	0	0	4	0	0.241715	0.098477	0	0	1615.000000	0.000000	0.000000
74	3700	0	0	0	4	0	0.259620	0.110414	0	0	1605.000000	0.000000	0.000000
75	3750	0	0	0	4	0	0.265588	0.185017	0	0	1632.000000	0.000000	0.000000
76	3800	0	0	0	4	0	0.286477	0.074604	0	0	1642.000000	0.000000	0.000000
77	3850	0	0	0	4	0	0.256636	0.152192	0	0	1641.000000	0.000000	0.000000
78	3900	0	0	0	4	0	0.185017	-0.056699	0	0	1616.000000	0.000000	0.000000
79	3950	0	0	0	4	0	0.420759	0.059683	0	0	1623.000000	0.000000	0.000000
80	4000	0	0	0	4	0	0.289461	-0.044762	0	0	1597.000000	0.000000	0.000000
81	4050	0	0	0	4	0	0.292444	-0.083556	0	0	1565.000000	0.000000	0.000000
82	4100	0	0	0	4	0	0.316317	-0.074604	0	0	1534.000000	0.000000	0.000000
83	4150	0	0	0	4	0	0.280508	-0.122350	0	0	1530.000000	0.000000	0.000000
84	4200	0	0	0	4	0	0.358094	-0.143239	0	0	1512.000000	0.000000	0.000000
85	4250	0	0	0	4	0	0.310349	-0.208890	0	0	1490.000000	0.000000	0.000000
86	4300	0	0	0	4	0	0.355110	-0.140255	0	0	1468.000000	0.000000	0.000000
87	4350	0	0	0	4	0	0.352126	-0.107430	0	0	1477.000000	-9.984145	10.157719
88	4400	0	0	0	4	0	0.280508	-0.223811	0	0	1474.000000	-9.984145	10.157719
89	4450	0	0	0	4	0	0.277524	-0.182033	0	0	1467.000000	-9.984145	10.157719
90	4500	0	0	0	4	0	0.211874	0.065652	0	0	1472.000000	-9.984145	10.157719
91	4550	0	0	0	4	0	-9.366481	6.801585	0	0	1385.000000	-9.984145	10.157719
92	4600	0	0	0	4	0	-9.824872	7.395173	0	0	1342.000000	-9.984145	10.157719
93	4650	0	0	0	4	0	-9.755322	7.568254	0	0	1341.000000	-9.984145	10.157719
94	4700	0	0	0	4	0	-9.688644	9.552306	0	0	1316.000000	-9.984145	10.157719
95	4750	0	0	0	4	0	-9.934932	9.932036	0	0	1299.000000	-9.984145	10.157719
96	4800	0	0	0	4	0	-10.131694	10.082526	0	0	1274.000000	-9.984145	10.157719
97	4850	0	0	0	4	0	-9.958093	10.091205	0	0	1279.000000	-9.984145	10.157719
98	4900	0	0	0	4	0	-9.969672	10.036237	0	0	1278.000000	-9.984145	10.157719
99	4950	0	0	0	4	0	-10.102774	10.050704	0	0	1274.000000	-9.984145	10.157719
100	5000	0	0	0	4	0	-10.163502	10.099881	0	0	1274.000000	-9.984145	10.157719
101	5050	0	0	0	4	0	-10.151937	10.050704	0	0	1300.000000	-9.984145	10.157719
102	5100	0	0	0	4	0	-10.056491	10.082526	0	0	1331.000000	-9.984145	10.157719
103	5150	0	0	0	4	0	-10.169284	9.932036	0	0	1316.000000	-9.984145	10.157719
104	5200	0	0	0	4	0	-10.250216	10.039130	0	0	1311.000000	-9.984145	10.157719
105	5250	0	0	0	4	0	-10.198193	10.042024	0	0	1323.000000	-9.984145	10.157719
106	5300	0	0	0	4	0	-10.175065	9.920454	0	0	1331.000000	-9.984145	10.157719
107	5350	0	0	0	4	0	-10.238656	9.888600	0	0	1325.000000	0.000000	0.000000
108	5400	0	0	0	4	0	-10.359984	10.044918	0	0	1324.000000	0.000000	0.000000
109	5450	0	0	0	4	0	-10.241547	10.102775	0	0	1336.000000	0.000000	0.000000
110	5500	0	0	0	4	0	-10.082527	9.804590	0	0	1352.000000	0.000000	0.000000
111	5550	0	0	0	4	0	-1.915114	-0.074604	0	0	1490.000000	0.000000	0.000000
112	5600	0	0	0	4	0	-1.804817	-0.214859	0	0	1501.000000	0.000000	0.000000
113	5650	0	0	0	4	0	0.835504	-0.429710	0	0	1514.000000	0.000000	0.000000
114	5700	0	0	0	4	0	0.561003	-0.340189	0	0	1514.000000	0.000000	0.000000
115	5750	0	0	0	4	0	0.504309	-0.390918	0	0	1534.000000	0.000000	0.000000
116	5800	0	0	0	4	0	0.549068	-0.384950	0	0	1549.000000	0.000000	0.000000
117	5850	0	0	0	4	0	0.038794	-0.274541	0	0	1545.000000	0.000000	0.000000
118	5900	0	0	0	4	0	0.161144	-0.226795	0	0	1576.000000	0.000000	0.000000
119	5950	0	0	0	4	0	0.152192	-0.241715	0	0	1596.000000	0.000000	0.000000
120	6000	0	0	0	4	0	0.179049	-0.367046	0	0	1584.000000	0.000000	0.000000
121	6050	0	0	0	4	0	0.247683	-0.301397	0	0	1548.000000	0.000000	0.000000
122	6100	0	0	0	4	0	0.232762	-0.205906	0	0	1529.000000	0.000000	0.000000
123	6150	0	0	0	4	0	0.304381	-0.265588	0	0	1497.000000	0.000000	0.000000
124	6200	0	0	0	4	0	0.259620	-0.375998	0	0	1487.000000	0.000000	0.000000
125	6250	0	0	0	4	0	0.325269	-0.304381	0	0	1461.000000	0.000000	0.000000
126	6300	0	0	0	4	0	0.268572	-0.211874	0	0	1448.000000	0.000000	0.000000
127	6350	0	0	0	4	0	0.173080	-0.143239	0	0	1444.000000	-0.676891	-0.688659
128	6400	0	0	0	4	0	0.196954	-0.340189	0	0	1446.000000	-1.617018	-1.645130
129	6450	0	0	0	4	0	0.343174	-0.253652	0	0	1428.000000	-2.557145	-2.601600
130	6500	0	0	0	4	0	0.238731	-0.393903	0	0	1421.000000	-3.497271	-3.558071
131	6550	0	0	0	4	0	0.128318	-0.465518	0	0	1430.000000	-4.437398	-4.514542
132	6600	0	0	0	4	0	-4.075437	-4.615431	0	0	1440.000000	-5.377524	-5.471012
133	6650	0	0	0	4	0	-5.480042	-5.890766	0	0	1439.000000	-6.317651	-6.427483
134	6700	0	0	0	4	0	-5.991141	-5.991141	0	0	1445.000000	-7.257778	-7.383954
135	6750	0	0	0	4	0	-6.507177	-6.303833	0	0	1453.000000	-8.197905	-8.340425
136	6800	0	0	0	4	0	-8.121746	-7.453861	0	0	1470.000000	-9.138031	-9.296895
137	6850	0	0	0	4	0	-8.565784	-7.571186	0	0	1461.000000	-9.984145	-10.157719
138	6900	0	0	0	4	0	-9.790101	-9.034985	0	0	1461.000000	-9.984145	-10.157719
139	6950	0	0	0	4	0	-9.882808	-9.383909	0	0	1456.000000	-9.984145	-10.157719
140	7000	0	0	0	4	0	-9.960988	-9.395529	0	0	1452.000000	-9.984145	-10.157719
141	7050	0	0	0	4	0	-9.914662	-9.244423	0	0	1439.000000	-9.984145	-10.157719
142	7100	0	0	0	4	0	-9.891496	-9.241516	0	0	1436.000000	-9.984145	-10.157719
143	7150	0	0	0	4	0	-9.952303	-9.540699	0	0	1429.000000	-9.984145	-10.157719
144	7200	0	0	0	4	0	-9.865431	-9.827769	0	0	1436.000000	-9.984145	-10.157719
145	7250	0	0	0	4	0	-9.784305	-9.966779	0	0	1432.000000	-9.984145	-10.157719
146	7300	0	0	0	4	0	-9.819077	-9.879912	0	0	1440.000000	-9.984145	-10.157719
147	7350	0	0	0	4	0	-9.836462	-9.848048	0	0	1441.000000	-9.984145	-10.157719
148	7400	0	0	0	4	0	-9.749527	-9.949408	0	0	1441.000000	-9.984145	-10.157719
149	7450	0	0	0	4	0	-9.711840	-9.795897	0	0	1457.000000	-9.984145	-10.157719
150	7500	0	0	0	4	0	-9.656746	-9.781408	0	0	1453.000000	-9.984145	-10.157719
151	7550	0	0	0	4	0	-9.650946	-9.755322	0	0	1447.000000	-9.984145	-10.157719
152	7600	0	0	0	4	0	-9.798795	-9.566815	0	0	1443.000000	-9.984145	-10.157719
153	7650	0	0	0	4	0	-9.740829	-9.279305	0	0	1442.000000	-9.984145	-10.157719
154	7700	0	0	0	4	0	-9.769814	-9.061178	0	0	1437.000000	-9.984145	-10.157719
155	7750	0	0	0	4	0	-9.729235	-8.769931	0	0	1449.000000	-9.984145	-10.157719
156	7800	0	0	0	4	0	-9.824872	-8.801991	0	0	1445.000000	-9.984145	-10.157719
157	7850	0	0	0	4	0	-9.903081	-8.705794	0	0	1450.000000	-9.878157	-10.049888
158	7900	0	0	0	4	0	-9.850946	-8.627051	0	0	1463.000000	-8.818269	-8.971573
159	7950	0	0	0	4	0	-9.795897	-8.670800	0	0	1479.000000	-7.758380	-7.893259
160	8000	0	0	0	4	0	-9.955198	-8.662052	0	0	1470.000000	-6.698493	-6.814945
161	8050	0	0	0	4	0	-9.790101	-8.086649	0	0	1488.000000	-5.638604	-5.736631
162	8100	0	0	0	4	0	-7.019216	-6.536633	0	0	1512.000000	-4.578716	-4.658317
163	8150	0	0	0	4	0	-6.135734	-5.819893	0	0	1515.000000	-3.518828	-3.580003
164	8200	0	0	0	4	0	-2.886218	-2.642087	0	0	1519.000000	-2.458940	-2.501689
165	8250	0	0	0	4	0	-2.272734	-1.622946	0	0	1504.000000	-1.399052	-1.423375
166	8300	0	0	0	4	0	-1.509632	-1.393326	0	0	1497.000000	-0.339164	-0.345060
167	8350	0	0	0	4	0	-1.375430	-0.990641	0	0	1504.000000	0.000000	0.000000
168	8400	0	0	0	4	0	0.701241	0.020889	0	0	1519.000000	0.000000	0.000000
169	8450	0	0	0	4	0	1.032406	0.444630	0	0	1517.000000	0.000000	0.000000
170	8500	0	0	0	4	0	1.199455	0.620680	0	0	1493.000000	0.000000	0.000000
171	8550	0	0	0	4	0	1.318764	0.596809	0	0	1490.000000	0.000000	0.000000
172	8600	0	0	0	4	0	1.303851	0.414790	0	0	1484.000000	0.000000	0.000000
173	8650	0	0	0	4	0	1.330694	0.411806	0	0	1458.000000	0.000000	0.000000
174	8700	0	0	0	4	0	1.327711	0.620680	0	0	1453.000000	0.000000	0.000000
175	8750	0	0	0	4	0	1.369466	0.662453	0	0	1437.000000	0.000000	0.000000
176	8800	0	0	0	4	0	1.375432	0.590841	0	0	1432.000000	0.000000	0.000000
177	8850	0	0	0	4	0	1.387361	0.635599	0	0	1441.000000	0.000000	0.000000
178	8900	0	0	0	4	0	1.366484	0.626648	0	0	1445.000000	0.000000	0.000000
179	8950	0	0	0	4	0	1.315781	0.531164	0	0	1451.000000	0.000000	0.000000
180	9000	0	0	0	4	0	1.330694	0.626648	0	0	1451.000000	0.000000	0.000000
181	9050	0	0	0	4	0	1.342624	0.587858	0	0	1472.000000	0.000000	0.000000
182	9100	0	0	0	4	0	1.363502	0.578906	0	0	1465.000000	0.000000	0.000000
183	9150	0	0	0	4	0	1.435079	0.599793	0	0	1484.000000	0.000000	0.000000
184	9200	0	0	0	4	0	1.226301	0.468502	0	0	1467.000000	0.000000	0.000000
185	9250	0	0	0	4	0	1.363502	0.641567	0	0	1459.000000	0.000000	0.000000
186	9300	0	0	0	4	0	1.250162	0.671404	0	0	1467.000000	0.000000	0.000000
187	9350	0	0	0	4	0	1.291920	0.668420	0	0	1463.000000	-9.984145	-10.157719
188	9400	0	0	0	4	0	1.282972	0.531164	0	0	1454.000000	-9.984145	-10.157719
189	9450	0	0	0	4	0	1.327711	0.581890	0	0	1454.000000	-9.984145	-10.157719
190	9500	0	0	0	4	0	1.288938	0.587858	0	0	1455.000000	-9.984145	-10.157719
191	9550	0	0	0	4	0	1.303851	0.561003	0	0	1478.000000	-9.984145	-10.157719
192	9600	0	0	0	4	0	-4.692508	-4.004174	0	0	1480.000000	-9.984145	-10.157719
193	9650	0	0	0	4	0	-10.279109	-7.480264	0	0	1457.000000	-9.984145	-10.157719
194	9700	0	0	0	4	0	-10.414841	-7.506665	0	0	1453.000000	-9.984145	-10.157719
195	9750	0	0	0	4	0	-10.455247	-7.621031	0	0	1459.000000	-9.984145	-10.157719
196	9800	0	0	0	4	0	-10.371534	-7.579983	0	0	1465.000000	-9.984145	-10.157719
197	9850	0	0	0	4	0	-10.423500	-7.506665	0	0	1475.000000	-9.984145	-10.157719
198	9900	0	0	0	4	0	-10.429273	-7.342343	0	0	1476.000000	-9.984145	-10.157719
199	9950	0	0	0	4	0	-10.394632	-7.342343	0	0	1490.000000	-9.984145	-10.157719
200	10000	0	0	0	4	0	-10.409066	-7.368760	0	0	1506.000000	-9.984145	-10.157719
201	10050	0	0	0	4	0	-10.463903	-7.333535	0	0	1511.000000	-9.984145	-10.157719
202	10100	0	0	0	4	0	-10.417727	-7.345278	0	0	1502.000000	-9.984145	-10.157719
203	10150	0	0	0	4	0	-10.394632	-7.383434	0	0	1502.000000	-9.984145	-10.157719
204	10200	0	0	0	4	0	-10.426385	-7.312987	0	0	1503.000000	-9.984145	-10.157719
205	10250	0	0	0	4	0	-10.423500	-7.189649	0	0	1488.000000	-9.984145	-10.157719
206	10300	0	0	0	4	0	-10.403293	-7.248390	0	0	1482.000000	-9.984145	-10.157719
207	10350	0	0	0	4	0	-10.510070	-7.295370	0	0	1476.000000	0.000000	0.000000
208	10400	0	0	0	4	0	-10.406178	-7.348212	0	0	1477.000000	0.000000	0.000000
209	10450	0	0	0	4	0	-10.458134	-7.219022	0	0	1480.000000	0.000000	0.000000
210	10500	0	0	0	4	0	-10.429273	-7.136770	0	0	1473.000000	0.000000	0.000000
211	10550	0	0	0	4	0	-10.449475	-7.257199	0	0	1476.000000	0.000000	0.000000
212	10600	0	0	0	4	0	-0.754947	-0.728094	0	0	1460.000000	0.000000	0.000000
213	10650	0	0	0	4	0	-0.722128	-0.683339	0	0	1473.000000	0.000000	0.000000
214	10700	0	0	0	4	0	-0.745997	-0.641567	0	0	1481.000000	0.000000	0.000000
215	10750	0	0	0	4	0	-0.695274	-0.465518	0	0	1493.000000	0.000000	0.000000
216	10800	0	0	0	4	0	-0.104445	-0.292444	0	0	1479.000000	0.000000	0.000000
217	10850	0	0	0	4	0	-0.107429	-0.241715	0	0	1465.000000	0.000000	0.000000
218	10900	0	0	0	4	0	-0.229779	-0.295429	0	0	1489.000000	0.000000	0.000000
219	10950	0	0	0	4	0	-0.241714	-0.504309	0	0	1479.000000	0.000000	0.000000
220	11000	0	0	0	4	0	-0.259620	-0.375998	0	0	1466.000000	0.000000	0.000000
221	11050	0	0	0	4	0	-0.375997	-0.519229	0	0	1465.000000	0.000000	0.000000
222	11100	0	0	0	4	0	-0.474471	-0.444630	0	0	1443.000000	0.000000	0.000000
223	11150	0	0	0	4	0	-0.492373	-0.453582	0	0	1436.000000	0.000000	0.000000
224	11200	0	0	0	4	0	-0.432694	-0.405838	0	0	1442.000000	0.000000	0.000000
225	11250	0	0	0	4	0	-0.507293	-0.450598	0	0	1431.000000	0.000000	0.000000
226	11300	0	0	0	4	0	-0.441646	-0.367046	0	0	1415.000000	0.000000	0.000000
227	11350	0	0	0	4	0	-0.516244	-0.301397	0	0	1415.000000	0.798732	-0.812617
228	11400	0	0	0	4	0	-0.522213	-0.346158	0	0	1416.000000	1.973337	-2.007643
229	11450	0	0	0	4	0	-0.349142	-0.396886	0	0	1410.000000	3.147942	-3.202669
230	11500	0	0	0	4	0	-0.167111	-0.358094	0	0	1404.000000	4.322547	-4.397695
231	11550	0	0	0	4	0	4.630255	-3.204621	0	0	1439.000000	5.497153	-5.592721
232	11600	0	0	0	4	0	4.618396	-4.134814	0	0	1447.000000	6.671758	-6.787746
233	11650	0	0	0	4	0	5.113161	-4.689544	0	0	1429.000000	7.846364	-7.982772
234	11700	0	0	0	4	0	7.157335	-7.321794	0	0	1489.000000	9.020968	-9.177797
235	11750	0	0	0	4	0	7.597576	-7.515464	0	0	1522.000000	9.984145	-10.157719
236	11800	0	0	0	4	0	8.600796	-8.297145	0	0	1564.000000	9.984145	-10.157719
237	11850	0	0	0	4	0	8.565784	-8.320519	0	0	1575.000000	9.984145	-10.157719
238	11900	0	0	0	4	0	8.431512	-8.323442	0	0	1607.000000	9.984145	-10.157719
239	11950	0	0	0	4	0	8.565784	-8.489902	0	0	1611.000000	9.984145	-10.157719
240	12000	0	0	0	4	0	9.792999	-9.462322	0	0	1608.000000	9.984145	-10.157719
241	12050	0	0	0	4	0	9.821975	-9.505869	0	0	1616.000000	9.984145	-10.157719
242	12100	0	0	0	4	0	9.505869	-9.584227	0	0	1607.000000	9.984145	-10.157719
243	12150	0	0	0	4	0	9.697344	-9.529090	0	0	1612.000000	9.984145	-10.157719
244	12200	0	0	0	4	0	10.377309	-9.897288	0	0	1599.000000	9.984145	-10.157719
245	12250	0	0	0	4	0	10.036237	-10.018875	0	0	1585.000000	9.984145	-10.157719
246	12300	0	0	0	4	0	9.926246	-10.030449	0	0	1589.000000	9.984145	-10.157719
247	12350	0	0	0	4	0	9.929142	-10.047811	0	0	1562.000000	9.984145	-10.157719
248	12400	0	0	0	4	0	9.900185	-10.094096	0	0	1539.000000	9.984145	-10.157719
249	12450	0	0	0	4	0	9.885704	-10.073847	0	0	1545.000000	9.984145	-10.157719
250	12500	0	0	0	4	0	9.711841	-10.085419	0	0	1541.000000	9.984145	-10.157719
251	12550	0	0	0	4	0	9.592930	-10.189520	0	0	1520.000000	9.984145	-10.157719
252	12600	0	0	0	4	0	9.540698	-10.059382	0	0	1512.000000	9.984145	-10.157719
253	12650	0	0	0	4	0	9.314180	-9.833564	0	0	1527.000000	9.984145	-10.157719
254	12700	0	0	0	4	0	9.125189	-9.668346	0	0	1530.000000	9.984145	-10.157719
255	12750	0	0	0	4	0	9.087367	-9.540699	0	0	1525.000000	9.751354	-9.920880
256	12800	0	0	0	4	0	9.069908	-9.401339	0	0	1531.000000	8.458071	-8.605114
257	12850	0	0	0	4	0	8.845699	-9.331615	0	0	1557.000000	7.164788	-7.289347
258	12900	0	0	0	4	0	8.408150	-9.011699	0	0	1578.000000	5.871505	-5.973581
259	12950	0	0	0	4	0	8.300067	-8.548275	0	0	1586.000000	4.578222	-4.657814
260	13000	0	0	0	4	0	5.343992	-0.647534	0	0	1491.000000	3.284939	-3.342047
261	13050	0	0	0	4	0	3.659557	-0.528181	0	0	1487.000000	1.991656	-2.026281
262	13100	0	0	0	4	0	-0.907108	-0.674388	0	0	1472.000000	0.698373	-0.710514
263	13150	0	0	0	4	0	-2.022416	-0.737046	0	0	1478.000000	0.000000	0.000000
264	13200	0	0	0	4	0	-2.981461	-0.381966	0	0	1487.000000	0.000000	0.000000
265	13250	0	0	0	4	0	-3.359289	-0.196954	0	0	1465.000000	0.000000	0.000000
266	13300	0	0	0	4	0	-3.609030	-0.059683	0	0	1446.000000	0.000000	0.000000
267	13350	0	0	0	4	0	-0.969758	-0.540116	0	0	1419.000000	0.000000	0.000000
268	13400	0	0	0	4	0	-1.121898	-0.647534	0	0	1414.000000	0.000000	0.000000
269	13450	0	0	0	4	0	-1.098034	-0.569955	0	0	1398.000000	0.000000	0.000000
270	13500	0	0	0	4	0	-1.008540	-0.516244	0	0	1403.000000	0.000000	0.000000
271	13550	0	0	0	4	0	-0.558020	-0.492373	0	0	1418.000000	0.000000	0.000000
272	13600	0	0	0	4	0	-0.459551	-0.546084	0	0	1409.000000	0.000000	0.000000
273	13650	0	0	0	4	0	-0.623664	-0.504309	0	0	1385.000000	0.000000	0.000000
274	13700	0	0	0	4	0	-0.653502	-0.486405	0	0	1393.000000	0.000000	0.000000
275	13750	0	0	0	4	0	-0.626648	-0.552052	0	0	1390.000000	0.000000	0.000000
276	13800	0	0	0	4	0	-0.587858	-0.566971	0	0	1409.000000	0.000000	0.000000
277	13850	0	0	0	4	0	-0.546084	-0.543100	0	0	1397.000000	0.000000	0.000000
278	13900	0	0	0	4	0	-0.671404	-0.572939	0	0	1393.000000	0.000000	0.000000
279	13950	0	0	0	4	0	-0.677372	-0.650518	0	0	1419.000000	0.000000	0.000000
280	14000	0	0	0	4	0	-0.689306	-0.737046	0	0	1430.000000	0.000000	0.000000
281	14050	0	0	0	4	0	-0.605761	-0.611729	0	0	1434.000000	0.000000	0.000000
282	14100	0	0	0	4	0	-0.680355	-0.632616	0	0	1442.000000	0.000000	0.000000
283	14150	0	0	0	4	0	-0.438663	-0.596809	0	0	1470.000000	9.984145	-10.157719
284	14200	0	0	0	4	0	-0.459551	-0.578906	0	0	1476.000000	9.984145	-10.157719
285	14250	0	0	0	4	0	-0.629631	-0.596809	0	0	1484.000000	9.984145	-10.157719
286	14300	0	0	0	4	0	-0.555035	-0.677372	0	0	1492.000000	9.984145	-10.157719
287	14350	0	0	0	4	0	-0.572939	-0.563987	0	0	1520.000000	9.984145	-10.157719
288	14400	0	0	0	4	0	7.887644	-6.939833	0	0	1571.000000	9.984145	-10.157719
289	14450	0	0	0	4	0	10.881763	-8.621217	0	0	1654.000000	9.984145	-10.157719
290	14500	0	0	0	4	0	10.602357	-8.644553	0	0	1681.000000	9.984145	-10.157719
291	14550	0	0	0	4	0	10.521609	-8.624135	0	0	1675.000000	9.984145	-10.157719
292	14600	0	0	0	4	0	10.579291	-8.580374	0	0	1666.000000	9.984145	-10.157719
293	14650	0	0	0	4	0	10.417727	-8.653303	0	0	1670.000000	9.984145	-10.157719
294	14700	0	0	0	4	0	10.437931	-8.606630	0	0	1686.000000	9.984145	-10.157719
295	14750	0	0	0	4	0	9.232794	-9.415860	0	0	1693.000000	9.984145	-10.157719
296	14800	0	0	0	4	0	9.279305	-9.305461	0	0	1660.000000	9.984145	-10.157719
297	14850	0	0	0	4	0	9.168820	-9.325803	0	0	1649.000000	9.984145	-10.157719
298	14900	0	0	0	4	0	9.165913	-9.389719	0	0	1648.000000	9.984145	-10.157719
299	14950	0	0	0	4	0	9.110643	-9.340332	0	0	1622.000000	9.984145	-10.157719
300	15000	0	0	0	4	0	9.125189	-9.250237	0	0	1611.000000	9.984145	-10.157719
301	15050	0	0	0	4	0	8.740781	-8.965118	0	0	1598.000000	9.984145	-10.157719
302	15100	0	0	0	4	0	8.673717	-9.093186	0	0	1581.000000	9.984145	-10.157719
303	15150	0	0	0	4	0	8.597879	-8.988410	0	0	1579.000000	0.000000	0.000000
304	15200	0	0	0	4	0	8.912701	-9.017521	0	0	1568.000000	0.000000	0.000000
305	15250	0	0	0	4	0	8.656219	-8.851526	0	0	1544.000000	0.000000	0.000000
306	15300	0	0	0	4	0	8.361419	-8.729118	0	0	1522.000000	0.000000	0.000000
307	15350	0	0	0	4	0	1.363502	-0.384950	0	0	1443.000000	0.000000	0.000000
308	15400	0	0	0	4	0	-0.373014	-0.182033	0	0	1410.000000	0.000000	0.000000
309	15450	0	0	0	4	0	-0.549068	-0.017905	0	0	1391.000000	0.000000	0.000000
310	15500	0	0	0	4	0	-0.513261	-0.149207	0	0	1392.000000	0.000000	0.000000
311	15550	0	0	0	4	0	-0.671404	-0.244700	0	0	1387.000000	0.000000	0.000000
312	15600	0	0	0	4	0	-0.626648	-0.349142	0	0	1387.000000	0.000000	0.000000
313	15650	0	0	0	4	0	-0.620680	-0.378983	0	0	1356.000000	0.000000	0.000000
314	15700	0	0	0	4	0	-0.692291	-0.244700	0	0	1351.000000	0.000000	0.000000
315	15750	0	0	0	4	0	-0.674387	-0.355110	0	0	1350.000000	0.000000	0.000000
316	15800	0	0	0	4	0	-1.169627	-0.743013	0	0	1328.000000	0.000000	0.000000
317	15850	0	0	0	4	0	-90.000000	-90.000000	0	4	0.000000	0.000000	0.000000
318	15900	0	0	0	4	0	-90.000000	-90.000000	0	4	0.000000	0.000000	0.000000
319	15950	0	0	0	4	0	-0.041779	0.029842	0	0	1307.000000	0.000000	0.000000
320	16000	0	0	0	4	0	0.083556	-0.008952	0	0	1305.000000	0.000000	0.000000
321	16050	0	0	0	4	0	0.170097	-0.005969	0	0	1293.000000	0.000000	0.000000
322	16100	0	0	0	4	0	0.229779	0.319302	0	0	1262.000000	0.000000	0.000000
323	16150	0	0	0	4	0	0.196954	0.277524	0	0	1298.000000	0.650525	0.661834
324	16200	0	0	0	4	0	0.128318	0.581890	0	0	1293.000000	2.064710	2.100605
325	16250	0	0	0	4	0	-1.342624	0.104445	0	0	1316.000000	3.478895	3.539375
326	16300	0	0	0	4	0	-90.000000	-90.000000	0	4	0.000000	4.893080	4.978146
327	16350	0	0	0	4	0	4.653972	4.787350	0	0	1341.000000	6.307264	6.416916
328	16400	0	0	0	4	0	5.231557	5.045064	0	0	1316.000000	7.721449	7.855686
329	16450	0	0	0	4	0	6.224220	5.887815	0	0	1291.000000	9.135634	9.294456
330	16500	0	0	0	4	0	10.501414	9.630642	0	0	1309.000000	9.984145	10.157719
331	16550	0	0	0	4	0	11.393120	9.952303	0	0	1316.000000	9.984145	10.157719
332	16600	0	0	0	4	0	11.504916	10.070955	0	0	1285.000000	9.984145	10.157719
333	16650	0	0	0	4	0	11.373044	10.510069	0	0	1281.000000	9.984145	10.157719
334	16700	0	0	0	4	0	10.922048	10.832833	0	0	1291.000000	9.984145	10.157719
335	16750	0	0	0	4	0	11.005458	10.792525	0	0	1288.000000	9.984145	10.157719
336	16800	0	0	0	4	0	10.985329	10.936432	0	0	1269.000000	9.984145	10.157719
337	16850	0	0	0	4	0	10.864497	11.080199	0	0	1283.000000	9.984145	10.157719
338	16900	0	0	0	4	0	10.769487	10.953691	0	0	1295.000000	9.984145	10.157719
339	16950	0	0	0	4	0	10.691709	10.922048	0	0	1303.000000	9.984145	10.157719
340	17000	0	0	0	4	0	10.729162	10.812680	0	0	1286.000000	9.984145	10.157719
341	17050	0	0	0	4	0	10.550452	10.947939	0	0	1303.000000	9.984145	10.157719
342	17100	0	0	0	4	0	10.423500	10.850104	0	0	1304.000000	9.984145	10.157719
343	17150	0	0	0	4	0	10.590824	10.867374	0	0	1323.000000	9.984145	10.157719
344	17200	0	0	0	4	0	10.608124	10.804043	0	0	1302.000000	9.984145	10.157719
345	17250	0	0	0	4	0	10.484103	10.778128	0	0	1297.000000	9.984145	10.157719
346	17300	0	0	0	4	0	10.279109	10.688827	0	0	1289.000000	9.984145	10.157719
347	17350	0	0	0	4	0	10.469676	10.579290	0	0	1284.000000	9.984145	10.157719
348	17400	0	0	0	4	0	10.495645	10.645597	0	0	1269.000000	9.984145	10.157719
349	17450	0	0	0	4	0	10.328216	10.628304	0	0	1271.000000	9.984145	10.157719
350	17500	0	0	0	4	0	10.044918	10.313774	0	0	1273.000000	9.372559	9.535501
351	17550	0	0	0	4	0	10.108559	10.310886	0	0	1276.000000	7.843594	7.979954
352	17600	0	0	0	4	0	10.099881	10.339769	0	0	1281.000000	6.314628	6.424407
353	17650	0	0	0	4	0	9.839358	9.952303	0	0	1299.000000	4.785662	4.868861
354	17700	0	0	0	4	0	6.666201	6.150483	0	0	1325.000000	3.256697	3.313314
355	17750	0	0	0	4	0	1.840591	0.259620	0	0	1325.000000	1.727731	1.757768
356	17800	0	0	0	4	0	1.351571	-0.540116	0	0	1344.000000	0.198766	0.202221
357	17850	0	0	0	4	0	0.901141	-0.605761	0	0	1355.000000	-1.330200	-1.353325
358	17900	0	0	0	4	0	0.486405	-0.766882	0	0	1353.000000	-2.859166	-2.908872
359	17950	0	0	0	4	0	-1.772024	-1.721340	0	0	1381.000000	-4.388131	-4.464418
360	18000	0	0	0	4	0	-1.772024	-1.804817	0	0	1408.000000	-5.917097	-6.019965
361	18050	0	0	0	4	0	-1.786930	-1.643818	0	0	1414.000000	-7.446062	-7.575511
362	18100	0	0	0	4	0	-5.417939	-4.395966	0	0	1434.000000	-8.975028	-9.131058
363	18150	0	0	0	4	0	-5.604208	-4.956220	0	0	1442.000000	-9.984145	-10.157719
364	18200	0	0	0	4	0	-5.503696	-5.311449	0	0	1463.000000	-9.984145	-10.157719
365	18250	0	0	0	4	0	-8.912700	-8.694130	0	0	1462.000000	-9.984145	-10.157719
366	18300	0	0	0	4	0	-11.395988	-11.097442	0	0	1434.000000	-9.984145	-10.157719
367	18350	0	0	0	4	0	-11.559350	-11.154902	0	0	1439.000000	-9.984145	-10.157719
368	18400	0	0	0	4	0	-10.108559	-10.342658	0	0	1450.000000	-9.984145	-10.157719
369	18450	0	0	0	4	0	-10.310885	-10.218425	0	0	1464.000000	-9.984145	-10.157719
370	18500	0	0	0	4	0	-10.284887	-10.328217	0	0	1502.000000	-9.984145	-10.157719
371	18550	0	0	0	4	0	-9.949408	-10.169284	0	0	1510.000000	-9.984145	-10.157719
372	18600	0	0	0	4	0	-9.621941	-10.166392	0	0	1506.000000	-9.984145	-10.157719
373	18650	0	0	0	4	0	-9.566815	-10.250216	0	0	1504.000000	-9.984145	-10.157719
374	18700	0	0	0	4	0	-9.471032	-10.157718	0	0	1497.000000	-9.984145	-10.157719
375	18750	0	0	0	4	0	-9.587127	-10.287776	0	0	1484.000000	-9.984145	-10.157719
376	18800	0	0	0	4	0	-9.975461	-9.929141	0	0	1486.000000	-9.984145	-10.157719
377	18850	0	0	0	4	0	-9.940722	-10.068063	0	0	1469.000000	-9.984145	-10.157719
378	18900	0	0	0	4	0	-9.807489	-10.053597	0	0	1460.000000	-9.984145	-10.157719
379	18950	0	0	0	4	0	-9.821976	-10.105666	0	0	1451.000000	-9.984145	-10.157719
380	19000	0	0	0	4	0	-9.987039	-10.096990	0	0	1443.000000	-9.984145	-10.157719
381	19050	0	0	0	4	0	-9.934932	-10.070955	0	0	1445.000000	-9.984145	-10.157719
382	19100	0	0	0	4	0	-9.885703	-9.923350	0	0	1441.000000	-9.984145	-10.157719
383	19150	0	0	0	4	0	-9.966779	-9.987039	0	0	1448.000000	-9.424901	-9.588753
384	19200	0	0	0	4	0	-10.044917	-9.810385	0	0	1445.000000	-7.780067	-7.915323
385	19250	0	0	0	4	0	-9.865431	-9.717639	0	0	1446.000000	-6.135232	-6.241893
386	19300	0	0	0	4	0	-9.732134	-9.392624	0	0	1450.000000	-4.490398	-4.568463
387	19350	0	0	0	4	0	-5.222680	-5.299614	0	0	1503.000000	-2.845564	-2.895034
388	19400	0	0	0	4	0	-4.487921	-3.573362	0	0	1532.000000	-1.200729	-1.221604
389	19450	0	0	0	4	0	-0.131303	0.146223	0	0	1529.000000	0.444105	0.451826
390	19500	0	0	0	4	0	1.780967	1.557346	0	0	1534.000000	2.088940	2.125256
391	19550	0	0	0	4	0	2.817753	2.475308	0	0	1566.000000	3.733774	3.798686
392	19600	0	0	0	4	0	3.513906	3.276012	0	0	1597.000000	5.378609	5.472116
393	19650	0	0	0	4	0	6.748618	7.688447	0	0	1553.000000	7.023443	7.145545
394	19700	0	0	0	4	0	7.415716	8.300067	0	0	1533.000000	8.668278	8.818974
395	19750	0	0	0	4	0	7.758774	8.597879	0	0	1539.000000	9.984145	10.157719
396	19800	0	0	0	4	0	7.998877	8.953470	0	0	1504.000000	9.984145	10.157719
397	19850	0	0	0	4	0	8.935999	9.903080	0	0	1508.000000	9.984145	10.157719
398	19900	0	0	0	4	0	9.014610	10.070955	0	0	1512.000000	9.984145	10.157719
399	19950	0	0	0	4	0	9.381004	9.981250	0	0	1507.000000	9.984145	10.157719
400	20000	0	0	0	4	0	9.537797	10.662891	0	0	1486.000000	9.984145	10.157719
401	20050	0	0	0	4	0	9.566816	10.939309	0	0	1468.000000	9.984145	10.157719
402	20100	0	0	0	4	0	9.587128	10.852983	0	0	1473.000000	9.984145	10.157719
403	20150	0	0	0	4	0	9.546503	10.714758	0	0	1483.000000	9.984145	10.157719
404	20200	0	0	0	4	0	9.607435	10.852983	0	0	1449.000000	9.984145	10.157719
405	20250	0	0	0	4	0	9.453612	10.855862	0	0	1437.000000	9.984145	10.157719
406	20300	0	0	0	4	0	9.462322	10.729162	0	0	1443.000000	9.984145	10.157719
407	20350	0	0	0	4	0	9.561012	10.685946	0	0	1447.000000	9.984145	10.157719
408	20400	0	0	0	4	0	9.485549	10.789645	0	0	1432.000000	9.984145	10.157719
409	20450	0	0	0	4	0	9.575521	10.818439	0	0	1443.000000	9.984145	10.157719
410	20500	0	0	0	4	0	9.471033	10.806922	0	0	1446.000000	9.984145	10.157719
411	20550	0	0	0	4	0	9.711841	10.717639	0	0	1492.000000	9.984145	10.157719
412	20600	0	0	0	4	0	9.662546	10.668654	0	0	1444.000000	9.984145	10.157719
413	20650	0	0	0	4	0	9.508773	10.815559	0	0	1463.000000	9.984145	10.157719
414	20700	0	0	0	4	0	9.328709	10.677300	0	0	1468.000000	9.984145	10.157719
415	20750	0	0	0	4	0	9.502966	10.668654	0	0	1478.000000	-9.984145	-10.157719
416	20800	0	0	0	4	0	9.575521	10.688827	0	0	1478.000000	-9.984145	-10.157719
417	20850	0	0	0	4	0	9.244423	10.636951	0	0	1469.000000	-9.984145	-10.157719
418	20900	0	0	0	4	0	9.157187	10.530262	0	0	1474.000000	-9.984145	-10.157719
419	20950	0	0	0	4	0	8.924350	10.342657	0	0	1475.000000	-9.984145	-10.157719
420	21000	0	0	0	4	0	-1.697488	-1.369466	0	0	1513.000000	-9.984145	-10.157719
421	21050	0	0	0	4	0	-8.229928	-8.229928	0	0	1462.000000	-9.984145	-10.157719
422	21100	0	0	0	4	0	-8.288379	-8.749526	0	0	1457.000000	-9.984145	-10.157719
423	21150	0	0	0	4	0	-8.221159	-8.691216	0	0	1491.000000	-9.984145	-10.157719
424	21200	0	0	0	4	0	-10.024664	-9.711840	0	0	1478.000000	-9.984145	-10.157719
425	21250	0	0	0	4	0	-10.524493	-9.813282	0	0	1500.000000	-9.984145	-10.157719
426	21300	0	0	0	4	0	-10.475447	-9.743731	0	0	1516.000000	-9.984145	-10.157719
427	21350	0	0	0	4	0	-10.478333	-9.795897	0	0	1539.000000	-9.984145	-10.157719
428	21400	0	0	0	4	0	-10.530263	-9.903081	0	0	1546.000000	-9.984145	-10.157719
429	21450	0	0	0	4	0	-10.426385	-9.894393	0	0	1555.000000	-9.984145	-10.157719
430	21500	0	0	0	4	0	-10.336882	-9.871222	0	0	1557.000000	-9.984145	-10.157719
431	21550	0	0	0	4	0	-10.374421	-9.833564	0	0	1547.000000	-9.984145	-10.157719
432	21600	0	0	0	4	0	-10.420612	-9.905975	0	0	1531.000000	-9.984145	-10.157719
433	21650	0	0	0	4	0	-10.247324	-9.987039	0	0	1536.000000	-9.984145	-10.157719
434	21700	0	0	0	4	0	-10.290665	-9.917560	0	0	1519.000000	-9.984145	-10.157719
435	21750	0	0	0	4	0	-10.380197	-9.917560	0	0	1515.000000	9.984145	10.157719
436	21800	0	0	0	4	0	-10.354208	-10.004404	0	0	1513.000000	9.984145	10.157719
437	21850	0	0	0	4	0	-10.357098	-9.969672	0	0	1477.000000	9.984145	10.157719
438	21900	0	0	0	4	0	-10.313775	-9.816180	0	0	1476.000000	9.984145	10.157719
439	21950	0	0	0	4	0	-4.398934	-5.586473	0	0	1541.000000	9.984145	10.157719
440	22000	0	0	0	4	0	7.662069	10.117235	0	0	1550.000000	9.984145	10.157719
441	22050	0	0	0	4	0	7.664999	10.250216	0	0	1553.000000	9.984145	10.157719
442	22100	0	0	0	4	0	7.597576	10.099881	0	0	1554.000000	9.984145	10.157719
443	22150	0	0	0	4	0	8.440271	10.261773	0	0	1589.000000	9.984145	10.157719
444	22200	0	0	0	4	0	8.492821	10.299332	0	0	1577.000000	9.984145	10.157719
445	22250	0	0	0	4	0	8.460710	10.319551	0	0	1588.000000	9.984145	10.157719
446	22300	0	0	0	4	0	8.381865	10.406179	0	0	1579.000000	9.984145	10.157719
447	22350	0	0	0	4	0	8.411070	10.406179	0	0	1604.000000	9.984145	10.157719
448	22400	0	0	0	4	0	8.600796	10.313774	0	0	1594.000000	9.984145	10.157719
449	22450	0	0	0	4	0	6.336262	8.282535	0	0	1555.000000	9.984145	10.157719
450	22500	0	0	0	4	0	5.388363	7.022155	0	0	1551.000000	9.984145	10.157719
451	22550	0	0	0	4	0	5.213801	6.936893	0	0	1570.000000	9.984145	10.157719
452	22600	0	0	0	4	0	5.207882	6.769217	0	0	1556.000000	9.984145	10.157719
453	22650	0	0	0	4	0	5.349908	6.980998	0	0	1538.000000	9.984145	10.157719
454	22700	0	0	0	4	0	5.193083	7.004517	0	0	1533.000000	9.984145	10.157719
455	22750	0	0	0	4	0	5.175325	6.783930	0	0	1547.000000	9.484938	10.157719
456	22800	0	0	0	4	0	5.151645	6.716243	0	0	1564.000000	6.988902	10.157719
457	22850	0	0	0	4	0	5.139805	6.801585	0	0	1542.000000	4.492866	10.157719
458	22900	0	0	0	4	0	4.914751	6.854540	0	0	1539.000000	1.996829	10.157719
459	22950	0	0	0	4	0	4.899939	6.719186	0	0	1559.000000	-0.499207	10.157719
460	23000	0	0	0	4	0	1.491740	8.781589	0	0	1530.000000	-2.995244	10.157719
461	23050	0	0	0	4	0	-1.742210	10.824197	0	0	1450.000000	-5.491280	10.157719
462	23100	0	0	0	4	0	-3.284935	11.057205	0	0	1448.000000	-7.987316	10.157719
463	23150	0	0	0	4	0	-6.574922	10.965196	0	0	1452.000000	-9.984145	10.157719
464	23200	0	0	0	4	0	-7.793927	10.829954	0	0	1419.000000	-9.984145	10.157719
465	23250	0	0	0	4	0	-8.232850	10.924925	0	0	1424.000000	-9.984145	10.157719
466	23300	0	0	0	4	0	-11.091696	10.527377	0	0	1423.000000	-9.984145	10.157719
467	23350	0	0	0	4	0	-11.120430	10.409066	0	0	1428.000000	-9.984145	10.157719
468	23400	0	0	0	4	0	-11.286976	10.489875	0	0	1408.000000	-9.984145	10.157719
469	23450	0	0	0	4	0	-10.472563	10.677300	0	0	1405.000000	-9.984145	10.157719
470	23500	0	0	0	4	0	-10.328217	10.639833	0	0	1409.000000	-9.984145	10.157719
471	23550	0	0	0	4	0	-10.203973	10.570640	0	0	1414.000000	-9.984145	10.157719
472	23600	0	0	0	4	0	-10.276219	10.587940	0	0	1383.000000	-9.984145	10.157719
473	23650	0	0	0	4	0	-10.209755	10.743566	0	0	1382.000000	-9.984145	10.157719
474	23700	0	0	0	4	0	-10.123019	10.619655	0	0	1379.000000	-9.984145	10.157719
475	23750	0	0	0	4	0	-10.065169	10.599474	0	0	1384.000000	-9.984145	10.157719
476	23800	0	0	0	4	0	-10.172175	10.691709	0	0	1362.000000	-9.984145	10.157719
477	23850	0	0	0	4	0	-10.163502	10.737804	0	0	1343.000000	-9.984145	10.157719
478	23900	0	0	0	4	0	-9.981251	10.657127	0	0	1346.000000	-9.984145	10.157719
479	23950	0	0	0	4	0	-10.073847	10.567756	0	0	1345.000000	-9.984145	10.157719
480	24000	0	0	0	4	0	-10.094096	10.642716	0	0	1316.000000	-9.984145	10.157719
481	24050	0	0	0	4	0	-10.004404	10.740685	0	0	1315.000000	-9.984145	10.157719
482	24100	0	0	0	4	0	-9.792999	10.636951	0	0	1328.000000	-9.984145	10.157719
483	24150	0	0	0	4	0	-9.691545	10.550452	0	0	1336.000000	-9.631349	9.798789
484	24200	0	0	0	4	0	-9.679947	10.700353	0	0	1327.000000	-7.867365	8.004139
485	24250	0	0	0	4	0	-9.613237	10.737804	0	0	1334.000000	-6.103382	6.209489
486	24300	0	0	0	4	0	-9.151369	10.547568	0	0	1356.000000	-4.339399	4.414839
487	24350	0	0	0	4	0	-2.728438	3.531744	0	0	1476.000000	-2.575416	2.620189
488	24400	0	0	0	4	0	2.076063	0.823570	0	0	1478.000000	-0.811432	0.825539
489	24450	0	0	0	4	0	2.609330	0.647534	0	0	1485.000000	0.952551	-0.969111
490	24500	0	0	0	4	0	3.394974	0.435678	0	0	1481.000000	2.716534	-2.763761
491	24550	0	0	0	4	0	3.713051	-0.137271	0	0	1494.000000	4.480517	-4.558411
492	24600	0	0	0	4	0	5.157565	-6.831006	0	0	1542.000000	6.244501	-6.353061
493	24650	0	0	0	4	0	5.270027	-7.626892	0	0	1568.000000	8.008484	-8.147711
494	24700	0	0	0	4	0	5.698775	-7.931559	0	0	1583.000000	9.772468	-9.942361
495	24750	0	0	0	4	0	8.839872	-8.592043	0	0	1616.000000	9.984145	-10.157719
496	24800	0	0	0	4	0	9.404243	-8.609550	0	0	1590.000000	9.984145	-10.157719
497	24850	0	0	0	4	0	9.395529	-8.405230	0	0	1599.000000	9.984145	-10.157719
498	24900	0	0	0	4	0	-90.000000	-90.000000	0	4	0.000000	9.984145	-10.157719
499	24950	0	0	0	4	0	-90.000000	-90.000000	0	4	0.000000	9.984145	-10.157719
500	25000	0	0	0	4	0	-90.000000	-90.000000	0	4	0.000000	9.984145	-10.157719
501	25050	0	0	0	4	0	-90.000000	-90.000000	0	4	0.000000	9.984145	-10.157719
502	25100	0	0	0	4	0	8.554112	-6.739789	0	0	1651.000000	9.984145	-10.157719
503	25150	0	0	0	4	0	9.133916	-7.832005	0	0	1614.000000	9.984145	-10.157719
504	25200	0	0	0	4	0	9.450708	-7.937414	0	0	1610.000000	9.984145	-10.157719
505	25250	0	0	0	4	0	9.842255	-9.787204	0	0	1633.000000	9.984145	-10.157719
506	25300	0	0	0	4	0	9.711841	-9.761120	0	0	1642.000000	9.984145	-10.157719
507	25350	0	0	0	4	0	9.534895	-9.761120	0	0	1662.000000	9.984145	-10.157719
508	25400	0	0	0	4	0	9.587128	-9.656746	0	0	1667.000000	9.984145	-10.157719
509	25450	0	0	0	4	0	9.494258	-9.511675	0	0	1662.000000	9.984145	-10.157719
510	25500	0	0	0	4	0	9.351954	-9.293837	0	0	1644.000000	9.984145	-10.157719
511	25550	0	0	0	4	0	9.317086	-9.014609	0	0	1617.000000	9.984145	-10.157719
512	25600	0	0	0	4	0	9.183362	-8.944736	0	0	1544.000000	9.984145	-10.157719
513	25650	0	0	0	4	0	9.288024	-8.810732	0	0	1537.000000	9.984145	-10.157719
514	25700	0	0	0	4	0	9.238607	-8.466548	0	0	1514.000000	9.984145	-10.157719
515	25750	0	0	0	4	0	9.212441	-8.454871	0	0	1502.000000	8.329522	-8.474330
516	25800	0	0	0	4	0	9.441997	-8.469468	0	0	1489.000000	6.449269	-6.561389
517	25850	0	0	0	4	0	9.256050	-8.378944	0	0	1476.000000	4.569016	-4.648448
518	25900	0	0	0	4	0	9.125189	-7.990097	0	0	1478.000000	2.688762	-2.735506
519	25950	0	0	0	4	0	1.724321	-1.476830	0	0	1429.000000	0.808509	-0.822565
520	26000	0	0	0	4	0	0.193969	-0.361078	0	0	1421.000000	-1.071744	1.090377
521	26050	0	0	0	4	0	-0.316317	0.301397	0	0	1394.000000	-2.951998	3.003318
522	26100	0	0	0	4	0	-5.477084	4.914751	0	0	1334.000000	-4.832251	4.916259
523	26150	0	0	0	4	0	-6.757446	6.200627	0	0	1317.000000	-6.712504	6.829201
524	26200	0	0	0	4	0	-7.227832	6.886897	0	0	1319.000000	-8.592758	8.742142
525	26250	0	0	0	4	0	-7.594644	7.697240	0	0	1296.000000	-9.984145	10.157719
526	26300	0	0	0	4	0	-9.069908	8.787418	0	0	1267.000000	-9.984145	10.157719
527	26350	0	0	0	4	0	-9.096098	9.032074	0	0	1276.000000	-9.984145	10.157719
528	26400	0	0	0	4	0	-9.398434	9.099006	0	0	1256.000000	-9.984145	10.157719
529	26450	0	0	0	4	0	-10.299333	10.206864	0	0	1250.000000	-9.984145	10.157719
530	26500	0	0	0	4	0	-10.305108	10.201083	0	0	1267.000000	-9.984145	10.157719
531	26550	0	0	0	4	0	-10.345545	10.169284	0	0	1287.000000	-9.984145	10.157719
532	26600	0	0	0	4	0	-10.611007	10.305108	0	0	1262.000000	-9.984145	10.157719
533	26650	0	0	0	4	0	-10.599474	10.299332	0	0	1262.000000	-9.984145	10.157719
534	26700	0	0	0	4	0	-10.091205	10.310886	0	0	1271.000000	-9.984145	10.157719
535	26750	0	0	0	4	0	-10.068063	10.244436	0	0	1271.000000	-9.984145	10.157719
536	26800	0	0	0	4	0	-10.258883	10.296444	0	0	1269.000000	-9.984145	10.157719
537	26850	0	0	0	4	0	-10.166392	10.411953	0	0	1283.000000	-9.984145	10.157719
538	26900	0	0	0	4	0	-10.137478	10.313774	0	0	1297.000000	-9.984145	10.157719
539	26950	0	0	0	4	0	-10.128803	10.227097	0	0	1308.000000	-9.984145	10.157719
540	27000	0	0	0	4	0	-10.209755	10.290666	0	0	1295.000000	-9.984145	10.157719
541	27050	0	0	0	4	0	-10.079633	10.325329	0	0	1306.000000	-9.984145	10.157719
542	27100	0	0	0	4	0	-9.868325	10.157718	0	0	1316.000000	-9.984145	10.157719
543	27150	0	0	0	4	0	-9.746627	10.015981	0	0	1334.000000	-9.984145	10.157719
544	27200	0	0	0	4	0	-9.810385	10.050704	0	0	1324.000000	-9.984145	10.157719
545	27250	0	0	0	4	0	-9.511675	10.105666	0	0	1343.000000	9.984145	-10.157719
546	27300	0	0	0	4	0	-9.351954	10.082526	0	0	1349.000000	9.984145	-10.157719
547	27350	0	0	0	4	0	-9.258958	9.978355	0	0	1370.000000	9.984145	-10.157719
548	27400	0	0	0	4	0	-9.160094	9.914663	0	0	1373.000000	9.984145	-10.157719
549	27450	0	0	0	4	0	0.059683	1.447008	0	0	1561.000000	9.984145	-10.157719
550	27500	0	0	0	4	0	8.705794	-5.751956	0	0	1639.000000	9.984145	-10.157719
551	27550	0	0	0	4	0	8.685382	-5.899626	0	0	1607.000000	9.984145	-10.157719
552	27600	0	0	0	4	0	8.851526	-6.115082	0	0	1608.000000	9.984145	-10.157719
553	27650	0	0	0	4	0	10.125911	-9.206626	0	0	1625.000000	9.984145	-10.157719
554	27700	0	0	0	4	0	9.587128	-9.392624	0	0	1634.000000	9.984145	-10.157719
555	27750	0	0	0	4	0	9.749526	-9.238607	0	0	1654.000000	9.984145	-10.157719
556	27800	0	0	0	4	0	9.816179	-9.401339	0	0	1664.000000	9.984145	-10.157719
557	27850	0	0	0	4	0	9.653847	-9.340332	0	0	1682.000000	9.984145	-10.157719
558	27900	0	0	0	4	0	9.389719	-9.093186	0	0	1683.000000	9.984145	-10.157719
559	27950	0	0	0	4	0	9.328709	-9.197903	0	0	1695.000000	9.984145	-10.157719
560	28000	0	0	0	4	0	9.395529	-9.043715	0	0	1692.000000	9.984145	-10.157719
561	28050	0	0	0	4	0	9.232794	-9.058268	0	0	1672.000000	9.984145	-10.157719
562	28100	0	0	0	4	0	9.285118	-8.962206	0	0	1673.000000	9.984145	-10.157719
563	28150	0	0	0	4	0	9.136826	-9.276398	0	0	1658.000000	9.984145	-10.157719
564	28200	0	0	0	4	0	9.401338	-9.157187	0	0	1653.000000	9.984145	-10.157719
565	28250	0	0	0	4	0	9.331615	-9.203716	0	0	1643.000000	-9.984145	10.157719
566	28300	0	0	0	4	0	9.285118	-9.128098	0	0	1646.000000	-9.984145	10.157719
567	28350	0	0	0	4	0	9.192086	-9.194994	0	0	1647.000000	-9.984145	10.157719
568	28400	0	0	0	4	0	9.037895	-9.302556	0	0	1623.000000	-9.984145	10.157719
569	28450	0	0	0	4	0	7.263072	-6.801585	0	0	1629.000000	-9.984145	10.157719
570	28500	0	0	0	4	0	-8.250388	10.065169	0	0	1412.000000	-9.984145	10.157719
571	28550	0	0	0	4	0	-10.273331	10.996831	0	0	1394.000000	-9.984145	10.157719
572	28600	0	0	0	4	0	-10.550451	10.945063	0	0	1371.000000	-9.984145	10.157719
573	28650	0	0	0	4	0	-10.391745	11.039958	0	0	1373.000000	-9.984145	10.157719
574	28700	0	0	0	4	0	-10.443705	10.726281	0	0	1381.000000	-9.984145	10.157719
575	28750	0	0	0	4	0	-10.400407	10.504300	0	0	1398.000000	-9.984145	10.157719
576	28800	0	0	0	4	0	-10.452362	10.596591	0	0	1380.000000	-9.984145	10.157719
577	28850	0	0	0	4	0	-10.452362	10.570640	0	0	1370.000000	-9.984145	10.157719
578	28900	0	0	0	4	0	-10.432158	10.567756	0	0	1371.000000	-9.984145	10.157719
579	28950	0	0	0	4	0	-10.385971	10.368647	0	0	1379.000000	-9.984145	10.157719
580	29000	0	0	0	4	0	-10.492759	10.461019	0	0	1363.000000	-9.984145	10.157719
581	29050	0	0	0	4	0	-10.400407	10.512955	0	0	1355.000000	-9.984145	10.157719
582	29100	0	0	0	4	0	-10.235766	10.475447	0	0	1366.000000	-9.984145	10.157719
583	29150	0	0	0	4	0	-10.215536	10.383083	0	0	1373.000000	-9.984145	10.157719
584	29200	0	0	0	4	0	-10.362871	10.383083	0	0	1362.000000	-9.984145	10.157719
585	29250	0	0	0	4	0	-10.279109	10.521608	0	0	1364.000000	-9.984145	-10.157719
586	29300	0	0	0	4	0	-10.284887	10.466791	0	0	1371.000000	-9.984145	-10.157719
587	29350	0	0	0	4	0	-10.177958	10.365760	0	0	1400.000000	-9.984145	-10.157719
588	29400	0	0	0	4	0	-10.310885	10.478333	0	0	1395.000000	-9.984145	-10.157719
589	29450	0	0	0	4	0	-10.388858	10.501415	0	0	1393.000000	-9.984145	-10.157719
590	29500	0	0	0	4	0	-10.186629	10.414840	0	0	1419.000000	-9.984145	-10.157719
591	29550	0	0	0	4	0	-10.486990	2.776074	0	0	1501.000000	-9.984145	-10.157719
592	29600	0	0	0	4	0	-9.148461	-7.057427	0	0	1521.000000	-9.984145	-10.157719
593	29650	0	0	0	4	0	-9.110644	-7.471462	0	0	1524.000000	-9.984145	-10.157719
594	29700	0	0	0	4	0	-9.116462	-7.550659	0	0	1510.000000	-9.984145	-10.157719
595	29750	0	0	0	4	0	-8.842787	-9.755322	0	0	1513.000000	-9.984145	-10.157719
596	29800	0	0	0	4	0	-8.915612	-9.885703	0	0	1534.000000	-9.984145	-10.157719
597	29850	0	0	0	4	0	-8.871921	-9.894393	0	0	1535.000000	-9.984145	-10.157719
598	29900	0	0	0	4	0	-8.842787	-9.752425	0	0	1536.000000	-9.984145	-10.157719
599	29950	0	0	0	4	0	-8.970941	-9.833564	0	0	1546.000000	-9.984145	-10.157719
600	30000	0	0	0	4	0	-8.816561	-9.735034	0	0	1531.000000	-9.984145	-10.157719
601	30050	0	0	0	4	0	-8.813648	-9.795897	0	0	1508.000000	-9.984145	-10.157719
602	30100	0	0	0	4	0	-8.810732	-9.732134	0	0	1495.000000	-9.984145	-10.157719
603	30150	0	0	0	4	0	-8.918525	-9.787204	0	0	1470.000000	-9.984145	-10.157719
604	30200	0	0	0	4	0	-8.781589	-9.752425	0	0	1478.000000	-9.984145	-10.157719
605	30250	0	0	0	4	0	-8.810732	-9.723436	0	0	1463.000000	9.984145	-10.157719
606	30300	0	0	0	4	0	-8.752440	-9.668346	0	0	1454.000000	9.984145	-10.157719
607	30350	0	0	0	4	0	-8.761186	-9.665446	0	0	1471.000000	9.984145	-10.157719
608	30400	0	0	0	4	0	-8.720372	-9.740829	0	0	1470.000000	9.984145	-10.157719
609	30450	0	0	0	4	0	-8.618300	-9.624841	0	0	1473.000000	9.984145	-10.157719
610	30500	0	0	0	4	0	-8.597878	-9.740829	0	0	1493.000000	9.984145	-10.157719
611	30550	0	0	0	4	0	8.568702	-9.531994	0	0	1642.000000	9.984145	-10.157719
612	30600	0	0	0	4	0	8.965117	-9.706043	0	0	1661.000000	9.984145	-10.157719
613	30650	0	0	0	4	0	8.909788	-9.694445	0	0	1673.000000	9.984145	-10.157719
614	30700	0	0	0	4	0	9.473935	-10.232875	0	0	1691.000000	9.984145	-10.157719
615	30750	0	0	0	4	0	9.511675	-10.247324	0	0	1710.000000	9.984145	-10.157719
616	30800	0	0	0	4	0	9.662546	-10.128803	0	0	1722.000000	9.984145	-10.157719
617	30850	0	0	0	4	0	9.543601	-10.140371	0	0	1739.000000	9.984145	-10.157719
618	30900	0	0	0	4	0	9.363575	-10.044917	0	0	1749.000000	9.984145	-10.157719
619	30950	0	0	0	4	0	5.943911	-7.230768	0	0	1719.000000	9.984145	-10.157719
620	31000	0	0	0	4	0	5.769680	-7.116201	0	0	1702.000000	9.984145	-10.157719
621	31050	0	0	0	4	0	5.796264	-7.207272	0	0	1672.000000	9.984145	-10.157719
622	31100	0	0	0	4	0	5.695819	-7.312987	0	0	1651.000000	9.984145	-10.157719
623	31150	0	0	0	4	0	5.737183	-6.995697	0	0	1634.000000	9.984145	-10.157719
624	31200	0	0	0	4	0	5.675136	-7.169086	0	0	1632.000000	9.984145	-10.157719
625	31250	0	0	0	4	0	5.781495	-7.242516	0	0	1643.000000	9.984145	10.157719
626	31300	0	0	0	4	0	5.731275	-7.204335	0	0	1620.000000	9.984145	10.157719
627	31350	0	0	0	4	0	5.843520	-7.227832	0	0	1624.000000	9.984145	10.157719
628	31400	0	0	0	4	0	5.811032	-7.151460	0	0	1613.000000	9.984145	10.157719
629	31450	0	0	0	4	0	5.713548	-7.195524	0	0	1609.000000	9.984145	10.157719
630	31500	0	0	0	4	0	5.772634	-6.521905	0	0	1621.000000	9.984145	10.157719
631	31550	0	0	0	4	0	8.784504	10.076740	0	0	1568.000000	9.984145	10.157719
632	31600	0	0	0	4	0	8.612467	10.215536	0	0	1560.000000	9.984145	10.157719
633	31650	0	0	0	4	0	8.530766	10.348433	0	0	1552.000000	9.984145	10.157719
634	31700	0	0	0	4	0	9.131007	10.778128	0	0	1559.000000	9.984145	10.157719
635	31750	0	0	0	4	0	9.069908	10.901907	0	0	1567.000000	9.984145	10.157719
636	31800	0	0	0	4	0	9.145553	10.717639	0	0	1540.000000	9.984145	10.157719
637	31850	0	0	0	4	0	9.066998	10.711877	0	0	1523.000000	9.984145	10.157719
638	31900	0	0	0	4	0	8.965117	10.916293	0	0	1515.000000	9.984145	10.157719
639	31950	0	0	0	4	0	8.947647	10.622539	0	0	1518.000000	9.984145	10.157719
640	32000	0	0	0	4	0	7.735334	9.517480	0	0	1499.000000	9.984145	10.157719
641	32050	0	0	0	4	0	7.474396	9.441997	0	0	1486.000000	9.984145	10.157719
642	32100	0	0	0	4	0	7.500798	9.587128	0	0	1495.000000	9.984145	10.157719
643	32150	0	0	0	4	0	7.351149	9.450708	0	0	1500.000000	9.984145	10.157719
644	32200	0	0	0	4	0	7.424519	9.497161	0	0	1486.000000	9.984145	10.157719
645	32250	0	0	0	4	0	7.421585	9.616138	0	0	1498.000000	-9.984145	10.157719
646	32300	0	0	0	4	0	7.368760	9.441997	0	0	1513.000000	-9.984145	10.157719
647	32350	0	0	0	4	0	7.345278	9.465226	0	0	1535.000000	-9.984145	10.157719
648	32400	0	0	0	4	0	7.357019	9.392624	0	0	1544.000000	-9.984145	10.157719
649	32450	0	0	0	4	0	7.277754	9.517480	0	0	1574.000000	-9.984145	10.157719
650	32500	0	0	0	4	0	-2.457437	11.215212	0	0	1552.000000	-9.984145	10.157719
651	32550	0	0	0	4	0	-9.566815	10.881763	0	0	1496.000000	-9.984145	10.157719
652	32600	0	0	0	4	0	-9.752425	10.870252	0	0	1497.000000	-9.984145	10.157719
653	32650	0	0	0	4	0	-9.998616	10.953691	0	0	1501.000000	-9.984145	10.157719
654	32700	0	0	0	4	0	-10.596591	10.504300	0	0	1523.000000	-9.984145	10.157719
655	32750	0	0	0	4	0	-10.553337	10.374421	0	0	1541.000000	-9.984145	10.157719
656	32800	0	0	0	4	0	-10.636950	10.400406	0	0	1529.000000	-9.984145	10.157719
657	32850	0	0	0	4	0	-10.665772	10.466791	0	0	1504.000000	-9.984145	10.157719
658	32900	0	0	0	4	0	-10.576407	10.443705	0	0	1509.000000	-9.984145	10.157719
659	32950	0	0	0	4	0	-10.579290	10.380197	0	0	1516.000000	-9.984145	10.157719
660	33000	0	0	0	4	0	-10.700353	10.316663	0	0	1493.000000	-9.984145	10.157719
661	33050	0	0	0	4	0	-10.685945	10.409066	0	0	1475.000000	-9.984145	10.157719
662	33100	0	0	0	4	0	-10.550451	10.374421	0	0	1474.000000	-9.984145	10.157719
663	33150	0	0	0	4	0	-10.544684	10.331105	0	0	1496.000000	-9.984145	10.157719
664	33200	0	0	0	4	0	-10.662891	10.331105	0	0	1485.000000	-9.984145	10.157719
665	33250	0	0	0	4	0	-10.593707	10.501415	0	0	1484.000000	0.000000	0.000000
666	33300	0	0	0	4	0	-10.486990	10.414840	0	0	1490.000000	0.000000	0.000000
667	33350	0	0	0	4	0	-10.510070	10.273331	0	0	1508.000000	0.000000	0.000000
668	33400	0	0	0	4	0	-10.533146	10.224206	0	0	1514.000000	0.000000	0.000000
669	33450	0	0	0	4	0	-10.507184	10.380197	0	0	1516.000000	0.000000	0.000000
670	33500	0	0	0	4	0	-0.238731	1.348589	0	0	1678.000000	0.000000	0.000000
671	33550	0	0	0	4	0	0.325269	-0.092509	0	0	1714.000000	0.000000	0.000000
672	33600	0	0	0	4	0	0.581890	0.080573	0	0	1766.000000	0.000000	0.000000
673	33650	0	0	0	4	0	0.555036	0.020889	0	0	1779.000000	0.000000	0.000000
674	33700	0	0	0	4	0	-0.208890	0.253652	0	0	1785.000000	0.000000	0.000000
675	33750	0	0	0	4	0	-0.173080	0.113397	0	0	1793.000000	0.000000	0.000000
676	33800	0	0	0	4	0	-0.310350	0.220826	0	0	1833.000000	0.000000	0.000000
677	33850	0	0	0	4	0	-0.295429	0.125335	0	0	1818.000000	0.000000	0.000000
678	33900	0	0	0	4	0	-0.295429	0.149207	0	0	1797.000000	0.000000	0.000000
679	33950	0	0	0	4	0	-0.161145	0.173080	0	0	1800.000000	0.000000	0.000000
680	34000	0	0	0	4	0	-0.220827	0.193969	0	0	1795.000000	0.000000	0.000000
681	34050	0	0	0	4	0	-0.223811	0.193969	0	0	1765.000000	0.000000	0.000000
682	34100	0	0	0	4	0	-0.146224	0.161144	0	0	1720.000000	0.000000	0.000000
683	34150	0	0	0	4	0	-0.143239	0.202921	0	0	1729.000000	0.000000	0.000000
684	34200	0	0	0	4	0	-0.262603	0.092509	0	0	1728.000000	0.000000	0.000000
685	34250	0	0	0	4	0	-0.208890	0.119366	0	0	1706.000000	0.000000	0.000000
686	34300	0	0	0	4	0	-0.289461	0.146223	0	0	1687.000000	0.000000	0.000000
687	34350	0	0	0	4	0	-0.193969	0.179049	0	0	1702.000000	0.000000	0.000000
688	34400	0	0	0	4	0	-0.286476	0.143239	0	0	1728.000000	0.000000	0.000000
689	34450	0	0	0	4	0	-0.274541	0.137271	0	0	1706.000000	0.000000	0.000000
690	34500	0	0	0	4	0	-0.208890	0.158159	0	0	1693.000000	0.000000	0.000000
691	34550	0	0	0	4	0	-0.241714	0.125335	0	0	1698.000000	0.000000	0.000000
692	34600	0	0	0	4	0	-0.259620	0.217842	0	0	1708.000000	0.000000	0.000000
693	34650	0	0	0	4	0	-0.208890	0.137271	0	0	1695.000000	0.000000	0.000000
694	34700	0	0	0	4	0	-0.364062	0.211874	0	0	1662.000000	0.000000	0.000000
695	34750	0	0	0	4	0	-0.232762	0.337205	0	0	1666.000000	0.000000	0.000000
696	34800	0	0	0	4	0	-0.226794	0.173080	0	0	1667.000000	0.000000	0.000000
697	34850	0	0	0	4	0	-0.256635	0.262603	0	0	1680.000000	0.000000	0.000000
698	34900	0	0	0	4	0	-0.205907	0.253652	0	0	1662.000000	0.000000	0.000000
699	34950	0	0	0	4	0	-0.325270	0.268572	0	0	1649.000000	0.000000	0.000000
700	35000	0	0	0	4	0	-0.265589	0.214859	0	0	1664.000000	0.000000	0.000000
701	35050	0	0	0	4	0	-0.196953	0.217842	0	0	1639.000000	0.000000	0.000000
702	35100	0	0	0	4	0	-0.134287	0.214859	0	0	1625.000000	0.000000	0.000000
703	35150	0	0	0	4	0	-0.277524	0.328253	0	0	1630.000000	0.000000	0.000000
704	35200	0	0	0	4	0	-0.140255	0.229779	0	0	1638.000000	0.000000	0.000000
