RowNumber	TimeStamp	X_Position_Degree_Right_Eye	Y_Position_Degree_Right_Eye	Distance_From_RightEye	Validity_Right_Eye	Pupil_Diameter_RightEye	X_Position_Degree_Left_Eye	Y_Position_Degree_Left_Eye	Distance_From_LeftEye	Validity_Left_Eye	Pupil_Diameter_LeftEye	Target X	Target Y
0	0	0	0	0	4	0	2.841568	5.323283	0	0	460.000000	0.000000	0.000000
1	50	0	0	0	4	0	3.100491	5.190124	0	0	486.000000	0.000000	0.000000
2	100	0	0	0	4	0	3.320626	4.716221	0	0	529.000000	0.000000	0.000000
3	150	0	0	0	4	0	3.219495	4.597642	0	0	493.000000	0.000000	0.000000
4	200	0	0	0	4	0	2.779052	5.249313	0	0	438.000000	0.000000	0.000000
5	250	0	0	0	4	0	-0.569954	1.482794	0	0	490.000000	0.000000	0.000000
6	300	0	0	0	4	0	-0.185017	1.145763	0	0	524.000000	0.000000	0.000000
7	350	0	0	0	4	0	0.056699	0.325269	0	0	576.000000	0.000000	0.000000
8	400	0	0	0	4	0	-0.444631	1.187523	0	0	520.000000	0.000000	0.000000
9	450	0	0	0	4	0	-0.668421	1.772023	0	0	535.000000	0.000000	0.000000
10	500	0	0	0	4	0	-0.364062	1.229284	0	0	587.000000	0.000000	0.000000
11	550	0	0	0	4	0	-0.110414	0.474470	0	0	607.000000	0.000000	0.000000
12	600	0	0	0	4	0	-0.435678	1.229284	0	0	529.000000	0.000000	0.000000
13	650	0	0	0	4	0	-0.671404	1.912133	0	0	498.000000	0.000000	0.000000
14	700	0	0	0	4	0	-0.313333	1.482794	0	0	525.000000	0.000000	0.000000
15	750	0	0	0	4	0	-0.092508	0.611729	0	0	559.000000	0.000000	0.000000
16	800	0	0	0	4	0	-0.671404	1.688543	0	0	478.000000	0.000000	0.000000
17	850	0	0	0	4	0	-0.611729	1.873381	0	0	483.000000	0.000000	0.000000
18	900	0	0	0	4	0	-0.268572	1.426131	0	0	516.000000	0.000000	0.000000
19	950	0	0	0	4	0	-0.014921	0.677372	0	0	537.000000	0.000000	0.000000
20	1000	0	0	0	4	0	-0.549068	1.715376	0	0	467.000000	0.000000	0.000000
21	1050	0	0	0	4	0	-0.665436	2.290610	0	0	461.000000	-0.691970	0.704000
22	1100	0	0	0	4	0	-0.235748	1.772023	0	0	498.000000	-1.398063	1.422368
23	1150	0	0	0	4	0	0.071620	0.829537	0	0	538.000000	-2.104155	2.140736
24	1200	0	0	0	4	0	-0.537132	1.801835	0	0	492.000000	-2.810247	2.859103
25	1250	0	0	0	4	0	-0.656485	2.374028	0	0	480.000000	-3.516340	3.577471
26	1300	0	0	0	4	0	-2.901101	3.216520	0	0	550.000000	-4.222432	4.295838
27	1350	0	0	0	4	0	-3.885372	3.947747	0	0	545.000000	-4.928524	5.014206
28	1400	0	0	0	4	0	-4.938448	5.166445	0	0	517.000000	-5.634616	5.732574
29	1450	0	0	0	4	0	-6.866307	6.836890	0	0	583.000000	-6.340709	6.450942
30	1500	0	0	0	4	0	-7.755844	8.361419	0	0	622.000000	-7.046801	7.169309
31	1550	0	0	0	4	0	-8.314675	8.522010	0	0	592.000000	-7.752893	7.887677
32	1600	0	0	0	4	0	-8.982587	9.084458	0	0	578.000000	-8.458985	8.606045
33	1650	0	0	0	4	0	-10.073847	9.795897	0	0	621.000000	-9.165078	9.324412
34	1700	0	0	0	4	0	-10.137478	10.878886	0	0	631.000000	-9.871170	10.042780
35	1750	0	0	0	4	0	-10.255995	10.671537	0	0	634.000000	-9.984145	10.157719
36	1800	0	0	0	4	0	-10.478333	10.628304	0	0	636.000000	-9.984145	10.157719
37	1850	0	0	0	4	0	-12.096794	11.731104	0	0	638.000000	-9.984145	10.157719
38	1900	0	0	0	4	0	-11.490588	11.470528	0	0	659.000000	-9.984145	10.157719
39	1950	0	0	0	4	0	-11.645254	11.476260	0	0	647.000000	-9.984145	10.157719
40	2000	0	0	0	4	0	-10.873130	11.031334	0	0	649.000000	-9.984145	10.157719
41	2050	0	0	0	4	0	-10.838590	11.232438	0	0	638.000000	-9.984145	10.157719
42	2100	0	0	0	4	0	-10.466791	10.884642	0	0	671.000000	-9.984145	10.157719
43	2150	0	0	0	4	0	-10.498529	10.789645	0	0	675.000000	-9.984145	10.157719
44	2200	0	0	0	4	0	-10.504300	10.884642	0	0	690.000000	-9.984145	10.157719
45	2250	0	0	0	4	0	-10.608123	11.103189	0	0	704.000000	-9.984145	10.157719
46	2300	0	0	0	4	0	-10.279109	10.732043	0	0	758.000000	-9.984145	10.157719
47	2350	0	0	0	4	0	-10.331105	10.489875	0	0	791.000000	-9.984145	10.157719
48	2400	0	0	0	4	0	-10.385971	10.512955	0	0	795.000000	-9.984145	10.157719
49	2450	0	0	0	4	0	-10.437931	10.521608	0	0	798.000000	-9.984145	10.157719
50	2500	0	0	0	4	0	-10.212646	10.270441	0	0	845.000000	-9.984145	10.157719
51	2550	0	0	0	4	0	-10.325329	10.076740	0	0	843.000000	-9.984145	10.157719
52	2600	0	0	0	4	0	-10.351321	10.076740	0	0	839.000000	-9.984145	10.157719
53	2650	0	0	0	4	0	-10.478333	10.270441	0	0	818.000000	-9.984145	10.157719
54	2700	0	0	0	4	0	-10.838590	10.806922	0	0	844.000000	-9.984145	10.157719
55	2750	0	0	0	4	0	-10.838590	10.674418	0	0	836.000000	-9.292174	9.453718
56	2800	0	0	0	4	0	-10.936432	10.815559	0	0	818.000000	-8.468400	8.615623
57	2850	0	0	0	4	0	-11.077326	11.034209	0	0	797.000000	-7.644626	7.777527
58	2900	0	0	0	4	0	-10.639833	10.579290	0	0	812.000000	-6.820852	6.939432
59	2950	0	0	0	4	0	-9.656746	9.764018	0	0	739.000000	-5.997077	6.101336
60	3000	0	0	0	4	0	-9.072818	9.874119	0	0	728.000000	-5.173303	5.263240
61	3050	0	0	0	4	0	-8.387706	9.514577	0	0	737.000000	-4.349529	4.425145
62	3100	0	0	0	4	0	-3.386052	3.894283	0	0	714.000000	-3.525754	3.587049
63	3150	0	0	0	4	0	-2.951699	3.418763	0	0	676.000000	-2.701980	2.748954
64	3200	0	0	0	4	0	-2.942771	3.915075	0	0	593.000000	-1.878206	1.910858
65	3250	0	0	0	4	0	-2.478286	3.834871	0	0	595.000000	-1.054431	1.072762
66	3300	0	0	0	4	0	-1.223318	2.829660	0	0	648.000000	-0.230657	0.234667
67	3350	0	0	0	4	0	-0.477454	1.721340	0	0	671.000000	0.000000	0.000000
68	3400	0	0	0	4	0	-1.461919	3.389027	0	0	547.000000	0.000000	0.000000
69	3450	0	0	0	4	0	-0.155176	2.698663	0	0	529.000000	0.000000	0.000000
70	3500	0	0	0	4	0	0.492373	2.153546	0	0	569.000000	0.000000	0.000000
71	3550	0	0	0	4	0	1.151729	0.635599	0	0	640.000000	0.000000	0.000000
72	3600	0	0	0	4	0	-1.285954	2.865382	0	0	541.000000	0.000000	0.000000
73	3650	0	0	0	4	0	-1.112949	2.990389	0	0	559.000000	0.000000	0.000000
74	3700	0	0	0	4	0	-0.489390	2.198244	0	0	621.000000	0.000000	0.000000
75	3750	0	0	0	4	0	-0.543100	1.795874	0	0	612.000000	0.000000	0.000000
76	3800	0	0	0	4	0	-1.530507	3.216520	0	0	501.000000	0.000000	0.000000
77	3850	0	0	0	4	0	-1.279990	3.222470	0	0	503.000000	0.000000	0.000000
78	3900	0	0	0	4	0	-0.453582	2.239959	0	0	572.000000	0.000000	0.000000
79	3950	0	0	0	4	0	-0.453582	1.843571	0	0	574.000000	0.000000	0.000000
80	4000	0	0	0	4	0	-1.464900	3.157021	0	0	496.000000	0.000000	0.000000
81	4050	0	0	0	4	0	-1.357536	3.353340	0	0	511.000000	0.000000	0.000000
82	4100	0	0	0	4	0	-0.552052	2.463393	0	0	562.000000	0.000000	0.000000
83	4150	0	0	0	4	0	-0.414791	1.718358	0	0	571.000000	0.000000	0.000000
84	4200	0	0	0	4	0	-1.661709	3.287909	0	0	481.000000	0.000000	0.000000
85	4250	0	0	0	4	0	-1.605055	3.454444	0	0	477.000000	0.000000	0.000000
86	4300	0	0	0	4	0	-0.981692	2.734393	0	0	541.000000	0.000000	0.000000
87	4350	0	0	0	4	0	-0.945892	2.600397	0	0	561.000000	-9.984145	10.157719
88	4400	0	0	0	4	0	-1.968767	4.372233	0	0	492.000000	-9.984145	10.157719
89	4450	0	0	0	4	0	-1.676617	4.544269	0	0	518.000000	-9.984145	10.157719
90	4500	0	0	0	4	0	-1.214370	3.754652	0	0	594.000000	-9.984145	10.157719
91	4550	0	0	0	4	0	-10.763727	10.628304	0	0	646.000000	-9.984145	10.157719
92	4600	0	0	0	4	0	-10.968072	12.714463	0	0	660.000000	-9.984145	10.157719
93	4650	0	0	0	4	0	-10.973825	12.697425	0	0	653.000000	-9.984145	10.157719
94	4700	0	0	0	4	0	-10.636950	12.472869	0	0	690.000000	-9.984145	10.157719
95	4750	0	0	0	4	0	-11.022709	12.116765	0	0	694.000000	-9.984145	10.157719
96	4800	0	0	0	4	0	-11.218082	12.133881	0	0	698.000000	-9.984145	10.157719
97	4850	0	0	0	4	0	-11.341492	12.390340	0	0	684.000000	-9.984145	10.157719
98	4900	0	0	0	4	0	-10.947940	12.002609	0	0	735.000000	-9.984145	10.157719
99	4950	0	0	0	4	0	-10.936432	11.905501	0	0	754.000000	-9.984145	10.157719
100	5000	0	0	0	4	0	-11.100316	12.059700	0	0	750.000000	-9.984145	10.157719
101	5050	0	0	0	4	0	-11.364441	12.396032	0	0	738.000000	-9.984145	10.157719
102	5100	0	0	0	4	0	-10.890398	11.948351	0	0	806.000000	-9.984145	10.157719
103	5150	0	0	0	4	0	-11.100316	11.942639	0	0	801.000000	-9.984145	10.157719
104	5200	0	0	0	4	0	-10.504300	11.874069	0	0	774.000000	-9.984145	10.157719
105	5250	0	0	0	4	0	-10.394632	11.436130	0	0	775.000000	-9.984145	10.157719
106	5300	0	0	0	4	0	-10.267551	11.307063	0	0	790.000000	-9.984145	10.157719
107	5350	0	0	0	4	0	-10.385971	11.025584	0	0	790.000000	0.000000	0.000000
108	5400	0	0	0	4	0	-10.466791	11.016959	0	0	798.000000	0.000000	0.000000
109	5450	0	0	0	4	0	-10.354208	10.979577	0	0	803.000000	0.000000	0.000000
110	5500	0	0	0	4	0	-3.882401	6.574922	0	0	755.000000	0.000000	0.000000
111	5550	0	0	0	4	0	0.167112	1.667671	0	0	725.000000	0.000000	0.000000
112	5600	0	0	0	4	0	-0.677372	2.603374	0	0	626.000000	0.000000	0.000000
113	5650	0	0	0	4	0	-0.841472	2.835614	0	0	641.000000	0.000000	0.000000
114	5700	0	0	0	4	0	-90.000000	-90.000000	0	4	0.000000	0.000000	0.000000
115	5750	0	0	0	4	0	-90.000000	-90.000000	0	4	0.000000	0.000000	0.000000
116	5800	0	0	0	4	0	-90.000000	-90.000000	0	4	0.000000	0.000000	0.000000
117	5850	0	0	0	4	0	-1.864439	-2.052220	0	0	727.000000	0.000000	0.000000
118	5900	0	0	0	4	0	-1.518580	0.459550	0	0	879.000000	0.000000	0.000000
119	5950	0	0	0	4	0	-1.414203	0.313333	0	0	881.000000	0.000000	0.000000
120	6000	0	0	0	4	0	-1.408238	0.322285	0	0	845.000000	0.000000	0.000000
121	6050	0	0	0	4	0	-1.414203	0.593825	0	0	813.000000	0.000000	0.000000
122	6100	0	0	0	4	0	-1.190507	0.355110	0	0	871.000000	0.000000	0.000000
123	6150	0	0	0	4	0	-1.038372	0.164128	0	0	911.000000	0.000000	0.000000
124	6200	0	0	0	4	0	-1.112949	0.107430	0	0	876.000000	0.000000	0.000000
125	6250	0	0	0	4	0	-1.485776	0.722128	0	0	801.000000	0.000000	0.000000
126	6300	0	0	0	4	0	-4.609501	3.502015	0	0	810.000000	0.000000	0.000000
127	6350	0	0	0	4	0	-4.653972	3.576334	0	0	787.000000	-0.676891	-0.688659
128	6400	0	0	0	4	0	-5.624896	4.742896	0	0	679.000000	-1.617018	-1.645130
129	6450	0	0	0	4	0	-5.308492	4.467159	0	0	712.000000	-2.557145	-2.601600
130	6500	0	0	0	4	0	-4.849575	3.977445	0	0	726.000000	-3.497271	-3.558071
131	6550	0	0	0	4	0	-4.799203	3.448498	0	0	727.000000	-4.437398	-4.514542
132	6600	0	0	0	4	0	-4.161532	-3.157021	0	0	772.000000	-5.377524	-5.471012
133	6650	0	0	0	4	0	-5.468214	-3.255191	0	0	732.000000	-6.317651	-6.427483
134	6700	0	0	0	4	0	-5.940958	-3.478230	0	0	752.000000	-7.257778	-7.383954
135	6750	0	0	0	4	0	-6.209475	-4.354433	0	0	770.000000	-8.197905	-8.340425
136	6800	0	0	0	4	0	-8.054470	-9.049536	0	0	804.000000	-9.138031	-9.296895
137	6850	0	0	0	4	0	-8.629969	-9.101914	0	0	789.000000	-9.984145	-10.157719
138	6900	0	0	0	4	0	-8.796161	-9.061178	0	0	815.000000	-9.984145	-10.157719
139	6950	0	0	0	4	0	-11.011209	-11.522109	0	0	839.000000	-9.984145	-10.157719
140	7000	0	0	0	4	0	-11.203726	-11.951208	0	0	808.000000	-9.984145	-10.157719
141	7050	0	0	0	4	0	-11.264016	-11.851206	0	0	790.000000	-9.984145	-10.157719
142	7100	0	0	0	4	0	-10.221315	-10.772367	0	0	793.000000	-9.984145	-10.157719
143	7150	0	0	0	4	0	-9.865431	-10.913416	0	0	807.000000	-9.984145	-10.157719
144	7200	0	0	0	4	0	-10.065169	-10.979577	0	0	790.000000	-9.984145	-10.157719
145	7250	0	0	0	4	0	-10.847226	-11.177881	0	0	779.000000	-9.984145	-10.157719
146	7300	0	0	0	4	0	-10.561989	-10.968072	0	0	771.000000	-9.984145	-10.157719
147	7350	0	0	0	4	0	-10.365760	-11.085947	0	0	782.000000	-9.984145	-10.157719
148	7400	0	0	0	4	0	-10.478333	-11.163521	0	0	756.000000	-9.984145	-10.157719
149	7450	0	0	0	4	0	-10.703235	-11.039957	0	0	739.000000	-9.984145	-10.157719
150	7500	0	0	0	4	0	-10.469675	-10.956569	0	0	756.000000	-9.984145	-10.157719
151	7550	0	0	0	4	0	-10.279109	-10.982452	0	0	786.000000	-9.984145	-10.157719
152	7600	0	0	0	4	0	-10.446589	-11.103189	0	0	776.000000	-9.984145	-10.157719
153	7650	0	0	0	4	0	-10.608123	-10.979577	0	0	778.000000	-9.984145	-10.157719
154	7700	0	0	0	4	0	-10.481218	-10.841470	0	0	789.000000	-9.984145	-10.157719
155	7750	0	0	0	4	0	-10.258883	-10.878886	0	0	810.000000	-9.984145	-10.157719
156	7800	0	0	0	4	0	-10.331105	-11.016959	0	0	807.000000	-9.984145	-10.157719
157	7850	0	0	0	4	0	-10.492759	-10.786766	0	0	794.000000	-9.878157	-10.049888
158	7900	0	0	0	4	0	-10.302220	-10.706115	0	0	810.000000	-8.818269	-8.971573
159	7950	0	0	0	4	0	-10.085419	-10.760848	0	0	815.000000	-7.758380	-7.893259
160	8000	0	0	0	4	0	-10.198193	-10.847226	0	0	812.000000	-6.698493	-6.814945
161	8050	0	0	0	4	0	-8.641636	-9.247329	0	0	798.000000	-5.638604	-5.736631
162	8100	0	0	0	4	0	-5.760817	-5.976383	0	0	831.000000	-4.578716	-4.658317
163	8150	0	0	0	4	0	-5.139805	-5.234518	0	0	823.000000	-3.518828	-3.580003
164	8200	0	0	0	4	0	-4.449363	-3.998234	0	0	803.000000	-2.458940	-2.501689
165	8250	0	0	0	4	0	-2.239958	-1.777986	0	0	787.000000	-1.399052	-1.423375
166	8300	0	0	0	4	0	-1.306833	-0.910091	0	0	769.000000	-0.339164	-0.345060
167	8350	0	0	0	4	0	-0.402854	-0.919041	0	0	798.000000	0.000000	0.000000
168	8400	0	0	0	4	0	0.035810	-0.504309	0	0	765.000000	0.000000	0.000000
169	8450	0	0	0	4	0	1.876362	1.932998	0	0	675.000000	0.000000	0.000000
170	8500	0	0	0	4	0	2.356153	1.894248	0	0	694.000000	0.000000	0.000000
171	8550	0	0	0	4	0	0.268572	-0.161144	0	0	713.000000	0.000000	0.000000
172	8600	0	0	0	4	0	0.176064	-0.229779	0	0	683.000000	0.000000	0.000000
173	8650	0	0	0	4	0	-0.122349	0.414790	0	0	625.000000	0.000000	0.000000
174	8700	0	0	0	4	0	0.134287	0.217842	0	0	652.000000	0.000000	0.000000
175	8750	0	0	0	4	0	0.316317	-0.373014	0	0	699.000000	0.000000	0.000000
176	8800	0	0	0	4	0	0.370030	-0.492373	0	0	702.000000	0.000000	0.000000
177	8850	0	0	0	4	0	0.080573	0.202921	0	0	665.000000	0.000000	0.000000
178	8900	0	0	0	4	0	0.262603	0.116382	0	0	708.000000	0.000000	0.000000
179	8950	0	0	0	4	0	0.414790	-0.504309	0	0	749.000000	0.000000	0.000000
180	9000	0	0	0	4	0	0.256636	-0.468502	0	0	728.000000	0.000000	0.000000
181	9050	0	0	0	4	0	0.134287	0.053714	0	0	688.000000	0.000000	0.000000
182	9100	0	0	0	4	0	0.083556	-1.447008	0	0	686.000000	0.000000	0.000000
183	9150	0	0	0	4	0	-90.000000	-90.000000	0	4	0.000000	0.000000	0.000000
184	9200	0	0	0	4	0	-90.000000	-90.000000	0	4	0.000000	0.000000	0.000000
185	9250	0	0	0	4	0	-6.389316	-6.730958	0	0	139.000000	0.000000	0.000000
186	9300	0	0	0	4	0	-0.387934	-0.558020	0	0	732.000000	0.000000	0.000000
187	9350	0	0	0	4	0	-0.205907	-0.605761	0	0	746.000000	-9.984145	-10.157719
188	9400	0	0	0	4	0	-0.122349	-0.563987	0	0	742.000000	-9.984145	-10.157719
189	9450	0	0	0	4	0	-0.229779	-0.226795	0	0	688.000000	-9.984145	-10.157719
190	9500	0	0	0	4	0	-0.208890	-0.214859	0	0	729.000000	-9.984145	-10.157719
191	9550	0	0	0	4	0	-6.563142	-6.427627	0	0	791.000000	-9.984145	-10.157719
192	9600	0	0	0	4	0	-8.568701	-10.088311	0	0	773.000000	-9.984145	-10.157719
193	9650	0	0	0	4	0	-8.851526	-10.018875	0	0	738.000000	-9.984145	-10.157719
194	9700	0	0	0	4	0	-8.831131	-9.992828	0	0	735.000000	-9.984145	-10.157719
195	9750	0	0	0	4	0	-10.177958	-11.011209	0	0	751.000000	-9.984145	-10.157719
196	9800	0	0	0	4	0	-10.336882	-11.197983	0	0	740.000000	-9.984145	-10.157719
197	9850	0	0	0	4	0	-10.628303	-10.950815	0	0	710.000000	-9.984145	-10.157719
198	9900	0	0	0	4	0	-10.507184	-10.884643	0	0	726.000000	-9.984145	-10.157719
199	9950	0	0	0	4	0	-10.305108	-10.939308	0	0	756.000000	-9.984145	-10.157719
200	10000	0	0	0	4	0	-10.357098	-11.039957	0	0	753.000000	-9.984145	-10.157719
201	10050	0	0	0	4	0	-10.538916	-10.982452	0	0	735.000000	-9.984145	-10.157719
202	10100	0	0	0	4	0	-10.521608	-10.968072	0	0	726.000000	-9.984145	-10.157719
203	10150	0	0	0	4	0	-10.391745	-11.051457	0	0	743.000000	-9.984145	-10.157719
204	10200	0	0	0	4	0	-10.414841	-11.068703	0	0	733.000000	-9.984145	-10.157719
205	10250	0	0	0	4	0	-10.642716	-10.947940	0	0	705.000000	-9.984145	-10.157719
206	10300	0	0	0	4	0	-10.391745	-10.855862	0	0	721.000000	-9.984145	-10.157719
207	10350	0	0	0	4	0	-10.160610	-10.947940	0	0	738.000000	0.000000	0.000000
208	10400	0	0	0	4	0	-10.293554	-10.881763	0	0	726.000000	0.000000	0.000000
209	10450	0	0	0	4	0	-10.547568	-10.685945	0	0	686.000000	0.000000	0.000000
210	10500	0	0	0	4	0	-10.305108	-10.536031	0	0	692.000000	0.000000	0.000000
211	10550	0	0	0	4	0	-0.528181	-0.280508	0	0	756.000000	0.000000	0.000000
212	10600	0	0	0	4	0	-0.370031	0.080573	0	0	723.000000	0.000000	0.000000
213	10650	0	0	0	4	0	-0.465517	0.707209	0	0	665.000000	0.000000	0.000000
214	10700	0	0	0	4	0	0.525197	-0.396886	0	0	699.000000	0.000000	0.000000
215	10750	0	0	0	4	0	0.226795	-0.605761	0	0	729.000000	0.000000	0.000000
216	10800	0	0	0	4	0	0.220826	-0.644551	0	0	725.000000	0.000000	0.000000
217	10850	0	0	0	4	0	0.068635	-0.211874	0	0	668.000000	0.000000	0.000000
218	10900	0	0	0	4	0	0.205906	-0.307365	0	0	705.000000	0.000000	0.000000
219	10950	0	0	0	4	0	0.304381	-0.659469	0	0	738.000000	0.000000	0.000000
220	11000	0	0	0	4	0	0.223811	-0.665436	0	0	740.000000	0.000000	0.000000
221	11050	0	0	0	4	0	0.399870	-0.447614	0	0	704.000000	0.000000	0.000000
222	11100	0	0	0	4	0	0.262603	-0.340189	0	0	726.000000	0.000000	0.000000
223	11150	0	0	0	4	0	0.373014	-0.784783	0	0	777.000000	0.000000	0.000000
224	11200	0	0	0	4	0	0.280508	-0.799701	0	0	778.000000	0.000000	0.000000
225	11250	0	0	0	4	0	0.134287	-0.408823	0	0	744.000000	0.000000	0.000000
226	11300	0	0	0	4	0	0.179049	-0.375998	0	0	773.000000	0.000000	0.000000
227	11350	0	0	0	4	0	0.361078	-0.754947	0	0	816.000000	0.798732	-0.812617
228	11400	0	0	0	4	0	0.334222	-0.671404	0	0	816.000000	1.973337	-2.007643
229	11450	0	0	0	4	0	0.185017	-0.319302	0	0	785.000000	3.147942	-3.202669
230	11500	0	0	0	4	0	0.268572	-0.238731	0	0	797.000000	4.322547	-4.397695
231	11550	0	0	0	4	0	3.558499	-2.859428	0	0	854.000000	5.497153	-5.592721
232	11600	0	0	0	4	0	3.971506	-2.999317	0	0	843.000000	6.671758	-6.787746
233	11650	0	0	0	4	0	4.372233	-3.278986	0	0	832.000000	7.846364	-7.982772
234	11700	0	0	0	4	0	10.714758	-8.749526	0	0	853.000000	9.020968	-9.177797
235	11750	0	0	0	4	0	10.232876	-9.514577	0	0	885.000000	9.984145	-10.157719
236	11800	0	0	0	4	0	10.492760	-9.726336	0	0	857.000000	9.984145	-10.157719
237	11850	0	0	0	4	0	10.691709	-9.708941	0	0	849.000000	9.984145	-10.157719
238	11900	0	0	0	4	0	10.852983	-9.537796	0	0	852.000000	9.984145	-10.157719
239	11950	0	0	0	4	0	9.706042	-10.070955	0	0	875.000000	9.984145	-10.157719
240	12000	0	0	0	4	0	9.671247	-10.050704	0	0	854.000000	9.984145	-10.157719
241	12050	0	0	0	4	0	9.639344	-10.044917	0	0	830.000000	9.984145	-10.157719
242	12100	0	0	0	4	0	9.677046	-9.911767	0	0	828.000000	9.984145	-10.157719
243	12150	0	0	0	4	0	9.616138	-10.015980	0	0	872.000000	9.984145	-10.157719
244	12200	0	0	0	4	0	9.526187	-10.169284	0	0	882.000000	9.984145	-10.157719
245	12250	0	0	0	4	0	9.613237	-10.018875	0	0	832.000000	9.984145	-10.157719
246	12300	0	0	0	4	0	9.665446	-9.923350	0	0	840.000000	9.984145	-10.157719
247	12350	0	0	0	4	0	9.633542	-10.105666	0	0	863.000000	9.984145	-10.157719
248	12400	0	0	0	4	0	9.558111	-10.362871	0	0	847.000000	9.984145	-10.157719
249	12450	0	0	0	4	0	9.613237	-10.284887	0	0	826.000000	9.984145	-10.157719
250	12500	0	0	0	4	0	9.688645	-10.042024	0	0	813.000000	9.984145	-10.157719
251	12550	0	0	0	4	0	9.845152	-10.423500	0	0	865.000000	9.984145	-10.157719
252	12600	0	0	0	4	0	9.874119	-10.397518	0	0	847.000000	9.984145	-10.157719
253	12650	0	0	0	4	0	9.885704	-10.180848	0	0	818.000000	9.984145	-10.157719
254	12700	0	0	0	4	0	9.966778	-9.891496	0	0	800.000000	9.984145	-10.157719
255	12750	0	0	0	4	0	9.726336	-10.053597	0	0	840.000000	9.751354	-9.920880
256	12800	0	0	0	4	0	9.642244	-10.149045	0	0	827.000000	8.458071	-8.605114
257	12850	0	0	0	4	0	9.659646	-10.047811	0	0	793.000000	7.164788	-7.289347
258	12900	0	0	0	4	0	9.682846	-9.764019	0	0	781.000000	5.871505	-5.973581
259	12950	0	0	0	4	0	8.443192	-8.851526	0	0	820.000000	4.578222	-4.657814
260	13000	0	0	0	4	0	5.122043	-4.591712	0	0	786.000000	3.284939	-3.342047
261	13050	0	0	0	4	0	3.356315	-2.627198	0	0	749.000000	1.991656	-2.026281
262	13100	0	0	0	4	0	1.977709	-0.695274	0	0	716.000000	0.698373	-0.710514
263	13150	0	0	0	4	0	1.500687	-0.599793	0	0	749.000000	0.000000	0.000000
264	13200	0	0	0	4	0	0.793735	-0.322285	0	0	728.000000	0.000000	0.000000
265	13250	0	0	0	4	0	-1.593129	0.668420	0	0	687.000000	0.000000	0.000000
266	13300	0	0	0	4	0	-1.274025	0.978707	0	0	693.000000	0.000000	0.000000
267	13350	0	0	0	4	0	0.384950	-0.519229	0	0	707.000000	0.000000	0.000000
268	13400	0	0	0	4	0	0.137271	-0.626648	0	0	693.000000	0.000000	0.000000
269	13450	0	0	0	4	0	-0.044762	-0.134287	0	0	637.000000	0.000000	0.000000
270	13500	0	0	0	4	0	0.050731	-0.131302	0	0	649.000000	0.000000	0.000000
271	13550	0	0	0	4	0	0.235747	-0.575922	0	0	683.000000	0.000000	0.000000
272	13600	0	0	0	4	0	0.149207	-0.611729	0	0	699.000000	0.000000	0.000000
273	13650	0	0	0	4	0	-0.029842	-0.029842	0	0	659.000000	0.000000	0.000000
274	13700	0	0	0	4	0	0.086540	-0.077588	0	0	684.000000	0.000000	0.000000
275	13750	0	0	0	4	0	0.504309	-0.572939	0	0	731.000000	0.000000	0.000000
276	13800	0	0	0	4	0	0.393903	-0.626648	0	0	716.000000	0.000000	0.000000
277	13850	0	0	0	4	0	0.247683	-0.170097	0	0	666.000000	0.000000	0.000000
278	13900	0	0	0	4	0	0.280508	-0.149207	0	0	691.000000	0.000000	0.000000
279	13950	0	0	0	4	0	0.405838	-0.540116	0	0	728.000000	0.000000	0.000000
280	14000	0	0	0	4	0	0.373014	-0.581890	0	0	717.000000	0.000000	0.000000
281	14050	0	0	0	4	0	0.137271	0.029842	0	0	680.000000	0.000000	0.000000
282	14100	0	0	0	4	0	0.235747	0.059683	0	0	694.000000	0.000000	0.000000
283	14150	0	0	0	4	0	0.193969	-0.474470	0	0	748.000000	9.984145	-10.157719
284	14200	0	0	0	4	0	0.074604	-0.429710	0	0	724.000000	9.984145	-10.157719
285	14250	0	0	0	4	0	-0.110414	0.017905	0	0	702.000000	9.984145	-10.157719
286	14300	0	0	0	4	0	-0.110414	0.047747	0	0	714.000000	9.984145	-10.157719
287	14350	0	0	0	4	0	7.371694	-5.985238	0	0	751.000000	9.984145	-10.157719
288	14400	0	0	0	4	0	8.025212	-7.978390	0	0	726.000000	9.984145	-10.157719
289	14450	0	0	0	4	0	8.130521	-8.022285	0	0	718.000000	9.984145	-10.157719
290	14500	0	0	0	4	0	8.329285	-7.711892	0	0	695.000000	9.984145	-10.157719
291	14550	0	0	0	4	0	8.973852	-9.488453	0	0	739.000000	9.984145	-10.157719
292	14600	0	0	0	4	0	9.314180	-9.859636	0	0	732.000000	9.984145	-10.157719
293	14650	0	0	0	4	0	9.430381	-9.772714	0	0	702.000000	9.984145	-10.157719
294	14700	0	0	0	4	0	9.572619	-9.439093	0	0	703.000000	9.984145	-10.157719
295	14750	0	0	0	4	0	9.360670	-9.708941	0	0	761.000000	9.984145	-10.157719
296	14800	0	0	0	4	0	9.444900	-9.859636	0	0	755.000000	9.984145	-10.157719
297	14850	0	0	0	4	0	9.563915	-9.752425	0	0	712.000000	9.984145	-10.157719
298	14900	0	0	0	4	0	9.735033	-9.500064	0	0	680.000000	9.984145	-10.157719
299	14950	0	0	0	4	0	9.653847	-9.729235	0	0	719.000000	9.984145	-10.157719
300	15000	0	0	0	4	0	9.592930	-9.911767	0	0	700.000000	9.984145	-10.157719
301	15050	0	0	0	4	0	9.502966	-9.966779	0	0	668.000000	9.984145	-10.157719
302	15100	0	0	0	4	0	9.792999	-9.471032	0	0	658.000000	9.984145	-10.157719
303	15150	0	0	0	4	0	9.708941	-9.700244	0	0	666.000000	0.000000	0.000000
304	15200	0	0	0	4	0	9.703142	-9.853842	0	0	657.000000	0.000000	0.000000
305	15250	0	0	0	4	0	9.868325	-9.607435	0	0	621.000000	0.000000	0.000000
306	15300	0	0	0	4	0	9.900185	-9.325803	0	0	623.000000	0.000000	0.000000
307	15350	0	0	0	4	0	1.059254	-0.787767	0	0	670.000000	0.000000	0.000000
308	15400	0	0	0	4	0	0.793735	-0.116382	0	0	643.000000	0.000000	0.000000
309	15450	0	0	0	4	0	0.480438	0.552052	0	0	585.000000	0.000000	0.000000
310	15500	0	0	0	4	0	0.537132	0.683339	0	0	599.000000	0.000000	0.000000
311	15550	0	0	0	4	0	0.713176	-0.002984	0	0	638.000000	0.000000	0.000000
312	15600	0	0	0	4	0	0.519229	0.211874	0	0	610.000000	0.000000	0.000000
313	15650	0	0	0	4	0	0.223811	0.877273	0	0	588.000000	0.000000	0.000000
314	15700	0	0	0	4	0	0.247683	0.519229	0	0	628.000000	0.000000	0.000000
315	15750	0	0	0	4	0	0.402854	0.032826	0	0	667.000000	0.000000	0.000000
316	15800	0	0	0	4	0	0.182033	0.137271	0	0	648.000000	0.000000	0.000000
317	15850	0	0	0	4	0	0.086540	0.605761	0	0	623.000000	0.000000	0.000000
318	15900	0	0	0	4	0	0.161144	0.569955	0	0	661.000000	0.000000	0.000000
319	15950	0	0	0	4	0	0.420759	0.059683	0	0	714.000000	0.000000	0.000000
320	16000	0	0	0	4	0	0.164128	0.188001	0	0	689.000000	0.000000	0.000000
321	16050	0	0	0	4	0	-0.223811	1.032406	0	0	645.000000	0.000000	0.000000
322	16100	0	0	0	4	0	-0.026858	0.895174	0	0	691.000000	0.000000	0.000000
323	16150	0	0	0	4	0	0.283492	0.337205	0	0	760.000000	0.650525	0.661834
324	16200	0	0	0	4	0	0.086540	0.373014	0	0	728.000000	2.064710	2.100605
325	16250	0	0	0	4	0	-0.226794	1.002574	0	0	683.000000	3.478895	3.539375
326	16300	0	0	0	4	0	-0.017904	0.856389	0	0	699.000000	4.893080	4.978146
327	16350	0	0	0	4	0	0.229779	0.319302	0	0	729.000000	6.307264	6.416916
328	16400	0	0	0	4	0	5.163485	5.958671	0	0	589.000000	7.721449	7.855686
329	16450	0	0	0	4	0	6.044265	7.283626	0	0	578.000000	9.135634	9.294456
330	16500	0	0	0	4	0	6.465932	7.127954	0	0	616.000000	9.984145	10.157719
331	16550	0	0	0	4	0	9.865430	8.641636	0	0	679.000000	9.984145	10.157719
332	16600	0	0	0	4	0	10.302220	11.736825	0	0	579.000000	9.984145	10.157719
333	16650	0	0	0	4	0	10.085419	11.516377	0	0	605.000000	9.984145	10.157719
334	16700	0	0	0	4	0	9.963882	10.982453	0	0	628.000000	9.984145	10.157719
335	16750	0	0	0	4	0	9.465226	11.447596	0	0	610.000000	9.984145	10.157719
336	16800	0	0	0	4	0	9.627742	11.968344	0	0	525.000000	9.984145	10.157719
337	16850	0	0	0	4	0	9.430381	11.731104	0	0	563.000000	9.984145	10.157719
338	16900	0	0	0	4	0	9.363575	11.433263	0	0	598.000000	9.984145	10.157719
339	16950	0	0	0	4	0	9.468128	11.484858	0	0	585.000000	9.984145	10.157719
340	17000	0	0	0	4	0	9.650946	12.096794	0	0	516.000000	9.984145	10.157719
341	17050	0	0	0	4	0	9.439093	11.711077	0	0	562.000000	9.984145	10.157719
342	17100	0	0	0	4	0	9.325804	11.413193	0	0	607.000000	9.984145	10.157719
343	17150	0	0	0	4	0	9.459418	11.246792	0	0	593.000000	9.984145	10.157719
344	17200	0	0	0	4	0	9.604534	11.736825	0	0	540.000000	9.984145	10.157719
345	17250	0	0	0	4	0	9.354859	11.547893	0	0	597.000000	9.984145	10.157719
346	17300	0	0	0	4	0	9.247330	11.258274	0	0	645.000000	9.984145	10.157719
347	17350	0	0	0	4	0	9.375196	10.956569	0	0	648.000000	9.984145	10.157719
348	17400	0	0	0	4	0	9.590029	11.510648	0	0	566.000000	9.984145	10.157719
349	17450	0	0	0	4	0	9.746628	10.804043	0	0	614.000000	9.984145	10.157719
350	17500	0	0	0	4	0	9.648046	10.573524	0	0	654.000000	9.372559	9.535501
351	17550	0	0	0	4	0	9.819078	10.452361	0	0	642.000000	7.843594	7.979954
352	17600	0	0	0	4	0	9.998616	11.083073	0	0	558.000000	6.314628	6.424407
353	17650	0	0	0	4	0	9.642244	10.665773	0	0	612.000000	4.785662	4.868861
354	17700	0	0	0	4	0	9.627742	9.850946	0	0	638.000000	3.256697	3.313314
355	17750	0	0	0	4	0	5.426812	7.984243	0	0	601.000000	1.727731	1.757768
356	17800	0	0	0	4	0	0.319302	3.442550	0	0	524.000000	0.198766	0.202221
357	17850	0	0	0	4	0	-1.178575	2.177384	0	0	506.000000	-1.330200	-1.353325
358	17900	0	0	0	4	0	-1.354555	1.625928	0	0	524.000000	-2.859166	-2.908872
359	17950	0	0	0	4	0	-1.408238	0.590841	0	0	559.000000	-4.388131	-4.464418
360	18000	0	0	0	4	0	-4.508682	-0.814619	0	0	507.000000	-5.917097	-6.019965
361	18050	0	0	0	4	0	-5.068751	-0.596809	0	0	478.000000	-7.446062	-7.575511
362	18100	0	0	0	4	0	-4.781422	-1.139797	0	0	521.000000	-8.975028	-9.131058
363	18150	0	0	0	4	0	-5.154605	-2.734393	0	0	573.000000	-9.984145	-10.157719
364	18200	0	0	0	4	0	-11.716800	-9.865431	0	0	575.000000	-9.984145	-10.157719
365	18250	0	0	0	4	0	-12.364717	-9.787204	0	0	557.000000	-9.984145	-10.157719
366	18300	0	0	0	4	0	-12.370409	-9.862532	0	0	567.000000	-9.984145	-10.157719
367	18350	0	0	0	4	0	-12.165253	-9.975461	0	0	595.000000	-9.984145	-10.157719
368	18400	0	0	0	4	0	-12.452953	-10.183741	0	0	588.000000	-9.984145	-10.157719
369	18450	0	0	0	4	0	-12.413111	-9.958093	0	0	585.000000	-9.984145	-10.157719
370	18500	0	0	0	4	0	-12.293514	-9.764019	0	0	579.000000	-9.984145	-10.157719
371	18550	0	0	0	4	0	-12.176658	-9.711840	0	0	585.000000	-9.984145	-10.157719
372	18600	0	0	0	4	0	-12.472869	-9.833564	0	0	554.000000	-9.984145	-10.157719
373	18650	0	0	0	4	0	-12.455797	-9.700244	0	0	549.000000	-9.984145	-10.157719
374	18700	0	0	0	4	0	-12.330544	-9.694445	0	0	542.000000	-9.984145	-10.157719
375	18750	0	0	0	4	0	-12.165253	-9.590030	0	0	541.000000	-9.984145	-10.157719
376	18800	0	0	0	4	0	-12.555346	-9.694445	0	0	521.000000	-9.984145	-10.157719
377	18850	0	0	0	4	0	-12.776919	-9.468129	0	0	501.000000	-9.984145	-10.157719
378	18900	0	0	0	4	0	-12.606513	-9.311274	0	0	499.000000	-9.984145	-10.157719
379	18950	0	0	0	4	0	-12.273571	-9.232793	0	0	509.000000	-9.984145	-10.157719
380	19000	0	0	0	4	0	-12.413111	-9.229886	0	0	492.000000	-9.984145	-10.157719
381	19050	0	0	0	4	0	-12.703104	-8.848614	0	0	479.000000	-9.984145	-10.157719
382	19100	0	0	0	4	0	-12.319150	-8.699962	0	0	483.000000	-9.984145	-10.157719
383	19150	0	0	0	4	0	-12.113912	-8.548275	0	0	496.000000	-9.424901	-9.588753
384	19200	0	0	0	4	0	-12.722981	-9.081549	0	0	482.000000	-7.780067	-7.915323
385	19250	0	0	0	4	0	-13.063251	-8.659137	0	0	454.000000	-6.135232	-6.241893
386	19300	0	0	0	4	0	-12.705946	-8.545358	0	0	458.000000	-4.490398	-4.568463
387	19350	0	0	0	4	0	-12.079677	-8.238695	0	0	479.000000	-2.845564	-2.895034
388	19400	0	0	0	4	0	-6.224221	0.307365	0	0	386.000000	-1.200729	-1.221604
389	19450	0	0	0	4	0	-5.213801	1.008540	0	0	395.000000	0.444105	0.451826
390	19500	0	0	0	4	0	-3.757622	1.193489	0	0	437.000000	2.088940	2.125256
391	19550	0	0	0	4	0	1.742209	4.030899	0	0	488.000000	3.733774	3.798686
392	19600	0	0	0	4	0	1.444025	5.450471	0	0	366.000000	5.378609	5.472116
393	19650	0	0	0	4	0	2.725460	5.642629	0	0	409.000000	7.023443	7.145545
394	19700	0	0	0	4	0	6.318574	7.380499	0	0	488.000000	8.668278	8.818974
395	19750	0	0	0	4	0	6.907484	7.339407	0	0	540.000000	9.984145	10.157719
396	19800	0	0	0	4	0	7.189649	9.189178	0	0	376.000000	9.984145	10.157719
397	19850	0	0	0	4	0	8.903962	9.043716	0	0	478.000000	9.984145	10.157719
398	19900	0	0	0	4	0	10.056491	12.259322	0	0	560.000000	9.984145	10.157719
399	19950	0	0	0	4	0	10.585057	12.450108	0	0	533.000000	9.984145	10.157719
400	20000	0	0	0	4	0	10.711877	13.114210	0	0	469.000000	9.984145	10.157719
401	20050	0	0	0	4	0	9.937827	12.250773	0	0	512.000000	9.984145	10.157719
402	20100	0	0	0	4	0	9.827769	11.845488	0	0	562.000000	9.984145	10.157719
403	20150	0	0	0	4	0	10.004404	11.951208	0	0	545.000000	9.984145	10.157719
404	20200	0	0	0	4	0	10.244436	12.671863	0	0	470.000000	9.984145	10.157719
405	20250	0	0	0	4	0	9.897288	12.250773	0	0	546.000000	9.984145	10.157719
406	20300	0	0	0	4	0	9.737932	11.959776	0	0	608.000000	9.984145	10.157719
407	20350	0	0	0	4	0	9.949408	11.988334	0	0	611.000000	9.984145	10.157719
408	20400	0	0	0	4	0	10.258883	12.876217	0	0	532.000000	9.984145	10.157719
409	20450	0	0	0	4	0	9.775612	12.543973	0	0	612.000000	9.984145	10.157719
410	20500	0	0	0	4	0	9.665446	12.153845	0	0	670.000000	9.984145	10.157719
411	20550	0	0	0	4	0	9.772714	11.994043	0	0	664.000000	9.984145	10.157719
412	20600	0	0	0	4	0	10.021769	12.921584	0	0	563.000000	9.984145	10.157719
413	20650	0	0	0	4	0	9.607435	12.552503	0	0	620.000000	9.984145	10.157719
414	20700	0	0	0	4	0	9.488452	12.119617	0	0	669.000000	9.984145	10.157719
415	20750	0	0	0	4	0	9.665446	12.113913	0	0	643.000000	-9.984145	-10.157719
416	20800	0	0	0	4	0	9.827769	12.876217	0	0	546.000000	-9.984145	-10.157719
417	20850	0	0	0	4	0	9.421668	12.353326	0	0	605.000000	-9.984145	-10.157719
418	20900	0	0	0	4	0	9.247330	11.971200	0	0	655.000000	-9.984145	-10.157719
419	20950	0	0	0	4	0	2.904078	7.530129	0	0	616.000000	-9.984145	-10.157719
420	21000	0	0	0	4	0	-9.775612	5.249313	0	0	607.000000	-9.984145	-10.157719
421	21050	0	0	0	4	0	-12.239374	-3.543635	0	0	570.000000	-9.984145	-10.157719
422	21100	0	0	0	4	0	-12.290664	-7.632756	0	0	512.000000	-9.984145	-10.157719
423	21150	0	0	0	4	0	-12.153845	-7.899356	0	0	515.000000	-9.984145	-10.157719
424	21200	0	0	0	4	0	-12.893231	-7.984243	0	0	494.000000	-9.984145	-10.157719
425	21250	0	0	0	4	0	-13.780376	-9.288024	0	0	523.000000	-9.984145	-10.157719
426	21300	0	0	0	4	0	-13.320664	-9.002966	0	0	531.000000	-9.984145	-10.157719
427	21350	0	0	0	4	0	-13.156660	-9.157187	0	0	539.000000	-9.984145	-10.157719
428	21400	0	0	0	4	0	-13.566253	-9.180454	0	0	512.000000	-9.984145	-10.157719
429	21450	0	0	0	4	0	-13.963197	-9.032075	0	0	472.000000	-9.984145	-10.157719
430	21500	0	0	0	4	0	-13.549334	-8.892312	0	0	492.000000	-9.984145	-10.157719
431	21550	0	0	0	4	0	-13.114210	-9.017521	0	0	509.000000	-9.984145	-10.157719
432	21600	0	0	0	4	0	-13.757854	-9.116462	0	0	477.000000	-9.984145	-10.157719
433	21650	0	0	0	4	0	-13.954763	-9.023342	0	0	459.000000	-9.984145	-10.157719
434	21700	0	0	0	4	0	-13.552153	-8.883571	0	0	480.000000	-9.984145	-10.157719
435	21750	0	0	0	4	0	-13.264136	-8.982587	0	0	495.000000	9.984145	10.157719
436	21800	0	0	0	4	0	-13.881665	-9.000054	0	0	457.000000	9.984145	10.157719
437	21850	0	0	0	4	0	-13.901351	-8.968030	0	0	460.000000	9.984145	10.157719
438	21900	0	0	0	4	0	-13.704351	-8.839871	0	0	461.000000	9.984145	10.157719
439	21950	0	0	0	4	0	-7.878860	-3.522826	0	0	509.000000	9.984145	10.157719
440	22000	0	0	0	4	0	7.834934	9.183362	0	0	506.000000	9.984145	10.157719
441	22050	0	0	0	4	0	7.922776	8.778675	0	0	533.000000	9.984145	10.157719
442	22100	0	0	0	4	0	7.987170	8.297145	0	0	579.000000	9.984145	10.157719
443	22150	0	0	0	4	0	9.412955	11.550756	0	0	597.000000	9.984145	10.157719
444	22200	0	0	0	4	0	9.871222	12.629247	0	0	476.000000	9.984145	10.157719
445	22250	0	0	0	4	0	9.561012	12.105353	0	0	533.000000	9.984145	10.157719
446	22300	0	0	0	4	0	9.500064	11.668151	0	0	560.000000	9.984145	10.157719
447	22350	0	0	0	4	0	9.697344	11.596581	0	0	539.000000	9.984145	10.157719
448	22400	0	0	0	4	0	9.952302	12.370410	0	0	449.000000	9.984145	10.157719
449	22450	0	0	0	4	0	9.595832	11.811182	0	0	518.000000	9.984145	10.157719
450	22500	0	0	0	4	0	9.537797	11.470528	0	0	567.000000	9.984145	10.157719
451	22550	0	0	0	4	0	9.813284	11.421795	0	0	569.000000	9.984145	10.157719
452	22600	0	0	0	4	0	10.527377	12.230824	0	0	478.000000	9.984145	10.157719
453	22650	0	0	0	4	0	9.926246	11.948351	0	0	548.000000	9.984145	10.157719
454	22700	0	0	0	4	0	9.764018	11.479126	0	0	603.000000	9.984145	10.157719
455	22750	0	0	0	4	0	10.033343	11.413193	0	0	580.000000	9.484938	10.157719
456	22800	0	0	0	4	0	10.160611	12.413112	0	0	474.000000	6.988902	10.157719
457	22850	0	0	0	4	0	9.688645	11.945496	0	0	534.000000	4.492866	10.157719
458	22900	0	0	0	4	0	9.505869	11.476260	0	0	579.000000	1.996829	10.157719
459	22950	0	0	0	4	0	9.604534	11.413193	0	0	559.000000	-0.499207	10.157719
460	23000	0	0	0	4	0	5.678091	12.002609	0	0	499.000000	-2.995244	10.157719
461	23050	0	0	0	4	0	-5.598296	12.401726	0	0	577.000000	-5.491280	10.157719
462	23100	0	0	0	4	0	-6.038363	12.296362	0	0	585.000000	-7.987316	10.157719
463	23150	0	0	0	4	0	-6.842774	12.270720	0	0	611.000000	-9.984145	10.157719
464	23200	0	0	0	4	0	-8.270844	12.966935	0	0	579.000000	-9.984145	10.157719
465	23250	0	0	0	4	0	-11.481991	12.640613	0	0	651.000000	-9.984145	10.157719
466	23300	0	0	0	4	0	-13.179294	11.461928	0	0	687.000000	-9.984145	10.157719
467	23350	0	0	0	4	0	-12.890397	11.261145	0	0	699.000000	-9.984145	10.157719
468	23400	0	0	0	4	0	-11.553620	11.916930	0	0	681.000000	-9.984145	10.157719
469	23450	0	0	0	4	0	-11.249663	11.885500	0	0	682.000000	-9.984145	10.157719
470	23500	0	0	0	4	0	-11.172136	11.865495	0	0	704.000000	-9.984145	10.157719
471	23550	0	0	0	4	0	-11.080199	11.682462	0	0	711.000000	-9.984145	10.157719
472	23600	0	0	0	4	0	-11.370175	11.919786	0	0	688.000000	-9.984145	10.157719
473	23650	0	0	0	4	0	-11.370175	12.039721	0	0	692.000000	-9.984145	10.157719
474	23700	0	0	0	4	0	-11.137667	11.971200	0	0	726.000000	-9.984145	10.157719
475	23750	0	0	0	4	0	-11.065828	11.708216	0	0	761.000000	-9.984145	10.157719
476	23800	0	0	0	4	0	-11.470527	12.034012	0	0	726.000000	-9.984145	10.157719
477	23850	0	0	0	4	0	-11.284105	12.039721	0	0	745.000000	-9.984145	10.157719
478	23900	0	0	0	4	0	-11.209469	12.008321	0	0	773.000000	-9.984145	10.157719
479	23950	0	0	0	4	0	-11.051457	11.856920	0	0	799.000000	-9.984145	10.157719
480	24000	0	0	0	4	0	-11.384517	12.128175	0	0	773.000000	-9.984145	10.157719
481	24050	0	0	0	4	0	-11.464795	12.165253	0	0	782.000000	-9.984145	10.157719
482	24100	0	0	0	4	0	-11.367309	11.919786	0	0	801.000000	-9.984145	10.157719
483	24150	0	0	0	4	0	-11.235310	11.719661	0	0	810.000000	-9.631349	9.798789
484	24200	0	0	0	4	0	-11.656702	11.948351	0	0	766.000000	-7.867365	8.004139
485	24250	0	0	0	4	0	-11.616625	12.051137	0	0	748.000000	-6.103382	6.209489
486	24300	0	0	0	4	0	-11.327147	11.845488	0	0	752.000000	-4.339399	4.414839
487	24350	0	0	0	4	0	-8.586209	9.665446	0	0	685.000000	-2.575416	2.620189
488	24400	0	0	0	4	0	-8.340970	8.615383	0	0	578.000000	-0.811432	0.825539
489	24450	0	0	0	4	0	-7.257199	7.981318	0	0	593.000000	0.952551	-0.969111
490	24500	0	0	0	4	0	-0.011937	3.894283	0	0	518.000000	2.716534	-2.763761
491	24550	0	0	0	4	0	5.426812	0.271556	0	0	479.000000	4.480517	-4.558411
492	24600	0	0	0	4	0	-90.000000	-90.000000	0	4	0.000000	6.244501	-6.353061
493	24650	0	0	0	4	0	-90.000000	-90.000000	0	4	0.000000	8.008484	-8.147711
494	24700	0	0	0	4	0	-90.000000	-90.000000	0	4	0.000000	9.772468	-9.942361
495	24750	0	0	0	4	0	-90.000000	-90.000000	0	4	0.000000	9.984145	-10.157719
496	24800	0	0	0	4	0	-90.000000	-90.000000	0	4	0.000000	9.984145	-10.157719
497	24850	0	0	0	4	0	-90.000000	-90.000000	0	4	0.000000	9.984145	-10.157719
498	24900	0	0	0	4	0	-90.000000	-90.000000	0	4	0.000000	9.984145	-10.157719
499	24950	0	0	0	4	0	-90.000000	-90.000000	0	4	0.000000	9.984145	-10.157719
500	25000	0	0	0	4	0	-90.000000	-90.000000	0	4	0.000000	9.984145	-10.157719
501	25050	0	0	0	4	0	-90.000000	-90.000000	0	4	0.000000	9.984145	-10.157719
502	25100	0	0	0	4	0	-90.000000	-90.000000	0	4	0.000000	9.984145	-10.157719
503	25150	0	0	0	4	0	-90.000000	-90.000000	0	4	0.000000	9.984145	-10.157719
504	25200	0	0	0	4	0	-90.000000	-90.000000	0	4	0.000000	9.984145	-10.157719
505	25250	0	0	0	4	0	-90.000000	-90.000000	0	4	0.000000	9.984145	-10.157719
506	25300	0	0	0	4	0	-90.000000	-90.000000	0	4	0.000000	9.984145	-10.157719
507	25350	0	0	0	4	0	-90.000000	-90.000000	0	4	0.000000	9.984145	-10.157719
508	25400	0	0	0	4	0	-90.000000	-90.000000	0	4	0.000000	9.984145	-10.157719
509	25450	0	0	0	4	0	-90.000000	-90.000000	0	4	0.000000	9.984145	-10.157719
510	25500	0	0	0	4	0	-90.000000	-90.000000	0	4	0.000000	9.984145	-10.157719
511	25550	0	0	0	4	0	-90.000000	-90.000000	0	4	0.000000	9.984145	-10.157719
512	25600	0	0	0	4	0	-90.000000	-90.000000	0	4	0.000000	9.984145	-10.157719
513	25650	0	0	0	4	0	-90.000000	-90.000000	0	4	0.000000	9.984145	-10.157719
514	25700	0	0	0	4	0	-90.000000	-90.000000	0	4	0.000000	9.984145	-10.157719
515	25750	0	0	0	4	0	-90.000000	-90.000000	0	4	0.000000	8.329522	-8.474330
516	25800	0	0	0	4	0	-90.000000	-90.000000	0	4	0.000000	6.449269	-6.561389
517	25850	0	0	0	4	0	-90.000000	-90.000000	0	4	0.000000	4.569016	-4.648448
518	25900	0	0	0	4	0	-90.000000	-90.000000	0	4	0.000000	2.688762	-2.735506
519	25950	0	0	0	4	0	-90.000000	-90.000000	0	4	0.000000	0.808509	-0.822565
520	26000	0	0	0	4	0	-2.162485	2.889195	0	0	359.000000	-1.071744	1.090377
521	26050	0	0	0	4	0	-2.204203	4.570956	0	0	429.000000	-2.951998	3.003318
522	26100	0	0	0	4	0	-2.418711	5.311449	0	0	506.000000	-4.832251	4.916259
523	26150	0	0	0	4	0	-3.760595	6.115082	0	0	519.000000	-6.712504	6.829201
524	26200	0	0	0	4	0	-5.592385	7.321794	0	0	470.000000	-8.592758	8.742142
525	26250	0	0	0	4	0	-9.131006	9.256051	0	0	571.000000	-9.984145	10.157719
526	26300	0	0	0	4	0	-9.238607	9.523285	0	0	593.000000	-9.984145	10.157719
527	26350	0	0	0	4	0	-9.514577	9.914663	0	0	599.000000	-9.984145	10.157719
528	26400	0	0	0	4	0	-12.378952	11.622351	0	0	618.000000	-9.984145	10.157719
529	26450	0	0	0	4	0	-12.393187	11.725383	0	0	612.000000	-9.984145	10.157719
530	26500	0	0	0	4	0	-12.202318	11.676738	0	0	637.000000	-9.984145	10.157719
531	26550	0	0	0	4	0	-11.281236	11.802605	0	0	647.000000	-9.984145	10.157719
532	26600	0	0	0	4	0	-11.599443	12.016884	0	0	628.000000	-9.984145	10.157719
533	26650	0	0	0	4	0	-11.542162	12.222273	0	0	623.000000	-9.984145	10.157719
534	26700	0	0	0	4	0	-11.281236	12.085382	0	0	662.000000	-9.984145	10.157719
535	26750	0	0	0	4	0	-11.143413	11.928357	0	0	691.000000	-9.984145	10.157719
536	26800	0	0	0	4	0	-11.533567	12.159549	0	0	673.000000	-9.984145	10.157719
537	26850	0	0	0	4	0	-11.444730	12.267871	0	0	691.000000	-9.984145	10.157719
538	26900	0	0	0	4	0	-11.502051	12.524068	0	0	727.000000	-9.984145	10.157719
539	26950	0	0	0	4	0	-10.616774	9.729235	0	0	711.000000	-9.984145	10.157719
540	27000	0	0	0	4	0	-90.000000	-90.000000	0	4	0.000000	-9.984145	10.157719
541	27050	0	0	0	4	0	-90.000000	-90.000000	0	4	0.000000	-9.984145	10.157719
542	27100	0	0	0	4	0	-9.778510	10.507185	0	0	751.000000	-9.984145	10.157719
543	27150	0	0	0	4	0	-9.830667	10.694590	0	0	756.000000	-9.984145	10.157719
544	27200	0	0	0	4	0	-9.842255	10.403293	0	0	733.000000	-9.984145	10.157719
545	27250	0	0	0	4	0	-9.810385	10.229987	0	0	723.000000	9.984145	-10.157719
546	27300	0	0	0	4	0	-9.865431	10.313774	0	0	737.000000	9.984145	-10.157719
547	27350	0	0	0	4	0	-10.426385	10.512955	0	0	748.000000	9.984145	-10.157719
548	27400	0	0	0	4	0	-10.628303	10.671537	0	0	755.000000	9.984145	-10.157719
549	27450	0	0	0	4	0	-10.743565	10.867374	0	0	751.000000	9.984145	-10.157719
550	27500	0	0	0	4	0	7.559455	-2.219101	0	0	790.000000	9.984145	-10.157719
551	27550	0	0	0	4	0	10.290666	-6.566087	0	0	820.000000	9.984145	-10.157719
552	27600	0	0	0	4	0	10.172175	-6.989818	0	0	817.000000	9.984145	-10.157719
553	27650	0	0	0	4	0	10.253105	-6.972177	0	0	778.000000	9.984145	-10.157719
554	27700	0	0	0	4	0	9.314180	-9.331615	0	0	781.000000	9.984145	-10.157719
555	27750	0	0	0	4	0	9.131007	-9.555209	0	0	814.000000	9.984145	-10.157719
556	27800	0	0	0	4	0	9.142644	-9.720539	0	0	816.000000	9.984145	-10.157719
557	27850	0	0	0	4	0	9.148460	-9.720539	0	0	782.000000	9.984145	-10.157719
558	27900	0	0	0	4	0	9.232794	-9.584227	0	0	760.000000	9.984145	-10.157719
559	27950	0	0	0	4	0	9.244423	-9.630642	0	0	782.000000	9.984145	-10.157719
560	28000	0	0	0	4	0	9.194994	-9.819077	0	0	794.000000	9.984145	-10.157719
561	28050	0	0	0	4	0	9.250237	-9.703142	0	0	759.000000	9.984145	-10.157719
562	28100	0	0	0	4	0	9.308368	-9.482646	0	0	751.000000	9.984145	-10.157719
563	28150	0	0	0	4	0	10.281998	-9.827769	0	0	767.000000	9.984145	-10.157719
564	28200	0	0	0	4	0	9.795897	-9.920454	0	0	783.000000	9.984145	-10.157719
565	28250	0	0	0	4	0	9.830667	-9.810385	0	0	746.000000	-9.984145	10.157719
566	28300	0	0	0	4	0	10.015981	-9.502967	0	0	726.000000	-9.984145	10.157719
567	28350	0	0	0	4	0	9.882808	-9.526188	0	0	769.000000	-9.984145	10.157719
568	28400	0	0	0	4	0	9.824872	-9.697343	0	0	787.000000	-9.984145	10.157719
569	28450	0	0	0	4	0	6.989817	-7.808574	0	0	770.000000	-9.984145	10.157719
570	28500	0	0	0	4	0	-10.527376	11.390252	0	0	766.000000	-9.984145	10.157719
571	28550	0	0	0	4	0	-10.085419	11.358704	0	0	769.000000	-9.984145	10.157719
572	28600	0	0	0	4	0	-10.307998	11.438996	0	0	741.000000	-9.984145	10.157719
573	28650	0	0	0	4	0	-11.908360	11.988334	0	0	762.000000	-9.984145	10.157719
574	28700	0	0	0	4	0	-11.123302	11.659566	0	0	749.000000	-9.984145	10.157719
575	28750	0	0	0	4	0	-11.117556	11.496320	0	0	745.000000	-9.984145	10.157719
576	28800	0	0	0	4	0	-11.295585	11.608034	0	0	715.000000	-9.984145	10.157719
577	28850	0	0	0	4	0	-11.264016	11.636666	0	0	702.000000	-9.984145	10.157719
578	28900	0	0	0	4	0	-11.186497	11.562214	0	0	715.000000	-9.984145	10.157719
579	28950	0	0	0	4	0	-11.054331	11.438996	0	0	732.000000	-9.984145	10.157719
580	29000	0	0	0	4	0	-11.278367	11.539298	0	0	727.000000	-9.984145	10.157719
581	29050	0	0	0	4	0	-11.200855	11.599443	0	0	749.000000	-9.984145	10.157719
582	29100	0	0	0	4	0	-11.143413	11.699631	0	0	771.000000	-9.984145	10.157719
583	29150	0	0	0	4	0	-11.045708	11.559350	0	0	813.000000	-9.984145	10.157719
584	29200	0	0	0	4	0	-11.338623	11.736825	0	0	819.000000	-9.984145	10.157719
585	29250	0	0	0	4	0	-11.375913	11.871211	0	0	853.000000	-9.984145	-10.157719
586	29300	0	0	0	4	0	-11.281236	11.925500	0	0	887.000000	-9.984145	-10.157719
587	29350	0	0	0	4	0	-11.123302	11.722521	0	0	934.000000	-9.984145	-10.157719
588	29400	0	0	0	4	0	-11.390251	11.905501	0	0	914.000000	-9.984145	-10.157719
589	29450	0	0	0	4	0	-11.662428	11.733965	0	0	907.000000	-9.984145	-10.157719
590	29500	0	0	0	4	0	-10.711878	-3.968537	0	0	935.000000	-9.984145	-10.157719
591	29550	0	0	0	4	0	-10.495646	-6.954535	0	0	948.000000	-9.984145	-10.157719
592	29600	0	0	0	4	0	-10.781005	-7.092694	0	0	894.000000	-9.984145	-10.157719
593	29650	0	0	0	4	0	-11.111808	-7.509597	0	0	849.000000	-9.984145	-10.157719
594	29700	0	0	0	4	0	-11.281236	-10.021769	0	0	860.000000	-9.984145	-10.157719
595	29750	0	0	0	4	0	-11.060081	-9.888600	0	0	871.000000	-9.984145	-10.157719
596	29800	0	0	0	4	0	-11.192240	-10.102774	0	0	856.000000	-9.984145	-10.157719
597	29850	0	0	0	4	0	-11.542162	-10.010193	0	0	827.000000	-9.984145	-10.157719
598	29900	0	0	0	4	0	-11.364441	-9.923350	0	0	829.000000	-9.984145	-10.157719
599	29950	0	0	0	4	0	-11.080199	-9.940722	0	0	837.000000	-9.984145	-10.157719
600	30000	0	0	0	4	0	-11.266886	-10.160610	0	0	799.000000	-9.984145	-10.157719
601	30050	0	0	0	4	0	-11.628076	-10.056491	0	0	761.000000	-9.984145	-10.157719
602	30100	0	0	0	4	0	-11.476259	-10.004404	0	0	756.000000	-9.984145	-10.157719
603	30150	0	0	0	4	0	-11.223825	-9.989934	0	0	771.000000	-9.984145	-10.157719
604	30200	0	0	0	4	0	-11.395988	-10.117234	0	0	751.000000	-9.984145	-10.157719
605	30250	0	0	0	4	0	-11.799745	-10.015980	0	0	727.000000	9.984145	-10.157719
606	30300	0	0	0	4	0	-11.639527	-9.850946	0	0	740.000000	9.984145	-10.157719
607	30350	0	0	0	4	0	-11.367309	-9.848048	0	0	766.000000	9.984145	-10.157719
608	30400	0	0	0	4	0	-11.464795	-9.963881	0	0	756.000000	9.984145	-10.157719
609	30450	0	0	0	4	0	-0.205907	-7.304179	0	0	726.000000	9.984145	-10.157719
610	30500	0	0	0	4	0	11.261146	-7.538927	0	0	752.000000	9.984145	-10.157719
611	30550	0	0	0	4	0	11.062955	-7.456793	0	0	779.000000	9.984145	-10.157719
612	30600	0	0	0	4	0	11.180753	-7.723615	0	0	776.000000	9.984145	-10.157719
613	30650	0	0	0	4	0	-90.000000	-90.000000	0	4	0.000000	9.984145	-10.157719
614	30700	0	0	0	4	0	-90.000000	-90.000000	0	4	0.000000	9.984145	-10.157719
615	30750	0	0	0	4	0	-90.000000	-90.000000	0	4	0.000000	9.984145	-10.157719
616	30800	0	0	0	4	0	-90.000000	-90.000000	0	4	0.000000	9.984145	-10.157719
617	30850	0	0	0	4	0	-90.000000	-90.000000	0	4	0.000000	9.984145	-10.157719
618	30900	0	0	0	4	0	-90.000000	-90.000000	0	4	0.000000	9.984145	-10.157719
619	30950	0	0	0	4	0	-90.000000	-90.000000	0	4	0.000000	9.984145	-10.157719
620	31000	0	0	0	4	0	-90.000000	-90.000000	0	4	0.000000	9.984145	-10.157719
621	31050	0	0	0	4	0	-90.000000	-90.000000	0	4	0.000000	9.984145	-10.157719
622	31100	0	0	0	4	0	-90.000000	-90.000000	0	4	0.000000	9.984145	-10.157719
623	31150	0	0	0	4	0	-90.000000	-90.000000	0	4	0.000000	9.984145	-10.157719
624	31200	0	0	0	4	0	-90.000000	-90.000000	0	4	0.000000	9.984145	-10.157719
625	31250	0	0	0	4	0	-90.000000	-90.000000	0	4	0.000000	9.984145	10.157719
626	31300	0	0	0	4	0	-90.000000	-90.000000	0	4	0.000000	9.984145	10.157719
627	31350	0	0	0	4	0	-90.000000	-90.000000	0	4	0.000000	9.984145	10.157719
628	31400	0	0	0	4	0	-90.000000	-90.000000	0	4	0.000000	9.984145	10.157719
629	31450	0	0	0	4	0	-90.000000	-90.000000	0	4	0.000000	9.984145	10.157719
630	31500	0	0	0	4	0	8.662052	10.160611	0	0	808.000000	9.984145	10.157719
631	31550	0	0	0	4	0	8.232850	11.504916	0	0	837.000000	9.984145	10.157719
632	31600	0	0	0	4	0	8.813647	12.230824	0	0	681.000000	9.984145	10.157719
633	31650	0	0	0	4	0	9.534895	12.390340	0	0	733.000000	9.984145	10.157719
634	31700	0	0	0	4	0	9.418764	12.019739	0	0	755.000000	9.984145	10.157719
635	31750	0	0	0	4	0	9.407147	11.461928	0	0	785.000000	9.984145	10.157719
636	31800	0	0	0	4	0	10.030451	11.934070	0	0	644.000000	9.984145	10.157719
637	31850	0	0	0	4	0	9.714740	11.911216	0	0	687.000000	9.984145	10.157719
638	31900	0	0	0	4	0	9.558111	11.470528	0	0	745.000000	9.984145	10.157719
639	31950	0	0	0	4	0	9.485549	11.028459	0	0	776.000000	9.984145	10.157719
640	32000	0	0	0	4	0	10.267551	11.868353	0	0	634.000000	9.984145	10.157719
641	32050	0	0	0	4	0	9.772714	11.745407	0	0	698.000000	9.984145	10.157719
642	32100	0	0	0	4	0	9.558111	11.275496	0	0	761.000000	9.984145	10.157719
643	32150	0	0	0	4	0	9.514577	10.850104	0	0	816.000000	9.984145	10.157719
644	32200	0	0	0	4	0	10.088312	11.401724	0	0	678.000000	9.984145	10.157719
645	32250	0	0	0	4	0	9.752425	11.579399	0	0	718.000000	-9.984145	10.157719
646	32300	0	0	0	4	0	9.476839	11.295585	0	0	782.000000	-9.984145	10.157719
647	32350	0	0	0	4	0	9.430381	10.939309	0	0	805.000000	-9.984145	10.157719
648	32400	0	0	0	4	0	10.102775	11.516377	0	0	661.000000	-9.984145	10.157719
649	32450	0	0	0	4	0	-6.070824	12.324847	0	0	750.000000	-9.984145	10.157719
650	32500	0	0	0	4	0	-11.264016	12.620722	0	0	811.000000	-9.984145	10.157719
651	32550	0	0	0	4	0	-10.786766	12.051137	0	0	801.000000	-9.984145	10.157719
652	32600	0	0	0	4	0	-11.332885	12.276419	0	0	729.000000	-9.984145	10.157719
653	32650	0	0	0	4	0	-11.956920	12.045429	0	0	730.000000	-9.984145	10.157719
654	32700	0	0	0	4	0	-11.794027	11.908359	0	0	739.000000	-9.984145	10.157719
655	32750	0	0	0	4	0	-11.702494	11.650978	0	0	761.000000	-9.984145	10.157719
656	32800	0	0	0	4	0	-12.373258	11.759709	0	0	743.000000	-9.984145	10.157719
657	32850	0	0	0	4	0	-11.444730	11.914072	0	0	692.000000	-9.984145	10.157719
658	32900	0	0	0	4	0	-11.590854	11.166392	0	0	696.000000	-9.984145	10.157719
659	32950	0	0	0	4	0	-11.016959	11.025584	0	0	719.000000	-9.984145	10.157719
660	33000	0	0	0	4	0	-11.255403	11.286976	0	0	686.000000	-9.984145	10.157719
661	33050	0	0	0	4	0	-11.266886	11.479126	0	0	679.000000	-9.984145	10.157719
662	33100	0	0	0	4	0	-11.077326	11.464794	0	0	702.000000	-9.984145	10.157719
663	33150	0	0	0	4	0	-10.922048	11.367309	0	0	729.000000	-9.984145	10.157719
664	33200	0	0	0	4	0	-11.289845	11.576534	0	0	715.000000	-9.984145	10.157719
665	33250	0	0	0	4	0	-12.079677	11.862638	0	0	735.000000	0.000000	0.000000
666	33300	0	0	0	4	0	-90.000000	-90.000000	0	4	0.000000	0.000000	0.000000
667	33350	0	0	0	4	0	-90.000000	-90.000000	0	4	0.000000	0.000000	0.000000
668	33400	0	0	0	4	0	-11.175008	10.691709	0	0	821.000000	0.000000	0.000000
669	33450	0	0	0	4	0	-10.947940	10.933556	0	0	831.000000	0.000000	0.000000
670	33500	0	0	0	4	0	-10.942186	11.005458	0	0	841.000000	0.000000	0.000000
671	33550	0	0	0	4	0	-10.763727	10.683064	0	0	863.000000	0.000000	0.000000
672	33600	0	0	0	4	0	-10.844347	10.354209	0	0	861.000000	0.000000	0.000000
673	33650	0	0	0	4	0	-0.671404	-0.328253	0	0	959.000000	0.000000	0.000000
674	33700	0	0	0	4	0	-0.680355	-0.134287	0	0	901.000000	0.000000	0.000000
675	33750	0	0	0	4	0	-0.337205	-0.540116	0	0	921.000000	0.000000	0.000000
676	33800	0	0	0	4	0	-0.274541	-0.880257	0	0	912.000000	0.000000	0.000000
677	33850	0	0	0	4	0	-0.164128	-0.393903	0	0	861.000000	0.000000	0.000000
678	33900	0	0	0	4	0	-0.295429	-0.125335	0	0	824.000000	0.000000	0.000000
679	33950	0	0	0	4	0	-0.074604	-0.423743	0	0	825.000000	0.000000	0.000000
680	34000	0	0	0	4	0	-0.083556	-0.745997	0	0	808.000000	0.000000	0.000000
681	34050	0	0	0	4	0	-0.158159	-0.522213	0	0	746.000000	0.000000	0.000000
682	34100	0	0	0	4	0	-0.229779	-0.265588	0	0	705.000000	0.000000	0.000000
683	34150	0	0	0	4	0	-0.035810	-0.584874	0	0	726.000000	0.000000	0.000000
684	34200	0	0	0	4	0	-0.023873	-0.856389	0	0	720.000000	0.000000	0.000000
685	34250	0	0	0	4	0	-0.110414	-0.569955	0	0	675.000000	0.000000	0.000000
686	34300	0	0	0	4	0	-0.155176	-0.301397	0	0	646.000000	0.000000	0.000000
687	34350	0	0	0	4	0	0.122350	-0.632616	0	0	671.000000	0.000000	0.000000
688	34400	0	0	0	4	0	0.059683	-0.904124	0	0	673.000000	0.000000	0.000000
689	34450	0	0	0	4	0	-0.077587	-0.537132	0	0	627.000000	0.000000	0.000000
690	34500	0	0	0	4	0	-0.050731	-0.244700	0	0	606.000000	0.000000	0.000000
691	34550	0	0	0	4	0	0.131302	-0.552052	0	0	637.000000	0.000000	0.000000
692	34600	0	0	0	4	0	0.059683	-0.913074	0	0	640.000000	0.000000	0.000000
693	34650	0	0	0	4	0	-0.140255	-0.271556	0	0	587.000000	0.000000	0.000000
694	34700	0	0	0	4	0	-0.188001	0.014921	0	0	577.000000	0.000000	0.000000
695	34750	0	0	0	4	0	0.113397	-0.331238	0	0	604.000000	0.000000	0.000000
696	34800	0	0	0	4	0	0.047747	-0.731078	0	0	622.000000	0.000000	0.000000
697	34850	0	0	0	4	0	0.128318	-0.008952	0	0	571.000000	0.000000	0.000000
698	34900	0	0	0	4	0	0.182033	0.235747	0	0	585.000000	0.000000	0.000000
699	34950	0	0	0	4	0	0.402854	-0.098477	0	0	631.000000	0.000000	0.000000
700	35000	0	0	0	4	0	0.343174	-0.468502	0	0	648.000000	0.000000	0.000000
701	35050	0	0	0	4	0	0.107430	0.185017	0	0	602.000000	0.000000	0.000000
702	35100	0	0	0	4	0	0.086540	0.378983	0	0	635.000000	0.000000	0.000000
703	35150	0	0	0	4	0	0.322285	0.029842	0	0	693.000000	0.000000	0.000000
704	35200	0	0	0	4	0	0.235747	-0.259620	0	0	714.000000	0.000000	0.000000
