RowNumber	TimeStamp	X_Position_Degree_Right_Eye	Y_Position_Degree_Right_Eye	Distance_From_RightEye	Validity_Right_Eye	Pupil_Diameter_RightEye	X_Position_Degree_Left_Eye	Y_Position_Degree_Left_Eye	Distance_From_LeftEye	Validity_Left_Eye	Pupil_Diameter_LeftEye	Target X	Target Y
0	0	0	0	0	4	0	4.734005	7.656208	0	0	1310.000000	0.000000	0.000000
1	33	0	0	0	4	0	4.502750	7.433322	0	0	1344.000000	0.000000	0.000000
2	66	0	0	0	4	0	4.668794	7.544793	0	0	1358.000000	0.000000	0.000000
3	99	0	0	0	4	0	4.766605	7.588779	0	0	1322.000000	0.000000	0.000000
4	132	0	0	0	4	0	4.917713	7.535995	0	0	1314.000000	0.000000	0.000000
5	165	0	0	0	4	0	4.814019	7.277753	0	0	1294.000000	0.000000	0.000000
6	198	0	0	0	4	0	4.458261	6.925129	0	0	1357.000000	0.000000	0.000000
7	231	0	0	0	4	0	4.333663	6.839832	0	0	1377.000000	0.000000	0.000000
8	264	0	0	0	4	0	1.172609	2.341258	0	0	1461.000000	0.000000	0.000000
9	297	0	0	0	4	0	1.154712	1.760098	0	0	1467.000000	0.000000	0.000000
10	330	0	0	0	4	0	1.166644	1.742209	0	0	1483.000000	0.000000	0.000000
11	363	0	0	0	4	0	1.026439	1.789911	0	0	1529.000000	0.000000	0.000000
12	396	0	0	0	4	0	0.960808	1.724321	0	0	1522.000000	0.000000	0.000000
13	429	0	0	0	4	0	0.987658	1.679598	0	0	1494.000000	0.000000	0.000000
14	462	0	0	0	4	0	0.250667	0.901141	0	0	1517.000000	0.000000	0.000000
15	495	0	0	0	4	0	0.214859	0.817603	0	0	1534.000000	0.000000	0.000000
16	528	0	0	0	4	0	0.125335	0.913074	0	0	1561.000000	0.000000	0.000000
17	561	0	0	0	4	0	0.182033	0.919041	0	0	1557.000000	0.000000	0.000000
18	594	0	0	0	4	0	0.196954	0.835504	0	0	1532.000000	0.000000	0.000000
19	627	0	0	0	4	0	0.161144	0.760915	0	0	1530.000000	0.000000	0.000000
20	660	0	0	0	4	0	-2.302528	-6.936892	0	0	1174.000000	0.000000	0.000000
21	693	0	0	0	4	0	-90.000000	-90.000000	0	4	0.000000	0.000000	0.000000
22	726	0	0	0	4	0	-90.000000	-90.000000	0	4	0.000000	0.000000	0.000000
23	759	0	0	0	4	0	-90.000000	-90.000000	0	4	0.000000	0.000000	0.000000
24	792	0	0	0	4	0	-2.120764	-9.226979	0	0	950.000000	0.000000	0.000000
25	825	0	0	0	4	0	0.459550	0.811636	0	0	1536.000000	0.000000	0.000000
26	858	0	0	0	4	0	-0.047746	0.710192	0	0	1567.000000	0.000000	0.000000
27	891	0	0	0	4	0	0.026857	0.725111	0	0	1557.000000	0.000000	0.000000
28	924	0	0	0	4	0	0.065652	0.626648	0	0	1523.000000	0.000000	0.000000
29	957	0	0	0	4	0	0.017905	0.534148	0	0	1514.000000	0.000000	0.000000
30	990	0	0	0	4	0	0.002984	0.495358	0	0	1528.000000	-0.141218	0.143674
31	1023	0	0	0	4	0	-0.059683	0.522213	0	0	1552.000000	-0.607239	0.617796
32	1056	0	0	0	4	0	-0.101462	0.561003	0	0	1559.000000	-1.073260	1.091919
33	1089	0	0	0	4	0	-0.176065	0.754947	0	0	1526.000000	-1.539281	1.566041
34	1122	0	0	0	4	0	-0.113397	0.698258	0	0	1524.000000	-2.005302	2.040164
35	1155	0	0	0	4	0	-0.110414	0.602777	0	0	1500.000000	-2.471323	2.514287
36	1188	0	0	0	4	0	-0.202921	0.638583	0	0	1519.000000	-2.937344	2.988410
37	1221	0	0	0	4	0	-0.229779	0.683339	0	0	1522.000000	-3.403365	3.462532
38	1254	0	0	0	4	0	-2.996341	4.102158	0	0	1421.000000	-3.869386	3.936655
39	1287	0	0	0	4	0	-3.356314	4.354432	0	0	1386.000000	-4.335407	4.410778
40	1320	0	0	0	4	0	-3.430656	4.419699	0	0	1353.000000	-4.801428	4.884900
41	1353	0	0	0	4	0	-3.623892	4.511647	0	0	1369.000000	-5.267448	5.359023
42	1386	0	0	0	4	0	-3.802191	4.689544	0	0	1402.000000	-5.733469	5.833145
43	1419	0	0	0	4	0	-3.953687	4.982875	0	0	1408.000000	-6.199491	6.307268
44	1452	0	0	0	4	0	-5.388362	6.492447	0	0	1364.000000	-6.665511	6.781391
45	1485	0	0	0	4	0	-5.675136	6.866306	0	0	1363.000000	-7.131532	7.255513
46	1518	0	0	0	4	0	-5.790357	6.898661	0	0	1363.000000	-7.597553	7.729636
47	1551	0	0	0	4	0	-5.946863	7.028034	0	0	1409.000000	-8.063574	8.203758
48	1584	0	0	0	4	0	-6.056070	7.310050	0	0	1414.000000	-8.529595	8.677881
49	1617	0	0	0	4	0	-6.076726	7.541861	0	0	1388.000000	-8.995616	9.152004
50	1650	0	0	0	4	0	-6.353947	7.577051	0	0	1398.000000	-9.461637	9.626126
51	1683	0	0	0	4	0	-8.446110	9.517480	0	0	1364.000000	-9.927658	10.100249
52	1716	0	0	0	4	0	-8.559948	9.471032	0	0	1398.000000	-9.984145	10.157719
53	1749	0	0	0	4	0	-8.624135	9.633543	0	0	1415.000000	-9.984145	10.157719
54	1782	0	0	0	4	0	-8.767015	9.981250	0	0	1381.000000	-9.984145	10.157719
55	1815	0	0	0	4	0	-8.673718	9.761121	0	0	1378.000000	-9.984145	10.157719
56	1848	0	0	0	4	0	-9.261864	10.307998	0	0	1388.000000	-9.984145	10.157719
57	1881	0	0	0	4	0	-9.482646	10.458133	0	0	1412.000000	-9.984145	10.157719
58	1914	0	0	0	4	0	-9.656746	10.711877	0	0	1427.000000	-9.984145	10.157719
59	1947	0	0	0	4	0	-9.706043	11.088820	0	0	1380.000000	-9.984145	10.157719
60	1980	0	0	0	4	0	-9.581324	10.772367	0	0	1388.000000	-9.984145	10.157719
61	2013	0	0	0	4	0	-9.601633	10.628304	0	0	1392.000000	-9.984145	10.157719
62	2046	0	0	0	4	0	-9.610336	10.383083	0	0	1424.000000	-9.984145	10.157719
63	2079	0	0	0	4	0	-9.688644	10.671537	0	0	1431.000000	-9.984145	10.157719
64	2112	0	0	0	4	0	-9.755322	10.838591	0	0	1387.000000	-9.984145	10.157719
65	2145	0	0	0	4	0	-9.650946	10.832833	0	0	1384.000000	-9.984145	10.157719
66	2178	0	0	0	4	0	-9.659645	10.708997	0	0	1388.000000	-9.984145	10.157719
67	2211	0	0	0	4	0	-9.546504	10.417727	0	0	1426.000000	-9.984145	10.157719
68	2244	0	0	0	4	0	-9.648046	10.585057	0	0	1465.000000	-9.984145	10.157719
69	2277	0	0	0	4	0	-9.769814	11.074450	0	0	1418.000000	-9.984145	10.157719
70	2310	0	0	0	4	0	-9.584227	10.772367	0	0	1416.000000	-9.984145	10.157719
71	2343	0	0	0	4	0	-9.595830	10.570640	0	0	1404.000000	-9.984145	10.157719
72	2376	0	0	0	4	0	-9.508772	10.137479	0	0	1451.000000	-9.984145	10.157719
73	2409	0	0	0	4	0	-9.491355	10.215536	0	0	1491.000000	-9.984145	10.157719
74	2442	0	0	0	4	0	-9.607435	10.547568	0	0	1454.000000	-9.984145	10.157719
75	2475	0	0	0	4	0	-9.511675	10.544683	0	0	1432.000000	-9.984145	10.157719
76	2508	0	0	0	4	0	-9.325803	10.299332	0	0	1420.000000	-9.984145	10.157719
77	2541	0	0	0	4	0	-9.253143	9.955198	0	0	1470.000000	-9.984145	10.157719
78	2574	0	0	0	4	0	-9.212442	9.908873	0	0	1482.000000	-9.984145	10.157719
79	2607	0	0	0	4	0	-9.241516	10.111450	0	0	1495.000000	-9.984145	10.157719
80	2640	0	0	0	4	0	-9.308369	10.247325	0	0	1469.000000	-9.984145	10.157719
81	2673	0	0	0	4	0	-9.168821	10.065169	0	0	1442.000000	-9.984145	10.157719
82	2706	0	0	0	4	0	-9.113552	9.868325	0	0	1478.000000	-9.671111	9.839242
83	2739	0	0	0	4	0	-9.072818	9.798795	0	0	1520.000000	-9.127419	9.286099
84	2772	0	0	0	4	0	-9.090278	9.949408	0	0	1520.000000	-8.583729	8.732956
85	2805	0	0	0	4	0	-9.084458	9.987039	0	0	1482.000000	-8.040038	8.179813
86	2838	0	0	0	4	0	-9.026253	9.923349	0	0	1483.000000	-7.496346	7.626670
87	2871	0	0	0	4	0	-8.953470	9.569718	0	0	1499.000000	-6.952655	7.073527
88	2904	0	0	0	4	0	-8.871921	9.447803	0	0	1546.000000	-6.408965	6.520384
89	2937	0	0	0	4	0	-8.816561	9.404243	0	0	1541.000000	-5.865273	5.967241
90	2970	0	0	0	4	0	-7.585847	8.749526	0	0	1518.000000	-5.321582	5.414098
91	3003	0	0	0	4	0	-3.772479	5.172365	0	0	1583.000000	-4.777891	4.860954
92	3036	0	0	0	4	0	-3.638753	4.677688	0	0	1544.000000	-4.234200	4.307811
93	3069	0	0	0	4	0	-3.493096	4.449362	0	0	1609.000000	-3.690509	3.754668
94	3102	0	0	0	4	0	-3.284935	4.357399	0	0	1618.000000	-3.146818	3.201525
95	3135	0	0	0	4	0	-3.023126	4.045745	0	0	1586.000000	-2.603127	2.648382
96	3168	0	0	0	4	0	-2.773097	3.629837	0	0	1598.000000	-2.059436	2.095239
97	3201	0	0	0	4	0	-2.546791	3.329549	0	0	1598.000000	-1.515745	1.542096
98	3234	0	0	0	4	0	-2.436585	3.011221	0	0	1651.000000	-0.972054	0.988953
99	3267	0	0	0	4	0	-1.444026	2.114805	0	0	1691.000000	-0.428363	0.435810
100	3300	0	0	0	4	0	-1.017489	1.101017	0	0	1682.000000	0.000000	0.000000
101	3333	0	0	0	4	0	-0.841472	0.990641	0	0	1674.000000	0.000000	0.000000
102	3366	0	0	0	4	0	-0.686323	0.802685	0	0	1680.000000	0.000000	0.000000
103	3399	0	0	0	4	0	-0.572939	0.659469	0	0	1710.000000	0.000000	0.000000
104	3432	0	0	0	4	0	0.241715	0.253652	0	0	1712.000000	0.000000	0.000000
105	3465	0	0	0	4	0	0.602777	-0.253652	0	0	1679.000000	0.000000	0.000000
106	3498	0	0	0	4	0	0.605761	-0.370030	0	0	1676.000000	0.000000	0.000000
107	3531	0	0	0	4	0	0.581890	-0.471486	0	0	1675.000000	0.000000	0.000000
108	3564	0	0	0	4	0	-0.435678	0.250667	0	0	1694.000000	0.000000	0.000000
109	3597	0	0	0	4	0	-0.370031	0.193969	0	0	1693.000000	0.000000	0.000000
110	3630	0	0	0	4	0	-0.307365	0.068635	0	0	1658.000000	0.000000	0.000000
111	3663	0	0	0	4	0	-0.375997	-0.017905	0	0	1639.000000	0.000000	0.000000
112	3696	0	0	0	4	0	-0.489390	0.026857	0	0	1642.000000	0.000000	0.000000
113	3729	0	0	0	4	0	-0.292444	0.355110	0	0	1649.000000	0.000000	0.000000
114	3762	0	0	0	4	0	-0.295429	0.381966	0	0	1660.000000	0.000000	0.000000
115	3795	0	0	0	4	0	-0.256635	0.367046	0	0	1615.000000	0.000000	0.000000
116	3828	0	0	0	4	0	-0.247683	0.268572	0	0	1596.000000	0.000000	0.000000
117	3861	0	0	0	4	0	-0.304381	0.274541	0	0	1602.000000	0.000000	0.000000
118	3894	0	0	0	4	0	-0.259620	0.289461	0	0	1617.000000	0.000000	0.000000
119	3927	0	0	0	4	0	-0.286476	0.256636	0	0	1612.000000	0.000000	0.000000
120	3960	0	0	0	4	0	-0.226794	0.232762	0	0	1582.000000	0.000000	0.000000
121	3993	0	0	0	4	0	-0.149207	0.104445	0	0	1557.000000	0.000000	0.000000
122	4026	0	0	0	4	0	-0.140255	0.107430	0	0	1554.000000	0.000000	0.000000
123	4059	0	0	0	4	0	-0.182032	0.119366	0	0	1575.000000	0.000000	0.000000
124	4092	0	0	0	4	0	0.047747	0.092509	0	0	1572.000000	0.000000	0.000000
125	4125	0	0	0	4	0	-0.026858	0.044762	0	0	1565.000000	0.000000	0.000000
126	4158	0	0	0	4	0	-0.065652	-0.029842	0	0	1540.000000	0.000000	0.000000
127	4191	0	0	0	4	0	-0.062667	-0.086540	0	0	1527.000000	0.000000	0.000000
128	4224	0	0	0	4	0	-0.196953	-0.158159	0	0	1544.000000	0.000000	0.000000
129	4257	0	0	0	4	0	-0.235748	-0.179049	0	0	1554.000000	0.000000	0.000000
130	4290	0	0	0	4	0	-0.146224	-0.298413	0	0	1537.000000	0.000000	0.000000
131	4323	0	0	0	4	0	-0.146224	-0.322285	0	0	1504.000000	-9.984145	10.157719
132	4356	0	0	0	4	0	-0.286476	-0.116382	0	0	1501.000000	-9.984145	10.157719
133	4389	0	0	0	4	0	-0.307365	-0.098477	0	0	1524.000000	-9.984145	10.157719
134	4422	0	0	0	4	0	-0.319302	-0.083556	0	0	1528.000000	-9.984145	10.157719
135	4455	0	0	0	4	0	-0.352126	-0.083556	0	0	1509.000000	-9.984145	10.157719
136	4488	0	0	0	4	0	-0.331237	-0.077588	0	0	1484.000000	-9.984145	10.157719
137	4521	0	0	0	4	0	-0.352126	0.014921	0	0	1472.000000	-9.984145	10.157719
138	4554	0	0	0	4	0	-0.420758	-0.014921	0	0	1481.000000	-9.984145	10.157719
139	4587	0	0	0	4	0	-0.674387	0.358094	0	0	1496.000000	-9.984145	10.157719
140	4620	0	0	0	4	0	-7.089754	6.306781	0	0	1424.000000	-9.984145	10.157719
141	4653	0	0	0	4	0	-10.665772	10.047811	0	0	1287.000000	-9.984145	10.157719
142	4686	0	0	0	4	0	-10.293554	10.065169	0	0	1264.000000	-9.984145	10.157719
143	4719	0	0	0	4	0	-10.137478	9.740830	0	0	1247.000000	-9.984145	10.157719
144	4752	0	0	0	4	0	-10.033344	9.412955	0	0	1274.000000	-9.984145	10.157719
145	4785	0	0	0	4	0	-10.050704	9.671247	0	0	1304.000000	-9.984145	10.157719
146	4818	0	0	0	4	0	-10.079633	9.995723	0	0	1251.000000	-9.984145	10.157719
147	4851	0	0	0	4	0	-10.018875	10.232876	0	0	1207.000000	-9.984145	10.157719
148	4884	0	0	0	4	0	-9.891496	9.960987	0	0	1210.000000	-9.984145	10.157719
149	4917	0	0	0	4	0	-9.848048	9.648046	0	0	1235.000000	-9.984145	10.157719
150	4950	0	0	0	4	0	-9.911767	9.792999	0	0	1289.000000	-9.984145	10.157719
151	4983	0	0	0	4	0	-10.027556	10.146152	0	0	1256.000000	-9.984145	10.157719
152	5016	0	0	0	4	0	-10.007298	10.128803	0	0	1229.000000	-9.984145	10.157719
153	5049	0	0	0	4	0	-9.952303	10.004404	0	0	1223.000000	-9.984145	10.157719
154	5082	0	0	0	4	0	-9.891496	9.656746	0	0	1240.000000	-9.984145	10.157719
155	5115	0	0	0	4	0	-9.790101	10.001511	0	0	1302.000000	-9.984145	10.157719
156	5148	0	0	0	4	0	-9.781408	10.290666	0	0	1269.000000	-9.984145	10.157719
157	5181	0	0	0	4	0	-9.787204	10.293553	0	0	1246.000000	-9.984145	10.157719
158	5214	0	0	0	4	0	-9.685746	10.140370	0	0	1231.000000	-9.984145	10.157719
159	5247	0	0	0	4	0	-9.706043	9.894392	0	0	1239.000000	-9.984145	10.157719
160	5280	0	0	0	4	0	-9.688644	9.807488	0	0	1280.000000	-9.984145	10.157719
161	5313	0	0	0	4	0	-9.859636	10.232876	0	0	1270.000000	0.000000	0.000000
162	5346	0	0	0	4	0	-9.862532	10.397518	0	0	1212.000000	0.000000	0.000000
163	5379	0	0	0	4	0	-9.749527	10.131694	0	0	1210.000000	0.000000	0.000000
164	5412	0	0	0	4	0	-9.726336	9.764018	0	0	1236.000000	0.000000	0.000000
165	5445	0	0	0	4	0	-9.746627	9.746627	0	0	1280.000000	0.000000	0.000000
166	5478	0	0	0	4	0	-9.781408	10.140370	0	0	1275.000000	0.000000	0.000000
167	5511	0	0	0	4	0	-9.616138	9.891496	0	0	1249.000000	0.000000	0.000000
168	5544	0	0	0	4	0	-1.315780	3.320626	0	0	1379.000000	0.000000	0.000000
169	5577	0	0	0	4	0	0.671404	-0.274541	0	0	1484.000000	0.000000	0.000000
170	5610	0	0	0	4	0	0.438663	-0.555036	0	0	1491.000000	0.000000	0.000000
171	5643	0	0	0	4	0	0.352126	-0.629632	0	0	1469.000000	0.000000	0.000000
172	5676	0	0	0	4	0	0.411806	-0.725111	0	0	1440.000000	0.000000	0.000000
173	5709	0	0	0	4	0	0.280508	-0.832520	0	0	1441.000000	0.000000	0.000000
174	5742	0	0	0	4	0	-0.032825	-0.164128	0	0	1450.000000	0.000000	0.000000
175	5775	0	0	0	4	0	-0.095493	-0.214859	0	0	1472.000000	0.000000	0.000000
176	5808	0	0	0	4	0	-0.041779	-0.238731	0	0	1462.000000	0.000000	0.000000
177	5841	0	0	0	4	0	-0.074604	-0.292444	0	0	1430.000000	0.000000	0.000000
178	5874	0	0	0	4	0	-0.047746	-0.370030	0	0	1419.000000	0.000000	0.000000
179	5907	0	0	0	4	0	0.038794	-0.155176	0	0	1436.000000	0.000000	0.000000
180	5940	0	0	0	4	0	0.023873	-0.140255	0	0	1437.000000	0.000000	0.000000
181	5973	0	0	0	4	0	0.092509	-0.173080	0	0	1428.000000	0.000000	0.000000
182	6006	0	0	0	4	0	0.134287	-0.268572	0	0	1386.000000	0.000000	0.000000
183	6039	0	0	0	4	0	0.104445	-0.277524	0	0	1370.000000	0.000000	0.000000
184	6072	0	0	0	4	0	0.053714	-0.310349	0	0	1391.000000	0.000000	0.000000
185	6105	0	0	0	4	0	-0.062667	-0.304381	0	0	1403.000000	0.000000	0.000000
186	6138	0	0	0	4	0	0.205906	-0.101461	0	0	1389.000000	0.000000	0.000000
187	6171	0	0	0	4	0	0.250667	-0.113397	0	0	1355.000000	0.000000	0.000000
188	6204	0	0	0	4	0	0.214859	-0.235747	0	0	1359.000000	0.000000	0.000000
189	6237	0	0	0	4	0	0.152192	-0.214859	0	0	1357.000000	0.000000	0.000000
190	6270	0	0	0	4	0	0.155176	-0.253652	0	0	1370.000000	0.000000	0.000000
191	6303	0	0	0	4	0	0.065652	-0.322285	0	0	1370.000000	-0.188025	-0.191294
192	6336	0	0	0	4	0	0.122350	-0.325269	0	0	1347.000000	-0.808509	-0.822565
193	6369	0	0	0	4	0	0.107430	-0.346158	0	0	1331.000000	-1.428993	-1.453835
194	6402	0	0	0	4	0	0.008952	-0.396886	0	0	1336.000000	-2.049476	-2.085106
195	6435	0	0	0	4	0	-0.119366	-0.325269	0	0	1357.000000	-2.669960	-2.716377
196	6468	0	0	0	4	0	-0.110414	-0.334222	0	0	1375.000000	-3.290443	-3.347647
197	6501	0	0	0	4	0	-0.143239	-0.381966	0	0	1343.000000	-3.910927	-3.978918
198	6534	0	0	0	4	0	-1.697488	-1.709413	0	0	1334.000000	-4.531411	-4.610188
199	6567	0	0	0	4	0	-3.570389	-4.209023	0	0	1347.000000	-5.151894	-5.241459
200	6600	0	0	0	4	0	-7.063306	-5.698774	0	0	1359.000000	-5.772377	-5.872730
201	6633	0	0	0	4	0	-7.180838	-6.153433	0	0	1368.000000	-6.392861	-6.504001
202	6666	0	0	0	4	0	-7.301242	-6.359843	0	0	1369.000000	-7.013345	-7.135271
203	6699	0	0	0	4	0	-7.512531	-6.574922	0	0	1346.000000	-7.633829	-7.766542
204	6732	0	0	0	4	0	-7.764633	-6.819237	0	0	1338.000000	-8.254313	-8.397813
205	6765	0	0	0	4	0	-7.957904	-7.013337	0	0	1370.000000	-8.874796	-9.029083
206	6798	0	0	0	4	0	-8.112973	-7.207272	0	0	1379.000000	-9.495279	-9.660354
207	6831	0	0	0	4	0	-8.153914	-8.522010	0	0	1362.000000	-9.984145	-10.157719
208	6864	0	0	0	4	0	-8.454871	-9.020432	0	0	1346.000000	-9.984145	-10.157719
209	6897	0	0	0	4	0	-8.615384	-9.180454	0	0	1337.000000	-9.984145	-10.157719
210	6930	0	0	0	4	0	-9.407146	-9.441996	0	0	1342.000000	-9.984145	-10.157719
211	6963	0	0	0	4	0	-10.085419	-9.871222	0	0	1348.000000	-9.984145	-10.157719
212	6996	0	0	0	4	0	-10.143261	-9.955198	0	0	1332.000000	-9.984145	-10.157719
213	7029	0	0	0	4	0	-10.267551	-10.053597	0	0	1320.000000	-9.984145	-10.157719
214	7062	0	0	0	4	0	-10.406178	-10.102774	0	0	1323.000000	-9.984145	-10.157719
215	7095	0	0	0	4	0	-10.556220	-10.082527	0	0	1339.000000	-9.984145	-10.157719
216	7128	0	0	0	4	0	-10.634068	-10.154828	0	0	1342.000000	-9.984145	-10.157719
217	7161	0	0	0	4	0	-10.151937	-10.128803	0	0	1337.000000	-9.984145	-10.157719
218	7194	0	0	0	4	0	-10.166392	-10.229987	0	0	1321.000000	-9.984145	-10.157719
219	7227	0	0	0	4	0	-10.177958	-10.267551	0	0	1318.000000	-9.984145	-10.157719
220	7260	0	0	0	4	0	-10.149045	-10.206864	0	0	1326.000000	-9.984145	-10.157719
221	7293	0	0	0	4	0	-10.192412	-10.348432	0	0	1328.000000	-9.984145	-10.157719
222	7326	0	0	0	4	0	-10.082527	-10.359984	0	0	1314.000000	-9.984145	-10.157719
223	7359	0	0	0	4	0	-10.134587	-10.388858	0	0	1302.000000	-9.984145	-10.157719
224	7392	0	0	0	4	0	-10.166392	-10.374421	0	0	1303.000000	-9.984145	-10.157719
225	7425	0	0	0	4	0	-10.198193	-10.406178	0	0	1311.000000	-9.984145	-10.157719
226	7458	0	0	0	4	0	-9.969672	-10.258883	0	0	1319.000000	-9.984145	-10.157719
227	7491	0	0	0	4	0	-9.737932	-10.096990	0	0	1312.000000	-9.984145	-10.157719
228	7524	0	0	0	4	0	-9.737932	-10.123019	0	0	1304.000000	-9.984145	-10.157719
229	7557	0	0	0	4	0	-9.816180	-10.157718	0	0	1295.000000	-9.984145	-10.157719
230	7590	0	0	0	4	0	-9.784305	-10.273331	0	0	1285.000000	-9.984145	-10.157719
231	7623	0	0	0	4	0	-9.903081	-10.322440	0	0	1304.000000	-9.984145	-10.157719
232	7656	0	0	0	4	0	-9.989934	-10.305108	0	0	1293.000000	-9.984145	-10.157719
233	7689	0	0	0	4	0	-10.007298	-10.258883	0	0	1278.000000	-9.984145	-10.157719
234	7722	0	0	0	4	0	-10.088311	-10.050704	0	0	1281.000000	-9.984145	-10.157719
235	7755	0	0	0	4	0	-9.081549	-8.229928	0	0	1263.000000	-9.984145	-10.157719
236	7788	0	0	0	4	0	-8.956382	-8.004729	0	0	1277.000000	-9.984145	-10.157719
237	7821	0	0	0	4	0	-9.055357	-8.250388	0	0	1288.000000	-9.984145	-10.157719
238	7854	0	0	0	4	0	-9.151369	-8.340970	0	0	1264.000000	-9.348212	-9.510730
239	7887	0	0	0	4	0	-9.209533	-8.463629	0	0	1242.000000	-8.648686	-8.799043
240	7920	0	0	0	4	0	-9.273491	-8.536604	0	0	1241.000000	-7.949160	-8.087356
241	7953	0	0	0	4	0	-9.305461	-8.600798	0	0	1261.000000	-7.249634	-7.375669
242	7986	0	0	0	4	0	-9.229886	-8.454871	0	0	1270.000000	-6.550108	-6.663981
243	8019	0	0	0	4	0	-9.241516	-8.352656	0	0	1253.000000	-5.850582	-5.952294
244	8052	0	0	0	4	0	-8.720372	-8.095423	0	0	1244.000000	-5.151056	-5.240606
245	8085	0	0	0	4	0	-6.833947	-6.728016	0	0	1235.000000	-4.451530	-4.528919
246	8118	0	0	0	4	0	-5.441600	-4.790313	0	0	1247.000000	-3.752004	-3.817232
247	8151	0	0	0	4	0	-3.620921	-2.630176	0	0	1244.000000	-3.052478	-3.105545
248	8184	0	0	0	4	0	-3.323600	-2.481265	0	0	1229.000000	-2.352952	-2.393857
249	8217	0	0	0	4	0	-3.216521	-2.707595	0	0	1213.000000	-1.653425	-1.682170
250	8250	0	0	0	4	0	-2.942771	-2.585506	0	0	1209.000000	-0.953899	-0.970483
251	8283	0	0	0	4	0	-2.740348	-2.347217	0	0	1205.000000	-0.254373	-0.258795
252	8316	0	0	0	4	0	-0.346157	-1.306833	0	0	1243.000000	0.000000	0.000000
253	8349	0	0	0	4	0	0.065652	-0.713176	0	0	1224.000000	0.000000	0.000000
254	8382	0	0	0	4	0	0.229779	-0.748980	0	0	1197.000000	0.000000	0.000000
255	8415	0	0	0	4	0	0.331238	-0.686323	0	0	1203.000000	0.000000	0.000000
256	8448	0	0	0	4	0	0.247683	0.250667	0	0	1207.000000	0.000000	0.000000
257	8481	0	0	0	4	0	0.313333	0.468502	0	0	1242.000000	0.000000	0.000000
258	8514	0	0	0	4	0	0.483422	0.480438	0	0	1229.000000	0.000000	0.000000
259	8547	0	0	0	4	0	0.665436	0.489389	0	0	1193.000000	0.000000	0.000000
260	8580	0	0	0	4	0	0.629632	0.259620	0	0	1191.000000	0.000000	0.000000
261	8613	0	0	0	4	0	0.641567	0.116382	0	0	1206.000000	0.000000	0.000000
262	8646	0	0	0	4	0	0.572939	0.092509	0	0	1231.000000	0.000000	0.000000
263	8679	0	0	0	4	0	0.602777	0.137271	0	0	1245.000000	0.000000	0.000000
264	8712	0	0	0	4	0	-0.047746	-0.170097	0	0	1213.000000	0.000000	0.000000
265	8745	0	0	0	4	0	-0.119366	-0.289461	0	0	1212.000000	0.000000	0.000000
266	8778	0	0	0	4	0	-0.161145	-0.217842	0	0	1232.000000	0.000000	0.000000
267	8811	0	0	0	4	0	-0.229779	-0.146223	0	0	1257.000000	0.000000	0.000000
268	8844	0	0	0	4	0	-0.074604	0.059683	0	0	1254.000000	0.000000	0.000000
269	8877	0	0	0	4	0	-0.017904	0.038794	0	0	1230.000000	0.000000	0.000000
270	8910	0	0	0	4	0	-0.071620	-0.020889	0	0	1227.000000	0.000000	0.000000
271	8943	0	0	0	4	0	-0.149207	-0.074604	0	0	1246.000000	0.000000	0.000000
272	8976	0	0	0	4	0	-0.247683	-0.208890	0	0	1260.000000	0.000000	0.000000
273	9009	0	0	0	4	0	-0.244700	-0.137271	0	0	1263.000000	0.000000	0.000000
274	9042	0	0	0	4	0	-0.229779	-0.161144	0	0	1233.000000	0.000000	0.000000
275	9075	0	0	0	4	0	-0.265589	-0.247683	0	0	1232.000000	0.000000	0.000000
276	9108	0	0	0	4	0	-0.340190	-0.537132	0	0	1226.000000	0.000000	0.000000
277	9141	0	0	0	4	0	-0.420758	-0.462534	0	0	1244.000000	0.000000	0.000000
278	9174	0	0	0	4	0	-0.435678	-0.492373	0	0	1264.000000	0.000000	0.000000
279	9207	0	0	0	4	0	-0.489390	-0.635599	0	0	1249.000000	0.000000	0.000000
280	9240	0	0	0	4	0	-0.468502	-0.638583	0	0	1226.000000	0.000000	0.000000
281	9273	0	0	0	4	0	-0.480437	-0.608745	0	0	1223.000000	0.000000	0.000000
282	9306	0	0	0	4	0	-0.632616	-0.629632	0	0	1248.000000	-9.984145	-10.157719
283	9339	0	0	0	4	0	-0.593826	-0.561003	0	0	1264.000000	-9.984145	-10.157719
284	9372	0	0	0	4	0	-0.486405	-0.480438	0	0	1245.000000	-9.984145	-10.157719
285	9405	0	0	0	4	0	-0.528181	-0.656485	0	0	1221.000000	-9.984145	-10.157719
286	9438	0	0	0	4	0	-0.528181	-0.728094	0	0	1223.000000	-9.984145	-10.157719
287	9471	0	0	0	4	0	-0.617697	-0.701241	0	0	1247.000000	-9.984145	-10.157719
288	9504	0	0	0	4	0	-0.635599	-0.731078	0	0	1271.000000	-9.984145	-10.157719
289	9537	0	0	0	4	0	-0.704224	-0.871306	0	0	1264.000000	-9.984145	-10.157719
290	9570	0	0	0	4	0	-1.020474	-1.667671	0	0	1237.000000	-9.984145	-10.157719
291	9603	0	0	0	4	0	-5.456386	-5.920292	0	0	1280.000000	-9.984145	-10.157719
292	9636	0	0	0	4	0	-9.282211	-9.212442	0	0	1308.000000	-9.984145	-10.157719
293	9669	0	0	0	4	0	-11.077326	-10.755087	0	0	1338.000000	-9.984145	-10.157719
294	9702	0	0	0	4	0	-10.804044	-11.088820	0	0	1330.000000	-9.984145	-10.157719
295	9735	0	0	0	4	0	-10.616774	-11.143413	0	0	1318.000000	-9.984145	-10.157719
296	9768	0	0	0	4	0	-10.284887	-10.798284	0	0	1320.000000	-9.984145	-10.157719
297	9801	0	0	0	4	0	-10.420612	-10.700353	0	0	1322.000000	-9.984145	-10.157719
298	9834	0	0	0	4	0	-10.850104	-10.362871	0	0	1328.000000	-9.984145	-10.157719
299	9867	0	0	0	4	0	-10.829954	-10.212646	0	0	1319.000000	-9.984145	-10.157719
300	9900	0	0	0	4	0	-10.970948	-10.258883	0	0	1305.000000	-9.984145	-10.157719
301	9933	0	0	0	4	0	-11.065828	-10.371534	0	0	1293.000000	-9.984145	-10.157719
302	9966	0	0	0	4	0	-10.616774	-10.452362	0	0	1295.000000	-9.984145	-10.157719
303	9999	0	0	0	4	0	-10.680182	-10.533146	0	0	1297.000000	-9.984145	-10.157719
304	10032	0	0	0	4	0	-10.654244	-10.461019	0	0	1281.000000	-9.984145	-10.157719
305	10065	0	0	0	4	0	-10.668655	-10.423500	0	0	1265.000000	-9.984145	-10.157719
306	10098	0	0	0	4	0	-10.276219	-10.172175	0	0	1265.000000	-9.984145	-10.157719
307	10131	0	0	0	4	0	-10.163502	-10.284887	0	0	1261.000000	-9.984145	-10.157719
308	10164	0	0	0	4	0	-10.224206	-10.359984	0	0	1271.000000	-9.984145	-10.157719
309	10197	0	0	0	4	0	-10.221315	-10.359984	0	0	1272.000000	-9.984145	-10.157719
310	10230	0	0	0	4	0	-10.255995	-10.365760	0	0	1259.000000	-9.984145	-10.157719
311	10263	0	0	0	4	0	-10.281998	-10.383083	0	0	1253.000000	-9.984145	-10.157719
312	10296	0	0	0	4	0	-10.279109	-10.429273	0	0	1260.000000	0.000000	0.000000
313	10329	0	0	0	4	0	-10.250216	-10.383083	0	0	1272.000000	0.000000	0.000000
314	10362	0	0	0	4	0	-9.755322	-9.934932	0	0	1278.000000	0.000000	0.000000
315	10395	0	0	0	4	0	-9.563915	-9.645144	0	0	1255.000000	0.000000	0.000000
316	10428	0	0	0	4	0	-9.671247	-9.735034	0	0	1250.000000	0.000000	0.000000
317	10461	0	0	0	4	0	-9.621941	-9.708941	0	0	1264.000000	0.000000	0.000000
318	10494	0	0	0	4	0	-9.575521	-9.790101	0	0	1273.000000	0.000000	0.000000
319	10527	0	0	0	4	0	-6.645593	-6.495393	0	0	1276.000000	0.000000	0.000000
320	10560	0	0	0	4	0	-2.260815	-1.181558	0	0	1215.000000	0.000000	0.000000
321	10593	0	0	0	4	0	-0.599793	0.820587	0	0	1205.000000	0.000000	0.000000
322	10626	0	0	0	4	0	-0.719143	0.644551	0	0	1196.000000	0.000000	0.000000
323	10659	0	0	0	4	0	-1.014507	0.205906	0	0	1176.000000	0.000000	0.000000
324	10692	0	0	0	4	0	-1.112949	-0.173080	0	0	1215.000000	0.000000	0.000000
325	10725	0	0	0	4	0	-0.432694	-0.390918	0	0	1208.000000	0.000000	0.000000
326	10758	0	0	0	4	0	-0.414791	-0.787767	0	0	1194.000000	0.000000	0.000000
327	10791	0	0	0	4	0	-0.462534	-0.910091	0	0	1202.000000	0.000000	0.000000
328	10824	0	0	0	4	0	-0.599793	-0.960808	0	0	1202.000000	0.000000	0.000000
329	10857	0	0	0	4	0	-0.477454	-0.453582	0	0	1224.000000	0.000000	0.000000
330	10890	0	0	0	4	0	-0.310350	-0.074604	0	0	1203.000000	0.000000	0.000000
331	10923	0	0	0	4	0	-0.182032	-0.188001	0	0	1184.000000	0.000000	0.000000
332	10956	0	0	0	4	0	-0.116383	-0.149207	0	0	1186.000000	0.000000	0.000000
333	10989	0	0	0	4	0	-0.092508	-0.041778	0	0	1199.000000	0.000000	0.000000
334	11022	0	0	0	4	0	-0.023873	-0.041778	0	0	1234.000000	0.000000	0.000000
335	11055	0	0	0	4	0	-0.155176	0.170097	0	0	1214.000000	0.000000	0.000000
336	11088	0	0	0	4	0	-0.062667	0.164128	0	0	1185.000000	0.000000	0.000000
337	11121	0	0	0	4	0	-0.038794	0.167112	0	0	1194.000000	0.000000	0.000000
338	11154	0	0	0	4	0	-0.026858	0.205906	0	0	1202.000000	0.000000	0.000000
339	11187	0	0	0	4	0	-0.017904	0.247683	0	0	1229.000000	0.000000	0.000000
340	11220	0	0	0	4	0	0.113397	0.352126	0	0	1226.000000	0.000000	0.000000
341	11253	0	0	0	4	0	0.232762	0.235747	0	0	1202.000000	0.000000	0.000000
342	11286	0	0	0	4	0	0.101461	0.098477	0	0	1197.000000	0.000000	0.000000
343	11319	0	0	0	4	0	-0.041779	-0.158159	0	0	1195.000000	0.563811	-0.573612
344	11352	0	0	0	4	0	-0.107429	-0.143239	0	0	1226.000000	1.339050	-1.362329
345	11385	0	0	0	4	0	-0.128318	-0.199938	0	0	1230.000000	2.114290	-2.151046
346	11418	0	0	0	4	0	-0.179049	-0.390918	0	0	1208.000000	2.889529	-2.939763
347	11451	0	0	0	4	0	-0.211873	-0.510277	0	0	1204.000000	3.664769	-3.728480
348	11484	0	0	0	4	0	-0.226794	-0.635599	0	0	1217.000000	4.440008	-4.517197
349	11517	0	0	0	4	0	1.712395	-1.685561	0	0	1248.000000	5.215248	-5.305914
350	11550	0	0	0	4	0	4.615431	-4.354433	0	0	1268.000000	5.990487	-6.094631
351	11583	0	0	0	4	0	6.583757	-6.206525	0	0	1226.000000	6.765727	-6.883348
352	11616	0	0	0	4	0	7.198460	-7.260135	0	0	1227.000000	7.540966	-7.672065
353	11649	0	0	0	4	0	7.151459	-7.694310	0	0	1239.000000	8.316206	-8.460782
354	11682	0	0	0	4	0	8.139294	-8.519091	0	0	1273.000000	9.091445	-9.249499
355	11715	0	0	0	4	0	8.077872	-8.536604	0	0	1272.000000	9.866685	-10.038216
356	11748	0	0	0	4	0	8.402309	-8.583291	0	0	1258.000000	9.984145	-10.157719
357	11781	0	0	0	4	0	8.647470	-8.705794	0	0	1265.000000	9.984145	-10.157719
358	11814	0	0	0	4	0	8.976764	-8.758270	0	0	1257.000000	9.984145	-10.157719
359	11847	0	0	0	4	0	10.714758	-10.175065	0	0	1268.000000	9.984145	-10.157719
360	11880	0	0	0	4	0	10.947939	-10.838590	0	0	1292.000000	9.984145	-10.157719
361	11913	0	0	0	4	0	11.146285	-10.953691	0	0	1273.000000	9.984145	-10.157719
362	11946	0	0	0	4	0	11.496320	-11.172136	0	0	1254.000000	9.984145	-10.157719
363	11979	0	0	0	4	0	11.358704	-11.143413	0	0	1255.000000	9.984145	-10.157719
364	12012	0	0	0	4	0	10.238656	-10.878886	0	0	1279.000000	9.984145	-10.157719
365	12045	0	0	0	4	0	10.172175	-10.959443	0	0	1292.000000	9.984145	-10.157719
366	12078	0	0	0	4	0	10.296444	-10.881763	0	0	1281.000000	9.984145	-10.157719
367	12111	0	0	0	4	0	10.406179	-10.899030	0	0	1269.000000	9.984145	-10.157719
368	12144	0	0	0	4	0	10.515840	-10.884643	0	0	1252.000000	9.984145	-10.157719
369	12177	0	0	0	4	0	10.160611	-10.639833	0	0	1289.000000	9.984145	-10.157719
370	12210	0	0	0	4	0	10.131694	-10.703235	0	0	1293.000000	9.984145	-10.157719
371	12243	0	0	0	4	0	10.287776	-10.639833	0	0	1274.000000	9.984145	-10.157719
372	12276	0	0	0	4	0	10.432158	-10.680182	0	0	1273.000000	9.984145	-10.157719
373	12309	0	0	0	4	0	10.530262	-10.769488	0	0	1264.000000	9.984145	-10.157719
374	12342	0	0	0	4	0	10.550452	-10.806922	0	0	1276.000000	9.984145	-10.157719
375	12375	0	0	0	4	0	10.377309	-10.472563	0	0	1288.000000	9.984145	-10.157719
376	12408	0	0	0	4	0	10.388858	-10.478333	0	0	1279.000000	9.984145	-10.157719
377	12441	0	0	0	4	0	10.530262	-10.501415	0	0	1270.000000	9.984145	-10.157719
378	12474	0	0	0	4	0	10.697472	-10.550451	0	0	1258.000000	9.984145	-10.157719
379	12507	0	0	0	4	0	10.587940	-10.495646	0	0	1272.000000	9.984145	-10.157719
380	12540	0	0	0	4	0	10.504300	-10.538916	0	0	1277.000000	9.984145	-10.157719
381	12573	0	0	0	4	0	10.443704	-10.365760	0	0	1281.000000	9.984145	-10.157719
382	12606	0	0	0	4	0	10.313774	-9.992828	0	0	1251.000000	9.984145	-10.157719
383	12639	0	0	0	4	0	10.290666	-9.801693	0	0	1238.000000	9.984145	-10.157719
384	12672	0	0	0	4	0	10.247326	-9.850946	0	0	1234.000000	9.984145	-10.157719
385	12705	0	0	0	4	0	10.102775	-9.775612	0	0	1262.000000	9.984145	-10.157719
386	12738	0	0	0	4	0	9.992828	-9.824872	0	0	1275.000000	9.518563	-9.684043
387	12771	0	0	0	4	0	10.175066	-9.888600	0	0	1234.000000	8.664996	-8.815637
388	12804	0	0	0	4	0	10.290666	-9.958093	0	0	1223.000000	7.811430	-7.947231
389	12837	0	0	0	4	0	10.238656	-10.042024	0	0	1234.000000	6.957863	-7.078825
390	12870	0	0	0	4	0	10.172175	-10.128803	0	0	1251.000000	6.104296	-6.210419
391	12903	0	0	0	4	0	10.235765	-10.079633	0	0	1250.000000	5.250729	-5.342013
392	12936	0	0	0	4	0	9.949408	-9.238607	0	0	1229.000000	4.397162	-4.473607
393	12969	0	0	0	4	0	8.711625	-6.728016	0	0	1196.000000	3.543596	-3.605201
394	13002	0	0	0	4	0	6.256659	-4.214960	0	0	1173.000000	2.690029	-2.736795
395	13035	0	0	0	4	0	4.662866	-3.207596	0	0	1219.000000	1.836462	-1.868389
396	13068	0	0	0	4	0	3.736823	-3.329549	0	0	1219.000000	0.982895	-0.999983
397	13101	0	0	0	4	0	2.344237	-2.877289	0	0	1187.000000	0.129328	-0.131577
398	13134	0	0	0	4	0	1.297885	-2.564659	0	0	1158.000000	0.000000	0.000000
399	13167	0	0	0	4	0	-0.188001	-1.754135	0	0	1144.000000	0.000000	0.000000
400	13200	0	0	0	4	0	-1.121898	-0.501325	0	0	1131.000000	0.000000	0.000000
401	13233	0	0	0	4	0	-1.518580	-0.241715	0	0	1142.000000	0.000000	0.000000
402	13266	0	0	0	4	0	-1.780967	-0.131302	0	0	1117.000000	0.000000	0.000000
403	13299	0	0	0	4	0	-2.123746	-0.256636	0	0	1086.000000	0.000000	0.000000
404	13332	0	0	0	4	0	-2.719506	-0.793735	0	0	1082.000000	0.000000	0.000000
405	13365	0	0	0	4	0	-90.000000	-90.000000	0	4	0.000000	0.000000	0.000000
406	13398	0	0	0	4	0	-90.000000	-90.000000	0	4	0.000000	0.000000	0.000000
407	13431	0	0	0	4	0	-90.000000	-90.000000	0	4	0.000000	0.000000	0.000000
408	13464	0	0	0	4	0	-90.000000	-90.000000	0	4	0.000000	0.000000	0.000000
409	13497	0	0	0	4	0	-90.000000	-90.000000	0	4	0.000000	0.000000	0.000000
410	13530	0	0	0	4	0	-90.000000	-90.000000	0	4	0.000000	0.000000	0.000000
411	13563	0	0	0	4	0	-90.000000	-90.000000	0	4	0.000000	0.000000	0.000000
412	13596	0	0	0	4	0	-90.000000	-90.000000	0	4	0.000000	0.000000	0.000000
413	13629	0	0	0	4	0	-90.000000	-90.000000	0	4	0.000000	0.000000	0.000000
414	13662	0	0	0	4	0	-90.000000	-90.000000	0	4	0.000000	0.000000	0.000000
415	13695	0	0	0	4	0	-90.000000	-90.000000	0	4	0.000000	0.000000	0.000000
416	13728	0	0	0	4	0	-90.000000	-90.000000	0	4	0.000000	0.000000	0.000000
417	13761	0	0	0	4	0	-90.000000	-90.000000	0	4	0.000000	0.000000	0.000000
418	13794	0	0	0	4	0	-1.205422	-4.621361	0	0	963.000000	0.000000	0.000000
419	13827	0	0	0	4	0	-0.713177	-1.849533	0	0	1116.000000	0.000000	0.000000
420	13860	0	0	0	4	0	-0.387934	-2.085003	0	0	1127.000000	0.000000	0.000000
421	13893	0	0	0	4	0	-0.459551	-2.105865	0	0	1144.000000	0.000000	0.000000
422	13926	0	0	0	4	0	-0.411806	-1.363502	0	0	1147.000000	0.000000	0.000000
423	13959	0	0	0	4	0	-0.835504	0.265588	0	0	1138.000000	0.000000	0.000000
424	13992	0	0	0	4	0	-0.719143	0.190985	0	0	1152.000000	0.000000	0.000000
425	14025	0	0	0	4	0	-0.650518	0.029842	0	0	1177.000000	0.000000	0.000000
426	14058	0	0	0	4	0	-0.614712	-0.011936	0	0	1173.000000	0.000000	0.000000
427	14091	0	0	0	4	0	-0.552052	-0.080573	0	0	1168.000000	0.000000	0.000000
428	14124	0	0	0	4	0	-0.182032	0.259620	0	0	1139.000000	9.984145	-10.157719
429	14157	0	0	0	4	0	-0.205907	0.280508	0	0	1139.000000	9.984145	-10.157719
430	14190	0	0	0	4	0	-0.259620	0.411806	0	0	1145.000000	9.984145	-10.157719
431	14223	0	0	0	4	0	-0.331237	0.220826	0	0	1166.000000	9.984145	-10.157719
432	14256	0	0	0	4	0	-0.232762	0.292444	0	0	1147.000000	9.984145	-10.157719
433	14289	0	0	0	4	0	-0.143239	0.337205	0	0	1122.000000	9.984145	-10.157719
434	14322	0	0	0	4	0	7.957903	-5.086517	0	0	1198.000000	9.984145	-10.157719
435	14355	0	0	0	4	0	10.177957	-11.292715	0	0	1246.000000	9.984145	-10.157719
436	14388	0	0	0	4	0	9.136826	-11.539298	0	0	1240.000000	9.984145	-10.157719
437	14421	0	0	0	4	0	8.819475	-11.447596	0	0	1238.000000	9.984145	-10.157719
438	14454	0	0	0	4	0	8.679551	-11.332885	0	0	1231.000000	9.984145	-10.157719
439	14487	0	0	0	4	0	9.555209	-9.960988	0	0	1223.000000	9.984145	-10.157719
440	14520	0	0	0	4	0	9.439093	-9.955198	0	0	1247.000000	9.984145	-10.157719
441	14553	0	0	0	4	0	9.346143	-10.076741	0	0	1260.000000	9.984145	-10.157719
442	14586	0	0	0	4	0	9.444900	-9.940722	0	0	1275.000000	9.984145	-10.157719
443	14619	0	0	0	4	0	9.381004	-10.030449	0	0	1279.000000	9.984145	-10.157719
444	14652	0	0	0	4	0	10.180849	-10.021769	0	0	1272.000000	9.984145	-10.157719
445	14685	0	0	0	4	0	10.013087	-10.059382	0	0	1301.000000	9.984145	-10.157719
446	14718	0	0	0	4	0	10.039130	-10.125913	0	0	1309.000000	9.984145	-10.157719
447	14751	0	0	0	4	0	9.905976	-10.209755	0	0	1316.000000	9.984145	-10.157719
448	14784	0	0	0	4	0	10.050704	-10.013087	0	0	1308.000000	9.984145	-10.157719
449	14817	0	0	0	4	0	10.050704	-10.120129	0	0	1300.000000	9.984145	-10.157719
450	14850	0	0	0	4	0	9.998616	-10.154828	0	0	1310.000000	9.984145	-10.157719
451	14883	0	0	0	4	0	9.943618	-9.677047	0	0	1336.000000	9.984145	-10.157719
452	14916	0	0	0	4	0	9.958093	-9.619040	0	0	1346.000000	9.984145	-10.157719
453	14949	0	0	0	4	0	10.021769	-9.517480	0	0	1345.000000	9.984145	-10.157719
454	14982	0	0	0	4	0	10.053596	-9.468129	0	0	1356.000000	9.984145	-10.157719
455	15015	0	0	0	4	0	10.018874	-9.430382	0	0	1376.000000	9.984145	-10.157719
456	15048	0	0	0	4	0	10.007298	-9.328710	0	0	1398.000000	9.984145	-10.157719
457	15081	0	0	0	4	0	9.839358	-9.171729	0	0	1415.000000	9.984145	-10.157719
458	15114	0	0	0	4	0	9.911767	-9.131006	0	0	1415.000000	0.000000	0.000000
459	15147	0	0	0	4	0	9.960987	-9.093186	0	0	1426.000000	0.000000	0.000000
460	15180	0	0	0	4	0	9.850945	-8.959294	0	0	1442.000000	0.000000	0.000000
461	15213	0	0	0	4	0	9.677046	-8.799076	0	0	1472.000000	0.000000	0.000000
462	15246	0	0	0	4	0	9.619040	-8.743695	0	0	1494.000000	0.000000	0.000000
463	15279	0	0	0	4	0	9.581325	-8.644553	0	0	1498.000000	0.000000	0.000000
464	15312	0	0	0	4	0	4.645079	-3.406868	0	0	1555.000000	0.000000	0.000000
465	15345	0	0	0	4	0	0.062667	2.132686	0	0	1521.000000	0.000000	0.000000
466	15378	0	0	0	4	0	0.253652	1.551381	0	0	1518.000000	0.000000	0.000000
467	15411	0	0	0	4	0	0.143239	1.444025	0	0	1529.000000	0.000000	0.000000
468	15444	0	0	0	4	0	0.196954	1.300868	0	0	1523.000000	0.000000	0.000000
469	15477	0	0	0	4	0	0.107430	1.217352	0	0	1505.000000	0.000000	0.000000
470	15510	0	0	0	4	0	0.056699	1.050305	0	0	1495.000000	0.000000	0.000000
471	15543	0	0	0	4	0	-0.531164	0.569955	0	0	1541.000000	0.000000	0.000000
472	15576	0	0	0	4	0	-90.000000	-90.000000	0	4	0.000000	0.000000	0.000000
473	15609	0	0	0	4	0	-90.000000	-90.000000	0	4	0.000000	0.000000	0.000000
474	15642	0	0	0	4	0	-90.000000	-90.000000	0	4	0.000000	0.000000	0.000000
475	15675	0	0	0	4	0	6.123933	-20.793751	0	0	259.000000	0.000000	0.000000
476	15708	0	0	0	4	0	-90.000000	-90.000000	0	4	0.000000	0.000000	0.000000
477	15741	0	0	0	4	0	-0.754947	-3.347392	0	0	1330.000000	0.000000	0.000000
478	15774	0	0	0	4	0	-0.259620	0.716160	0	0	1533.000000	0.000000	0.000000
479	15807	0	0	0	4	0	-0.447614	0.223811	0	0	1481.000000	0.000000	0.000000
480	15840	0	0	0	4	0	-0.289461	0.665436	0	0	1481.000000	0.000000	0.000000
481	15873	0	0	0	4	0	-0.244700	0.796718	0	0	1495.000000	0.000000	0.000000
482	15906	0	0	0	4	0	-0.208890	0.796718	0	0	1516.000000	0.000000	0.000000
483	15939	0	0	0	4	0	-0.193969	0.847438	0	0	1536.000000	0.000000	0.000000
484	15972	0	0	0	4	0	-0.083556	0.930975	0	0	1495.000000	0.000000	0.000000
485	16005	0	0	0	4	0	0.020889	0.904124	0	0	1483.000000	0.000000	0.000000
486	16038	0	0	0	4	0	-0.065652	0.799701	0	0	1487.000000	0.000000	0.000000
487	16071	0	0	0	4	0	-0.131303	0.868323	0	0	1516.000000	0.000000	0.000000
488	16104	0	0	0	4	0	-0.125335	0.811636	0	0	1526.000000	0.000000	0.000000
489	16137	0	0	0	4	0	0.202921	0.772849	0	0	1491.000000	0.876795	0.892038
490	16170	0	0	0	4	0	0.229779	0.874289	0	0	1471.000000	1.810157	1.841626
491	16203	0	0	0	4	0	0.185017	0.787767	0	0	1466.000000	2.743519	2.791214
492	16236	0	0	0	4	0	0.250667	0.790751	0	0	1490.000000	3.676881	3.740803
493	16269	0	0	0	4	0	0.265588	0.745997	0	0	1494.000000	4.610243	4.690392
494	16302	0	0	0	4	0	0.289461	0.605761	0	0	1471.000000	5.543605	5.639980
495	16335	0	0	0	4	0	0.268572	0.698258	0	0	1439.000000	6.476967	6.589568
496	16368	0	0	0	4	0	3.840813	5.024335	0	0	1349.000000	7.410329	7.539156
497	16401	0	0	0	4	0	6.986877	8.048619	0	0	1313.000000	8.343691	8.488745
498	16434	0	0	0	4	0	8.063246	8.886485	0	0	1326.000000	9.277053	9.438334
499	16467	0	0	0	4	0	8.340970	8.930174	0	0	1321.000000	9.984145	10.157719
500	16500	0	0	0	4	0	8.729119	8.860267	0	0	1275.000000	9.984145	10.157719
501	16533	0	0	0	4	0	9.218257	8.816562	0	0	1269.000000	9.984145	10.157719
502	16566	0	0	0	4	0	10.175066	9.125189	0	0	1272.000000	9.984145	10.157719
503	16599	0	0	0	4	0	10.082526	9.595831	0	0	1276.000000	9.984145	10.157719
504	16632	0	0	0	4	0	10.264663	9.926246	0	0	1308.000000	9.984145	10.157719
505	16665	0	0	0	4	0	10.729162	10.221315	0	0	1249.000000	9.984145	10.157719
506	16698	0	0	0	4	0	11.034209	10.203973	0	0	1236.000000	9.984145	10.157719
507	16731	0	0	0	4	0	10.391746	10.169284	0	0	1233.000000	9.984145	10.157719
508	16764	0	0	0	4	0	9.746628	9.700243	0	0	1282.000000	9.984145	10.157719
509	16797	0	0	0	4	0	9.546503	9.842255	0	0	1333.000000	9.984145	10.157719
510	16830	0	0	0	4	0	10.085419	10.316663	0	0	1254.000000	9.984145	10.157719
511	16863	0	0	0	4	0	10.463905	10.348433	0	0	1231.000000	9.984145	10.157719
512	16896	0	0	0	4	0	10.357097	10.114343	0	0	1237.000000	9.984145	10.157719
513	16929	0	0	0	4	0	9.836461	9.732134	0	0	1282.000000	9.984145	10.157719
514	16962	0	0	0	4	0	9.546503	9.700243	0	0	1317.000000	9.984145	10.157719
515	16995	0	0	0	4	0	10.068062	10.209755	0	0	1260.000000	9.984145	10.157719
516	17028	0	0	0	4	0	10.348433	10.478333	0	0	1234.000000	9.984145	10.157719
517	17061	0	0	0	4	0	10.331105	10.365760	0	0	1223.000000	9.984145	10.157719
518	17094	0	0	0	4	0	9.804590	9.998616	0	0	1261.000000	9.984145	10.157719
519	17127	0	0	0	4	0	9.404243	9.784306	0	0	1322.000000	9.984145	10.157719
520	17160	0	0	0	4	0	9.868325	10.250216	0	0	1276.000000	9.984145	10.157719
521	17193	0	0	0	4	0	10.359984	10.406179	0	0	1227.000000	9.984145	10.157719
522	17226	0	0	0	4	0	10.538916	10.333993	0	0	1224.000000	9.984145	10.157719
523	17259	0	0	0	4	0	10.010192	9.824872	0	0	1244.000000	9.984145	10.157719
524	17292	0	0	0	4	0	9.505869	9.578424	0	0	1328.000000	9.984145	10.157719
525	17325	0	0	0	4	0	9.804590	10.004404	0	0	1279.000000	9.984145	10.157719
526	17358	0	0	0	4	0	10.177957	10.094097	0	0	1254.000000	9.984145	10.157719
527	17391	0	0	0	4	0	10.400406	10.068063	0	0	1220.000000	9.984145	10.157719
528	17424	0	0	0	4	0	9.819078	9.601634	0	0	1262.000000	9.984145	10.157719
529	17457	0	0	0	4	0	9.395529	9.337427	0	0	1319.000000	9.984145	10.157719
530	17490	0	0	0	4	0	9.746628	9.674146	0	0	1288.000000	9.036186	9.193280
531	17523	0	0	0	4	0	10.154827	9.943618	0	0	1247.000000	8.027069	8.166619
532	17556	0	0	0	4	0	10.137479	9.813283	0	0	1239.000000	7.017952	7.139958
533	17589	0	0	0	4	0	9.700243	9.305462	0	0	1251.000000	6.008835	6.113298
534	17622	0	0	0	4	0	9.142644	9.136826	0	0	1283.000000	4.999717	5.086637
535	17655	0	0	0	4	0	9.253144	9.290932	0	0	1299.000000	3.990600	4.059977
536	17688	0	0	0	4	0	9.610337	9.261865	0	0	1245.000000	2.981483	3.033316
537	17721	0	0	0	4	0	5.775588	5.808079	0	0	1310.000000	1.972366	2.006655
538	17754	0	0	0	4	0	1.396308	1.921076	0	0	1408.000000	0.963248	0.979994
539	17787	0	0	0	4	0	-0.137270	0.313333	0	0	1453.000000	-0.045869	-0.046666
540	17820	0	0	0	4	0	-0.411806	-0.286477	0	0	1439.000000	-1.054986	-1.073327
541	17853	0	0	0	4	0	-0.537132	-0.477454	0	0	1414.000000	-2.064104	-2.099988
542	17886	0	0	0	4	0	-0.596809	-0.352126	0	0	1418.000000	-3.073221	-3.126648
543	17919	0	0	0	4	0	-0.671404	-0.104445	0	0	1430.000000	-4.082338	-4.153309
544	17952	0	0	0	4	0	-0.913073	-0.116382	0	0	1435.000000	-5.091455	-5.179970
545	17985	0	0	0	4	0	-0.892191	-0.217842	0	0	1410.000000	-6.100573	-6.206631
546	18018	0	0	0	4	0	-0.975725	-0.259620	0	0	1379.000000	-7.109690	-7.233291
547	18051	0	0	0	4	0	-0.978707	-0.546084	0	0	1363.000000	-8.118807	-8.259952
548	18084	0	0	0	4	0	-2.796914	-2.734393	0	0	1422.000000	-9.127925	-9.286613
549	18117	0	0	0	4	0	-5.878956	-5.858285	0	0	1422.000000	-9.984145	-10.157719
550	18150	0	0	0	4	0	-6.044265	-6.144584	0	0	1404.000000	-9.984145	-10.157719
551	18183	0	0	0	4	0	-5.999996	-6.383421	0	0	1372.000000	-9.984145	-10.157719
552	18216	0	0	0	4	0	-5.973432	-6.395211	0	0	1367.000000	-9.984145	-10.157719
553	18249	0	0	0	4	0	-5.873050	-6.415841	0	0	1370.000000	-9.984145	-10.157719
554	18282	0	0	0	4	0	-7.216083	-7.060366	0	0	1402.000000	-9.984145	-10.157719
555	18315	0	0	0	4	0	-10.414841	-9.180454	0	0	1393.000000	-9.984145	-10.157719
556	18348	0	0	0	4	0	-10.619655	-9.401339	0	0	1379.000000	-9.984145	-10.157719
557	18381	0	0	0	4	0	-10.711878	-9.418764	0	0	1365.000000	-9.984145	-10.157719
558	18414	0	0	0	4	0	-10.850104	-9.494258	0	0	1377.000000	-9.984145	-10.157719
559	18447	0	0	0	4	0	-11.074450	-9.694445	0	0	1391.000000	-9.984145	-10.157719
560	18480	0	0	0	4	0	-10.651362	-9.903081	0	0	1400.000000	-9.984145	-10.157719
561	18513	0	0	0	4	0	-10.729161	-10.015980	0	0	1373.000000	-9.984145	-10.157719
562	18546	0	0	0	4	0	-10.824196	-10.056491	0	0	1362.000000	-9.984145	-10.157719
563	18579	0	0	0	4	0	-10.881763	-10.056491	0	0	1370.000000	-9.984145	-10.157719
564	18612	0	0	0	4	0	-10.276219	-9.888600	0	0	1386.000000	-9.984145	-10.157719
565	18645	0	0	0	4	0	-10.189520	-9.842255	0	0	1385.000000	-9.984145	-10.157719
566	18678	0	0	0	4	0	-10.206864	-9.888600	0	0	1359.000000	-9.984145	-10.157719
567	18711	0	0	0	4	0	-10.192412	-9.987039	0	0	1346.000000	-9.984145	-10.157719
568	18744	0	0	0	4	0	-10.189520	-9.958093	0	0	1347.000000	-9.984145	-10.157719
569	18777	0	0	0	4	0	-10.189520	-10.059382	0	0	1356.000000	-9.984145	-10.157719
570	18810	0	0	0	4	0	-10.270442	-10.030449	0	0	1361.000000	-9.984145	-10.157719
571	18843	0	0	0	4	0	-10.195301	-9.929141	0	0	1343.000000	-9.984145	-10.157719
572	18876	0	0	0	4	0	-10.137478	-9.604535	0	0	1325.000000	-9.984145	-10.157719
573	18909	0	0	0	4	0	-10.128803	-9.653846	0	0	1329.000000	-9.984145	-10.157719
574	18942	0	0	0	4	0	-10.177958	-9.642244	0	0	1327.000000	-9.984145	-10.157719
575	18975	0	0	0	4	0	-10.085419	-9.604535	0	0	1338.000000	-9.984145	-10.157719
576	19008	0	0	0	4	0	-10.062278	-9.601633	0	0	1321.000000	-9.984145	-10.157719
577	19041	0	0	0	4	0	-10.056491	-9.610336	0	0	1318.000000	-9.984145	-10.157719
578	19074	0	0	0	4	0	-9.963881	-9.558111	0	0	1321.000000	-9.984145	-10.157719
579	19107	0	0	0	4	0	-9.952303	-9.561013	0	0	1335.000000	-9.984145	-10.157719
580	19140	0	0	0	4	0	-9.934932	-9.558111	0	0	1337.000000	-9.063038	-9.220598
581	19173	0	0	0	4	0	-9.824872	-9.412955	0	0	1328.000000	-7.977447	-8.116135
582	19206	0	0	0	4	0	-9.778510	-9.366481	0	0	1323.000000	-6.891856	-7.011671
583	19239	0	0	0	4	0	-9.784305	-9.433285	0	0	1333.000000	-5.806266	-5.907207
584	19272	0	0	0	4	0	-9.746627	-9.334520	0	0	1353.000000	-4.720675	-4.802743
585	19305	0	0	0	4	0	-9.706043	-9.386815	0	0	1364.000000	-3.635084	-3.698280
586	19338	0	0	0	4	0	-9.087366	-8.644553	0	0	1356.000000	-2.549493	-2.593816
587	19371	0	0	0	4	0	-3.710079	-1.873381	0	0	1335.000000	-1.463903	-1.489352
588	19404	0	0	0	4	0	-0.044762	1.077153	0	0	1300.000000	-0.378312	-0.384889
589	19437	0	0	0	4	0	1.032406	1.906172	0	0	1296.000000	0.707279	0.719575
590	19470	0	0	0	4	0	1.181558	1.694506	0	0	1323.000000	1.792870	1.824038
591	19503	0	0	0	4	0	3.359289	2.478286	0	0	1271.000000	2.878460	2.928502
592	19536	0	0	0	4	0	4.805129	3.989324	0	0	1214.000000	3.964051	4.032966
593	19569	0	0	0	4	0	6.185880	4.888089	0	0	1212.000000	5.049642	5.137429
594	19602	0	0	0	4	0	6.150483	5.308490	0	0	1211.000000	6.135232	6.241893
595	19635	0	0	0	4	0	5.946863	5.225639	0	0	1264.000000	7.220823	7.346357
596	19668	0	0	0	4	0	6.294988	6.050168	0	0	1241.000000	8.306414	8.450820
597	19701	0	0	0	4	0	7.157335	7.770493	0	0	1166.000000	9.392005	9.555284
598	19734	0	0	0	4	0	8.297145	8.740781	0	0	1121.000000	9.984145	10.157719
599	19767	0	0	0	4	0	9.296743	9.787204	0	0	1075.000000	9.984145	10.157719
600	19800	0	0	0	4	0	9.078638	9.264771	0	0	1086.000000	9.984145	10.157719
601	19833	0	0	0	4	0	8.408150	8.895224	0	0	1187.000000	9.984145	10.157719
602	19866	0	0	0	4	0	9.407147	9.366480	0	0	1154.000000	9.984145	10.157719
603	19899	0	0	0	4	0	10.426385	9.900185	0	0	1094.000000	9.984145	10.157719
604	19932	0	0	0	4	0	10.927801	10.050704	0	0	1064.000000	9.984145	10.157719
605	19965	0	0	0	4	0	10.680182	9.537797	0	0	1080.000000	9.984145	10.157719
606	19998	0	0	0	4	0	9.897288	9.253144	0	0	1171.000000	9.984145	10.157719
607	20031	0	0	0	4	0	9.984144	9.790101	0	0	1151.000000	9.984145	10.157719
608	20064	0	0	0	4	0	10.345545	9.969672	0	0	1108.000000	9.984145	10.157719
609	20097	0	0	0	4	0	10.815559	10.114343	0	0	1082.000000	9.984145	10.157719
610	20130	0	0	0	4	0	10.524493	9.717639	0	0	1085.000000	9.984145	10.157719
611	20163	0	0	0	4	0	9.792999	9.322898	0	0	1134.000000	9.984145	10.157719
612	20196	0	0	0	4	0	9.581325	9.677046	0	0	1163.000000	9.984145	10.157719
613	20229	0	0	0	4	0	10.091205	9.900185	0	0	1108.000000	9.984145	10.157719
614	20262	0	0	0	4	0	10.561989	10.062277	0	0	1075.000000	9.984145	10.157719
615	20295	0	0	0	4	0	10.284887	9.688644	0	0	1082.000000	9.984145	10.157719
616	20328	0	0	0	4	0	9.627742	9.299650	0	0	1127.000000	9.984145	10.157719
617	20361	0	0	0	4	0	9.706042	9.650946	0	0	1154.000000	9.984145	10.157719
618	20394	0	0	0	4	0	10.079634	9.879911	0	0	1123.000000	9.984145	10.157719
619	20427	0	0	0	4	0	10.680182	10.198193	0	0	1075.000000	9.984145	10.157719
620	20460	0	0	0	4	0	10.677300	10.053596	0	0	1065.000000	9.984145	10.157719
621	20493	0	0	0	4	0	9.998616	9.508773	0	0	1131.000000	9.984145	10.157719
622	20526	0	0	0	4	0	9.729235	9.584226	0	0	1139.000000	9.984145	10.157719
623	20559	0	0	0	4	0	9.943618	9.949408	0	0	1113.000000	9.984145	10.157719
624	20592	0	0	0	4	0	10.368647	10.169284	0	0	1080.000000	9.984145	10.157719
625	20625	0	0	0	4	0	10.423500	10.120128	0	0	1063.000000	9.984145	10.157719
626	20658	0	0	0	4	0	9.389719	9.354859	0	0	1138.000000	9.984145	10.157719
627	20691	0	0	0	4	0	9.261865	9.491355	0	0	1158.000000	9.984145	10.157719
628	20724	0	0	0	4	0	9.569718	9.740830	0	0	1127.000000	-9.984145	-10.157719
629	20757	0	0	0	4	0	10.073848	10.010193	0	0	1076.000000	-9.984145	-10.157719
630	20790	0	0	0	4	0	10.175066	9.897288	0	0	1060.000000	-9.984145	-10.157719
631	20823	0	0	0	4	0	9.346143	9.241515	0	0	1106.000000	-9.984145	-10.157719
632	20856	0	0	0	4	0	8.953470	9.264771	0	0	1168.000000	-9.984145	-10.157719
633	20889	0	0	0	4	0	9.288024	9.569718	0	0	1120.000000	-9.984145	-10.157719
634	20922	0	0	0	4	0	9.856739	9.743730	0	0	1068.000000	-9.984145	-10.157719
635	20955	0	0	0	4	0	10.027556	9.792999	0	0	1037.000000	-9.984145	-10.157719
636	20988	0	0	0	4	0	3.293858	3.820016	0	0	1248.000000	-9.984145	-10.157719
637	21021	0	0	0	4	0	-3.739795	-2.159505	0	0	1286.000000	-9.984145	-10.157719
638	21054	0	0	0	4	0	-7.453861	-6.289091	0	0	1288.000000	-9.984145	-10.157719
639	21087	0	0	0	4	0	-8.545358	-7.706031	0	0	1314.000000	-9.984145	-10.157719
640	21120	0	0	0	4	0	-8.411071	-7.562390	0	0	1309.000000	-9.984145	-10.157719
641	21153	0	0	0	4	0	-8.285456	-7.462661	0	0	1317.000000	-9.984145	-10.157719
642	21186	0	0	0	4	0	-8.209466	-7.380499	0	0	1316.000000	-9.984145	-10.157719
643	21219	0	0	0	4	0	-9.636444	-8.317598	0	0	1290.000000	-9.984145	-10.157719
644	21252	0	0	0	4	0	-9.740829	-9.017521	0	0	1294.000000	-9.984145	-10.157719
645	21285	0	0	0	4	0	-9.827769	-9.180454	0	0	1285.000000	-9.984145	-10.157719
646	21318	0	0	0	4	0	-9.929141	-9.087366	0	0	1293.000000	-9.984145	-10.157719
647	21351	0	0	0	4	0	-10.047811	-9.194994	0	0	1285.000000	-9.984145	-10.157719
648	21384	0	0	0	4	0	-10.319551	-9.671247	0	0	1279.000000	-9.984145	-10.157719
649	21417	0	0	0	4	0	-10.354208	-10.007298	0	0	1265.000000	-9.984145	-10.157719
650	21450	0	0	0	4	0	-10.388858	-10.082527	0	0	1254.000000	-9.984145	-10.157719
651	21483	0	0	0	4	0	-10.443705	-9.966779	0	0	1251.000000	-9.984145	-10.157719
652	21516	0	0	0	4	0	-10.475447	-10.108559	0	0	1256.000000	-9.984145	-10.157719
653	21549	0	0	0	4	0	-10.622538	-10.030449	0	0	1248.000000	-9.984145	-10.157719
654	21582	0	0	0	4	0	-9.989934	-10.053597	0	0	1239.000000	-9.984145	-10.157719
655	21615	0	0	0	4	0	-10.111451	-10.099881	0	0	1246.000000	-9.984145	-10.157719
656	21648	0	0	0	4	0	-10.151937	-10.169284	0	0	1257.000000	-9.984145	-10.157719
657	21681	0	0	0	4	0	-10.137478	-10.215536	0	0	1260.000000	-9.984145	-10.157719
658	21714	0	0	0	4	0	-10.192412	-10.157718	0	0	1249.000000	-9.984145	-10.157719
659	21747	0	0	0	4	0	-10.281998	-10.154828	0	0	1241.000000	9.984145	10.157719
660	21780	0	0	0	4	0	-10.357098	-10.157718	0	0	1238.000000	9.984145	10.157719
661	21813	0	0	0	4	0	-10.489875	-10.076741	0	0	1268.000000	9.984145	10.157719
662	21846	0	0	0	4	0	-9.078638	-8.938910	0	0	1274.000000	9.984145	10.157719
663	21879	0	0	0	4	0	-8.866094	-8.536604	0	0	1262.000000	9.984145	10.157719
664	21912	0	0	0	4	0	-8.848614	-8.670800	0	0	1253.000000	9.984145	10.157719
665	21945	0	0	0	4	0	-8.755357	-8.486983	0	0	1244.000000	9.984145	10.157719
666	21978	0	0	0	4	0	-7.597575	-7.632756	0	0	1260.000000	9.984145	10.157719
667	22011	0	0	0	4	0	-2.865381	-3.094540	0	0	1263.000000	9.984145	10.157719
668	22044	0	0	0	4	0	2.362112	1.897229	0	0	1179.000000	9.984145	10.157719
669	22077	0	0	0	4	0	6.138683	5.757863	0	0	1130.000000	9.984145	10.157719
670	22110	0	0	0	4	0	8.501578	7.676724	0	0	1085.000000	9.984145	10.157719
671	22143	0	0	0	4	0	9.546503	8.165610	0	0	1065.000000	9.984145	10.157719
672	22176	0	0	0	4	0	9.674146	8.411070	0	0	1086.000000	9.984145	10.157719
673	22209	0	0	0	4	0	9.679947	8.679550	0	0	1126.000000	9.984145	10.157719
674	22242	0	0	0	4	0	9.749526	9.418764	0	0	1081.000000	9.984145	10.157719
675	22275	0	0	0	4	0	9.978355	9.830667	0	0	1044.000000	9.984145	10.157719
676	22308	0	0	0	4	0	10.024663	9.795897	0	0	1048.000000	9.984145	10.157719
677	22341	0	0	0	4	0	9.685745	9.319992	0	0	1044.000000	9.984145	10.157719
678	22374	0	0	0	4	0	9.494258	9.439093	0	0	1103.000000	9.984145	10.157719
679	22407	0	0	0	4	0	9.905976	9.587128	0	0	1090.000000	9.984145	10.157719
680	22440	0	0	0	4	0	10.746446	9.758223	0	0	1036.000000	9.984145	10.157719
681	22473	0	0	0	4	0	11.347230	9.874119	0	0	1010.000000	9.984145	10.157719
682	22506	0	0	0	4	0	11.045709	9.505869	0	0	1019.000000	9.984145	10.157719
683	22539	0	0	0	4	0	9.900185	9.723436	0	0	1105.000000	9.984145	10.157719
684	22572	0	0	0	4	0	10.123020	10.070955	0	0	1092.000000	9.984145	10.157719
685	22605	0	0	0	4	0	10.691709	10.195302	0	0	1045.000000	9.984145	10.157719
686	22638	0	0	0	4	0	11.352967	10.530262	0	0	1002.000000	9.984145	10.157719
687	22671	0	0	0	4	0	11.002583	10.227097	0	0	1019.000000	9.984145	10.157719
688	22704	0	0	0	4	0	9.940722	9.549405	0	0	1114.000000	9.984145	10.157719
689	22737	0	0	0	4	0	10.018874	9.804590	0	0	1117.000000	9.085572	10.157719
690	22770	0	0	0	4	0	10.521609	10.209755	0	0	1063.000000	7.438188	10.157719
691	22803	0	0	0	4	0	10.973825	10.287776	0	0	1039.000000	5.790804	10.157719
692	22836	0	0	0	4	0	10.703234	9.989934	0	0	1046.000000	4.143420	10.157719
693	22869	0	0	0	4	0	9.700243	9.386814	0	0	1134.000000	2.496036	10.157719
694	22902	0	0	0	4	0	9.700243	9.488452	0	0	1136.000000	0.848652	10.157719
695	22935	0	0	0	4	0	10.076740	9.694445	0	0	1094.000000	-0.798732	10.157719
696	22968	0	0	0	4	0	8.224081	10.001511	0	0	1060.000000	-2.446115	10.157719
697	23001	0	0	0	4	0	2.117785	8.912701	0	0	1137.000000	-4.093500	10.157719
698	23034	0	0	0	4	0	-2.460414	8.973852	0	0	1183.000000	-5.740883	10.157719
699	23067	0	0	0	4	0	-3.959627	9.256051	0	0	1153.000000	-7.388268	10.157719
700	23100	0	0	0	4	0	-4.562060	9.177546	0	0	1127.000000	-9.035651	10.157719
701	23133	0	0	0	4	0	-5.539176	9.325804	0	0	1126.000000	-9.984145	10.157719
702	23166	0	0	0	4	0	-6.613204	9.421668	0	0	1130.000000	-9.984145	10.157719
703	23199	0	0	0	4	0	-8.682467	9.691545	0	0	1176.000000	-9.984145	10.157719
704	23232	0	0	0	4	0	-9.064088	10.247325	0	0	1134.000000	-9.984145	10.157719
705	23265	0	0	0	4	0	-9.282211	10.221315	0	0	1100.000000	-9.984145	10.157719
706	23298	0	0	0	4	0	-9.929141	10.036237	0	0	1087.000000	-9.984145	10.157719
707	23331	0	0	0	4	0	-10.824196	9.764018	0	0	1115.000000	-9.984145	10.157719
708	23364	0	0	0	4	0	-10.991081	9.520383	0	0	1151.000000	-9.984145	10.157719
709	23397	0	0	0	4	0	-11.146285	9.874119	0	0	1128.000000	-9.984145	10.157719
710	23430	0	0	0	4	0	-11.298453	10.284887	0	0	1081.000000	-9.984145	10.157719
711	23463	0	0	0	4	0	-10.492759	10.423500	0	0	1064.000000	-9.984145	10.157719
712	23496	0	0	0	4	0	-10.417727	9.923349	0	0	1080.000000	-9.984145	10.157719
713	23529	0	0	0	4	0	-10.414841	9.842255	0	0	1139.000000	-9.984145	10.157719
714	23562	0	0	0	4	0	-10.634068	10.224206	0	0	1150.000000	-9.984145	10.157719
715	23595	0	0	0	4	0	-10.781005	10.654244	0	0	1082.000000	-9.984145	10.157719
716	23628	0	0	0	4	0	-10.812680	10.585057	0	0	1078.000000	-9.984145	10.157719
717	23661	0	0	0	4	0	-10.613890	10.076740	0	0	1080.000000	-9.984145	10.157719
718	23694	0	0	0	4	0	-10.215536	9.850946	0	0	1152.000000	-9.984145	10.157719
719	23727	0	0	0	4	0	-10.111451	10.027556	0	0	1159.000000	-9.984145	10.157719
720	23760	0	0	0	4	0	-10.310885	10.590824	0	0	1079.000000	-9.984145	10.157719
721	23793	0	0	0	4	0	-10.261773	10.463904	0	0	1085.000000	-9.984145	10.157719
722	23826	0	0	0	4	0	-10.143261	9.958093	0	0	1094.000000	-9.984145	10.157719
723	23859	0	0	0	4	0	-10.042024	9.682846	0	0	1128.000000	-9.984145	10.157719
724	23892	0	0	0	4	0	-10.004404	10.385971	0	0	1147.000000	-9.984145	10.157719
725	23925	0	0	0	4	0	-10.261773	10.996831	0	0	1100.000000	-9.984145	10.157719
726	23958	0	0	0	4	0	-10.209755	10.959444	0	0	1074.000000	-9.984145	10.157719
727	23991	0	0	0	4	0	-10.050704	10.567756	0	0	1083.000000	-9.984145	10.157719
728	24024	0	0	0	4	0	-10.010193	10.290666	0	0	1122.000000	-9.984145	10.157719
729	24057	0	0	0	4	0	-10.024664	10.394631	0	0	1155.000000	-9.984145	10.157719
730	24090	0	0	0	4	0	-10.123019	10.927801	0	0	1111.000000	-9.984145	10.157719
731	24123	0	0	0	4	0	-10.062278	10.933556	0	0	1084.000000	-9.843026	10.014147
732	24156	0	0	0	4	0	-9.966779	10.642716	0	0	1085.000000	-8.678798	8.829678
733	24189	0	0	0	4	0	-9.856738	10.146152	0	0	1113.000000	-7.514569	7.645209
734	24222	0	0	0	4	0	-9.801693	10.195302	0	0	1165.000000	-6.350340	6.460740
735	24255	0	0	0	4	0	-9.975461	10.795404	0	0	1134.000000	-5.186111	5.276271
736	24288	0	0	0	4	0	-9.917560	10.979577	0	0	1088.000000	-4.021882	4.091802
737	24321	0	0	0	4	0	-9.668346	10.590824	0	0	1093.000000	-2.857653	2.907333
738	24354	0	0	0	4	0	-9.450707	10.096990	0	0	1119.000000	-1.693424	1.722864
739	24387	0	0	0	4	0	-9.311274	9.769814	0	0	1158.000000	-0.529195	0.538395
740	24420	0	0	0	4	0	-3.522826	5.459343	0	0	1272.000000	0.635034	-0.646074
741	24453	0	0	0	4	0	2.129705	0.456566	0	0	1310.000000	1.799263	-1.830543
742	24486	0	0	0	4	0	2.341258	-1.086102	0	0	1351.000000	2.963492	-3.015012
743	24519	0	0	0	4	0	2.335299	-1.181558	0	0	1348.000000	4.127721	-4.199481
744	24552	0	0	0	4	0	2.314445	-1.163661	0	0	1386.000000	5.291950	-5.383950
745	24585	0	0	0	4	0	2.531898	-1.238232	0	0	1370.000000	6.456179	-6.568419
746	24618	0	0	0	4	0	2.609330	-1.497705	0	0	1370.000000	7.620408	-7.752888
747	24651	0	0	0	4	0	2.707595	-1.655745	0	0	1390.000000	8.784636	-8.937357
748	24684	0	0	0	4	0	2.779052	-1.819723	0	0	1427.000000	9.948866	-10.121825
749	24717	0	0	0	4	0	3.555526	-2.388923	0	0	1449.000000	9.984145	-10.157719
750	24750	0	0	0	4	0	9.717639	-7.922776	0	0	1488.000000	9.984145	-10.157719
751	24783	0	0	0	4	0	10.463905	-9.868325	0	0	1482.000000	9.984145	-10.157719
752	24816	0	0	0	4	0	10.406179	-10.085419	0	0	1481.000000	9.984145	-10.157719
753	24849	0	0	0	4	0	10.472562	-10.137478	0	0	1487.000000	9.984145	-10.157719
754	24882	0	0	0	4	0	10.417727	-10.117234	0	0	1492.000000	9.984145	-10.157719
755	24915	0	0	0	4	0	10.602357	-10.125913	0	0	1487.000000	9.984145	-10.157719
756	24948	0	0	0	4	0	10.481218	-9.978354	0	0	1458.000000	9.984145	-10.157719
757	24981	0	0	0	4	0	10.501414	-10.042024	0	0	1461.000000	9.984145	-10.157719
758	25014	0	0	0	4	0	10.368647	-10.120129	0	0	1483.000000	9.984145	-10.157719
759	25047	0	0	0	4	0	10.400406	-10.169284	0	0	1482.000000	9.984145	-10.157719
760	25080	0	0	0	4	0	10.432158	-10.218425	0	0	1477.000000	9.984145	-10.157719
761	25113	0	0	0	4	0	10.010192	-9.868325	0	0	1460.000000	9.984145	-10.157719
762	25146	0	0	0	4	0	9.888600	-9.926246	0	0	1456.000000	9.984145	-10.157719
763	25179	0	0	0	4	0	9.798795	-9.920454	0	0	1463.000000	9.984145	-10.157719
764	25212	0	0	0	4	0	9.929142	-9.926246	0	0	1467.000000	9.984145	-10.157719
765	25245	0	0	0	4	0	9.897288	-9.903081	0	0	1469.000000	9.984145	-10.157719
766	25278	0	0	0	4	0	9.911767	-9.807489	0	0	1456.000000	9.984145	-10.157719
767	25311	0	0	0	4	0	10.056491	-9.853842	0	0	1451.000000	9.984145	-10.157719
768	25344	0	0	0	4	0	9.839358	-9.706043	0	0	1460.000000	9.984145	-10.157719
769	25377	0	0	0	4	0	9.833564	-9.795897	0	0	1477.000000	9.984145	-10.157719
770	25410	0	0	0	4	0	9.778509	-9.752425	0	0	1469.000000	9.984145	-10.157719
771	25443	0	0	0	4	0	9.839358	-9.633543	0	0	1465.000000	9.984145	-10.157719
772	25476	0	0	0	4	0	9.888600	-9.708941	0	0	1462.000000	9.984145	-10.157719
773	25509	0	0	0	4	0	9.827769	-9.656746	0	0	1466.000000	9.984145	-10.157719
774	25542	0	0	0	4	0	9.807488	-9.674146	0	0	1478.000000	9.984145	-10.157719
775	25575	0	0	0	4	0	10.232876	-9.758223	0	0	1481.000000	9.984145	-10.157719
776	25608	0	0	0	4	0	10.235765	-9.839358	0	0	1465.000000	9.984145	-10.157719
777	25641	0	0	0	4	0	10.339770	-9.795897	0	0	1448.000000	9.984145	-10.157719
778	25674	0	0	0	4	0	10.244436	-9.879912	0	0	1468.000000	9.984145	-10.157719
779	25707	0	0	0	4	0	10.094097	-9.781408	0	0	1482.000000	9.156834	-9.316025
780	25740	0	0	0	4	0	10.004404	-9.775612	0	0	1495.000000	7.915866	-8.053483
781	25773	0	0	0	4	0	10.177957	-9.798795	0	0	1484.000000	6.674899	-6.790942
782	25806	0	0	0	4	0	10.157718	-9.790101	0	0	1468.000000	5.433932	-5.528400
783	25839	0	0	0	4	0	10.134586	-9.726336	0	0	1479.000000	4.192965	-4.265859
784	25872	0	0	0	4	0	9.998616	-9.633543	0	0	1497.000000	2.951998	-3.003318
785	25905	0	0	0	4	0	9.940722	-9.543600	0	0	1491.000000	1.711030	-1.740777
786	25938	0	0	0	4	0	7.861291	-6.760388	0	0	1515.000000	0.470063	-0.478235
787	25971	0	0	0	4	0	1.637855	0.307365	0	0	1431.000000	-0.770904	0.784306
788	26004	0	0	0	4	0	-2.311465	2.502114	0	0	1370.000000	-2.011871	2.046847
789	26037	0	0	0	4	0	-3.017173	2.653998	0	0	1356.000000	-3.252838	3.309389
790	26070	0	0	0	4	0	-2.972533	2.618264	0	0	1380.000000	-4.493805	4.571930
791	26103	0	0	0	4	0	-3.109417	2.585506	0	0	1375.000000	-5.734773	5.834471
792	26136	0	0	0	4	0	-3.115368	2.731415	0	0	1345.000000	-6.975740	7.097013
793	26169	0	0	0	4	0	-5.246353	5.923245	0	0	1317.000000	-8.216707	8.359553
794	26202	0	0	0	4	0	-5.627852	7.042731	0	0	1296.000000	-9.457674	9.622095
795	26235	0	0	0	4	0	-5.881908	6.757446	0	0	1356.000000	-9.984145	10.157719
796	26268	0	0	0	4	0	-5.982286	6.616149	0	0	1353.000000	-9.984145	10.157719
797	26301	0	0	0	4	0	-8.533684	8.051544	0	0	1274.000000	-9.984145	10.157719
798	26334	0	0	0	4	0	-8.799076	8.294223	0	0	1251.000000	-9.984145	10.157719
799	26367	0	0	0	4	0	-8.851526	8.033990	0	0	1270.000000	-9.984145	10.157719
800	26400	0	0	0	4	0	-9.639343	9.523285	0	0	1264.000000	-9.984145	10.157719
801	26433	0	0	0	4	0	-9.807489	10.279109	0	0	1269.000000	-9.984145	10.157719
802	26466	0	0	0	4	0	-10.047811	10.472562	0	0	1215.000000	-9.984145	10.157719
803	26499	0	0	0	4	0	-10.073847	10.293553	0	0	1182.000000	-9.984145	10.157719
804	26532	0	0	0	4	0	-10.102774	10.299332	0	0	1204.000000	-9.984145	10.157719
805	26565	0	0	0	4	0	-10.163502	10.111450	0	0	1227.000000	-9.984145	10.157719
806	26598	0	0	0	4	0	-10.348432	10.224206	0	0	1275.000000	-9.984145	10.157719
807	26631	0	0	0	4	0	-10.486990	10.426385	0	0	1216.000000	-9.984145	10.157719
808	26664	0	0	0	4	0	-10.547568	10.331105	0	0	1191.000000	-9.984145	10.157719
809	26697	0	0	0	4	0	-10.059382	9.960987	0	0	1203.000000	-9.984145	10.157719
810	26730	0	0	0	4	0	-10.056491	9.766917	0	0	1210.000000	-9.984145	10.157719
811	26763	0	0	0	4	0	-10.177958	9.827769	0	0	1268.000000	-9.984145	10.157719
812	26796	0	0	0	4	0	-10.449475	10.380197	0	0	1212.000000	-9.984145	10.157719
813	26829	0	0	0	4	0	-10.394632	10.146152	0	0	1203.000000	-9.984145	10.157719
814	26862	0	0	0	4	0	-10.042024	9.966778	0	0	1216.000000	-9.984145	10.157719
815	26895	0	0	0	4	0	-10.128803	9.711840	0	0	1248.000000	-9.984145	10.157719
816	26928	0	0	0	4	0	-10.247324	9.737932	0	0	1286.000000	-9.984145	10.157719
817	26961	0	0	0	4	0	-10.377309	9.989934	0	0	1249.000000	-9.984145	10.157719
818	26994	0	0	0	4	0	-10.224206	9.845152	0	0	1216.000000	-9.984145	10.157719
819	27027	0	0	0	4	0	-9.856738	9.450708	0	0	1234.000000	-9.984145	10.157719
820	27060	0	0	0	4	0	-9.949408	9.064088	0	0	1251.000000	-9.984145	10.157719
821	27093	0	0	0	4	0	-10.070955	9.055357	0	0	1288.000000	-9.984145	10.157719
822	27126	0	0	0	4	0	-10.302220	9.450708	0	0	1239.000000	-9.984145	10.157719
823	27159	0	0	0	4	0	-10.186629	9.607435	0	0	1206.000000	-9.984145	10.157719
824	27192	0	0	0	4	0	-9.616138	9.650946	0	0	1194.000000	-9.984145	10.157719
825	27225	0	0	0	4	0	-9.520383	9.363575	0	0	1210.000000	9.984145	-10.157719
826	27258	0	0	0	4	0	-9.569718	9.288024	0	0	1255.000000	9.984145	-10.157719
827	27291	0	0	0	4	0	-9.656746	9.807488	0	0	1214.000000	9.984145	-10.157719
828	27324	0	0	0	4	0	-9.653846	9.697344	0	0	1181.000000	9.984145	-10.157719
829	27357	0	0	0	4	0	-9.357764	9.282211	0	0	1181.000000	9.984145	-10.157719
830	27390	0	0	0	4	0	-9.000054	8.941822	0	0	1200.000000	9.984145	-10.157719
831	27423	0	0	0	4	0	-7.415717	7.767563	0	0	1257.000000	9.984145	-10.157719
832	27456	0	0	0	4	0	-1.509632	4.579852	0	0	1294.000000	9.984145	-10.157719
833	27489	0	0	0	4	0	4.152626	-0.396886	0	0	1330.000000	9.984145	-10.157719
834	27522	0	0	0	4	0	7.283626	-4.410799	0	0	1335.000000	9.984145	-10.157719
835	27555	0	0	0	4	0	9.165913	-7.139707	0	0	1389.000000	9.984145	-10.157719
836	27588	0	0	0	4	0	9.703142	-8.667886	0	0	1402.000000	9.984145	-10.157719
837	27621	0	0	0	4	0	10.024663	-9.642244	0	0	1381.000000	9.984145	-10.157719
838	27654	0	0	0	4	0	10.007298	-10.082527	0	0	1359.000000	9.984145	-10.157719
839	27687	0	0	0	4	0	9.821975	-10.290665	0	0	1354.000000	9.984145	-10.157719
840	27720	0	0	0	4	0	9.517479	-10.163502	0	0	1371.000000	9.984145	-10.157719
841	27753	0	0	0	4	0	9.258958	-10.088311	0	0	1375.000000	9.984145	-10.157719
842	27786	0	0	0	4	0	9.540698	-9.929141	0	0	1358.000000	9.984145	-10.157719
843	27819	0	0	0	4	0	9.940722	-9.836462	0	0	1336.000000	9.984145	-10.157719
844	27852	0	0	0	4	0	10.313774	-9.819077	0	0	1319.000000	9.984145	-10.157719
845	27885	0	0	0	4	0	10.449475	-9.726336	0	0	1317.000000	9.984145	-10.157719
846	27918	0	0	0	4	0	10.561989	-9.868325	0	0	1336.000000	9.984145	-10.157719
847	27951	0	0	0	4	0	9.923349	-10.160610	0	0	1329.000000	9.984145	-10.157719
848	27984	0	0	0	4	0	9.836461	-10.267551	0	0	1314.000000	9.984145	-10.157719
849	28017	0	0	0	4	0	9.862533	-10.229987	0	0	1300.000000	9.984145	-10.157719
850	28050	0	0	0	4	0	9.920454	-10.209755	0	0	1303.000000	9.984145	-10.157719
851	28083	0	0	0	4	0	9.761121	-10.307998	0	0	1310.000000	9.984145	-10.157719
852	28116	0	0	0	4	0	9.616138	-9.642244	0	0	1317.000000	9.984145	-10.157719
853	28149	0	0	0	4	0	9.293837	-9.468129	0	0	1310.000000	9.984145	-10.157719
854	28182	0	0	0	4	0	9.235701	-9.488453	0	0	1292.000000	9.984145	-10.157719
855	28215	0	0	0	4	0	9.136826	-9.479742	0	0	1296.000000	9.984145	-10.157719
856	28248	0	0	0	4	0	8.970942	-9.726336	0	0	1311.000000	-9.984145	10.157719
857	28281	0	0	0	4	0	8.938910	-9.691545	0	0	1316.000000	-9.984145	10.157719
858	28314	0	0	0	4	0	9.058269	-9.688644	0	0	1296.000000	-9.984145	10.157719
859	28347	0	0	0	4	0	9.508773	-9.711840	0	0	1271.000000	-9.984145	10.157719
860	28380	0	0	0	4	0	9.317086	-9.633543	0	0	1287.000000	-9.984145	10.157719
861	28413	0	0	0	4	0	9.189178	-9.552306	0	0	1300.000000	-9.984145	10.157719
862	28446	0	0	0	4	0	6.883955	-6.398158	0	0	1307.000000	-9.984145	10.157719
863	28479	0	0	0	4	0	2.201222	-1.077153	0	0	1269.000000	-9.984145	10.157719
864	28512	0	0	0	4	0	-2.627197	3.403895	0	0	1154.000000	-9.984145	10.157719
865	28545	0	0	0	4	0	-6.922187	5.858285	0	0	1141.000000	-9.984145	10.157719
866	28578	0	0	0	4	0	-9.023342	7.248390	0	0	1129.000000	-9.984145	10.157719
867	28611	0	0	0	4	0	-9.833564	8.180230	0	0	1151.000000	-9.984145	10.157719
868	28644	0	0	0	4	0	-10.403293	8.979676	0	0	1109.000000	-9.984145	10.157719
869	28677	0	0	0	4	0	-10.625422	9.529090	0	0	1051.000000	-9.984145	10.157719
870	28710	0	0	0	4	0	-11.071577	9.894392	0	0	1029.000000	-9.984145	10.157719
871	28743	0	0	0	4	0	-11.243921	9.378099	0	0	1064.000000	-9.984145	10.157719
872	28776	0	0	0	4	0	-11.450464	9.372290	0	0	1089.000000	-9.984145	10.157719
873	28809	0	0	0	4	0	-11.341492	9.891496	0	0	1081.000000	-9.984145	10.157719
874	28842	0	0	0	4	0	-11.628076	10.172175	0	0	1017.000000	-9.984145	10.157719
875	28875	0	0	0	4	0	-11.731104	9.981250	0	0	1012.000000	-9.984145	10.157719
876	28908	0	0	0	4	0	-11.762568	9.462322	0	0	1027.000000	-9.984145	10.157719
877	28941	0	0	0	4	0	-11.934070	9.340332	0	0	1063.000000	-9.984145	10.157719
878	28974	0	0	0	4	0	-11.281236	9.949408	0	0	1075.000000	-9.984145	10.157719
879	29007	0	0	0	4	0	-11.493456	10.319551	0	0	1042.000000	-9.984145	10.157719
880	29040	0	0	0	4	0	-11.630940	10.411953	0	0	999.000000	-9.984145	10.157719
881	29073	0	0	0	4	0	-11.587991	9.732134	0	0	1045.000000	-9.984145	10.157719
882	29106	0	0	0	4	0	-11.536433	9.645144	0	0	1070.000000	-9.984145	10.157719
883	29139	0	0	0	4	0	-10.945062	9.923349	0	0	1096.000000	-9.984145	10.157719
884	29172	0	0	0	4	0	-11.163521	10.261773	0	0	1047.000000	-9.984145	10.157719
885	29205	0	0	0	4	0	-11.137667	10.137479	0	0	1036.000000	-9.984145	10.157719
886	29238	0	0	0	4	0	-11.065828	9.590029	0	0	1062.000000	-9.984145	-10.157719
887	29271	0	0	0	4	0	-11.212339	9.404243	0	0	1077.000000	-9.984145	-10.157719
888	29304	0	0	0	4	0	-11.393121	9.441997	0	0	1125.000000	-9.984145	-10.157719
889	29337	0	0	0	4	0	-11.599443	9.874119	0	0	1060.000000	-9.984145	-10.157719
890	29370	0	0	0	4	0	-10.593707	9.761121	0	0	1042.000000	-9.984145	-10.157719
891	29403	0	0	0	4	0	-10.374421	9.285118	0	0	1060.000000	-9.984145	-10.157719
892	29436	0	0	0	4	0	-10.296443	8.673717	0	0	1109.000000	-9.984145	-10.157719
893	29469	0	0	0	4	0	-9.104825	4.467159	0	0	1171.000000	-9.984145	-10.157719
894	29502	0	0	0	4	0	-9.827769	-0.677372	0	0	1189.000000	-9.984145	-10.157719
895	29535	0	0	0	4	0	-9.694445	-3.683334	0	0	1213.000000	-9.984145	-10.157719
896	29568	0	0	0	4	0	-9.891496	-5.352868	0	0	1214.000000	-9.984145	-10.157719
897	29601	0	0	0	4	0	-10.264663	-5.985238	0	0	1235.000000	-9.984145	-10.157719
898	29634	0	0	0	4	0	-10.316663	-7.110324	0	0	1262.000000	-9.984145	-10.157719
899	29667	0	0	0	4	0	-10.590824	-7.990097	0	0	1243.000000	-9.984145	-10.157719
900	29700	0	0	0	4	0	-10.795404	-8.443192	0	0	1234.000000	-9.984145	-10.157719
901	29733	0	0	0	4	0	-10.432158	-9.555209	0	0	1239.000000	-9.984145	-10.157719
902	29766	0	0	0	4	0	-10.432158	-10.212646	0	0	1258.000000	-9.984145	-10.157719
903	29799	0	0	0	4	0	-10.466791	-10.276219	0	0	1259.000000	-9.984145	-10.157719
904	29832	0	0	0	4	0	-10.478333	-10.123019	0	0	1234.000000	-9.984145	-10.157719
905	29865	0	0	0	4	0	-10.512954	-10.175065	0	0	1217.000000	-9.984145	-10.157719
906	29898	0	0	0	4	0	-10.567757	-9.932036	0	0	1215.000000	-9.984145	-10.157719
907	29931	0	0	0	4	0	-10.411952	-9.908873	0	0	1236.000000	-9.984145	-10.157719
908	29964	0	0	0	4	0	-10.218425	-10.322440	0	0	1236.000000	-9.984145	-10.157719
909	29997	0	0	0	4	0	-10.062278	-10.276219	0	0	1221.000000	-9.984145	-10.157719
910	30030	0	0	0	4	0	-9.972566	-10.391745	0	0	1222.000000	-9.984145	-10.157719
911	30063	0	0	0	4	0	-9.955198	-10.458134	0	0	1220.000000	-9.984145	-10.157719
912	30096	0	0	0	4	0	-9.920454	-10.524493	0	0	1227.000000	-9.984145	-10.157719
913	30129	0	0	0	4	0	-10.004404	-10.299333	0	0	1231.000000	-9.984145	-10.157719
914	30162	0	0	0	4	0	-9.981251	-10.354208	0	0	1217.000000	-9.984145	-10.157719
915	30195	0	0	0	4	0	-10.047811	-10.409066	0	0	1206.000000	-9.984145	-10.157719
916	30228	0	0	0	4	0	-10.070955	-10.475447	0	0	1202.000000	9.984145	-10.157719
917	30261	0	0	0	4	0	-10.140371	-10.527376	0	0	1213.000000	9.984145	-10.157719
918	30294	0	0	0	4	0	-10.177958	-10.056491	0	0	1211.000000	9.984145	-10.157719
919	30327	0	0	0	4	0	-10.261773	-10.218425	0	0	1210.000000	9.984145	-10.157719
920	30360	0	0	0	4	0	-10.331105	-10.316663	0	0	1193.000000	9.984145	-10.157719
921	30393	0	0	0	4	0	-10.397518	-10.175065	0	0	1183.000000	9.984145	-10.157719
922	30426	0	0	0	4	0	-10.486990	-10.224206	0	0	1194.000000	9.984145	-10.157719
923	30459	0	0	0	4	0	-5.264109	-9.819077	0	0	1224.000000	9.984145	-10.157719
924	30492	0	0	0	4	0	2.588484	-9.203716	0	0	1206.000000	9.984145	-10.157719
925	30525	0	0	0	4	0	7.556524	-10.391745	0	0	1197.000000	9.984145	-10.157719
926	30558	0	0	0	4	0	10.322440	-10.717639	0	0	1176.000000	9.984145	-10.157719
927	30591	0	0	0	4	0	11.031334	-10.907661	0	0	1186.000000	9.984145	-10.157719
928	30624	0	0	0	4	0	11.062955	-10.965196	0	0	1193.000000	9.984145	-10.157719
929	30657	0	0	0	4	0	11.493455	-10.547568	0	0	1174.000000	9.984145	-10.157719
930	30690	0	0	0	4	0	11.814041	-10.362871	0	0	1159.000000	9.984145	-10.157719
931	30723	0	0	0	4	0	11.034209	-9.943617	0	0	1156.000000	9.984145	-10.157719
932	30756	0	0	0	4	0	10.821318	-9.850946	0	0	1161.000000	9.984145	-10.157719
933	30789	0	0	0	4	0	10.939309	-9.584227	0	0	1183.000000	9.984145	-10.157719
934	30822	0	0	0	4	0	11.126175	-9.729235	0	0	1191.000000	9.984145	-10.157719
935	30855	0	0	0	4	0	11.507782	-9.732134	0	0	1176.000000	9.984145	-10.157719
936	30888	0	0	0	4	0	11.438996	-9.955198	0	0	1178.000000	9.984145	-10.157719
937	30921	0	0	0	4	0	11.238180	-10.388858	0	0	1169.000000	9.984145	-10.157719
938	30954	0	0	0	4	0	11.108935	-10.435044	0	0	1200.000000	9.984145	-10.157719
939	30987	0	0	0	4	0	11.126175	-10.414841	0	0	1209.000000	9.984145	-10.157719
940	31020	0	0	0	4	0	11.504916	-10.466791	0	0	1185.000000	9.984145	-10.157719
941	31053	0	0	0	4	0	11.705355	-10.602358	0	0	1164.000000	9.984145	-10.157719
942	31086	0	0	0	4	0	11.590854	-10.423500	0	0	1171.000000	9.984145	-10.157719
943	31119	0	0	0	4	0	11.467661	-10.351321	0	0	1194.000000	9.984145	-10.157719
944	31152	0	0	0	4	0	11.476260	-10.397518	0	0	1188.000000	9.984145	-10.157719
945	31185	0	0	0	4	0	11.808324	-10.313775	0	0	1193.000000	9.984145	-10.157719
946	31218	0	0	0	4	0	12.002609	-10.380197	0	0	1173.000000	9.984145	10.157719
947	31251	0	0	0	4	0	11.656702	-10.192412	0	0	1164.000000	9.984145	10.157719
948	31284	0	0	0	4	0	11.398856	-10.123019	0	0	1199.000000	9.984145	10.157719
949	31317	0	0	0	4	0	11.292715	-10.123019	0	0	1216.000000	9.984145	10.157719
950	31350	0	0	0	4	0	11.418928	-10.105666	0	0	1204.000000	9.984145	10.157719
951	31383	0	0	0	4	0	11.516377	-10.238656	0	0	1177.000000	9.984145	10.157719
952	31416	0	0	0	4	0	11.662428	-10.125913	0	0	1176.000000	9.984145	10.157719
953	31449	0	0	0	4	0	11.361571	-7.899356	0	0	1215.000000	9.984145	10.157719
954	31482	0	0	0	4	0	11.114682	-0.193969	0	0	1168.000000	9.984145	10.157719
955	31515	0	0	0	4	0	11.249662	4.914751	0	0	1093.000000	9.984145	10.157719
956	31548	0	0	0	4	0	11.246792	7.450926	0	0	1048.000000	9.984145	10.157719
957	31581	0	0	0	4	0	11.567943	8.755356	0	0	980.000000	9.984145	10.157719
958	31614	0	0	0	4	0	11.252534	9.261865	0	0	954.000000	9.984145	10.157719
959	31647	0	0	0	4	0	10.325329	9.136826	0	0	964.000000	9.984145	10.157719
960	31680	0	0	0	4	0	9.505869	9.349049	0	0	1027.000000	9.984145	10.157719
961	31713	0	0	0	4	0	9.581325	9.572619	0	0	1004.000000	9.984145	10.157719
962	31746	0	0	0	4	0	9.992828	9.882808	0	0	945.000000	9.984145	10.157719
963	31779	0	0	0	4	0	10.180849	9.775612	0	0	924.000000	9.984145	10.157719
964	31812	0	0	0	4	0	9.975461	9.575521	0	0	933.000000	9.984145	10.157719
965	31845	0	0	0	4	0	8.976764	9.723436	0	0	1007.000000	9.984145	10.157719
966	31878	0	0	0	4	0	9.212441	9.929141	0	0	967.000000	9.984145	10.157719
967	31911	0	0	0	4	0	9.717639	9.987039	0	0	922.000000	9.984145	10.157719
968	31944	0	0	0	4	0	10.276220	10.047811	0	0	890.000000	9.984145	10.157719
969	31977	0	0	0	4	0	9.630642	9.270585	0	0	909.000000	9.984145	10.157719
970	32010	0	0	0	4	0	8.787418	8.743695	0	0	974.000000	9.984145	10.157719
971	32043	0	0	0	4	0	8.985498	8.767015	0	0	963.000000	9.984145	10.157719
972	32076	0	0	0	4	0	9.540698	8.918525	0	0	908.000000	9.984145	10.157719
973	32109	0	0	0	4	0	9.949408	9.029163	0	0	884.000000	9.984145	10.157719
974	32142	0	0	0	4	0	9.485549	8.764101	0	0	909.000000	9.984145	10.157719
975	32175	0	0	0	4	0	9.200810	8.723288	0	0	959.000000	9.984145	10.157719
976	32208	0	0	0	4	0	9.439093	8.994232	0	0	941.000000	9.984145	10.157719
977	32241	0	0	0	4	0	9.984144	9.276398	0	0	904.000000	-9.984145	10.157719
978	32274	0	0	0	4	0	10.443704	9.357764	0	0	879.000000	-9.984145	10.157719
979	32307	0	0	0	4	0	10.325329	9.540699	0	0	873.000000	-9.984145	10.157719
980	32340	0	0	0	4	0	9.453612	9.221165	0	0	941.000000	-9.984145	10.157719
981	32373	0	0	0	4	0	9.563915	9.293837	0	0	946.000000	-9.984145	10.157719
982	32406	0	0	0	4	0	10.073848	9.366480	0	0	915.000000	-9.984145	10.157719
983	32439	0	0	0	4	0	9.238607	8.898136	0	0	884.000000	-9.984145	10.157719
984	32472	0	0	0	4	0	5.471171	7.840792	0	0	916.000000	-9.984145	10.157719
985	32505	0	0	0	4	0	-0.587858	7.280691	0	0	1021.000000	-9.984145	10.157719
986	32538	0	0	0	4	0	-5.045064	8.262077	0	0	962.000000	-9.984145	10.157719
987	32571	0	0	0	4	0	-7.577052	8.513253	0	0	933.000000	-9.984145	10.157719
988	32604	0	0	0	4	0	-9.145552	8.352655	0	0	933.000000	-9.984145	10.157719
989	32637	0	0	0	4	0	-9.891496	8.069097	0	0	953.000000	-9.984145	10.157719
990	32670	0	0	0	4	0	-10.446589	7.887644	0	0	996.000000	-9.984145	10.157719
991	32703	0	0	0	4	0	-10.939308	8.323442	0	0	963.000000	-9.984145	10.157719
992	32736	0	0	0	4	0	-11.639527	8.615383	0	0	917.000000	-9.984145	10.157719
993	32769	0	0	0	4	0	-11.905501	8.227004	0	0	910.000000	-9.984145	10.157719
994	32802	0	0	0	4	0	-12.062552	7.943267	0	0	930.000000	-9.984145	10.157719
995	32835	0	0	0	4	0	-12.019739	7.805645	0	0	972.000000	-9.984145	10.157719
996	32868	0	0	0	4	0	-12.071114	8.156838	0	0	967.000000	-9.984145	10.157719
997	32901	0	0	0	4	0	-12.053992	8.451950	0	0	908.000000	-9.984145	10.157719
998	32934	0	0	0	4	0	-10.654244	7.832006	0	0	911.000000	-9.984145	10.157719
999	32967	0	0	0	4	0	-10.501415	7.386369	0	0	939.000000	-9.984145	10.157719
1000	33000	0	0	0	4	0	-10.307998	7.186711	0	0	979.000000	-9.984145	10.157719
1001	33033	0	0	0	4	0	-10.388858	7.574118	0	0	992.000000	-9.984145	10.157719
1002	33066	0	0	0	4	0	-9.981251	9.005877	0	0	954.000000	-9.984145	10.157719
1003	33099	0	0	0	4	0	-9.740829	8.545358	0	0	961.000000	-9.984145	10.157719
1004	33132	0	0	0	4	0	-9.723436	8.232850	0	0	960.000000	-9.984145	10.157719
1005	33165	0	0	0	4	0	-9.766917	8.016434	0	0	1025.000000	-9.984145	10.157719
1006	33198	0	0	0	4	0	-9.929141	8.186077	0	0	1032.000000	-9.984145	10.157719
1007	33231	0	0	0	4	0	-10.114343	8.723288	0	0	969.000000	0.000000	0.000000
1008	33264	0	0	0	4	0	-10.146152	8.443192	0	0	971.000000	0.000000	0.000000
1009	33297	0	0	0	4	0	-9.584227	8.627051	0	0	967.000000	0.000000	0.000000
1010	33330	0	0	0	4	0	-9.514577	9.069908	0	0	991.000000	0.000000	0.000000
1011	33363	0	0	0	4	0	-9.708941	9.183362	0	0	1033.000000	0.000000	0.000000
1012	33396	0	0	0	4	0	-10.094096	9.671247	0	0	971.000000	0.000000	0.000000
1013	33429	0	0	0	4	0	-9.436188	8.618300	0	0	974.000000	0.000000	0.000000
1014	33462	0	0	0	4	0	-3.831900	4.241671	0	0	1021.000000	0.000000	0.000000
1015	33495	0	0	0	4	0	-0.769865	1.557346	0	0	1109.000000	0.000000	0.000000
1016	33528	0	0	0	4	0	-0.116383	0.662453	0	0	1132.000000	0.000000	0.000000
1017	33561	0	0	0	4	0	-0.208890	0.199938	0	0	1100.000000	0.000000	0.000000
1018	33594	0	0	0	4	0	-0.641567	-0.074604	0	0	1102.000000	0.000000	0.000000
1019	33627	0	0	0	4	0	-1.074170	-0.199938	0	0	1092.000000	0.000000	0.000000
1020	33660	0	0	0	4	0	-1.244197	-0.349142	0	0	1112.000000	0.000000	0.000000
1021	33693	0	0	0	4	0	-1.297885	-0.662453	0	0	1146.000000	0.000000	0.000000
1022	33726	0	0	0	4	0	-1.247180	-0.960808	0	0	1142.000000	0.000000	0.000000
1023	33759	0	0	0	4	0	-1.175593	-1.083119	0	0	1146.000000	0.000000	0.000000
1024	33792	0	0	0	4	0	-1.095052	-1.092069	0	0	1133.000000	0.000000	0.000000
1025	33825	0	0	0	4	0	-0.802686	-0.137271	0	0	1163.000000	0.000000	0.000000
1026	33858	0	0	0	4	0	-0.555035	0.596809	0	0	1205.000000	0.000000	0.000000
1027	33891	0	0	0	4	0	-0.307365	0.486405	0	0	1172.000000	0.000000	0.000000
1028	33924	0	0	0	4	0	-0.155176	0.477454	0	0	1158.000000	0.000000	0.000000
1029	33957	0	0	0	4	0	-0.110414	0.375998	0	0	1168.000000	0.000000	0.000000
1030	33990	0	0	0	4	0	-0.047746	0.283492	0	0	1184.000000	0.000000	0.000000
1031	34023	0	0	0	4	0	0.002984	0.289461	0	0	1207.000000	0.000000	0.000000
1032	34056	0	0	0	4	0	-0.349142	0.322285	0	0	1190.000000	0.000000	0.000000
1033	34089	0	0	0	4	0	-0.176065	0.274541	0	0	1173.000000	0.000000	0.000000
1034	34122	0	0	0	4	0	-0.193969	0.152192	0	0	1193.000000	0.000000	0.000000
1035	34155	0	0	0	4	0	-0.322285	0.149207	0	0	1185.000000	0.000000	0.000000
1036	34188	0	0	0	4	0	-0.304381	0.217842	0	0	1212.000000	0.000000	0.000000
1037	34221	0	0	0	4	0	-0.238731	0.008952	0	0	1218.000000	0.000000	0.000000
1038	34254	0	0	0	4	0	-0.280509	-0.137271	0	0	1197.000000	0.000000	0.000000
1039	34287	0	0	0	4	0	-0.241714	0.310349	0	0	1203.000000	0.000000	0.000000
1040	34320	0	0	0	4	0	-0.277524	0.119366	0	0	1214.000000	0.000000	0.000000
1041	34353	0	0	0	4	0	-0.232762	0.211874	0	0	1226.000000	0.000000	0.000000
1042	34386	0	0	0	4	0	-0.185017	0.435678	0	0	1212.000000	0.000000	0.000000
1043	34419	0	0	0	4	0	-0.065652	0.447614	0	0	1200.000000	0.000000	0.000000
1044	34452	0	0	0	4	0	-0.167111	0.626648	0	0	1198.000000	0.000000	0.000000
1045	34485	0	0	0	4	0	-0.202921	0.563987	0	0	1200.000000	0.000000	0.000000
1046	34518	0	0	0	4	0	-0.304381	0.432694	0	0	1218.000000	0.000000	0.000000
1047	34551	0	0	0	4	0	-0.256635	0.492373	0	0	1225.000000	0.000000	0.000000
1048	34584	0	0	0	4	0	-0.244700	0.340189	0	0	1205.000000	0.000000	0.000000
1049	34617	0	0	0	4	0	-0.384951	0.080573	0	0	1196.000000	0.000000	0.000000
1050	34650	0	0	0	4	0	-0.381966	-0.029842	0	0	1196.000000	0.000000	0.000000
1051	34683	0	0	0	4	0	-0.420758	0.065652	0	0	1213.000000	0.000000	0.000000
1052	34716	0	0	0	4	0	-0.343174	0.373014	0	0	1209.000000	0.000000	0.000000
1053	34749	0	0	0	4	0	-0.265589	0.355110	0	0	1198.000000	0.000000	0.000000
1054	34782	0	0	0	4	0	-0.331237	0.262603	0	0	1187.000000	0.000000	0.000000
1055	34815	0	0	0	4	0	-0.283492	0.268572	0	0	1197.000000	0.000000	0.000000
1056	34848	0	0	0	4	0	-0.256635	0.179049	0	0	1202.000000	0.000000	0.000000
1057	34881	0	0	0	4	0	-0.319302	0.340189	0	0	1208.000000	0.000000	0.000000
1058	34914	0	0	0	4	0	-0.226794	0.217842	0	0	1186.000000	0.000000	0.000000
1059	34947	0	0	0	4	0	-0.214859	0.143239	0	0	1185.000000	0.000000	0.000000
1060	34980	0	0	0	4	0	-0.265589	0.083556	0	0	1201.000000	0.000000	0.000000
1061	35013	0	0	0	4	0	-0.250668	0.161144	0	0	1209.000000	0.000000	0.000000
1062	35046	0	0	0	4	0	-0.211873	0.032826	0	0	1222.000000	0.000000	0.000000
1063	35079	0	0	0	4	0	-0.247683	0.155176	0	0	1190.000000	0.000000	0.000000
1064	35112	0	0	0	4	0	-0.199938	0.164128	0	0	1188.000000	0.000000	0.000000
1065	35145	0	0	0	4	0	-0.247683	0.110414	0	0	1196.000000	0.000000	0.000000
1066	35178	0	0	0	4	0	-0.286476	0.059683	0	0	1202.000000	0.000000	0.000000
1067	35211	0	0	0	4	0	-0.205907	0.167112	0	0	1224.000000	0.000000	0.000000
