Version	1.08	gmtime	1441281311
index	timestamp	eyeroihoriz	eyeroivert	eyeroizoomx	eyeroizoomy	blendmode	blendfactor	onlinecalib	eye_valid	eye_x	eye_y	eye_w	eye_h	eye_a	field_x	field_y	displaymode	displayeyedetection	event
4078	103400635	0	0	0	0	1	128	0	0	0	0	0	0	0	0	0	0	1	
4079	103400669	0	0	0	0	1	128	0	1	492	312	22	38	821	0	0	0	1	
4080	103400702	0	0	0	0	1	128	0	1	502	330	44	48	2080	0	0	0	1	
4081	103400735	0	0	0	0	1	128	0	1	502	318	33	46	1507	0	0	0	1	
4082	103400769	0	0	0	0	1	128	0	0	0	0	0	0	0	0	0	0	1	
4083	103400802	0	0	0	0	1	128	0	0	0	0	0	0	0	0	0	0	1	
4084	103400836	0	0	0	0	1	128	0	1	502	338	42	51	2152	0	0	0	1	
4085	103400869	0	0	0	0	1	128	0	1	506	330	43	49	2084	0	0	0	1	
4086	103400902	0	0	0	0	1	128	0	1	508	328	42	49	2088	0	0	0	1	
4087	103400936	0	0	0	0	1	128	0	1	508	326	43	49	2105	0	0	0	1	
4088	103400969	0	0	0	0	1	128	0	1	508	328	43	50	2131	0	0	0	1	
4089	103401002	0	0	0	0	1	128	0	1	508	328	43	50	2150	0	0	0	1	
4090	103401036	0	0	0	0	1	128	0	1	508	328	43	50	2173	0	0	0	1	
4091	103401069	0	0	0	0	1	128	0	1	508	330	43	50	2171	0	0	0	1	
4092	103401103	0	0	0	0	1	128	0	0	0	0	0	0	0	0	0	0	1	
4093	103401136	0	0	0	0	1	128	0	1	234	310	17	32	550	0	0	0	1	
4094	103401169	0	0	0	0	1	128	0	0	0	0	0	0	0	0	0	0	1	
4095	103401203	0	0	0	0	1	128	0	0	0	0	0	0	0	0	0	0	1	
4096	103401236	0	0	0	0	1	128	0	0	0	0	0	0	0	0	0	0	1	
4097	103401269	0	0	0	0	1	128	0	1	516	330	31	35	1071	0	0	0	1	
4098	103401303	0	0	0	0	1	128	0	1	504	344	45	51	2271	0	0	0	1	
4099	103401336	0	0	0	0	1	128	0	0	0	0	0	0	0	0	0	0	1	
4100	103401370	0	0	0	0	1	128	0	0	0	0	0	0	0	0	0	0	1	
4101	103401403	0	0	0	0	1	128	0	0	0	0	0	0	0	0	0	0	1	
4102	103401436	0	0	0	0	1	128	0	1	502	342	47	55	2611	0	0	0	1	
4103	103401470	0	0	0	0	1	128	0	1	504	330	46	52	2370	0	0	0	1	
4104	103401503	0	0	0	0	1	128	0	1	504	328	46	52	2396	0	0	0	1	
4105	103401536	0	0	0	0	1	128	0	1	504	328	46	52	2395	0	0	0	1	
4106	103401570	0	0	0	0	1	128	0	1	504	328	46	52	2407	0	0	0	1	
4107	103401603	0	0	0	0	1	128	0	1	504	328	46	52	2402	0	0	0	1	
4108	103401636	0	0	0	0	1	128	0	1	504	328	46	53	2410	0	0	0	1	
4109	103401670	0	0	0	0	1	128	0	1	502	326	46	53	2426	0	0	0	1	
4110	103401703	0	0	0	0	1	128	0	1	500	324	47	52	2433	0	0	0	1	
4111	103401737	0	0	0	0	1	128	0	1	500	324	47	52	2431	0	0	0	1	
4112	103401770	0	0	0	0	1	128	0	1	500	324	46	52	2426	0	0	0	1	
4113	103401803	0	0	0	0	1	128	0	1	498	326	46	52	2420	0	0	0	1	
4114	103401837	0	0	0	0	1	128	0	0	0	0	0	0	0	0	0	0	1	
4115	103401870	0	0	0	0	1	128	0	0	0	0	0	0	0	0	0	0	1	
4116	103401903	0	0	0	0	1	128	0	0	0	0	0	0	0	0	0	0	1	
4117	103401937	0	0	0	0	1	128	0	0	0	0	0	0	0	0	0	0	1	
4118	103401970	0	0	0	0	1	128	0	0	0	0	0	0	0	0	0	0	1	
4119	103402004	0	0	0	0	1	128	0	0	0	0	0	0	0	0	0	0	1	
4120	103402037	0	0	0	0	1	128	0	0	0	0	0	0	0	0	0	0	1	
4121	103402070	0	0	0	0	1	128	0	1	494	314	31	42	1296	0	0	0	1	
4122	103402104	0	0	0	0	1	128	0	1	500	322	45	48	2154	0	0	0	1	
4123	103402137	0	0	0	0	1	128	0	1	502	326	46	52	2417	0	0	0	1	
4124	103402170	0	0	0	0	1	128	0	1	502	324	46	52	2388	0	0	0	1	
4125	103402204	0	0	0	0	1	128	0	1	502	324	46	52	2389	0	0	0	1	
4126	103402237	0	0	0	0	1	128	0	1	502	324	46	52	2385	0	0	0	1	
4127	103402271	0	0	0	0	1	128	0	1	502	324	46	52	2385	0	0	0	1	
4128	103402304	0	0	0	0	1	128	0	1	498	324	46	52	2411	0	0	0	1	
4129	103402337	0	0	0	0	1	128	0	1	498	324	46	52	2412	0	0	0	1	
4130	103402371	0	0	0	0	1	128	0	1	498	324	47	52	2424	0	0	0	1	
4131	103402404	0	0	0	0	1	128	0	1	498	324	47	52	2432	0	0	0	1	
4132	103402437	0	0	0	0	1	128	0	1	498	324	47	52	2446	0	0	0	1	
4133	103402471	0	0	0	0	1	128	0	1	498	324	47	52	2458	0	0	0	1	
4134	103402504	0	0	0	0	1	128	0	1	506	324	46	53	2427	0	0	0	1	
4135	103402537	0	0	0	0	1	128	0	1	506	324	46	53	2436	0	0	0	1	
4136	103402571	0	0	0	0	1	128	0	1	506	324	46	53	2447	0	0	0	1	
4137	103402604	0	0	0	0	1	128	0	1	506	326	46	52	2399	0	0	0	1	
4138	103402638	0	0	0	0	1	128	0	0	0	0	0	0	0	0	0	0	1	
4139	103402671	0	0	0	0	1	128	0	0	0	0	0	0	0	0	0	0	1	
4140	103402704	0	0	0	0	1	128	0	0	0	0	0	0	0	0	0	0	1	
4141	103402738	0	0	0	0	1	128	0	0	0	0	0	0	0	0	0	0	1	
4142	103402771	0	0	0	0	1	128	0	0	0	0	0	0	0	0	0	0	1	
4143	103402804	0	0	0	0	1	128	0	1	498	322	40	48	1902	0	0	0	1	
4144	103402838	0	0	0	0	1	128	0	1	502	328	46	53	2470	0	0	0	1	
4145	103402871	0	0	0	0	1	128	0	1	504	328	46	53	2454	0	0	0	1	
4146	103402904	0	0	0	0	1	128	0	1	504	328	46	53	2457	0	0	0	1	
4147	103402938	0	0	0	0	1	128	0	1	504	328	46	53	2456	0	0	0	1	
4148	103402971	0	0	0	0	1	128	0	1	504	328	46	53	2453	0	0	0	1	
4149	103403005	0	0	0	0	1	128	0	1	512	336	44	52	2283	0	0	0	1	
4150	103403038	0	0	0	0	1	128	0	1	538	344	39	53	2083	0	0	0	1	
4151	103403071	0	0	0	0	1	128	0	1	540	342	40	53	2110	0	0	0	1	
4152	103403105	0	0	0	0	1	128	0	1	540	342	40	53	2105	0	0	0	1	
4153	103403138	0	0	0	0	1	128	0	1	540	344	40	53	2117	0	0	0	1	
4154	103403171	0	0	0	0	1	128	0	1	540	344	40	53	2136	0	0	0	1	
4155	103403205	0	0	0	0	1	128	0	1	540	342	40	54	2146	0	0	0	1	
4156	103403238	0	0	0	0	1	128	0	1	540	344	40	54	2158	0	0	0	1	
4157	103403272	0	0	0	0	1	128	0	1	538	344	40	53	2134	0	0	0	1	
4158	103403305	0	0	0	0	1	128	0	1	490	368	42	49	2053	0	0	0	1	
4159	103403338	0	0	0	0	1	128	0	1	462	370	47	53	2491	0	0	0	1	
4160	103403372	0	0	0	0	1	128	0	1	464	372	47	53	2480	0	0	0	1	
4161	103403405	0	0	0	0	1	128	0	1	464	372	47	53	2490	0	0	0	1	
4162	103403438	0	0	0	0	1	128	0	1	464	372	47	53	2492	0	0	0	1	
4163	103403472	0	0	0	0	1	128	0	1	464	372	47	53	2490	0	0	0	1	
4164	103403505	0	0	0	0	1	128	0	1	464	372	47	53	2487	0	0	0	1	
4165	103403539	0	0	0	0	1	128	0	1	464	372	47	53	2481	0	0	0	1	
4166	103403572	0	0	0	0	1	128	0	1	464	372	47	53	2486	0	0	0	1	
4167	103403605	0	0	0	0	1	128	0	1	466	372	47	52	2470	0	0	0	1	
4168	103403639	0	0	0	0	1	128	0	1	466	372	47	52	2449	0	0	0	1	
4169	103403672	0	0	0	0	1	128	0	1	466	372	47	52	2431	0	0	0	1	
4170	103403705	0	0	0	0	1	128	0	1	464	372	47	52	2409	0	0	0	1	
4171	103403739	0	0	0	0	1	128	0	1	466	372	46	51	2371	0	0	0	1	
4172	103403772	0	0	0	0	1	128	0	1	502	358	39	50	1954	0	0	0	1	
4173	103403805	0	0	0	0	1	128	0	1	546	338	37	51	1891	0	0	0	1	
4174	103403839	0	0	0	0	1	128	0	1	550	336	38	51	1919	0	0	0	1	
4175	103403872	0	0	0	0	1	128	0	1	550	336	37	51	1881	0	0	0	1	
4176	103403906	0	0	0	0	1	128	0	1	550	336	37	50	1864	0	0	0	1	
4177	103403939	0	0	0	0	1	128	0	1	550	336	37	50	1858	0	0	0	1	
4178	103403972	0	0	0	0	1	128	0	1	550	338	37	50	1867	0	0	0	1	
4179	103404006	0	0	0	0	1	128	0	1	552	334	37	50	1843	0	0	0	1	
4180	103404039	0	0	0	0	1	128	0	1	552	334	37	50	1831	0	0	0	1	
4181	103404072	0	0	0	0	1	128	0	1	552	334	37	50	1841	0	0	0	1	
4182	103404106	0	0	0	0	1	128	0	1	552	334	37	50	1851	0	0	0	1	
4183	103404139	0	0	0	0	1	128	0	1	552	334	37	51	1873	0	0	0	1	
4184	103404173	0	0	0	0	1	128	0	1	548	304	39	53	2069	0	0	0	1	
4185	103404206	0	0	0	0	1	128	0	1	534	276	41	50	2079	0	0	0	1	
4186	103404239	0	0	0	0	1	128	0	1	524	268	42	51	2131	0	0	0	1	
4187	103404273	0	0	0	0	1	128	0	1	524	268	42	50	2138	0	0	0	1	
4188	103404306	0	0	0	0	1	128	0	1	522	268	43	51	2161	0	0	0	1	
4189	103404339	0	0	0	0	1	128	0	1	522	270	43	51	2176	0	0	0	1	
4190	103404373	0	0	0	0	1	128	0	1	522	270	43	51	2195	0	0	0	1	
4191	103404406	0	0	0	0	1	128	0	1	522	270	43	51	2208	0	0	0	1	
4192	103404439	0	0	0	0	1	128	0	1	522	270	43	51	2217	0	0	0	1	
4193	103404473	0	0	0	0	1	128	0	1	522	268	43	52	2254	0	0	0	1	
4194	103404506	0	0	0	0	1	128	0	1	522	268	43	52	2243	0	0	0	1	
4195	103404540	0	0	0	0	1	128	0	1	522	268	43	52	2253	0	0	0	1	
4196	103404573	0	0	0	0	1	128	0	1	512	274	40	51	2027	0	0	0	1	
4197	103404606	0	0	0	0	1	128	0	0	0	0	0	0	0	0	0	0	1	
4198	103404640	0	0	0	0	1	128	0	1	442	298	48	50	2370	0	0	0	1	
4199	103404673	0	0	0	0	1	128	0	1	440	302	49	51	2505	0	0	0	1	
4200	103404706	0	0	0	0	1	128	0	1	440	302	49	51	2482	0	0	0	1	
4201	103404740	0	0	0	0	1	128	0	1	450	296	52	61	3184	0	0	0	1	
4202	103404773	0	0	0	0	1	128	0	1	440	302	48	50	2404	0	0	0	1	
4203	103404806	0	0	0	0	1	128	0	1	440	302	48	50	2399	0	0	0	1	
4204	103404840	0	0	0	0	1	128	0	1	438	302	47	50	2323	0	0	0	1	
4205	103404873	0	0	0	0	1	128	0	1	440	302	48	49	2335	0	0	0	1	
4206	103404907	0	0	0	0	1	128	0	1	442	300	47	49	2304	0	0	0	1	
4207	103404940	0	0	0	0	1	128	0	1	442	300	47	49	2277	0	0	0	1	
4208	103404973	0	0	0	0	1	128	0	1	442	302	47	49	2265	0	0	0	1	
4209	103405007	0	0	0	0	1	128	0	1	440	302	46	48	2242	0	0	0	1	
4210	103405040	0	0	0	0	1	128	0	1	440	302	46	48	2220	0	0	0	1	
4211	103405073	0	0	0	0	1	128	0	1	440	302	46	48	2207	0	0	0	1	
4212	103405107	0	0	0	0	1	128	0	1	440	302	46	48	2190	0	0	0	1	
4213	103405140	0	0	0	0	1	128	0	1	440	302	46	48	2183	0	0	0	1	
4214	103405173	0	0	0	0	1	128	0	1	440	302	46	48	2177	0	0	0	1	
4215	103405207	0	0	0	0	1	128	0	1	440	302	46	47	2171	0	0	0	1	
4216	103405240	0	0	0	0	1	128	0	1	438	302	45	47	2156	0	0	0	1	
4217	103405274	0	0	0	0	1	128	0	1	438	302	45	47	2134	0	0	0	1	
4218	103405307	0	0	0	0	1	128	0	1	438	302	45	47	2118	0	0	0	1	
4219	103405340	0	0	0	0	1	128	0	1	438	302	45	47	2106	0	0	0	1	
4220	103405374	0	0	0	0	1	128	0	1	436	302	45	47	2093	0	0	0	1	
4221	103405407	0	0	0	0	1	128	0	0	0	0	0	0	0	0	0	0	1	
4222	103405440	0	0	0	0	1	128	0	1	498	328	40	46	1821	0	0	0	1	
4223	103405474	0	0	0	0	1	128	0	1	512	332	40	47	1847	0	0	0	1	
4224	103405507	0	0	0	0	1	128	0	1	512	330	39	46	1822	0	0	0	1	
4225	103405541	0	0	0	0	1	128	0	1	512	330	39	46	1781	0	0	0	1	
4226	103405574	0	0	0	0	1	128	0	1	514	330	38	46	1762	0	0	0	1	
4227	103405607	0	0	0	0	1	128	0	1	514	330	38	46	1741	0	0	0	1	
4228	103405641	0	0	0	0	1	128	0	1	514	330	38	45	1720	0	0	0	1	
4229	103405674	0	0	0	0	1	128	0	1	514	330	38	45	1706	0	0	0	1	
4230	103405707	0	0	0	0	1	128	0	1	514	330	38	45	1694	0	0	0	1	
4231	103405741	0	0	0	0	1	128	0	1	514	330	38	45	1690	0	0	0	1	
4232	103405774	0	0	0	0	1	128	0	1	514	330	38	45	1689	0	0	0	1	
4233	103405808	0	0	0	0	1	128	0	1	514	330	38	45	1692	0	0	0	1	
4234	103405841	0	0	0	0	1	128	0	1	514	330	38	45	1692	0	0	0	1	
4235	103405874	0	0	0	0	1	128	0	1	514	330	38	45	1707	0	0	0	1	
4236	103405908	0	0	0	0	1	128	0	1	532	336	34	45	1546	0	0	0	1	
4237	103405941	0	0	0	0	1	128	0	1	550	338	33	45	1505	0	0	0	1	
4238	103405974	0	0	0	0	1	128	0	1	550	336	33	46	1530	0	0	0	1	
4239	103406008	0	0	0	0	1	128	0	1	550	336	34	46	1560	0	0	0	1	
4240	103406041	0	0	0	0	1	128	0	1	550	336	34	46	1578	0	0	0	1	
4241	103406075	0	0	0	0	1	128	0	1	550	336	34	47	1604	0	0	0	1	
4242	103406108	0	0	0	0	1	128	0	1	550	336	34	48	1635	0	0	0	1	
4243	103406141	0	0	0	0	1	128	0	1	550	336	35	48	1654	0	0	0	1	
4244	103406175	0	0	0	0	1	128	0	1	550	336	35	48	1669	0	0	0	1	
4245	103406208	0	0	0	0	1	128	0	1	552	336	35	48	1661	0	0	0	1	
4246	103406241	0	0	0	0	1	128	0	1	552	336	35	48	1673	0	0	0	1	
4247	103406275	0	0	0	0	1	128	0	1	552	336	34	48	1655	0	0	0	1	
4248	103406308	0	0	0	0	1	128	0	1	552	336	34	48	1664	0	0	0	1	
4249	103406341	0	0	0	0	1	128	0	1	552	336	35	48	1666	0	0	0	1	
4250	103406375	0	0	0	0	1	128	0	1	552	336	35	48	1675	0	0	0	1	
4251	103406408	0	0	0	0	1	128	0	1	552	336	34	48	1664	0	0	0	1	
4252	103406442	0	0	0	0	1	128	0	1	552	336	34	48	1662	0	0	0	1	
4253	103406475	0	0	0	0	1	128	0	1	552	336	34	48	1665	0	0	0	1	
4254	103406508	0	0	0	0	1	128	0	1	552	336	34	48	1671	0	0	0	1	
4255	103406542	0	0	0	0	1	128	0	1	552	336	35	48	1680	0	0	0	1	
4256	103406575	0	0	0	0	1	128	0	1	552	336	35	48	1680	0	0	0	1	
4257	103406608	0	0	0	0	1	128	0	1	552	336	35	49	1685	0	0	0	1	
4258	103406642	0	0	0	0	1	128	0	1	528	354	34	46	1577	0	0	0	1	
4259	103406675	0	0	0	0	1	128	0	1	488	366	40	46	1846	0	0	0	1	
4260	103406708	0	0	0	0	1	128	0	1	466	370	42	48	2021	0	0	0	1	
4261	103406742	0	0	0	0	1	128	0	1	468	370	42	48	2016	0	0	0	1	
4262	103406775	0	0	0	0	1	128	0	1	468	372	42	48	2010	0	0	0	1	
4263	103406809	0	0	0	0	1	128	0	1	468	372	42	48	2007	0	0	0	1	
4264	103406842	0	0	0	0	1	128	0	1	468	372	42	48	2005	0	0	0	1	
4265	103406875	0	0	0	0	1	128	0	1	468	372	42	48	1992	0	0	0	1	
4266	103406909	0	0	0	0	1	128	0	1	464	372	42	47	1977	0	0	0	1	
4267	103406942	0	0	0	0	1	128	0	1	464	372	42	47	1972	0	0	0	1	
4268	103406975	0	0	0	0	1	128	0	1	464	372	42	47	1964	0	0	0	1	
4269	103407009	0	0	0	0	1	128	0	1	464	372	42	47	1964	0	0	0	1	
4270	103407042	0	0	0	0	1	128	0	1	464	372	41	47	1953	0	0	0	1	
4271	103407076	0	0	0	0	1	128	0	1	464	372	41	47	1957	0	0	0	1	
4272	103407109	0	0	0	0	1	128	0	1	466	372	41	47	1953	0	0	0	1	
4273	103407142	0	0	0	0	1	128	0	1	466	374	41	47	1945	0	0	0	1	
4274	103407176	0	0	0	0	1	128	0	1	466	374	41	47	1942	0	0	0	1	
4275	103407209	0	0	0	0	1	128	0	1	466	374	41	47	1940	0	0	0	1	
4276	103407242	0	0	0	0	1	128	0	1	466	374	41	47	1925	0	0	0	1	
4277	103407276	0	0	0	0	1	128	0	1	466	374	41	47	1914	0	0	0	1	
4278	103407309	0	0	0	0	1	128	0	1	466	374	41	46	1908	0	0	0	1	
4279	103407343	0	0	0	0	1	128	0	1	466	374	41	46	1897	0	0	0	1	
4280	103407376	0	0	0	0	1	128	0	1	466	374	41	46	1883	0	0	0	1	
4281	103407409	0	0	0	0	1	128	0	1	466	374	41	46	1874	0	0	0	1	
4282	103407443	0	0	0	0	1	128	0	1	466	374	41	46	1873	0	0	0	1	
4283	103407476	0	0	0	0	1	128	0	1	466	374	41	46	1872	0	0	0	1	
4284	103407509	0	0	0	0	1	128	0	1	466	374	41	46	1885	0	0	0	1	
4285	103407543	0	0	0	0	1	128	0	1	466	374	41	46	1896	0	0	0	1	
4286	103407576	0	0	0	0	1	128	0	1	466	374	41	47	1906	0	0	0	1	
4287	103407609	0	0	0	0	1	128	0	1	466	374	41	47	1917	0	0	0	1	
4288	103407643	0	0	0	0	1	128	0	1	466	374	41	47	1925	0	0	0	1	
4289	103407676	0	0	0	0	1	128	0	1	494	360	37	45	1697	0	0	0	1	
4290	103407710	0	0	0	0	1	128	0	1	510	350	40	48	1886	0	0	0	1	
4291	103407743	0	0	0	0	1	128	0	1	510	350	39	48	1881	0	0	0	1	
4292	103407776	0	0	0	0	1	128	0	1	510	350	39	48	1879	0	0	0	1	
4293	103407810	0	0	0	0	1	128	0	1	510	350	40	48	1885	0	0	0	1	
4294	103407843	0	0	0	0	1	128	0	1	510	350	40	48	1891	0	0	0	1	
4295	103407876	0	0	0	0	1	128	0	1	510	350	40	48	1907	0	0	0	1	
4296	103407910	0	0	0	0	1	128	0	1	510	350	40	48	1908	0	0	0	1	
4297	103407943	0	0	0	0	1	128	0	1	510	336	41	49	2023	0	0	0	1	
4298	103407976	0	0	0	0	1	128	0	1	504	322	43	48	2066	0	0	0	1	
4299	103408010	0	0	0	0	1	128	0	1	504	322	42	49	2066	0	0	0	1	
4300	103408043	0	0	0	0	1	128	0	1	504	322	43	49	2083	0	0	0	1	
4301	103408077	0	0	0	0	1	128	0	1	504	322	43	49	2100	0	0	0	1	
4302	103408110	0	0	0	0	1	128	0	1	504	322	43	49	2128	0	0	0	1	
4303	103408143	0	0	0	0	1	128	0	1	504	322	43	50	2153	0	0	0	1	
4304	103408177	0	0	0	0	1	128	0	1	502	320	44	50	2171	0	0	0	1	
4305	103408210	0	0	0	0	1	128	0	1	502	320	44	50	2182	0	0	0	1	
4306	103408243	0	0	0	0	1	128	0	1	502	320	44	50	2182	0	0	0	1	
4307	103408277	0	0	0	0	1	128	0	1	502	320	44	50	2196	0	0	0	1	
4308	103408310	0	0	0	0	1	128	0	1	502	320	44	50	2188	0	0	0	1	
4309	103408344	0	0	0	0	1	128	0	1	502	320	44	50	2177	0	0	0	1	
4310	103408377	0	0	0	0	1	128	0	1	502	320	43	49	2146	0	0	0	1	
4311	103408410	0	0	0	0	1	128	0	1	500	320	43	49	2112	0	0	0	1	
4312	103408444	0	0	0	0	1	128	0	1	500	320	43	49	2073	0	0	0	1	
4313	103408477	0	0	0	0	1	128	0	1	502	320	42	48	2009	0	0	0	1	
4314	103408510	0	0	0	0	1	128	0	1	502	320	42	47	1974	0	0	0	1	
4315	103408544	0	0	0	0	1	128	0	1	500	320	41	47	1948	0	0	0	1	
4316	103408577	0	0	0	0	1	128	0	1	500	322	41	47	1917	0	0	0	1	
4317	103408610	0	0	0	0	1	128	0	1	500	322	41	47	1897	0	0	0	1	
4318	103408644	0	0	0	0	1	128	0	1	500	322	41	46	1876	0	0	0	1	
4319	103408677	0	0	0	0	1	128	0	1	500	322	40	46	1866	0	0	0	1	
4320	103408711	0	0	0	0	1	128	0	1	500	322	41	46	1863	0	0	0	1	
4321	103408744	0	0	0	0	1	128	0	1	500	322	40	46	1857	0	0	0	1	
4322	103408777	0	0	0	0	1	128	0	1	500	322	40	46	1853	0	0	0	1	
4323	103408811	0	0	0	0	1	128	0	1	500	322	40	46	1856	0	0	0	1	
4324	103408844	0	0	0	0	1	128	0	1	500	322	41	46	1861	0	0	0	1	
4325	103408877	0	0	0	0	1	128	0	1	500	322	41	46	1869	0	0	0	1	
4326	103408911	0	0	0	0	1	128	0	1	500	322	41	46	1887	0	0	0	1	
4327	103408944	0	0	0	0	1	128	0	1	500	322	41	46	1891	0	0	0	1	
4328	103408977	0	0	0	0	1	128	0	1	502	322	41	46	1886	0	0	0	1	
4329	103409011	0	0	0	0	1	128	0	1	508	322	40	46	1857	0	0	0	1	
4330	103409044	0	0	0	0	1	128	0	1	508	322	40	47	1878	0	0	0	1	
4331	103409078	0	0	0	0	1	128	0	1	508	322	40	47	1890	0	0	0	1	
4332	103409111	0	0	0	0	1	128	0	1	508	322	41	47	1905	0	0	0	1	
4333	103409144	0	0	0	0	1	128	0	1	508	322	40	47	1913	0	0	0	1	
4334	103409178	0	0	0	0	1	128	0	1	508	322	41	47	1928	0	0	0	1	
4335	103409211	0	0	0	0	1	128	0	1	508	322	41	48	1954	0	0	0	1	
4336	103409244	0	0	0	0	1	128	0	1	504	322	42	48	1980	0	0	0	1	
4337	103409278	0	0	0	0	1	128	0	1	502	322	42	48	2001	0	0	0	1	
4338	103409311	0	0	0	0	1	128	0	1	502	322	42	48	2008	0	0	0	1	
4339	103409345	0	0	0	0	1	128	0	1	502	322	42	48	2020	0	0	0	1	
4340	103409378	0	0	0	0	1	128	0	1	502	322	42	48	2030	0	0	0	1	
4341	103409411	0	0	0	0	1	128	0	1	502	322	42	48	2034	0	0	0	1	
4342	103409445	0	0	0	0	1	128	0	1	502	322	42	48	2044	0	0	0	1	
4343	103409478	0	0	0	0	1	128	0	1	502	322	42	49	2052	0	0	0	1	
4344	103409511	0	0	0	0	1	128	0	1	500	322	42	48	2061	0	0	0	1	
4345	103409545	0	0	0	0	1	128	0	1	500	322	43	49	2069	0	0	0	1	
4346	103409578	0	0	0	0	1	128	0	1	500	322	43	49	2073	0	0	0	1	
4347	103409611	0	0	0	0	1	128	0	1	500	322	43	49	2094	0	0	0	1	
4348	103409645	0	0	0	0	1	128	0	1	500	322	43	49	2084	0	0	0	1	
4349	103409678	0	0	0	0	1	128	0	1	500	322	43	49	2090	0	0	0	1	
4350	103409712	0	0	0	0	1	128	0	1	500	322	43	49	2089	0	0	0	1	
4351	103409745	0	0	0	0	1	128	0	1	500	322	43	49	2097	0	0	0	1	
4352	103409778	0	0	0	0	1	128	0	1	500	322	43	49	2092	0	0	0	1	
4353	103409812	0	0	0	0	1	128	0	1	500	322	43	49	2102	0	0	0	1	
4354	103409845	0	0	0	0	1	128	0	1	500	322	43	49	2109	0	0	0	1	
4355	103409879	0	0	0	0	1	128	0	1	500	322	43	49	2119	0	0	0	1	
4356	103409912	0	0	0	0	1	128	0	1	502	322	43	49	2115	0	0	0	1	
4357	103409945	0	0	0	0	1	128	0	1	526	326	40	49	1943	0	0	0	1	
4358	103409979	0	0	0	0	1	128	0	1	528	326	40	49	1960	0	0	0	1	
4359	103410012	0	0	0	0	1	128	0	1	528	326	40	49	1962	0	0	0	1	
4360	103410045	0	0	0	0	1	128	0	1	528	326	40	50	1975	0	0	0	1	
4361	103410079	0	0	0	0	1	128	0	1	528	326	40	50	1981	0	0	0	1	
4362	103410112	0	0	0	0	1	128	0	1	528	326	40	50	1991	0	0	0	1	
4363	103410145	0	0	0	0	1	128	0	1	528	326	40	50	1992	0	0	0	1	
4364	103410179	0	0	0	0	1	128	0	1	528	326	40	50	2004	0	0	0	1	
4365	103410212	0	0	0	0	1	128	0	1	528	326	40	50	1999	0	0	0	1	
4366	103410246	0	0	0	0	1	128	0	1	528	326	40	50	2003	0	0	0	1	
4367	103410279	0	0	0	0	1	128	0	1	528	326	40	50	1998	0	0	0	1	
4368	103410312	0	0	0	0	1	128	0	1	528	326	40	50	1982	0	0	0	1	
4369	103410346	0	0	0	0	1	128	0	1	528	326	40	49	1941	0	0	0	1	
4370	103410379	0	0	0	0	1	128	0	1	528	326	40	49	1943	0	0	0	1	
4371	103410412	0	0	0	0	1	128	0	1	528	326	40	49	1928	0	0	0	1	
4372	103410446	0	0	0	0	1	128	0	1	528	328	39	49	1913	0	0	0	1	
4373	103410479	0	0	0	0	1	128	0	1	528	328	39	49	1910	0	0	0	1	
4374	103410512	0	0	0	0	1	128	0	1	528	328	39	49	1907	0	0	0	1	
4375	103410546	0	0	0	0	1	128	0	1	528	328	39	49	1906	0	0	0	1	
4376	103410579	0	0	0	0	1	128	0	1	528	328	39	49	1918	0	0	0	1	
4377	103410613	0	0	0	0	1	128	0	1	528	328	39	49	1920	0	0	0	1	
4378	103410646	0	0	0	0	1	128	0	1	528	328	39	49	1926	0	0	0	1	
4379	103410679	0	0	0	0	1	128	0	1	530	324	39	50	1947	0	0	0	1	
4380	103410713	0	0	0	0	1	128	0	1	536	300	39	49	1915	0	0	0	1	
4381	103410746	0	0	0	0	1	128	0	1	536	300	39	49	1914	0	0	0	1	
4382	103410779	0	0	0	0	1	128	0	1	536	300	39	49	1921	0	0	0	1	
4383	103410813	0	0	0	0	1	128	0	1	536	300	39	49	1933	0	0	0	1	
4384	103410846	0	0	0	0	1	128	0	1	536	300	40	49	1958	0	0	0	1	
4385	103410879	0	0	0	0	1	128	0	1	536	300	40	49	1973	0	0	0	1	
4386	103410913	0	0	0	0	1	128	0	1	536	300	40	50	2005	0	0	0	1	
4387	103410946	0	0	0	0	1	128	0	1	536	300	40	50	2005	0	0	0	1	
4388	103410980	0	0	0	0	1	128	0	1	536	300	40	50	2025	0	0	0	1	
4389	103411013	0	0	0	0	1	128	0	1	536	300	40	51	2040	0	0	0	1	
4390	103411046	0	0	0	0	1	128	0	1	536	300	40	51	2052	0	0	0	1	
4391	103411080	0	0	0	0	1	128	0	1	536	300	41	51	2065	0	0	0	1	
4392	103411113	0	0	0	0	1	128	0	1	536	300	41	51	2069	0	0	0	1	
4393	103411146	0	0	0	0	1	128	0	1	536	300	41	51	2065	0	0	0	1	
4394	103411180	0	0	0	0	1	128	0	1	536	300	41	51	2074	0	0	0	1	
4395	103411213	0	0	0	0	1	128	0	1	536	300	41	51	2069	0	0	0	1	
4396	103411247	0	0	0	0	1	128	0	1	536	300	41	51	2076	0	0	0	1	
4397	103411280	0	0	0	0	1	128	0	1	536	300	41	51	2077	0	0	0	1	
4398	103411313	0	0	0	0	1	128	0	1	536	300	41	51	2090	0	0	0	1	
4399	103411347	0	0	0	0	1	128	0	1	534	300	41	51	2098	0	0	0	1	
4400	103411380	0	0	0	0	1	128	0	1	534	302	41	51	2080	0	0	0	1	
4401	103411413	0	0	0	0	1	128	0	1	502	320	45	51	2319	0	0	0	1	
4402	103411447	0	0	0	0	1	128	0	1	500	320	45	52	2334	0	0	0	1	
4403	103411480	0	0	0	0	1	128	0	1	500	320	45	52	2343	0	0	0	1	
4404	103411513	0	0	0	0	1	128	0	1	502	320	45	52	2358	0	0	0	1	
4405	103411547	0	0	0	0	1	128	0	1	502	320	46	52	2364	0	0	0	1	
4406	103411580	0	0	0	0	1	128	0	1	502	320	46	52	2368	0	0	0	1	
4407	103411614	0	0	0	0	1	128	0	1	502	322	46	52	2364	0	0	0	1	
4408	103411647	0	0	0	0	1	128	0	1	502	322	46	51	2355	0	0	0	1	
4409	103411680	0	0	0	0	1	128	0	1	502	322	46	51	2339	0	0	0	1	
4410	103411714	0	0	0	0	1	128	0	1	502	322	45	51	2324	0	0	0	1	
4411	103411747	0	0	0	0	1	128	0	1	502	322	45	51	2308	0	0	0	1	
4412	103411780	0	0	0	0	1	128	0	1	502	322	45	51	2278	0	0	0	1	
4413	103411814	0	0	0	0	1	128	0	1	502	322	44	51	2252	0	0	0	1	
4414	103411847	0	0	0	0	1	128	0	1	502	322	44	50	2233	0	0	0	1	
4415	103411881	0	0	0	0	1	128	0	1	502	322	44	50	2228	0	0	0	1	
4416	103411914	0	0	0	0	1	128	0	1	502	322	44	50	2225	0	0	0	1	
4417	103411947	0	0	0	0	1	128	0	1	502	322	44	50	2217	0	0	0	1	
4418	103411981	0	0	0	0	1	128	0	1	502	322	44	50	2211	0	0	0	1	
4419	103412014	0	0	0	0	1	128	0	1	502	322	44	50	2201	0	0	0	1	
4420	103412047	0	0	0	0	1	128	0	1	502	322	44	50	2194	0	0	0	1	
4421	103412081	0	0	0	0	1	128	0	1	502	322	44	50	2193	0	0	0	1	
4422	103412114	0	0	0	0	1	128	0	1	502	322	44	50	2186	0	0	0	1	
4423	103412148	0	0	0	0	1	128	0	1	502	322	44	50	2189	0	0	0	1	
4424	103412181	0	0	0	0	1	128	0	1	500	322	44	50	2194	0	0	0	1	
4425	103412214	0	0	0	0	1	128	0	1	494	320	44	49	2168	0	0	0	1	
4426	103412248	0	0	0	0	1	128	0	1	482	318	46	50	2286	0	0	0	1	
4427	103412281	0	0	0	0	1	128	0	1	482	318	46	50	2297	0	0	0	1	
4428	103412314	0	0	0	0	1	128	0	1	482	318	46	50	2305	0	0	0	1	
4429	103412348	0	0	0	0	1	128	0	1	482	318	46	50	2312	0	0	0	1	
4430	103412381	0	0	0	0	1	128	0	1	482	318	46	50	2333	0	0	0	1	
4431	103412414	0	0	0	0	1	128	0	1	482	320	46	50	2271	0	0	0	1	
4432	103412448	0	0	0	0	1	128	0	1	482	320	46	51	2339	0	0	0	1	
4433	103412481	0	0	0	0	1	128	0	1	482	318	47	51	2356	0	0	0	1	
4434	103412515	0	0	0	0	1	128	0	1	482	318	46	51	2351	0	0	0	1	
4435	103412548	0	0	0	0	1	128	0	1	482	318	46	50	2331	0	0	0	1	
4436	103412581	0	0	0	0	1	128	0	1	482	318	46	50	2305	0	0	0	1	
4437	103412615	0	0	0	0	1	128	0	1	482	320	45	49	2225	0	0	0	1	
4438	103412648	0	0	0	0	1	128	0	1	482	318	45	49	2237	0	0	0	1	
4439	103412681	0	0	0	0	1	128	0	1	482	318	45	49	2197	0	0	0	1	
4440	103412715	0	0	0	0	1	128	0	1	482	318	44	49	2152	0	0	0	1	
4441	103412748	0	0	0	0	1	128	0	1	482	318	44	48	2132	0	0	0	1	
4442	103412782	0	0	0	0	1	128	0	1	482	318	44	48	2118	0	0	0	1	
4443	103412815	0	0	0	0	1	128	0	1	482	318	44	48	2097	0	0	0	1	
4444	103412848	0	0	0	0	1	128	0	1	482	318	44	48	2088	0	0	0	1	
4445	103412882	0	0	0	0	1	128	0	1	482	318	44	48	2073	0	0	0	1	
4446	103412915	0	0	0	0	1	128	0	1	506	338	41	46	1879	0	0	0	1	
4447	103412948	0	0	0	0	1	128	0	1	512	340	40	48	1911	0	0	0	1	
4448	103412982	0	0	0	0	1	128	0	1	512	340	40	48	1909	0	0	0	1	
4449	103413015	0	0	0	0	1	128	0	1	512	340	40	48	1910	0	0	0	1	
4450	103413048	0	0	0	0	1	128	0	1	512	340	40	48	1912	0	0	0	1	
4451	103413082	0	0	0	0	1	128	0	1	512	340	40	48	1911	0	0	0	1	
4452	103413115	0	0	0	0	1	128	0	1	512	340	40	48	1900	0	0	0	1	
4453	103413149	0	0	0	0	1	128	0	1	512	340	40	48	1890	0	0	0	1	
4454	103413182	0	0	0	0	1	128	0	1	512	340	40	48	1880	0	0	0	1	
4455	103413215	0	0	0	0	1	128	0	1	512	340	39	48	1870	0	0	0	1	
4456	103413249	0	0	0	0	1	128	0	1	512	340	39	47	1869	0	0	0	1	
4457	103413282	0	0	0	0	1	128	0	1	512	340	39	48	1878	0	0	0	1	
4458	103413315	0	0	0	0	1	128	0	1	512	340	39	47	1870	0	0	0	1	
4459	103413349	0	0	0	0	1	128	0	1	512	340	39	47	1871	0	0	0	1	
4460	103413382	0	0	0	0	1	128	0	1	512	340	39	48	1873	0	0	0	1	
4461	103413416	0	0	0	0	1	128	0	1	512	340	39	48	1874	0	0	0	1	
4462	103413449	0	0	0	0	1	128	0	1	512	340	40	48	1886	0	0	0	1	
4463	103413482	0	0	0	0	1	128	0	1	512	340	40	48	1898	0	0	0	1	
4464	103413516	0	0	0	0	1	128	0	1	512	340	40	48	1915	0	0	0	1	
4465	103413549	0	0	0	0	1	128	0	1	512	340	40	48	1929	0	0	0	1	
4466	103413582	0	0	0	0	1	128	0	1	512	340	40	49	1956	0	0	0	1	
4467	103413616	0	0	0	0	1	128	0	1	512	340	40	49	1977	0	0	0	1	
4468	103413649	0	0	0	0	1	128	0	1	512	340	41	49	2006	0	0	0	1	
4469	103413682	0	0	0	0	1	128	0	1	490	324	42	51	2120	0	0	0	1	
4470	103413716	0	0	0	0	1	128	0	1	482	316	45	49	2198	0	0	0	1	
4471	103413749	0	0	0	0	1	128	0	1	482	316	45	49	2221	0	0	0	1	
4472	103413783	0	0	0	0	1	128	0	1	482	316	45	49	2251	0	0	0	1	
4473	103413816	0	0	0	0	1	128	0	1	482	316	46	50	2264	0	0	0	1	
4474	103413849	0	0	0	0	1	128	0	1	482	316	46	50	2316	0	0	0	1	
4475	103413883	0	0	0	0	1	128	0	1	482	318	46	50	2316	0	0	0	1	
4476	103413916	0	0	0	0	1	128	0	1	484	316	46	50	2312	0	0	0	1	
4477	103413949	0	0	0	0	1	128	0	1	484	318	46	50	2321	0	0	0	1	
4478	103413983	0	0	0	0	1	128	0	1	484	318	46	50	2332	0	0	0	1	
4479	103414016	0	0	0	0	1	128	0	1	484	318	46	51	2320	0	0	0	1	
4480	103414050	0	0	0	0	1	128	0	1	484	316	46	50	2323	0	0	0	1	
4481	103414083	0	0	0	0	1	128	0	1	484	316	46	51	2332	0	0	0	1	
4482	103414116	0	0	0	0	1	128	0	1	484	316	46	50	2291	0	0	0	1	
4483	103414150	0	0	0	0	1	128	0	1	496	324	44	48	2113	0	0	0	1	
4484	103414183	0	0	0	0	1	128	0	1	514	336	41	49	2002	0	0	0	1	
4485	103414216	0	0	0	0	1	128	0	1	514	336	41	49	1989	0	0	0	1	
4486	103414250	0	0	0	0	1	128	0	1	514	336	41	49	1970	0	0	0	1	
4487	103414283	0	0	0	0	1	128	0	1	514	336	40	48	1953	0	0	0	1	
4488	103414316	0	0	0	0	1	128	0	1	514	336	40	48	1945	0	0	0	1	
4489	103414350	0	0	0	0	1	128	0	1	514	336	40	48	1933	0	0	0	1	
4490	103414383	0	0	0	0	1	128	0	1	514	334	40	48	1939	0	0	0	1	
4491	103414417	0	0	0	0	1	128	0	1	514	334	40	48	1943	0	0	0	1	
4492	103414450	0	0	0	0	1	128	0	1	514	334	40	48	1946	0	0	0	1	
4493	103414483	0	0	0	0	1	128	0	1	514	334	40	48	1960	0	0	0	1	
4494	103414517	0	0	0	0	1	128	0	1	514	334	41	48	1963	0	0	0	1	
4495	103414550	0	0	0	0	1	128	0	1	514	334	41	49	1977	0	0	0	1	
4496	103414583	0	0	0	0	1	128	0	1	514	334	41	49	2016	0	0	0	1	
4497	103414617	0	0	0	0	1	128	0	1	514	334	41	49	2035	0	0	0	1	
4498	103414650	0	0	0	0	1	128	0	1	494	324	45	50	2218	0	0	0	1	
4499	103414683	0	0	0	0	1	128	0	1	490	320	45	50	2217	0	0	0	1	
4500	103414717	0	0	0	0	1	128	0	1	490	320	45	50	2238	0	0	0	1	
4501	103414750	0	0	0	0	1	128	0	1	488	320	45	50	2272	0	0	0	1	
4502	103414784	0	0	0	0	1	128	0	1	488	320	46	50	2299	0	0	0	1	
4503	103414817	0	0	0	0	1	128	0	1	488	320	46	50	2317	0	0	0	1	
4504	103414850	0	0	0	0	1	128	0	1	488	320	46	51	2339	0	0	0	1	
4505	103414884	0	0	0	0	1	128	0	1	484	316	47	50	2363	0	0	0	1	
4506	103414917	0	0	0	0	1	128	0	1	484	316	47	51	2375	0	0	0	1	
4507	103414950	0	0	0	0	1	128	0	1	484	316	47	51	2384	0	0	0	1	
4508	103414984	0	0	0	0	1	128	0	1	484	318	46	50	2293	0	0	0	1	
4509	103415017	0	0	0	0	1	128	0	1	484	316	47	51	2382	0	0	0	1	
4510	103415051	0	0	0	0	1	128	0	1	484	316	47	51	2382	0	0	0	1	
4511	103415084	0	0	0	0	1	128	0	1	484	316	47	51	2388	0	0	0	1	
4512	103415117	0	0	0	0	1	128	0	1	484	316	47	50	2369	0	0	0	1	
4513	103415151	0	0	0	0	1	128	0	1	484	316	47	50	2368	0	0	0	1	
4514	103415184	0	0	0	0	1	128	0	1	484	316	46	50	2332	0	0	0	1	
4515	103415217	0	0	0	0	1	128	0	1	484	318	46	50	2287	0	0	0	1	
4516	103415251	0	0	0	0	1	128	0	1	484	316	46	50	2303	0	0	0	1	
4517	103415284	0	0	0	0	1	128	0	1	484	316	46	50	2287	0	0	0	1	
4518	103415318	0	0	0	0	1	128	0	1	484	316	46	50	2275	0	0	0	1	
4519	103415351	0	0	0	0	1	128	0	1	482	316	47	49	2276	0	0	0	1	
4520	103415384	0	0	0	0	1	128	0	1	484	316	46	49	2229	0	0	0	1	
4521	103415418	0	0	0	0	1	128	0	1	484	316	46	49	2226	0	0	0	1	
4522	103415451	0	0	0	0	1	128	0	1	484	318	45	48	2141	0	0	0	1	
4523	103415484	0	0	0	0	1	128	0	1	482	318	45	49	2207	0	0	0	1	
4524	103415518	0	0	0	0	1	128	0	1	482	318	46	49	2246	0	0	0	1	
4525	103415551	0	0	0	0	1	128	0	1	482	318	46	49	2247	0	0	0	1	
4526	103415584	0	0	0	0	1	128	0	1	474	322	46	49	2237	0	0	0	1	
4527	103415618	0	0	0	0	1	128	0	1	472	322	46	49	2266	0	0	0	1	
4528	103415651	0	0	0	0	1	128	0	1	472	322	47	49	2267	0	0	0	1	
4529	103415685	0	0	0	0	1	128	0	1	470	324	46	48	2234	0	0	0	1	
4530	103415718	0	0	0	0	1	128	0	1	470	324	46	49	2262	0	0	0	1	
4531	103415751	0	0	0	0	1	128	0	1	468	324	47	49	2278	0	0	0	1	
4532	103415785	0	0	0	0	1	128	0	1	468	324	47	49	2275	0	0	0	1	
4533	103415818	0	0	0	0	1	128	0	1	466	324	47	49	2276	0	0	0	1	
4534	103415851	0	0	0	0	1	128	0	1	466	326	46	49	2246	0	0	0	1	
4535	103415885	0	0	0	0	1	128	0	1	466	326	46	49	2243	0	0	0	1	
4536	103415918	0	0	0	0	1	128	0	1	464	326	46	49	2249	0	0	0	1	
4537	103415951	0	0	0	0	1	128	0	1	464	328	44	48	2126	0	0	0	1	
4538	103415985	0	0	0	0	1	128	0	1	464	328	46	49	2238	0	0	0	1	
4539	103416018	0	0	0	0	1	128	0	1	462	328	46	48	2242	0	0	0	1	
4540	103416052	0	0	0	0	1	128	0	1	462	328	46	49	2252	0	0	0	1	
4541	103416085	0	0	0	0	1	128	0	1	462	328	46	49	2258	0	0	0	1	
4542	103416118	0	0	0	0	1	128	0	1	462	328	47	49	2266	0	0	0	1	
4543	103416152	0	0	0	0	1	128	0	1	462	328	46	49	2250	0	0	0	1	
4544	103416185	0	0	0	0	1	128	0	1	462	328	46	49	2254	0	0	0	1	
4545	103416218	0	0	0	0	1	128	0	1	466	328	45	48	2155	0	0	0	1	
4546	103416252	0	0	0	0	1	128	0	1	466	328	45	48	2155	0	0	0	1	
4547	103416285	0	0	0	0	1	128	0	1	466	328	45	48	2151	0	0	0	1	
4548	103416319	0	0	0	0	1	128	0	1	466	328	45	48	2156	0	0	0	1	
4549	103416352	0	0	0	0	1	128	0	1	466	328	44	48	2150	0	0	0	1	
4550	103416385	0	0	0	0	1	128	0	1	466	328	45	48	2167	0	0	0	1	
4551	103416419	0	0	0	0	1	128	0	1	466	326	46	49	2261	0	0	0	1	
4552	103416452	0	0	0	0	1	128	0	1	466	328	45	48	2174	0	0	0	1	
4553	103416485	0	0	0	0	1	128	0	1	466	328	45	48	2172	0	0	0	1	
4554	103416519	0	0	0	0	1	128	0	1	466	326	46	49	2261	0	0	0	1	
4555	103416552	0	0	0	0	1	128	0	1	466	326	46	49	2264	0	0	0	1	
4556	103416585	0	0	0	0	1	128	0	1	466	326	46	49	2256	0	0	0	1	
4557	103416619	0	0	0	0	1	128	0	1	466	326	46	49	2244	0	0	0	1	
4558	103416652	0	0	0	0	1	128	0	1	466	326	46	49	2237	0	0	0	1	
4559	103416686	0	0	0	0	1	128	0	1	466	328	46	48	2205	0	0	0	1	
4560	103416719	0	0	0	0	1	128	0	1	466	328	45	48	2185	0	0	0	1	
4561	103416752	0	0	0	0	1	128	0	1	466	328	44	47	2108	0	0	0	1	
4562	103416786	0	0	0	0	1	128	0	1	466	328	45	48	2184	0	0	0	1	
4563	103416819	0	0	0	0	1	128	0	1	466	328	44	47	2099	0	0	0	1	
4564	103416852	0	0	0	0	1	128	0	1	466	328	45	48	2178	0	0	0	1	
4565	103416886	0	0	0	0	1	128	0	1	466	328	45	48	2196	0	0	0	1	
4566	103416919	0	0	0	0	1	128	0	1	466	328	45	48	2180	0	0	0	1	
4567	103416953	0	0	0	0	1	128	0	1	466	328	45	48	2188	0	0	0	1	
4568	103416986	0	0	0	0	1	128	0	1	466	328	45	48	2200	0	0	0	1	
4569	103417019	0	0	0	0	1	128	0	1	466	328	46	49	2250	0	0	0	1	
4570	103417053	0	0	0	0	1	128	0	1	468	328	46	49	2214	0	0	0	1	
4571	103417086	0	0	0	0	1	128	0	1	468	330	45	48	2137	0	0	0	1	
4572	103417119	0	0	0	0	1	128	0	1	470	330	43	48	2081	0	0	0	1	
4573	103417153	0	0	0	0	1	128	0	1	472	322	46	49	2238	0	0	0	1	
4574	103417186	0	0	0	0	1	128	0	1	472	322	45	49	2218	0	0	0	1	
4575	103417220	0	0	0	0	1	128	0	1	474	322	46	49	2239	0	0	0	1	
4576	103417253	0	0	0	0	1	128	0	1	474	320	46	49	2242	0	0	0	1	
4577	103417286	0	0	0	0	1	128	0	1	474	320	46	49	2241	0	0	0	1	
4578	103417320	0	0	0	0	1	128	0	1	476	320	46	49	2257	0	0	0	1	
4579	103417353	0	0	0	0	1	128	0	1	476	318	46	49	2261	0	0	0	1	
4580	103417386	0	0	0	0	1	128	0	1	476	318	46	49	2262	0	0	0	1	
4581	103417420	0	0	0	0	1	128	0	1	476	318	46	49	2268	0	0	0	1	
4582	103417453	0	0	0	0	1	128	0	1	478	318	45	49	2207	0	0	0	1	
4583	103417486	0	0	0	0	1	128	0	1	478	318	46	49	2281	0	0	0	1	
4584	103417520	0	0	0	0	1	128	0	1	478	316	47	50	2313	0	0	0	1	
4585	103417553	0	0	0	0	1	128	0	1	478	316	46	50	2306	0	0	0	1	
4586	103417587	0	0	0	0	1	128	0	1	478	316	46	50	2301	0	0	0	1	
4587	103417620	0	0	0	0	1	128	0	1	480	312	47	50	2315	0	0	0	1	
4588	103417653	0	0	0	0	1	128	0	1	482	312	46	50	2298	0	0	0	1	
4589	103417687	0	0	0	0	1	128	0	1	482	312	46	50	2296	0	0	0	1	
4590	103417720	0	0	0	0	1	128	0	1	480	314	46	48	2211	0	0	0	1	
4591	103417753	0	0	0	0	1	128	0	0	0	0	0	0	0	0	0	0	1	
4592	103417787	0	0	0	0	1	128	0	0	0	0	0	0	0	0	0	0	1	
4593	103417820	0	0	0	0	1	128	0	0	0	0	0	0	0	0	0	0	1	
4594	103417854	0	0	0	0	1	128	0	0	0	0	0	0	0	0	0	0	1	
4595	103417887	0	0	0	0	1	128	0	0	0	0	0	0	0	0	0	0	1	
4596	103417920	0	0	0	0	1	128	0	1	484	312	45	51	2324	0	0	0	1	
4597	103417954	0	0	0	0	1	128	0	1	484	310	45	50	2289	0	0	0	1	
4598	103417987	0	0	0	0	1	128	0	1	484	306	45	48	2174	0	0	0	1	
4599	103418020	0	0	0	0	1	128	0	1	484	308	45	50	2247	0	0	0	1	
4600	103418054	0	0	0	0	1	128	0	1	486	310	44	47	2093	0	0	0	1	
4601	103418087	0	0	0	0	1	128	0	1	488	304	45	50	2280	0	0	0	1	
4602	103418120	0	0	0	0	1	128	0	1	488	300	45	50	2246	0	0	0	1	
4603	103418154	0	0	0	0	1	128	0	1	490	300	45	50	2246	0	0	0	1	
4604	103418187	0	0	0	0	1	128	0	1	490	300	45	50	2252	0	0	0	1	
4605	103418221	0	0	0	0	1	128	0	1	490	300	45	50	2260	0	0	0	1	
4606	103418254	0	0	0	0	1	128	0	1	490	300	45	50	2265	0	0	0	1	
4607	103418287	0	0	0	0	1	128	0	1	490	300	46	50	2286	0	0	0	1	
4608	103418321	0	0	0	0	1	128	0	1	490	300	46	50	2291	0	0	0	1	
4609	103418354	0	0	0	0	1	128	0	1	490	300	46	50	2299	0	0	0	1	
4610	103418387	0	0	0	0	1	128	0	1	490	300	46	50	2306	0	0	0	1	
4611	103418421	0	0	0	0	1	128	0	1	490	300	46	50	2311	0	0	0	1	
4612	103418454	0	0	0	0	1	128	0	1	490	300	46	50	2322	0	0	0	1	
4613	103418487	0	0	0	0	1	128	0	1	490	300	46	50	2312	0	0	0	1	
4614	103418521	0	0	0	0	1	128	0	1	490	300	46	50	2317	0	0	0	1	
4615	103418554	0	0	0	0	1	128	0	1	490	300	46	50	2317	0	0	0	1	
4616	103418588	0	0	0	0	1	128	0	1	490	300	46	50	2304	0	0	0	1	
4617	103418621	0	0	0	0	1	128	0	1	490	300	46	50	2308	0	0	0	1	
4618	103418654	0	0	0	0	1	128	0	1	492	302	45	48	2148	0	0	0	1	
4619	103418688	0	0	0	0	1	128	0	1	490	300	46	50	2290	0	0	0	1	
4620	103418721	0	0	0	0	1	128	0	1	490	300	45	50	2275	0	0	0	1	
4621	103418754	0	0	0	0	1	128	0	1	490	300	45	50	2269	0	0	0	1	
4622	103418788	0	0	0	0	1	128	0	1	490	300	45	50	2259	0	0	0	1	
4623	103418821	0	0	0	0	1	128	0	1	490	300	45	50	2256	0	0	0	1	
4624	103418855	0	0	0	0	1	128	0	1	490	300	45	50	2247	0	0	0	1	
4625	103418888	0	0	0	0	1	128	0	1	490	300	45	50	2247	0	0	0	1	
4626	103418921	0	0	0	0	1	128	0	1	490	300	45	50	2239	0	0	0	1	
4627	103418955	0	0	0	0	1	128	0	1	490	300	45	50	2241	0	0	0	1	
4628	103418988	0	0	0	0	1	128	0	1	490	300	45	50	2237	0	0	0	1	
4629	103419021	0	0	0	0	1	128	0	1	490	300	45	50	2241	0	0	0	1	
4630	103419055	0	0	0	0	1	128	0	1	490	300	45	50	2246	0	0	0	1	
4631	103419088	0	0	0	0	1	128	0	1	490	300	45	50	2249	0	0	0	1	
4632	103419122	0	0	0	0	1	128	0	1	490	300	45	50	2256	0	0	0	1	
4633	103419155	0	0	0	0	1	128	0	1	490	300	45	50	2261	0	0	0	1	
4634	103419188	0	0	0	0	1	128	0	1	490	300	46	50	2272	0	0	0	1	
4635	103419222	0	0	0	0	1	128	0	1	490	300	46	50	2273	0	0	0	1	
4636	103419255	0	0	0	0	1	128	0	1	496	292	45	51	2285	0	0	0	1	
4637	103419288	0	0	0	0	1	128	0	1	496	288	45	50	2236	0	0	0	1	
4638	103419322	0	0	0	0	1	128	0	1	496	288	45	50	2244	0	0	0	1	
4639	103419355	0	0	0	0	1	128	0	1	496	288	45	50	2248	0	0	0	1	
4640	103419388	0	0	0	0	1	128	0	1	496	288	45	50	2255	0	0	0	1	
4641	103419422	0	0	0	0	1	128	0	1	496	288	45	50	2250	0	0	0	1	
4642	103419455	0	0	0	0	1	128	0	1	496	288	45	50	2245	0	0	0	1	
4643	103419489	0	0	0	0	1	128	0	1	496	288	45	50	2242	0	0	0	1	
4644	103419522	0	0	0	0	1	128	0	1	494	290	47	48	2277	0	0	0	1	
4645	103419555	0	0	0	0	1	128	0	1	496	288	45	50	2244	0	0	0	1	
4646	103419589	0	0	0	0	1	128	0	1	496	288	45	50	2250	0	0	0	1	
4647	103419622	0	0	0	0	1	128	0	1	496	288	45	50	2254	0	0	0	1	
4648	103419655	0	0	0	0	1	128	0	1	496	288	45	50	2249	0	0	0	1	
4649	103419689	0	0	0	0	1	128	0	1	496	288	45	50	2265	0	0	0	1	
4650	103419722	0	0	0	0	1	128	0	1	496	288	45	50	2260	0	0	0	1	
4651	103419756	0	0	0	0	1	128	0	1	496	288	45	50	2257	0	0	0	1	
4652	103419789	0	0	0	0	1	128	0	1	496	286	46	49	2255	0	0	0	1	
4653	103419822	0	0	0	0	1	128	0	1	496	286	46	50	2277	0	0	0	1	
4654	103419856	0	0	0	0	1	128	0	1	496	286	45	51	2333	0	0	0	1	
4655	103419889	0	0	0	0	1	128	0	1	496	286	46	50	2300	0	0	0	1	
4656	103419922	0	0	0	0	1	128	0	1	496	286	46	50	2301	0	0	0	1	
4657	103419956	0	0	0	0	1	128	0	1	496	286	46	50	2306	0	0	0	1	
4658	103419989	0	0	0	0	1	128	0	1	496	286	46	50	2305	0	0	0	1	
4659	103420022	0	0	0	0	1	128	0	1	496	286	46	50	2306	0	0	0	1	
4660	103420056	0	0	0	0	1	128	0	1	496	286	46	50	2304	0	0	0	1	
4661	103420089	0	0	0	0	1	128	0	1	496	288	46	49	2271	0	0	0	1	
4662	103420123	0	0	0	0	1	128	0	1	496	298	46	50	2305	0	0	0	1	
4663	103420156	0	0	0	0	1	128	0	1	496	298	46	50	2313	0	0	0	1	
4664	103420189	0	0	0	0	1	128	0	1	496	300	46	51	2312	0	0	0	1	
4665	103420223	0	0	0	0	1	128	0	1	496	302	46	51	2331	0	0	0	1	
4666	103420256	0	0	0	0	1	128	0	1	498	304	46	51	2338	0	0	0	1	
4667	103420289	0	0	0	0	1	128	0	1	498	306	46	51	2341	0	0	0	1	
4668	103420323	0	0	0	0	1	128	0	1	496	302	40	47	1889	0	0	0	1	
4669	103420356	0	0	0	0	1	128	0	0	0	0	0	0	0	0	0	0	1	
4670	103420389	0	0	0	0	1	128	0	0	0	0	0	0	0	0	0	0	1	
4671	103420423	0	0	0	0	1	128	0	0	0	0	0	0	0	0	0	0	1	
4672	103420456	0	0	0	0	1	128	0	0	0	0	0	0	0	0	0	0	1	
4673	103420490	0	0	0	0	1	128	0	1	496	324	45	52	2325	0	0	0	1	
4674	103420523	0	0	0	0	1	128	0	1	498	320	45	47	2088	0	0	0	1	
4675	103420556	0	0	0	0	1	128	0	1	498	322	44	51	2202	0	0	0	1	
4676	103420590	0	0	0	0	1	128	0	1	498	322	45	50	2225	0	0	0	1	
4677	103420623	0	0	0	0	1	128	0	1	498	322	45	50	2236	0	0	0	1	
4678	103420656	0	0	0	0	1	128	0	1	498	324	45	50	2237	0	0	0	1	
4679	103420690	0	0	0	0	1	128	0	1	500	324	45	50	2245	0	0	0	1	
4680	103420723	0	0	0	0	1	128	0	1	500	324	45	51	2258	0	0	0	1	
4681	103420757	0	0	0	0	1	128	0	1	500	326	45	51	2263	0	0	0	1	
4682	103420790	0	0	0	0	1	128	0	1	500	326	45	51	2272	0	0	0	1	
4683	103420823	0	0	0	0	1	128	0	1	500	326	45	51	2304	0	0	0	1	
4684	103420857	0	0	0	0	1	128	0	1	500	326	45	51	2317	0	0	0	1	
4685	103420890	0	0	0	0	1	128	0	1	500	326	46	51	2334	0	0	0	1	
4686	103420923	0	0	0	0	1	128	0	1	500	326	46	51	2348	0	0	0	1	
4687	103420957	0	0	0	0	1	128	0	1	500	326	46	52	2360	0	0	0	1	
4688	103420990	0	0	0	0	1	128	0	1	500	326	46	52	2360	0	0	0	1	
4689	103421023	0	0	0	0	1	128	0	1	500	324	46	52	2359	0	0	0	1	
4690	103421057	0	0	0	0	1	128	0	1	500	324	46	52	2350	0	0	0	1	
4691	103421090	0	0	0	0	1	128	0	1	500	324	45	51	2340	0	0	0	1	
4692	103421124	0	0	0	0	1	128	0	1	500	324	45	51	2331	0	0	0	1	
4693	103421157	0	0	0	0	1	128	0	1	500	324	45	51	2319	0	0	0	1	
4694	103421190	0	0	0	0	1	128	0	1	500	324	45	51	2308	0	0	0	1	
4695	103421224	0	0	0	0	1	128	0	1	500	324	45	51	2297	0	0	0	1	
4696	103421257	0	0	0	0	1	128	0	1	500	324	45	51	2277	0	0	0	1	
4697	103421290	0	0	0	0	1	128	0	1	500	324	45	51	2274	0	0	0	1	
4698	103421324	0	0	0	0	1	128	0	1	500	324	45	50	2260	0	0	0	1	
4699	103421357	0	0	0	0	1	128	0	1	500	324	45	50	2255	0	0	0	1	
4700	103421391	0	0	0	0	1	128	0	1	500	324	45	50	2258	0	0	0	1	
4701	103421424	0	0	0	0	1	128	0	1	500	324	45	50	2252	0	0	0	1	
4702	103421457	0	0	0	0	1	128	0	1	500	324	45	50	2250	0	0	0	1	
4703	103421491	0	0	0	0	1	128	0	1	500	324	45	50	2247	0	0	0	1	
4704	103421524	0	0	0	0	1	128	0	1	498	324	44	50	2234	0	0	0	1	
4705	103421557	0	0	0	0	1	128	0	1	464	338	47	49	2287	0	0	0	1	
4706	103421591	0	0	0	0	1	128	0	1	460	338	47	50	2321	0	0	0	1	
4707	103421624	0	0	0	0	1	128	0	1	462	340	46	49	2264	0	0	0	1	
4708	103421658	0	0	0	0	1	128	0	1	460	338	47	49	2311	0	0	0	1	
4709	103421691	0	0	0	0	1	128	0	1	460	338	47	49	2306	0	0	0	1	
4710	103421724	0	0	0	0	1	128	0	1	460	338	46	49	2284	0	0	0	1	
4711	103421758	0	0	0	0	1	128	0	1	460	338	46	49	2286	0	0	0	1	
4712	103421791	0	0	0	0	1	128	0	1	460	338	46	49	2274	0	0	0	1	
4713	103421824	0	0	0	0	1	128	0	1	460	340	46	49	2272	0	0	0	1	
4714	103421858	0	0	0	0	1	128	0	1	460	340	46	49	2270	0	0	0	1	
4715	103421891	0	0	0	0	1	128	0	1	460	340	45	48	2188	0	0	0	1	
4716	103421924	0	0	0	0	1	128	0	1	460	340	46	49	2271	0	0	0	1	
4717	103421958	0	0	0	0	1	128	0	1	460	340	46	49	2271	0	0	0	1	
4718	103421991	0	0	0	0	1	128	0	1	460	340	46	49	2257	0	0	0	1	
4719	103422025	0	0	0	0	1	128	0	1	460	340	46	49	2272	0	0	0	1	
4720	103422058	0	0	0	0	1	128	0	1	460	340	46	49	2258	0	0	0	1	
4721	103422091	0	0	0	0	1	128	0	1	460	340	46	49	2278	0	0	0	1	
4722	103422125	0	0	0	0	1	128	0	1	460	340	46	49	2284	0	0	0	1	
4723	103422158	0	0	0	0	1	128	0	1	460	340	45	49	2206	0	0	0	1	
4724	103422191	0	0	0	0	1	128	0	1	460	340	47	50	2316	0	0	0	1	
4725	103422225	0	0	0	0	1	128	0	1	460	340	47	50	2330	0	0	0	1	
4726	103422258	0	0	0	0	1	128	0	1	454	328	54	65	3517	0	0	0	1	
4727	103422291	0	0	0	0	1	128	0	1	498	322	45	51	2277	0	0	0	1	
4728	103422325	0	0	0	0	1	128	0	1	500	322	45	51	2276	0	0	0	1	
4729	103422358	0	0	0	0	1	128	0	1	500	322	45	51	2281	0	0	0	1	
4730	103422392	0	0	0	0	1	128	0	1	500	322	45	51	2295	0	0	0	1	
4731	103422425	0	0	0	0	1	128	0	1	500	322	45	51	2313	0	0	0	1	
4732	103422458	0	0	0	0	1	128	0	1	500	322	45	51	2310	0	0	0	1	
4733	103422492	0	0	0	0	1	128	0	1	500	322	45	51	2317	0	0	0	1	
4734	103422525	0	0	0	0	1	128	0	1	500	322	46	51	2324	0	0	0	1	
4735	103422558	0	0	0	0	1	128	0	1	500	322	46	51	2320	0	0	0	1	
4736	103422592	0	0	0	0	1	128	0	1	500	322	45	51	2325	0	0	0	1	
4737	103422625	0	0	0	0	1	128	0	1	500	322	46	51	2330	0	0	0	1	
4738	103422658	0	0	0	0	1	128	0	1	500	322	46	51	2336	0	0	0	1	
4739	103422692	0	0	0	0	1	128	0	1	500	322	46	51	2341	0	0	0	1	
4740	103422725	0	0	0	0	1	128	0	1	500	322	46	51	2341	0	0	0	1	
4741	103422759	0	0	0	0	1	128	0	1	500	322	46	51	2345	0	0	0	1	
4742	103422792	0	0	0	0	1	128	0	1	500	322	46	51	2343	0	0	0	1	
4743	103422825	0	0	0	0	1	128	0	1	500	322	46	51	2339	0	0	0	1	
4744	103422859	0	0	0	0	1	128	0	1	500	322	46	51	2344	0	0	0	1	
4745	103422892	0	0	0	0	1	128	0	1	500	322	46	51	2339	0	0	0	1	
4746	103422925	0	0	0	0	1	128	0	1	500	322	46	51	2336	0	0	0	1	
4747	103422959	0	0	0	0	1	128	0	1	500	322	46	51	2335	0	0	0	1	
4748	103422992	0	0	0	0	1	128	0	1	500	322	46	51	2336	0	0	0	1	
4749	103423026	0	0	0	0	1	128	0	1	494	326	44	50	2207	0	0	0	1	
4750	103423059	0	0	0	0	1	128	0	1	482	328	47	51	2388	0	0	0	1	
4751	103423092	0	0	0	0	1	128	0	1	482	328	47	51	2397	0	0	0	1	
4752	103423126	0	0	0	0	1	128	0	1	482	328	46	51	2369	0	0	0	1	
4753	103423159	0	0	0	0	1	128	0	1	482	328	47	52	2428	0	0	0	1	
4754	103423192	0	0	0	0	1	128	0	1	482	328	47	51	2383	0	0	0	1	
4755	103423226	0	0	0	0	1	128	0	1	484	330	46	51	2317	0	0	0	1	
4756	103423259	0	0	0	0	1	128	0	1	484	330	46	51	2346	0	0	0	1	
4757	103423293	0	0	0	0	1	128	0	1	482	328	47	51	2385	0	0	0	1	
4758	103423326	0	0	0	0	1	128	0	1	482	328	47	52	2419	0	0	0	1	
4759	103423359	0	0	0	0	1	128	0	1	482	328	46	51	2340	0	0	0	1	
4760	103423393	0	0	0	0	1	128	0	1	482	328	47	51	2401	0	0	0	1	
4761	103423426	0	0	0	0	1	128	0	1	482	328	47	51	2398	0	0	0	1	
4762	103423459	0	0	0	0	1	128	0	1	482	328	47	51	2387	0	0	0	1	
4763	103423493	0	0	0	0	1	128	0	1	482	328	46	51	2375	0	0	0	1	
4764	103423526	0	0	0	0	1	128	0	1	482	328	46	51	2352	0	0	0	1	
4765	103423560	0	0	0	0	1	128	0	1	482	328	46	51	2351	0	0	0	1	
4766	103423593	0	0	0	0	1	128	0	1	482	328	46	51	2342	0	0	0	1	
4767	103423626	0	0	0	0	1	128	0	1	482	328	46	51	2353	0	0	0	1	
4768	103423660	0	0	0	0	1	128	0	1	482	328	46	51	2353	0	0	0	1	
4769	103423693	0	0	0	0	1	128	0	1	482	328	46	51	2350	0	0	0	1	
4770	103423726	0	0	0	0	1	128	0	1	484	326	46	51	2350	0	0	0	1	
4771	103423760	0	0	0	0	1	128	0	1	498	318	45	50	2264	0	0	0	1	
4772	103423793	0	0	0	0	1	128	0	1	498	318	45	50	2266	0	0	0	1	
4773	103423826	0	0	0	0	1	128	0	1	498	318	45	50	2276	0	0	0	1	
4774	103423860	0	0	0	0	1	128	0	1	498	318	45	51	2283	0	0	0	1	
4775	103423893	0	0	0	0	1	128	0	1	498	318	45	51	2298	0	0	0	1	
4776	103423926	0	0	0	0	1	128	0	1	498	318	45	51	2305	0	0	0	1	
4777	103423960	0	0	0	0	1	128	0	1	498	318	45	51	2313	0	0	0	1	
4778	103423993	0	0	0	0	1	128	0	1	498	318	46	51	2318	0	0	0	1	
4779	103424027	0	0	0	0	1	128	0	1	498	318	46	51	2323	0	0	0	1	
4780	103424060	0	0	0	0	1	128	0	1	498	318	46	51	2320	0	0	0	1	
4781	103424093	0	0	0	0	1	128	0	1	498	318	46	51	2337	0	0	0	1	
4782	103424127	0	0	0	0	1	128	0	1	498	318	46	51	2340	0	0	0	1	
4783	103424160	0	0	0	0	1	128	0	1	498	318	46	51	2347	0	0	0	1	
4784	103424193	0	0	0	0	1	128	0	1	498	318	46	51	2351	0	0	0	1	
4785	103424227	0	0	0	0	1	128	0	1	498	318	46	51	2363	0	0	0	1	
4786	103424260	0	0	0	0	1	128	0	1	498	318	46	51	2357	0	0	0	1	
4787	103424294	0	0	0	0	1	128	0	1	498	318	46	51	2358	0	0	0	1	
4788	103424327	0	0	0	0	1	128	0	1	498	318	46	51	2368	0	0	0	1	
4789	103424360	0	0	0	0	1	128	0	1	498	318	46	51	2376	0	0	0	1	
4790	103424394	0	0	0	0	1	128	0	1	498	318	46	52	2376	0	0	0	1	
4791	103424427	0	0	0	0	1	128	0	1	498	318	46	51	2373	0	0	0	1	
4792	103424460	0	0	0	0	1	128	0	1	498	318	46	51	2380	0	0	0	1	
4793	103424494	0	0	0	0	1	128	0	1	470	328	51	56	2875	0	0	0	1	
4794	103424527	0	0	0	0	1	128	0	1	468	336	48	51	2448	0	0	0	1	
4795	103424561	0	0	0	0	1	128	0	1	468	336	48	51	2459	0	0	0	1	
4796	103424594	0	0	0	0	1	128	0	1	468	336	48	52	2465	0	0	0	1	
4797	103424627	0	0	0	0	1	128	0	1	468	336	48	52	2479	0	0	0	1	
4798	103424661	0	0	0	0	1	128	0	1	468	338	48	51	2443	0	0	0	1	
4799	103424694	0	0	0	0	1	128	0	1	462	344	46	51	2343	0	0	0	1	
4800	103424727	0	0	0	0	1	128	0	1	462	342	47	51	2419	0	0	0	1	
4801	103424761	0	0	0	0	1	128	0	1	462	342	47	51	2409	0	0	0	1	
4802	103424794	0	0	0	0	1	128	0	1	462	342	47	51	2405	0	0	0	1	
4803	103424827	0	0	0	0	1	128	0	1	462	342	47	51	2397	0	0	0	1	
4804	103424861	0	0	0	0	1	128	0	1	462	342	47	51	2365	0	0	0	1	
4805	103424894	0	0	0	0	1	128	0	1	462	342	47	50	2359	0	0	0	1	
4806	103424928	0	0	0	0	1	128	0	1	462	342	47	50	2339	0	0	0	1	
4807	103424961	0	0	0	0	1	128	0	1	462	342	46	50	2303	0	0	0	1	
4808	103424994	0	0	0	0	1	128	0	1	462	342	46	49	2265	0	0	0	1	
4809	103425028	0	0	0	0	1	128	0	1	462	342	46	49	2240	0	0	0	1	
4810	103425061	0	0	0	0	1	128	0	1	462	342	45	49	2220	0	0	0	1	
4811	103425094	0	0	0	0	1	128	0	1	462	342	46	48	2202	0	0	0	1	
4812	103425128	0	0	0	0	1	128	0	1	462	342	45	48	2172	0	0	0	1	
4813	103425161	0	0	0	0	1	128	0	1	462	344	45	48	2126	0	0	0	1	
4814	103425195	0	0	0	0	1	128	0	1	462	342	45	48	2136	0	0	0	1	
4815	103425228	0	0	0	0	1	128	0	1	462	344	44	48	2104	0	0	0	1	
4816	103425261	0	0	0	0	1	128	0	1	462	344	44	48	2118	0	0	0	1	
4817	103425295	0	0	0	0	1	128	0	1	462	344	44	48	2112	0	0	0	1	
4818	103425328	0	0	0	0	1	128	0	1	462	344	44	48	2116	0	0	0	1	
4819	103425361	0	0	0	0	1	128	0	1	462	344	45	48	2130	0	0	0	1	
4820	103425395	0	0	0	0	1	128	0	1	462	344	45	48	2142	0	0	0	1	
4821	103425428	0	0	0	0	1	128	0	1	462	344	45	48	2153	0	0	0	1	
4822	103425461	0	0	0	0	1	128	0	1	462	344	45	49	2183	0	0	0	1	
4823	103425495	0	0	0	0	1	128	0	1	462	344	45	49	2211	0	0	0	1	
4824	103425528	0	0	0	0	1	128	0	1	462	344	45	49	2225	0	0	0	1	
4825	103425562	0	0	0	0	1	128	0	1	462	344	46	49	2245	0	0	0	1	
4826	103425595	0	0	0	0	1	128	0	1	462	344	46	50	2253	0	0	0	1	
4827	103425628	0	0	0	0	1	128	0	1	462	344	46	50	2264	0	0	0	1	
4828	103425662	0	0	0	0	1	128	0	1	462	344	46	50	2264	0	0	0	1	
4829	103425695	0	0	0	0	1	128	0	1	462	344	46	50	2270	0	0	0	1	
4830	103425728	0	0	0	0	1	128	0	1	462	344	46	50	2289	0	0	0	1	
4831	103425762	0	0	0	0	1	128	0	1	462	344	46	50	2298	0	0	0	1	
4832	103425795	0	0	0	0	1	128	0	1	462	344	46	50	2304	0	0	0	1	
4833	103425829	0	0	0	0	1	128	0	1	462	344	46	50	2310	0	0	0	1	
4834	103425862	0	0	0	0	1	128	0	1	462	344	46	50	2308	0	0	0	1	
4835	103425895	0	0	0	0	1	128	0	1	462	344	46	50	2313	0	0	0	1	
4836	103425929	0	0	0	0	1	128	0	1	462	344	46	50	2318	0	0	0	1	
4837	103425962	0	0	0	0	1	128	0	1	462	344	46	50	2334	0	0	0	1	
4838	103425995	0	0	0	0	1	128	0	1	462	344	46	50	2274	0	0	0	1	
4839	103426029	0	0	0	0	1	128	0	1	462	344	46	50	2328	0	0	0	1	
4840	103426062	0	0	0	0	1	128	0	1	462	344	47	50	2351	0	0	0	1	
4841	103426095	0	0	0	0	1	128	0	1	462	344	47	50	2371	0	0	0	1	
4842	103426129	0	0	0	0	1	128	0	1	462	344	47	50	2379	0	0	0	1	
4843	103426162	0	0	0	0	1	128	0	1	462	344	47	51	2388	0	0	0	1	
4844	103426196	0	0	0	0	1	128	0	1	462	344	47	51	2389	0	0	0	1	
4845	103426229	0	0	0	0	1	128	0	1	462	344	47	51	2392	0	0	0	1	
4846	103426262	0	0	0	0	1	128	0	1	462	344	47	51	2398	0	0	0	1	
4847	103426296	0	0	0	0	1	128	0	1	462	344	47	51	2397	0	0	0	1	
4848	103426329	0	0	0	0	1	128	0	1	464	344	47	51	2369	0	0	0	1	
4849	103426362	0	0	0	0	1	128	0	1	476	344	46	51	2349	0	0	0	1	
4850	103426396	0	0	0	0	1	128	0	1	476	344	46	50	2322	0	0	0	1	
4851	103426429	0	0	0	0	1	128	0	1	478	344	46	50	2304	0	0	0	1	
4852	103426463	0	0	0	0	1	128	0	1	480	344	46	50	2290	0	0	0	1	
4853	103426496	0	0	0	0	1	128	0	1	482	344	45	50	2270	0	0	0	1	
4854	103426529	0	0	0	0	1	128	0	1	484	344	45	50	2253	0	0	0	1	
4855	103426563	0	0	0	0	1	128	0	1	486	344	45	50	2245	0	0	0	1	
4856	103426596	0	0	0	0	1	128	0	1	488	344	45	50	2237	0	0	0	1	
4857	103426629	0	0	0	0	1	128	0	1	490	344	45	50	2214	0	0	0	1	
4858	103426663	0	0	0	0	1	128	0	1	498	344	44	50	2181	0	0	0	1	
4859	103426696	0	0	0	0	1	128	0	1	500	344	43	49	2149	0	0	0	1	
4860	103426729	0	0	0	0	1	128	0	1	502	344	43	49	2142	0	0	0	1	
4861	103426763	0	0	0	0	1	128	0	1	504	344	43	49	2124	0	0	0	1	
4862	103426796	0	0	0	0	1	128	0	1	504	344	43	49	2098	0	0	0	1	
4863	103426830	0	0	0	0	1	128	0	1	506	344	43	49	2092	0	0	0	1	
4864	103426863	0	0	0	0	1	128	0	1	508	344	42	49	2082	0	0	0	1	
4865	103426896	0	0	0	0	1	128	0	1	510	342	42	49	2063	0	0	0	1	
4866	103426930	0	0	0	0	1	128	0	1	510	342	42	49	2064	0	0	0	1	
4867	103426963	0	0	0	0	1	128	0	1	510	342	42	49	2067	0	0	0	1	
4868	103426996	0	0	0	0	1	128	0	1	510	342	42	49	2067	0	0	0	1	
4869	103427030	0	0	0	0	1	128	0	1	510	342	42	49	2075	0	0	0	1	
4870	103427063	0	0	0	0	1	128	0	1	506	344	43	49	2072	0	0	0	1	
4871	103427097	0	0	0	0	1	128	0	1	502	344	43	49	2123	0	0	0	1	
4872	103427130	0	0	0	0	1	128	0	1	502	344	43	50	2128	0	0	0	1	
4873	103427163	0	0	0	0	1	128	0	1	502	344	43	50	2139	0	0	0	1	
4874	103427197	0	0	0	0	1	128	0	1	502	344	43	50	2146	0	0	0	1	
4875	103427230	0	0	0	0	1	128	0	1	502	344	43	50	2158	0	0	0	1	
4876	103427263	0	0	0	0	1	128	0	1	502	344	43	50	2168	0	0	0	1	
4877	103427297	0	0	0	0	1	128	0	1	502	344	43	50	2186	0	0	0	1	
4878	103427330	0	0	0	0	1	128	0	1	502	344	44	51	2210	0	0	0	1	
4879	103427363	0	0	0	0	1	128	0	1	502	344	44	51	2221	0	0	0	1	
4880	103427397	0	0	0	0	1	128	0	1	502	344	44	51	2225	0	0	0	1	
4881	103427430	0	0	0	0	1	128	0	1	502	344	44	51	2238	0	0	0	1	
4882	103427464	0	0	0	0	1	128	0	1	502	344	44	51	2241	0	0	0	1	
4883	103427497	0	0	0	0	1	128	0	1	502	344	44	51	2250	0	0	0	1	
4884	103427530	0	0	0	0	1	128	0	1	502	344	44	51	2263	0	0	0	1	
4885	103427564	0	0	0	0	1	128	0	1	502	344	44	52	2275	0	0	0	1	
4886	103427597	0	0	0	0	1	128	0	1	502	344	44	51	2269	0	0	0	1	
4887	103427630	0	0	0	0	1	128	0	1	502	344	44	51	2276	0	0	0	1	
4888	103427664	0	0	0	0	1	128	0	1	502	344	44	51	2269	0	0	0	1	
4889	103427697	0	0	0	0	1	128	0	1	502	344	44	51	2262	0	0	0	1	
4890	103427731	0	0	0	0	1	128	0	1	502	344	44	51	2250	0	0	0	1	
4891	103427764	0	0	0	0	1	128	0	1	502	344	44	51	2236	0	0	0	1	
4892	103427797	0	0	0	0	1	128	0	1	502	344	44	51	2219	0	0	0	1	
4893	103427831	0	0	0	0	1	128	0	1	502	344	44	50	2200	0	0	0	1	
4894	103427864	0	0	0	0	1	128	0	1	502	344	43	50	2182	0	0	0	1	
4895	103427897	0	0	0	0	1	128	0	1	502	344	43	50	2174	0	0	0	1	
4896	103427931	0	0	0	0	1	128	0	1	502	344	43	50	2168	0	0	0	1	
4897	103427964	0	0	0	0	1	128	0	1	502	344	43	50	2176	0	0	0	1	
4898	103427997	0	0	0	0	1	128	0	1	496	334	45	50	2244	0	0	0	1	
4899	103428031	0	0	0	0	1	128	0	1	494	334	45	50	2236	0	0	0	1	
4900	103428064	0	0	0	0	1	128	0	1	494	334	45	50	2219	0	0	0	1	
4901	103428098	0	0	0	0	1	128	0	1	492	332	45	50	2235	0	0	0	1	
4902	103428131	0	0	0	0	1	128	0	1	492	332	45	50	2252	0	0	0	1	
4903	103428164	0	0	0	0	1	128	0	1	490	332	45	50	2262	0	0	0	1	
4904	103428198	0	0	0	0	1	128	0	1	490	330	45	50	2288	0	0	0	1	
4905	103428231	0	0	0	0	1	128	0	1	486	324	46	51	2328	0	0	0	1	
4906	103428264	0	0	0	0	1	128	0	1	484	324	46	50	2294	0	0	0	1	
4907	103428298	0	0	0	0	1	128	0	1	484	324	46	50	2305	0	0	0	1	
4908	103428331	0	0	0	0	1	128	0	1	482	324	46	50	2332	0	0	0	1	
4909	103428365	0	0	0	0	1	128	0	1	482	324	46	50	2319	0	0	0	1	
4910	103428398	0	0	0	0	1	128	0	1	482	322	47	50	2353	0	0	0	1	
4911	103428431	0	0	0	0	1	128	0	1	480	322	47	50	2364	0	0	0	1	
4912	103428465	0	0	0	0	1	128	0	1	480	322	47	51	2370	0	0	0	1	
4913	103428498	0	0	0	0	1	128	0	1	478	320	47	51	2396	0	0	0	1	
4914	103428531	0	0	0	0	1	128	0	1	476	318	46	50	2278	0	0	0	1	
4915	103428565	0	0	0	0	1	128	0	1	476	316	47	51	2394	0	0	0	1	
4916	103428598	0	0	0	0	1	128	0	1	474	316	47	51	2421	0	0	0	1	
4917	103428631	0	0	0	0	1	128	0	1	474	316	47	51	2415	0	0	0	1	
4918	103428665	0	0	0	0	1	128	0	1	474	316	48	51	2437	0	0	0	1	
4919	103428698	0	0	0	0	1	128	0	1	472	314	48	51	2423	0	0	0	1	
4920	103428732	0	0	0	0	1	128	0	1	470	308	48	51	2424	0	0	0	1	
4921	103428765	0	0	0	0	1	128	0	1	468	308	48	51	2435	0	0	0	1	
4922	103428798	0	0	0	0	1	128	0	1	468	308	47	51	2404	0	0	0	1	
4923	103428832	0	0	0	0	1	128	0	1	466	308	48	51	2448	0	0	0	1	
4924	103428865	0	0	0	0	1	128	0	1	466	308	48	51	2457	0	0	0	1	
4925	103428898	0	0	0	0	1	128	0	1	466	308	48	51	2459	0	0	0	1	
4926	103428932	0	0	0	0	1	128	0	1	466	310	46	51	2339	0	0	0	1	
4927	103428965	0	0	0	0	1	128	0	1	462	300	49	51	2487	0	0	0	1	
4928	103428999	0	0	0	0	1	128	0	1	460	300	48	51	2466	0	0	0	1	
4929	103429032	0	0	0	0	1	128	0	1	462	302	47	50	2357	0	0	0	1	
4930	103429065	0	0	0	0	1	128	0	1	460	300	49	51	2476	0	0	0	1	
4931	103429099	0	0	0	0	1	128	0	1	460	300	49	51	2500	0	0	0	1	
4932	103429132	0	0	0	0	1	128	0	1	460	300	49	51	2507	0	0	0	1	
4933	103429165	0	0	0	0	1	128	0	1	462	302	48	51	2471	0	0	0	1	
4934	103429199	0	0	0	0	1	128	0	1	462	302	48	52	2478	0	0	0	1	
4935	103429232	0	0	0	0	1	128	0	1	462	302	48	51	2479	0	0	0	1	
4936	103429265	0	0	0	0	1	128	0	0	0	0	0	0	0	0	0	0	1	
4937	103429299	0	0	0	0	1	128	0	0	0	0	0	0	0	0	0	0	1	
4938	103429332	0	0	0	0	1	128	0	1	462	302	49	51	2474	0	0	0	1	
4939	103429366	0	0	0	0	1	128	0	0	0	0	0	0	0	0	0	0	1	
4940	103429399	0	0	0	0	1	128	0	0	0	0	0	0	0	0	0	0	1	
4941	103429432	0	0	0	0	1	128	0	1	462	302	48	50	2431	0	0	0	1	
4942	103429466	0	0	0	0	1	128	0	1	462	302	48	50	2432	0	0	0	1	
4943	103429499	0	0	0	0	1	128	0	1	462	302	48	50	2417	0	0	0	1	
4944	103429532	0	0	0	0	1	128	0	1	460	302	49	50	2478	0	0	0	1	
4945	103429566	0	0	0	0	1	128	0	1	462	302	48	50	2391	0	0	0	1	
4946	103429599	0	0	0	0	1	128	0	1	462	302	48	50	2384	0	0	0	1	
4947	103429632	0	0	0	0	1	128	0	1	462	302	48	50	2385	0	0	0	1	
4948	103429666	0	0	0	0	1	128	0	1	462	304	46	49	2239	0	0	0	1	
4949	103429699	0	0	0	0	1	128	0	1	462	302	48	49	2359	0	0	0	1	
4950	103429733	0	0	0	0	1	128	0	1	462	302	47	49	2328	0	0	0	1	
4951	103429766	0	0	0	0	1	128	0	1	462	302	47	49	2276	0	0	0	1	
4952	103429799	0	0	0	0	1	128	0	1	462	302	46	48	2234	0	0	0	1	
4953	103429833	0	0	0	0	1	128	0	1	462	302	46	48	2223	0	0	0	1	
4954	103429866	0	0	0	0	1	128	0	1	462	304	44	47	2097	0	0	0	1	
4955	103429899	0	0	0	0	1	128	0	1	462	302	46	48	2184	0	0	0	1	
4956	103429933	0	0	0	0	1	128	0	1	462	302	46	48	2179	0	0	0	1	
4957	103429966	0	0	0	0	1	128	0	1	462	302	46	47	2176	0	0	0	1	
4958	103430000	0	0	0	0	1	128	0	1	462	302	46	48	2175	0	0	0	1	
4959	103430033	0	0	0	0	1	128	0	1	462	302	46	48	2165	0	0	0	1	
4960	103430066	0	0	0	0	1	128	0	1	464	302	46	48	2172	0	0	0	1	
4961	103430100	0	0	0	0	1	128	0	1	476	302	45	47	2128	0	0	0	1	
4962	103430133	0	0	0	0	1	128	0	1	478	304	45	47	2137	0	0	0	1	
4963	103430166	0	0	0	0	1	128	0	1	480	304	46	48	2171	0	0	0	1	
4964	103430200	0	0	0	0	1	128	0	1	482	304	45	48	2169	0	0	0	1	
4965	103430233	0	0	0	0	1	128	0	1	484	304	46	48	2187	0	0	0	1	
4966	103430266	0	0	0	0	1	128	0	1	486	304	46	49	2241	0	0	0	1	
4967	103430300	0	0	0	0	1	128	0	1	486	304	45	50	2252	0	0	0	1	
4968	103430333	0	0	0	0	1	128	0	1	488	304	45	50	2256	0	0	0	1	
4969	103430367	0	0	0	0	1	128	0	1	490	304	45	50	2261	0	0	0	1	
4970	103430400	0	0	0	0	1	128	0	1	492	304	45	50	2267	0	0	0	1	
4971	103430433	0	0	0	0	1	128	0	1	494	304	46	50	2279	0	0	0	1	
4972	103430467	0	0	0	0	1	128	0	1	496	304	45	50	2273	0	0	0	1	
4973	103430500	0	0	0	0	1	128	0	1	498	304	46	50	2286	0	0	0	1	
4974	103430533	0	0	0	0	1	128	0	1	500	304	45	51	2292	0	0	0	1	
4975	103430567	0	0	0	0	1	128	0	1	502	304	45	51	2301	0	0	0	1	
4976	103430600	0	0	0	0	1	128	0	1	502	304	45	51	2286	0	0	0	1	
4977	103430634	0	0	0	0	1	128	0	1	504	304	45	51	2277	0	0	0	1	
4978	103430667	0	0	0	0	1	128	0	1	506	304	45	51	2271	0	0	0	1	
4979	103430700	0	0	0	0	1	128	0	1	508	304	45	51	2263	0	0	0	1	
4980	103430734	0	0	0	0	1	128	0	1	510	304	45	51	2267	0	0	0	1	
4981	103430767	0	0	0	0	1	128	0	1	512	304	44	51	2245	0	0	0	1	
4982	103430800	0	0	0	0	1	128	0	1	514	304	44	51	2238	0	0	0	1	
4983	103430834	0	0	0	0	1	128	0	1	516	304	44	51	2234	0	0	0	1	
4984	103430867	0	0	0	0	1	128	0	1	516	304	43	51	2222	0	0	0	1	
4985	103430900	0	0	0	0	1	128	0	1	518	304	43	51	2212	0	0	0	1	
4986	103430934	0	0	0	0	1	128	0	1	524	304	43	51	2175	0	0	0	1	
4987	103430967	0	0	0	0	1	128	0	1	524	304	43	51	2188	0	0	0	1	
4988	103431001	0	0	0	0	1	128	0	1	526	304	42	51	2169	0	0	0	1	
4989	103431034	0	0	0	0	1	128	0	1	526	304	42	51	2166	0	0	0	1	
4990	103431067	0	0	0	0	1	128	0	1	528	304	42	51	2165	0	0	0	1	
4991	103431101	0	0	0	0	1	128	0	1	528	304	42	51	2160	0	0	0	1	
4992	103431134	0	0	0	0	1	128	0	1	530	304	42	51	2155	0	0	0	1	
4993	103431167	0	0	0	0	1	128	0	1	530	304	42	51	2135	0	0	0	1	
4994	103431201	0	0	0	0	1	128	0	1	530	304	41	51	2111	0	0	0	1	
4995	103431234	0	0	0	0	1	128	0	1	536	304	41	51	2058	0	0	0	1	
4996	103431268	0	0	0	0	1	128	0	1	536	304	41	51	2051	0	0	0	1	
4997	103431301	0	0	0	0	1	128	0	1	538	304	40	51	2034	0	0	0	1	
4998	103431334	0	0	0	0	1	128	0	1	538	304	40	51	2025	0	0	0	1	
4999	103431368	0	0	0	0	1	128	0	1	538	304	40	51	2020	0	0	0	1	
5000	103431401	0	0	0	0	1	128	0	1	544	304	39	51	1967	0	0	0	1	
5001	103431434	0	0	0	0	1	128	0	1	544	304	39	51	1971	0	0	0	1	
5002	103431468	0	0	0	0	1	128	0	1	544	304	39	51	1970	0	0	0	1	
5003	103431501	0	0	0	0	1	128	0	1	544	304	39	51	1968	0	0	0	1	
5004	103431535	0	0	0	0	1	128	0	1	544	304	39	50	1965	0	0	0	1	
5005	103431568	0	0	0	0	1	128	0	1	544	304	39	50	1958	0	0	0	1	
5006	103431601	0	0	0	0	1	128	0	1	544	304	39	50	1957	0	0	0	1	
5007	103431635	0	0	0	0	1	128	0	1	542	304	39	51	1977	0	0	0	1	
5008	103431668	0	0	0	0	1	128	0	1	542	306	39	50	1960	0	0	0	1	
5009	103431701	0	0	0	0	1	128	0	1	540	306	39	50	1945	0	0	0	1	
5010	103431735	0	0	0	0	1	128	0	1	540	312	39	49	1895	0	0	0	1	
5011	103431768	0	0	0	0	1	128	0	0	0	0	0	0	0	0	0	0	1	
5012	103431801	0	0	0	0	1	128	0	0	0	0	0	0	0	0	0	0	1	
5013	103431835	0	0	0	0	1	128	0	0	0	0	0	0	0	0	0	0	1	
5014	103431868	0	0	0	0	1	128	0	1	542	322	42	59	2502	0	0	0	1	
5015	103431902	0	0	0	0	1	128	0	1	538	308	40	49	1956	0	0	0	1	
5016	103431935	0	0	0	0	1	128	0	1	538	308	40	50	2009	0	0	0	1	
5017	103431968	0	0	0	0	1	128	0	1	538	308	40	50	2007	0	0	0	1	
5018	103432002	0	0	0	0	1	128	0	1	538	306	40	50	2024	0	0	0	1	
5019	103432035	0	0	0	0	1	128	0	1	538	306	40	51	2042	0	0	0	1	
5020	103432068	0	0	0	0	1	128	0	1	540	306	40	51	2041	0	0	0	1	
5021	103432102	0	0	0	0	1	128	0	1	540	306	40	51	2052	0	0	0	1	
5022	103432135	0	0	0	0	1	128	0	1	540	306	40	51	2064	0	0	0	1	
5023	103432169	0	0	0	0	1	128	0	1	540	306	40	51	2071	0	0	0	1	
5024	103432202	0	0	0	0	1	128	0	1	540	306	40	52	2084	0	0	0	1	
5025	103432235	0	0	0	0	1	128	0	1	540	304	40	51	2082	0	0	0	1	
5026	103432269	0	0	0	0	1	128	0	1	540	304	40	52	2091	0	0	0	1	
5027	103432302	0	0	0	0	1	128	0	1	540	304	41	52	2099	0	0	0	1	
5028	103432335	0	0	0	0	1	128	0	1	540	304	41	52	2103	0	0	0	1	
5029	103432369	0	0	0	0	1	128	0	1	540	304	41	52	2099	0	0	0	1	
5030	103432402	0	0	0	0	1	128	0	1	540	304	40	52	2089	0	0	0	1	
5031	103432435	0	0	0	0	1	128	0	1	540	304	40	51	2075	0	0	0	1	
5032	103432469	0	0	0	0	1	128	0	1	540	304	40	51	2063	0	0	0	1	
5033	103432502	0	0	0	0	1	128	0	1	534	308	41	50	2054	0	0	0	1	
5034	103432536	0	0	0	0	1	128	0	1	530	310	41	51	2096	0	0	0	1	
5035	103432569	0	0	0	0	1	128	0	1	530	310	42	50	2102	0	0	0	1	
5036	103432602	0	0	0	0	1	128	0	1	528	310	42	51	2114	0	0	0	1	
5037	103432636	0	0	0	0	1	128	0	1	526	312	42	50	2120	0	0	0	1	
5038	103432669	0	0	0	0	1	128	0	1	526	312	42	50	2127	0	0	0	1	
5039	103432702	0	0	0	0	1	128	0	1	524	312	42	50	2143	0	0	0	1	
5040	103432736	0	0	0	0	1	128	0	1	516	314	43	51	2191	0	0	0	1	
5041	103432769	0	0	0	0	1	128	0	1	514	316	43	51	2188	0	0	0	1	
5042	103432803	0	0	0	0	1	128	0	1	514	316	44	51	2205	0	0	0	1	
5043	103432836	0	0	0	0	1	128	0	1	512	316	43	51	2201	0	0	0	1	
5044	103432869	0	0	0	0	1	128	0	1	510	318	43	51	2196	0	0	0	1	
5045	103432903	0	0	0	0	1	128	0	1	510	318	44	50	2190	0	0	0	1	
5046	103432936	0	0	0	0	1	128	0	1	508	318	44	50	2204	0	0	0	1	
5047	103432969	0	0	0	0	1	128	0	1	506	320	44	50	2197	0	0	0	1	
5048	103433003	0	0	0	0	1	128	0	1	504	320	44	50	2200	0	0	0	1	
5049	103433036	0	0	0	0	1	128	0	1	504	320	44	50	2196	0	0	0	1	
5050	103433069	0	0	0	0	1	128	0	1	502	322	44	50	2199	0	0	0	1	
5051	103433103	0	0	0	0	1	128	0	1	500	322	44	50	2210	0	0	0	1	
5052	103433136	0	0	0	0	1	128	0	1	500	322	44	50	2204	0	0	0	1	
5053	103433170	0	0	0	0	1	128	0	1	500	322	44	50	2208	0	0	0	1	
5054	103433203	0	0	0	0	1	128	0	1	500	322	44	50	2217	0	0	0	1	
5055	103433236	0	0	0	0	1	128	0	1	500	322	45	50	2221	0	0	0	1	
5056	103433270	0	0	0	0	1	128	0	1	500	322	45	50	2225	0	0	0	1	
5057	103433303	0	0	0	0	1	128	0	1	500	322	45	50	2227	0	0	0	1	
5058	103433336	0	0	0	0	1	128	0	1	500	322	45	50	2234	0	0	0	1	
5059	103433370	0	0	0	0	1	128	0	1	500	322	45	50	2240	0	0	0	1	
5060	103433403	0	0	0	0	1	128	0	1	498	322	45	50	2254	0	0	0	1	
5061	103433437	0	0	0	0	1	128	0	1	500	322	45	50	2272	0	0	0	1	
5062	103433470	0	0	0	0	1	128	0	1	498	322	45	51	2280	0	0	0	1	
5063	103433503	0	0	0	0	1	128	0	1	498	322	45	50	2277	0	0	0	1	
5064	103433537	0	0	0	0	1	128	0	1	498	322	45	51	2285	0	0	0	1	
5065	103433570	0	0	0	0	1	128	0	1	498	322	45	51	2287	0	0	0	1	
5066	103433603	0	0	0	0	1	128	0	1	498	322	45	51	2299	0	0	0	1	
5067	103433637	0	0	0	0	1	128	0	1	500	322	45	51	2306	0	0	0	1	
5068	103433670	0	0	0	0	1	128	0	1	500	322	46	51	2311	0	0	0	1	
5069	103433703	0	0	0	0	1	128	0	1	500	322	46	51	2312	0	0	0	1	
5070	103433737	0	0	0	0	1	128	0	1	500	322	46	51	2313	0	0	0	1	
5071	103433770	0	0	0	0	1	128	0	1	500	322	46	51	2322	0	0	0	1	
5072	103433804	0	0	0	0	1	128	0	1	500	322	45	51	2298	0	0	0	1	
5073	103433837	0	0	0	0	1	128	0	1	500	322	45	50	2286	0	0	0	1	
5074	103433870	0	0	0	0	1	128	0	1	500	322	45	50	2263	0	0	0	1	
5075	103433904	0	0	0	0	1	128	0	1	500	322	45	50	2236	0	0	0	1	
5076	103433937	0	0	0	0	1	128	0	1	500	322	44	50	2196	0	0	0	1	
5077	103433970	0	0	0	0	1	128	0	1	500	322	44	49	2173	0	0	0	1	
5078	103434004	0	0	0	0	1	128	0	1	524	330	39	48	1876	0	0	0	1	
5079	103434037	0	0	0	0	1	128	0	1	532	330	39	49	1895	0	0	0	1	
5080	103434070	0	0	0	0	1	128	0	1	532	330	39	49	1889	0	0	0	1	
5081	103434104	0	0	0	0	1	128	0	1	532	330	39	48	1874	0	0	0	1	
5082	103434137	0	0	0	0	1	128	0	1	532	330	39	48	1871	0	0	0	1	
5083	103434171	0	0	0	0	1	128	0	1	532	330	39	48	1870	0	0	0	1	
5084	103434204	0	0	0	0	1	128	0	1	536	332	38	48	1838	0	0	0	1	
5085	103434237	0	0	0	0	1	128	0	1	536	332	38	49	1848	0	0	0	1	
5086	103434271	0	0	0	0	1	128	0	1	536	332	38	48	1845	0	0	0	1	
5087	103434304	0	0	0	0	1	128	0	1	536	332	38	49	1867	0	0	0	1	
5088	103434337	0	0	0	0	1	128	0	1	536	332	38	49	1872	0	0	0	1	
5089	103434371	0	0	0	0	1	128	0	1	536	332	39	49	1888	0	0	0	1	
5090	103434404	0	0	0	0	1	128	0	1	536	332	39	49	1897	0	0	0	1	
5091	103434438	0	0	0	0	1	128	0	1	534	332	39	49	1913	0	0	0	1	
5092	103434471	0	0	0	0	1	128	0	1	534	332	39	50	1926	0	0	0	1	
5093	103434504	0	0	0	0	1	128	0	1	534	332	39	50	1937	0	0	0	1	
5094	103434538	0	0	0	0	1	128	0	1	534	332	39	50	1956	0	0	0	1	
5095	103434571	0	0	0	0	1	128	0	1	534	332	39	50	1981	0	0	0	1	
5096	103434604	0	0	0	0	1	128	0	1	534	332	40	50	1996	0	0	0	1	
5097	103434638	0	0	0	0	1	128	0	1	534	332	40	51	2023	0	0	0	1	
5098	103434671	0	0	0	0	1	128	0	1	524	334	40	50	1988	0	0	0	1	
5099	103434704	0	0	0	0	1	128	0	1	494	344	44	51	2259	0	0	0	1	
5100	103434738	0	0	0	0	1	128	0	1	496	344	44	51	2270	0	0	0	1	
5101	103434771	0	0	0	0	1	128	0	1	496	346	45	52	2307	0	0	0	1	
5102	103434805	0	0	0	0	1	128	0	1	496	346	45	52	2323	0	0	0	1	
5103	103434838	0	0	0	0	1	128	0	1	496	346	45	52	2344	0	0	0	1	
5104	103434871	0	0	0	0	1	128	0	1	496	346	45	52	2342	0	0	0	1	
5105	103434905	0	0	0	0	1	128	0	1	494	350	45	52	2362	0	0	0	1	
5106	103434938	0	0	0	0	1	128	0	1	496	350	45	52	2377	0	0	0	1	
5107	103434971	0	0	0	0	1	128	0	1	496	350	45	53	2388	0	0	0	1	
5108	103435005	0	0	0	0	1	128	0	1	496	350	45	53	2390	0	0	0	1	
5109	103435038	0	0	0	0	1	128	0	1	496	350	45	53	2385	0	0	0	1	
5110	103435072	0	0	0	0	1	128	0	1	496	350	45	53	2377	0	0	0	1	
5111	103435105	0	0	0	0	1	128	0	1	496	350	45	52	2346	0	0	0	1	
5112	103435138	0	0	0	0	1	128	0	1	496	350	45	52	2326	0	0	0	1	
5113	103435172	0	0	0	0	1	128	0	1	496	350	45	52	2316	0	0	0	1	
5114	103435205	0	0	0	0	1	128	0	1	496	350	45	52	2304	0	0	0	1	
5115	103435238	0	0	0	0	1	128	0	1	496	350	45	52	2294	0	0	0	1	
5116	103435272	0	0	0	0	1	128	0	1	496	350	44	52	2291	0	0	0	1	
5117	103435305	0	0	0	0	1	128	0	1	496	350	44	52	2293	0	0	0	1	
5118	103435339	0	0	0	0	1	128	0	1	496	350	44	52	2289	0	0	0	1	
5119	103435372	0	0	0	0	1	128	0	1	496	350	45	52	2301	0	0	0	1	
5120	103435405	0	0	0	0	1	128	0	1	496	352	45	52	2311	0	0	0	1	
5121	103435439	0	0	0	0	1	128	0	1	496	350	45	52	2324	0	0	0	1	
5122	103435472	0	0	0	0	1	128	0	1	518	330	38	52	1971	0	0	0	1	
5123	103435505	0	0	0	0	1	128	0	1	518	316	44	52	2283	0	0	0	1	
5124	103435539	0	0	0	0	1	128	0	1	518	316	44	52	2295	0	0	0	1	
5125	103435572	0	0	0	0	1	128	0	1	518	316	44	53	2317	0	0	0	1	
5126	103435605	0	0	0	0	1	128	0	1	518	316	44	53	2323	0	0	0	1	
5127	103435639	0	0	0	0	1	128	0	1	518	316	44	53	2329	0	0	0	1	
5128	103435672	0	0	0	0	1	128	0	1	518	316	44	53	2339	0	0	0	1	
5129	103435706	0	0	0	0	1	128	0	1	518	316	44	53	2346	0	0	0	1	
5130	103435739	0	0	0	0	1	128	0	1	518	316	44	53	2350	0	0	0	1	
5131	103435772	0	0	0	0	1	128	0	1	518	316	44	53	2353	0	0	0	1	
5132	103435806	0	0	0	0	1	128	0	1	518	316	44	53	2350	0	0	0	1	
5133	103435839	0	0	0	0	1	128	0	1	518	316	44	53	2358	0	0	0	1	
5134	103435872	0	0	0	0	1	128	0	1	518	318	44	53	2355	0	0	0	1	
5135	103435906	0	0	0	0	1	128	0	1	518	318	44	53	2355	0	0	0	1	
5136	103435939	0	0	0	0	1	128	0	1	518	318	44	53	2352	0	0	0	1	
5137	103435972	0	0	0	0	1	128	0	1	518	318	44	53	2355	0	0	0	1	
5138	103436006	0	0	0	0	1	128	0	1	518	318	44	53	2351	0	0	0	1	
5139	103436039	0	0	0	0	1	128	0	1	518	318	44	53	2339	0	0	0	1	
5140	103436073	0	0	0	0	1	128	0	1	518	318	44	53	2334	0	0	0	1	
5141	103436106	0	0	0	0	1	128	0	1	518	318	44	53	2333	0	0	0	1	
5142	103436139	0	0	0	0	1	128	0	1	518	318	44	53	2331	0	0	0	1	
5143	103436173	0	0	0	0	1	128	0	1	500	326	47	50	2356	0	0	0	1	
5144	103436206	0	0	0	0	1	128	0	1	484	334	47	52	2455	0	0	0	1	
5145	103436239	0	0	0	0	1	128	0	1	484	334	47	52	2465	0	0	0	1	
5146	103436273	0	0	0	0	1	128	0	1	484	334	47	52	2477	0	0	0	1	
5147	103436306	0	0	0	0	1	128	0	1	484	334	47	52	2487	0	0	0	1	
5148	103436340	0	0	0	0	1	128	0	1	484	334	47	53	2496	0	0	0	1	
5149	103436373	0	0	0	0	1	128	0	1	484	334	47	53	2493	0	0	0	1	
5150	103436406	0	0	0	0	1	128	0	1	484	334	47	53	2504	0	0	0	1	
5151	103436440	0	0	0	0	1	128	0	1	484	334	47	53	2499	0	0	0	1	
5152	103436473	0	0	0	0	1	128	0	1	484	334	47	53	2484	0	0	0	1	
5153	103436506	0	0	0	0	1	128	0	1	484	334	47	53	2480	0	0	0	1	
5154	103436540	0	0	0	0	1	128	0	1	484	334	47	52	2466	0	0	0	1	
5155	103436573	0	0	0	0	1	128	0	1	484	334	47	52	2457	0	0	0	1	
5156	103436606	0	0	0	0	1	128	0	1	484	334	47	52	2432	0	0	0	1	
5157	103436640	0	0	0	0	1	128	0	1	484	334	47	52	2429	0	0	0	1	
5158	103436673	0	0	0	0	1	128	0	1	484	334	47	52	2428	0	0	0	1	
5159	103436707	0	0	0	0	1	128	0	1	484	334	47	52	2426	0	0	0	1	
5160	103436740	0	0	0	0	1	128	0	1	484	334	47	52	2423	0	0	0	1	
5161	103436773	0	0	0	0	1	128	0	1	484	334	47	52	2428	0	0	0	1	
5162	103436807	0	0	0	0	1	128	0	1	486	334	47	52	2426	0	0	0	1	
5163	103436840	0	0	0	0	1	128	0	1	486	334	47	52	2433	0	0	0	1	
5164	103436873	0	0	0	0	1	128	0	1	486	334	47	52	2441	0	0	0	1	
5165	103436907	0	0	0	0	1	128	0	1	486	334	47	52	2455	0	0	0	1	
5166	103436940	0	0	0	0	1	128	0	1	486	334	47	52	2461	0	0	0	1	
5167	103436974	0	0	0	0	1	128	0	1	496	354	44	52	2286	0	0	0	1	
5168	103437007	0	0	0	0	1	128	0	1	498	354	45	52	2324	0	0	0	1	
5169	103437040	0	0	0	0	1	128	0	1	498	354	45	52	2348	0	0	0	1	
5170	103437074	0	0	0	0	1	128	0	1	498	354	45	53	2364	0	0	0	1	
5171	103437107	0	0	0	0	1	128	0	1	498	354	45	53	2375	0	0	0	1	
5172	103437140	0	0	0	0	1	128	0	1	498	354	45	53	2382	0	0	0	1	
5173	103437174	0	0	0	0	1	128	0	1	498	356	45	53	2358	0	0	0	1	
5174	103437207	0	0	0	0	1	128	0	1	498	356	45	53	2366	0	0	0	1	
5175	103437241	0	0	0	0	1	128	0	1	498	356	45	53	2347	0	0	0	1	
5176	103437274	0	0	0	0	1	128	0	1	498	356	45	52	2332	0	0	0	1	
5177	103437307	0	0	0	0	1	128	0	1	498	358	45	52	2314	0	0	0	1	
5178	103437341	0	0	0	0	1	128	0	1	498	358	44	51	2275	0	0	0	1	
5179	103437374	0	0	0	0	1	128	0	1	498	358	44	51	2242	0	0	0	1	
5180	103437407	0	0	0	0	1	128	0	1	500	358	44	51	2217	0	0	0	1	
5181	103437441	0	0	0	0	1	128	0	1	500	358	43	51	2189	0	0	0	1	
5182	103437474	0	0	0	0	1	128	0	1	500	358	43	50	2175	0	0	0	1	
5183	103437507	0	0	0	0	1	128	0	1	498	358	43	50	2153	0	0	0	1	
5184	103437541	0	0	0	0	1	128	0	1	498	358	43	50	2142	0	0	0	1	
5185	103437574	0	0	0	0	1	128	0	1	500	358	43	50	2131	0	0	0	1	
5186	103437607	0	0	0	0	1	128	0	1	500	358	43	50	2130	0	0	0	1	
5187	103437641	0	0	0	0	1	128	0	1	500	358	43	50	2132	0	0	0	1	
5188	103437674	0	0	0	0	1	128	0	1	500	358	43	50	2122	0	0	0	1	
5189	103437708	0	0	0	0	1	128	0	1	500	358	43	50	2137	0	0	0	1	
5190	103437741	0	0	0	0	1	128	0	1	500	358	43	50	2133	0	0	0	1	
5191	103437774	0	0	0	0	1	128	0	1	500	358	43	50	2146	0	0	0	1	
5192	103437808	0	0	0	0	1	128	0	1	500	358	43	51	2163	0	0	0	1	
5193	103437841	0	0	0	0	1	128	0	1	500	360	43	51	2182	0	0	0	1	
5194	103437875	0	0	0	0	1	128	0	1	500	360	43	51	2201	0	0	0	1	
5195	103437908	0	0	0	0	1	128	0	1	500	358	43	51	2220	0	0	0	1	
5196	103437941	0	0	0	0	1	128	0	1	500	358	44	51	2248	0	0	0	1	
5197	103437975	0	0	0	0	1	128	0	1	500	358	44	51	2253	0	0	0	1	
5198	103438008	0	0	0	0	1	128	0	1	500	360	44	52	2277	0	0	0	1	
5199	103438041	0	0	0	0	1	128	0	1	500	360	44	52	2277	0	0	0	1	
5200	103438075	0	0	0	0	1	128	0	1	498	362	44	51	2263	0	0	0	1	
5201	103438108	0	0	0	0	1	128	0	0	0	0	0	0	0	0	0	0	1	
5202	103438141	0	0	0	0	1	128	0	0	0	0	0	0	0	0	0	0	1	
5203	103438175	0	0	0	0	1	128	0	0	0	0	0	0	0	0	0	0	1	
5204	103438208	0	0	0	0	1	128	0	0	0	0	0	0	0	0	0	0	1	
5205	103438241	0	0	0	0	1	128	0	0	0	0	0	0	0	0	0	0	1	
5206	103438275	0	0	0	0	1	128	0	0	0	0	0	0	0	0	0	0	1	
5207	103438308	0	0	0	0	1	128	0	1	496	358	40	48	1953	0	0	0	1	
5208	103438342	0	0	0	0	1	128	0	1	498	362	45	52	2331	0	0	0	1	
5209	103438375	0	0	0	0	1	128	0	1	498	364	45	54	2420	0	0	0	1	
5210	103438408	0	0	0	0	1	128	0	1	498	360	44	52	2316	0	0	0	1	
5211	103438442	0	0	0	0	1	128	0	1	498	360	45	52	2337	0	0	0	1	
5212	103438475	0	0	0	0	1	128	0	1	498	360	45	52	2358	0	0	0	1	
5213	103438508	0	0	0	0	1	128	0	1	498	360	45	52	2354	0	0	0	1	
5214	103438542	0	0	0	0	1	128	0	1	498	360	45	53	2372	0	0	0	1	
5215	103438575	0	0	0	0	1	128	0	1	500	360	45	53	2386	0	0	0	1	
5216	103438609	0	0	0	0	1	128	0	1	500	360	45	53	2402	0	0	0	1	
5217	103438642	0	0	0	0	1	128	0	1	500	358	45	53	2411	0	0	0	1	
5218	103438675	0	0	0	0	1	128	0	1	500	358	46	53	2426	0	0	0	1	
5219	103438709	0	0	0	0	1	128	0	1	500	358	46	53	2427	0	0	0	1	
5220	103438742	0	0	0	0	1	128	0	1	500	358	46	53	2437	0	0	0	1	
5221	103438775	0	0	0	0	1	128	0	1	500	358	46	53	2436	0	0	0	1	
5222	103438809	0	0	0	0	1	128	0	1	498	358	46	53	2431	0	0	0	1	
5223	103438842	0	0	0	0	1	128	0	1	498	342	47	55	2572	0	0	0	1	
5224	103438876	0	0	0	0	1	128	0	1	496	336	48	53	2532	0	0	0	1	
5225	103438909	0	0	0	0	1	128	0	1	496	334	48	53	2512	0	0	0	1	
5226	103438942	0	0	0	0	1	128	0	1	494	334	47	53	2507	0	0	0	1	
5227	103438976	0	0	0	0	1	128	0	1	494	332	47	53	2501	0	0	0	1	
5228	103439009	0	0	0	0	1	128	0	1	494	330	48	53	2516	0	0	0	1	
5229	103439042	0	0	0	0	1	128	0	1	494	330	47	53	2507	0	0	0	1	
5230	103439076	0	0	0	0	1	128	0	1	494	326	47	53	2525	0	0	0	1	
5231	103439109	0	0	0	0	1	128	0	1	494	318	48	53	2517	0	0	0	1	
5232	103439143	0	0	0	0	1	128	0	1	494	318	48	53	2517	0	0	0	1	
5233	103439176	0	0	0	0	1	128	0	1	494	316	48	53	2508	0	0	0	1	
5234	103439209	0	0	0	0	1	128	0	1	494	314	48	53	2516	0	0	0	1	
5235	103439243	0	0	0	0	1	128	0	1	494	314	48	52	2508	0	0	0	1	
5236	103439276	0	0	0	0	1	128	0	1	492	312	48	53	2508	0	0	0	1	
5237	103439309	0	0	0	0	1	128	0	1	492	312	48	52	2495	0	0	0	1	
5238	103439343	0	0	0	0	1	128	0	1	492	312	48	52	2493	0	0	0	1	
5239	103439376	0	0	0	0	1	128	0	1	492	310	48	52	2492	0	0	0	1	
5240	103439409	0	0	0	0	1	128	0	1	492	308	48	52	2506	0	0	0	1	
5241	103439443	0	0	0	0	1	128	0	1	490	294	48	51	2462	0	0	0	1	
5242	103439476	0	0	0	0	1	128	0	1	490	294	48	51	2444	0	0	0	1	
5243	103439510	0	0	0	0	1	128	0	1	490	294	48	51	2452	0	0	0	1	
5244	103439543	0	0	0	0	1	128	0	1	490	294	48	51	2444	0	0	0	1	
5245	103439576	0	0	0	0	1	128	0	1	490	294	48	51	2430	0	0	0	1	
5246	103439610	0	0	0	0	1	128	0	1	490	294	48	51	2431	0	0	0	1	
5247	103439643	0	0	0	0	1	128	0	1	490	294	48	51	2427	0	0	0	1	
5248	103439676	0	0	0	0	1	128	0	1	488	298	48	50	2394	0	0	0	1	
5249	103439710	0	0	0	0	1	128	0	1	490	300	48	51	2416	0	0	0	1	
5250	103439743	0	0	0	0	1	128	0	1	488	300	47	51	2412	0	0	0	1	
5251	103439776	0	0	0	0	1	128	0	1	488	300	47	51	2387	0	0	0	1	
5252	103439810	0	0	0	0	1	128	0	1	490	302	47	51	2379	0	0	0	1	
5253	103439843	0	0	0	0	1	128	0	1	490	302	46	50	2333	0	0	0	1	
5254	103439877	0	0	0	0	1	128	0	1	488	300	46	49	2274	0	0	0	1	
5255	103439910	0	0	0	0	1	128	0	1	488	302	46	49	2250	0	0	0	1	
5256	103439943	0	0	0	0	1	128	0	1	490	302	46	49	2218	0	0	0	1	
5257	103439977	0	0	0	0	1	128	0	1	488	302	45	49	2209	0	0	0	1	
5258	103440010	0	0	0	0	1	128	0	1	488	302	45	48	2195	0	0	0	1	
5259	103440043	0	0	0	0	1	128	0	1	490	302	45	48	2193	0	0	0	1	
5260	103440077	0	0	0	0	1	128	0	1	488	302	45	48	2186	0	0	0	1	
5261	103440110	0	0	0	0	1	128	0	1	488	302	45	48	2177	0	0	0	1	
5262	103440144	0	0	0	0	1	128	0	1	488	302	45	48	2168	0	0	0	1	
5263	103440177	0	0	0	0	1	128	0	1	488	302	45	48	2162	0	0	0	1	
5264	103440210	0	0	0	0	1	128	0	1	488	300	45	48	2164	0	0	0	1	
5265	103440244	0	0	0	0	1	128	0	1	488	300	45	48	2160	0	0	0	1	
5266	103440277	0	0	0	0	1	128	0	1	488	300	45	48	2156	0	0	0	1	
5267	103440310	0	0	0	0	1	128	0	1	490	302	45	48	2145	0	0	0	1	
5268	103440344	0	0	0	0	1	128	0	1	490	302	45	48	2136	0	0	0	1	
5269	103440377	0	0	0	0	1	128	0	1	490	302	45	47	2126	0	0	0	1	
5270	103440411	0	0	0	0	1	128	0	1	490	302	45	47	2120	0	0	0	1	
5271	103440444	0	0	0	0	1	128	0	1	490	302	45	47	2114	0	0	0	1	
5272	103440477	0	0	0	0	1	128	0	1	490	302	44	47	2103	0	0	0	1	
5273	103440511	0	0	0	0	1	128	0	1	494	300	44	48	2105	0	0	0	1	
5274	103440544	0	0	0	0	1	128	0	1	504	296	43	47	2034	0	0	0	1	
5275	103440577	0	0	0	0	1	128	0	1	506	296	43	48	2036	0	0	0	1	
5276	103440611	0	0	0	0	1	128	0	1	508	296	43	48	2036	0	0	0	1	
5277	103440644	0	0	0	0	1	128	0	1	508	296	43	48	2037	0	0	0	1	
5278	103440677	0	0	0	0	1	128	0	1	510	294	42	48	2026	0	0	0	1	
5279	103440711	0	0	0	0	1	128	0	1	512	294	42	48	2037	0	0	0	1	
5280	103440744	0	0	0	0	1	128	0	1	520	288	41	48	1987	0	0	0	1	
5281	103440778	0	0	0	0	1	128	0	1	520	288	41	48	1987	0	0	0	1	
5282	103440811	0	0	0	0	1	128	0	1	522	286	41	48	1990	0	0	0	1	
5283	103440844	0	0	0	0	1	128	0	1	524	286	41	48	1996	0	0	0	1	
5284	103440878	0	0	0	0	1	128	0	1	524	286	41	49	1999	0	0	0	1	
5285	103440911	0	0	0	0	1	128	0	1	528	284	41	49	1988	0	0	0	1	
5286	103440944	0	0	0	0	1	128	0	1	532	282	40	49	1967	0	0	0	1	
5287	103440978	0	0	0	0	1	128	0	1	532	282	40	50	1986	0	0	0	1	
5288	103441011	0	0	0	0	1	128	0	1	534	280	40	50	1976	0	0	0	1	
5289	103441044	0	0	0	0	1	128	0	1	534	280	40	50	1996	0	0	0	1	
5290	103441078	0	0	0	0	1	128	0	1	536	280	40	50	1992	0	0	0	1	
5291	103441111	0	0	0	0	1	128	0	1	542	274	38	50	1919	0	0	0	1	
5292	103441145	0	0	0	0	1	128	0	1	544	274	38	51	1935	0	0	0	1	
5293	103441178	0	0	0	0	1	128	0	1	544	274	38	50	1921	0	0	0	1	
5294	103441211	0	0	0	0	1	128	0	1	546	274	38	51	1951	0	0	0	1	
5295	103441245	0	0	0	0	1	128	0	1	546	274	38	50	1910	0	0	0	1	
5296	103441278	0	0	0	0	1	128	0	1	546	274	38	50	1901	0	0	0	1	
5297	103441312	0	0	0	0	1	128	0	1	550	272	37	50	1867	0	0	0	1	
5298	103441345	0	0	0	0	1	128	0	1	552	270	36	50	1819	0	0	0	1	
5299	103441378	0	0	0	0	1	128	0	1	554	270	36	51	1839	0	0	0	1	
5300	103441412	0	0	0	0	1	128	0	1	554	268	36	50	1816	0	0	0	1	
5301	103441445	0	0	0	0	1	128	0	1	558	262	40	57	2274	0	0	0	1	
5302	103441478	0	0	0	0	1	128	0	1	558	262	40	56	2252	0	0	0	1	
5303	103441512	0	0	0	0	1	128	0	1	554	268	36	50	1809	0	0	0	1	
5304	103441545	0	0	0	0	1	128	0	1	554	268	36	50	1800	0	0	0	1	
5305	103441578	0	0	0	0	1	128	0	1	554	268	36	50	1803	0	0	0	1	
5306	103441612	0	0	0	0	1	128	0	1	554	268	36	51	1820	0	0	0	1	
5307	103441645	0	0	0	0	1	128	0	1	552	270	37	50	1838	0	0	0	1	
5308	103441678	0	0	0	0	1	128	0	1	552	270	37	50	1834	0	0	0	1	
5309	103441712	0	0	0	0	1	128	0	1	552	270	36	51	1848	0	0	0	1	
5310	103441745	0	0	0	0	1	128	0	1	552	270	37	51	1865	0	0	0	1	
5311	103441779	0	0	0	0	1	128	0	1	552	270	37	50	1857	0	0	0	1	
5312	103441812	0	0	0	0	1	128	0	1	552	270	37	51	1874	0	0	0	1	
5313	103441845	0	0	0	0	1	128	0	1	552	270	37	51	1881	0	0	0	1	
5314	103441879	0	0	0	0	1	128	0	1	550	270	37	51	1887	0	0	0	1	
5315	103441912	0	0	0	0	1	128	0	1	550	270	37	51	1905	0	0	0	1	
5316	103441945	0	0	0	0	1	128	0	1	550	270	37	51	1892	0	0	0	1	
5317	103441979	0	0	0	0	1	128	0	1	550	270	37	51	1894	0	0	0	1	
5318	103442012	0	0	0	0	1	128	0	1	550	270	37	51	1902	0	0	0	1	
5319	103442046	0	0	0	0	1	128	0	1	550	270	37	51	1901	0	0	0	1	
5320	103442079	0	0	0	0	1	128	0	1	552	270	37	51	1906	0	0	0	1	
5321	103442112	0	0	0	0	1	128	0	1	552	270	37	51	1907	0	0	0	1	
5322	103442146	0	0	0	0	1	128	0	1	552	270	37	51	1904	0	0	0	1	
5323	103442179	0	0	0	0	1	128	0	1	552	270	37	52	1925	0	0	0	1	
5324	103442212	0	0	0	0	1	128	0	1	552	270	37	52	1932	0	0	0	1	
5325	103442246	0	0	0	0	1	128	0	1	552	270	37	52	1938	0	0	0	1	
5326	103442279	0	0	0	0	1	128	0	1	552	270	38	52	1943	0	0	0	1	
5327	103442312	0	0	0	0	1	128	0	1	552	270	38	53	1993	0	0	0	1	
5328	103442346	0	0	0	0	1	128	0	1	552	270	38	52	1976	0	0	0	1	
5329	103442379	0	0	0	0	1	128	0	1	552	270	38	53	1997	0	0	0	1	
5330	103442413	0	0	0	0	1	128	0	1	552	270	38	52	1981	0	0	0	1	
5331	103442446	0	0	0	0	1	128	0	1	554	262	41	60	2438	0	0	0	1	
5332	103442479	0	0	0	0	1	128	0	1	554	262	41	60	2455	0	0	0	1	
5333	103442513	0	0	0	0	1	128	0	1	552	270	38	53	2009	0	0	0	1	
5334	103442546	0	0	0	0	1	128	0	1	554	262	41	60	2467	0	0	0	1	
5335	103442579	0	0	0	0	1	128	0	1	554	262	41	60	2481	0	0	0	1	
5336	103442613	0	0	0	0	1	128	0	1	554	264	41	60	2483	0	0	0	1	
5337	103442646	0	0	0	0	1	128	0	1	552	270	38	53	2038	0	0	0	1	
5338	103442679	0	0	0	0	1	128	0	1	554	264	41	60	2484	0	0	0	1	
5339	103442713	0	0	0	0	1	128	0	1	554	262	41	61	2491	0	0	0	1	
5340	103442746	0	0	0	0	1	128	0	1	552	270	38	54	2049	0	0	0	1	
5341	103442780	0	0	0	0	1	128	0	1	554	264	42	60	2491	0	0	0	1	
5342	103442813	0	0	0	0	1	128	0	1	554	264	41	60	2493	0	0	0	1	
5343	103442846	0	0	0	0	1	128	0	1	554	262	41	60	2504	0	0	0	1	
5344	103442880	0	0	0	0	1	128	0	1	552	270	38	53	2037	0	0	0	1	
5345	103442913	0	0	0	0	1	128	0	1	550	270	38	53	2040	0	0	0	1	
5346	103442946	0	0	0	0	1	128	0	1	552	264	41	60	2481	0	0	0	1	
5347	103442980	0	0	0	0	1	128	0	1	552	262	41	61	2497	0	0	0	1	
5348	103443013	0	0	0	0	1	128	0	1	552	270	38	54	2043	0	0	0	1	
5349	103443047	0	0	0	0	1	128	0	1	560	266	47	57	2676	0	0	0	1	
5350	103443080	0	0	0	0	1	128	0	1	554	264	41	60	2473	0	0	0	1	
5351	103443113	0	0	0	0	1	128	0	1	554	262	42	60	2496	0	0	0	1	
5352	103443147	0	0	0	0	1	128	0	1	554	264	42	60	2487	0	0	0	1	
5353	103443180	0	0	0	0	1	128	0	1	554	264	42	60	2487	0	0	0	1	
5354	103443213	0	0	0	0	1	128	0	1	554	264	42	60	2483	0	0	0	1	
5355	103443247	0	0	0	0	1	128	0	1	554	264	41	60	2469	0	0	0	1	
5356	103443280	0	0	0	0	1	128	0	1	552	270	38	53	2031	0	0	0	1	
5357	103443313	0	0	0	0	1	128	0	1	554	262	41	60	2470	0	0	0	1	
5358	103443347	0	0	0	0	1	128	0	1	552	270	38	53	2024	0	0	0	1	
5359	103443380	0	0	0	0	1	128	0	1	552	268	38	54	2035	0	0	0	1	
5360	103443414	0	0	0	0	1	128	0	1	552	270	38	53	2023	0	0	0	1	
5361	103443447	0	0	0	0	1	128	0	1	548	272	37	53	1962	0	0	0	1	
5362	103443480	0	0	0	0	1	128	0	0	0	0	0	0	0	0	0	0	1	
5363	103443514	0	0	0	0	1	128	0	1	496	322	46	52	2418	0	0	0	1	
5364	103443547	0	0	0	0	1	128	0	1	498	322	47	52	2461	0	0	0	1	
5365	103443580	0	0	0	0	1	128	0	1	500	322	47	53	2464	0	0	0	1	
5366	103443614	0	0	0	0	1	128	0	1	500	322	47	53	2463	0	0	0	1	
5367	103443647	0	0	0	0	1	128	0	1	500	322	47	53	2456	0	0	0	1	
5368	103443681	0	0	0	0	1	128	0	1	500	322	46	53	2442	0	0	0	1	
5369	103443714	0	0	0	0	1	128	0	1	496	324	46	52	2403	0	0	0	1	
5370	103443747	0	0	0	0	1	128	0	1	494	324	46	52	2420	0	0	0	1	
5371	103443781	0	0	0	0	1	128	0	1	494	324	46	52	2390	0	0	0	1	
5372	103443814	0	0	0	0	1	128	0	1	494	324	46	51	2375	0	0	0	1	
5373	103443847	0	0	0	0	1	128	0	1	494	324	46	51	2361	0	0	0	1	
5374	103443881	0	0	0	0	1	128	0	1	494	324	46	51	2345	0	0	0	1	
5375	103443914	0	0	0	0	1	128	0	1	494	324	46	51	2328	0	0	0	1	
5376	103443947	0	0	0	0	1	128	0	1	494	326	46	51	2326	0	0	0	1	
5377	103443981	0	0	0	0	1	128	0	1	494	326	46	50	2301	0	0	0	1	
5378	103444014	0	0	0	0	1	128	0	1	494	326	45	50	2275	0	0	0	1	
5379	103444048	0	0	0	0	1	128	0	1	494	326	45	50	2234	0	0	0	1	
5380	103444081	0	0	0	0	1	128	0	1	494	326	44	49	2180	0	0	0	1	
5381	103444114	0	0	0	0	1	128	0	1	500	322	43	49	2126	0	0	0	1	
5382	103444148	0	0	0	0	1	128	0	1	508	320	43	48	2058	0	0	0	1	
5383	103444181	0	0	0	0	1	128	0	1	508	320	42	48	2032	0	0	0	1	
5384	103444214	0	0	0	0	1	128	0	1	508	320	42	48	2012	0	0	0	1	
5385	103444248	0	0	0	0	1	128	0	1	508	320	42	48	1998	0	0	0	1	
5386	103444281	0	0	0	0	1	128	0	1	508	320	42	47	1983	0	0	0	1	
5387	103444315	0	0	0	0	1	128	0	1	508	320	42	47	1971	0	0	0	1	
5388	103444348	0	0	0	0	1	128	0	1	508	320	42	47	1964	0	0	0	1	
5389	103444381	0	0	0	0	1	128	0	1	508	320	42	47	1957	0	0	0	1	
5390	103444415	0	0	0	0	1	128	0	1	508	320	42	47	1963	0	0	0	1	
5391	103444448	0	0	0	0	1	128	0	1	508	320	42	47	1967	0	0	0	1	
5392	103444481	0	0	0	0	1	128	0	1	508	320	42	47	1975	0	0	0	1	
5393	103444515	0	0	0	0	1	128	0	1	508	320	42	47	1986	0	0	0	1	
5394	103444548	0	0	0	0	1	128	0	1	498	324	43	47	2023	0	0	0	1	
