Version	1.08	gmtime	1440676111
index	timestamp	eyeroihoriz	eyeroivert	eyeroizoomx	eyeroizoomy	blendmode	blendfactor	onlinecalib	eye_valid	eye_x	eye_y	eye_w	eye_h	eye_a	field_x	field_y	displaymode	displayeyedetection	event
5801	11579544	0	0	0	0	1	128	0	1	380	350	50	54	2704	0	0	0	1	
5802	11579577	0	0	0	0	1	128	0	1	380	350	50	54	2723	0	0	0	1	
5803	11579611	0	0	0	0	1	128	0	1	380	350	50	54	2725	0	0	0	1	
5804	11579644	0	0	0	0	1	128	0	1	380	350	50	55	2738	0	0	0	1	
5805	11579677	0	0	0	0	1	128	0	1	380	350	50	55	2737	0	0	0	1	
5806	11579711	0	0	0	0	1	128	0	1	380	350	50	55	2731	0	0	0	1	
5807	11579744	0	0	0	0	1	128	0	1	380	350	50	55	2727	0	0	0	1	
5808	11579778	0	0	0	0	1	128	0	1	380	350	50	55	2727	0	0	0	1	
5809	11579811	0	0	0	0	1	128	0	1	380	350	50	54	2718	0	0	0	1	
5810	11579844	0	0	0	0	1	128	0	1	382	348	50	54	2705	0	0	0	1	
5811	11579878	0	0	0	0	1	128	0	1	382	348	50	54	2694	0	0	0	1	
5812	11579911	0	0	0	0	1	128	0	1	382	348	50	54	2686	0	0	0	1	
5813	11579944	0	0	0	0	1	128	0	1	382	348	49	54	2674	0	0	0	1	
5814	11579978	0	0	0	0	1	128	0	1	382	348	49	54	2660	0	0	0	1	
5815	11580011	0	0	0	0	1	128	0	1	382	348	49	54	2647	0	0	0	1	
5816	11580045	0	0	0	0	1	128	0	1	382	348	49	54	2641	0	0	0	1	
5817	11580078	0	0	0	0	1	128	0	1	390	344	48	53	2579	0	0	0	1	
5818	11580111	0	0	0	0	1	128	0	1	390	344	48	53	2583	0	0	0	1	
5819	11580145	0	0	0	0	1	128	0	1	390	344	48	53	2573	0	0	0	1	
5820	11580178	0	0	0	0	1	128	0	1	390	344	48	53	2575	0	0	0	1	
5821	11580211	0	0	0	0	1	128	0	1	390	344	48	53	2564	0	0	0	1	
5822	11580245	0	0	0	0	1	128	0	1	390	344	48	53	2565	0	0	0	1	
5823	11580278	0	0	0	0	1	128	0	1	390	344	48	53	2562	0	0	0	1	
5824	11580311	0	0	0	0	1	128	0	1	390	344	48	53	2563	0	0	0	1	
5825	11580345	0	0	0	0	1	128	0	1	390	344	48	53	2567	0	0	0	1	
5826	11580378	0	0	0	0	1	128	0	1	390	344	49	53	2575	0	0	0	1	
5827	11580412	0	0	0	0	1	128	0	1	390	344	49	53	2575	0	0	0	1	
5828	11580445	0	0	0	0	1	128	0	1	390	344	49	53	2579	0	0	0	1	
5829	11580478	0	0	0	0	1	128	0	1	386	348	49	53	2596	0	0	0	1	
5830	11580512	0	0	0	0	1	128	0	1	386	350	49	54	2611	0	0	0	1	
5831	11580545	0	0	0	0	1	128	0	1	386	350	49	54	2621	0	0	0	1	
5832	11580578	0	0	0	0	1	128	0	1	386	350	49	54	2648	0	0	0	1	
5833	11580612	0	0	0	0	1	128	0	1	386	350	49	54	2671	0	0	0	1	
5834	11580645	0	0	0	0	1	128	0	1	386	350	49	54	2689	0	0	0	1	
5835	11580679	0	0	0	0	1	128	0	1	386	350	50	54	2692	0	0	0	1	
5836	11580712	0	0	0	0	1	128	0	1	386	350	49	54	2695	0	0	0	1	
5837	11580745	0	0	0	0	1	128	0	1	386	350	50	54	2694	0	0	0	1	
5838	11580779	0	0	0	0	1	128	0	1	386	350	49	54	2688	0	0	0	1	
5839	11580812	0	0	0	0	1	128	0	1	386	350	49	54	2667	0	0	0	1	
5840	11580845	0	0	0	0	1	128	0	1	386	350	49	54	2662	0	0	0	1	
5841	11580879	0	0	0	0	1	128	0	1	386	350	49	54	2642	0	0	0	1	
5842	11580912	0	0	0	0	1	128	0	1	386	350	49	54	2621	0	0	0	1	
5843	11580946	0	0	0	0	1	128	0	1	386	350	49	54	2611	0	0	0	1	
5844	11580979	0	0	0	0	1	128	0	1	386	350	49	54	2606	0	0	0	1	
5845	11581012	0	0	0	0	1	128	0	1	388	358	48	53	2518	0	0	0	1	
5846	11581046	0	0	0	0	1	128	0	0	0	0	0	0	0	0	0	0	1	
5847	11581079	0	0	0	0	1	128	0	0	0	0	0	0	0	0	0	0	1	
5848	11581112	0	0	0	0	1	128	0	0	0	0	0	0	0	0	0	0	1	
5849	11581146	0	0	0	0	1	128	0	1	386	358	41	46	1909	0	0	0	1	
5850	11581179	0	0	0	0	1	128	0	1	384	362	44	51	2281	0	0	0	1	
5851	11581212	0	0	0	0	1	128	0	1	384	362	45	53	2345	0	0	0	1	
5852	11581246	0	0	0	0	1	128	0	1	384	362	46	53	2444	0	0	0	1	
5853	11581279	0	0	0	0	1	128	0	1	386	364	46	53	2463	0	0	0	1	
5854	11581313	0	0	0	0	1	128	0	1	386	364	48	53	2516	0	0	0	1	
5855	11581346	0	0	0	0	1	128	0	1	386	364	48	53	2521	0	0	0	1	
5856	11581379	0	0	0	0	1	128	0	1	386	362	48	53	2544	0	0	0	1	
5857	11581413	0	0	0	0	1	128	0	1	382	364	48	52	2509	0	0	0	1	
5858	11581446	0	0	0	0	1	128	0	1	340	404	48	53	2549	0	0	0	1	
5859	11581479	0	0	0	0	1	128	0	1	340	402	47	53	2511	0	0	0	1	
5860	11581513	0	0	0	0	1	128	0	1	340	402	47	54	2541	0	0	0	1	
5861	11581546	0	0	0	0	1	128	0	1	340	402	48	54	2572	0	0	0	1	
5862	11581580	0	0	0	0	1	128	0	1	340	402	48	54	2591	0	0	0	1	
5863	11581613	0	0	0	0	1	128	0	1	340	402	48	54	2602	0	0	0	1	
5864	11581646	0	0	0	0	1	128	0	1	340	402	48	54	2617	0	0	0	1	
5865	11581680	0	0	0	0	1	128	0	1	344	404	48	55	2599	0	0	0	1	
5866	11581713	0	0	0	0	1	128	0	1	344	404	48	54	2597	0	0	0	1	
5867	11581746	0	0	0	0	1	128	0	1	344	404	48	55	2600	0	0	0	1	
5868	11581780	0	0	0	0	1	128	0	1	344	404	48	55	2597	0	0	0	1	
5869	11581813	0	0	0	0	1	128	0	1	344	404	48	54	2593	0	0	0	1	
5870	11581846	0	0	0	0	1	128	0	1	344	404	47	54	2576	0	0	0	1	
5871	11581880	0	0	0	0	1	128	0	1	344	404	47	54	2554	0	0	0	1	
5872	11581913	0	0	0	0	1	128	0	1	344	404	47	54	2530	0	0	0	1	
5873	11581947	0	0	0	0	1	128	0	1	344	404	47	53	2500	0	0	0	1	
5874	11581980	0	0	0	0	1	128	0	1	350	402	46	54	2485	0	0	0	1	
5875	11582013	0	0	0	0	1	128	0	1	436	384	48	55	2617	0	0	0	1	
5876	11582047	0	0	0	0	1	128	0	1	436	376	39	51	2010	0	0	0	1	
5877	11582080	0	0	0	0	1	128	0	1	436	376	39	51	1976	0	0	0	1	
5878	11582113	0	0	0	0	1	128	0	1	436	376	39	51	1964	0	0	0	1	
5879	11582147	0	0	0	0	1	128	0	1	436	376	39	51	1963	0	0	0	1	
5880	11582180	0	0	0	0	1	128	0	1	446	370	37	51	1883	0	0	0	1	
5881	11582214	0	0	0	0	1	128	0	1	446	370	37	51	1898	0	0	0	1	
5882	11582247	0	0	0	0	1	128	0	1	446	370	37	51	1895	0	0	0	1	
5883	11582280	0	0	0	0	1	128	0	1	446	370	37	51	1897	0	0	0	1	
5884	11582314	0	0	0	0	1	128	0	1	446	370	37	51	1894	0	0	0	1	
5885	11582347	0	0	0	0	1	128	0	1	446	366	38	51	1918	0	0	0	1	
5886	11582380	0	0	0	0	1	128	0	1	442	296	46	63	2893	0	0	0	1	
5887	11582414	0	0	0	0	1	128	0	1	424	290	44	51	2258	0	0	0	1	
5888	11582447	0	0	0	0	1	128	0	1	422	292	44	52	2292	0	0	0	1	
5889	11582480	0	0	0	0	1	128	0	1	422	292	44	52	2309	0	0	0	1	
5890	11582514	0	0	0	0	1	128	0	1	422	292	45	52	2327	0	0	0	1	
5891	11582547	0	0	0	0	1	128	0	1	420	292	45	52	2330	0	0	0	1	
5892	11582581	0	0	0	0	1	128	0	1	420	294	45	52	2337	0	0	0	1	
5893	11582614	0	0	0	0	1	128	0	1	420	294	45	52	2358	0	0	0	1	
5894	11582647	0	0	0	0	1	128	0	0	0	0	0	0	0	0	0	0	1	
5895	11582681	0	0	0	0	1	128	0	1	324	312	52	53	2755	0	0	0	1	
5896	11582714	0	0	0	0	1	128	0	1	324	312	53	53	2773	0	0	0	1	
5897	11582747	0	0	0	0	1	128	0	1	324	312	52	53	2760	0	0	0	1	
5898	11582781	0	0	0	0	1	128	0	1	324	312	52	53	2757	0	0	0	1	
5899	11582814	0	0	0	0	1	128	0	1	324	312	52	53	2751	0	0	0	1	
5900	11582847	0	0	0	0	1	128	0	1	324	312	52	53	2737	0	0	0	1	
5901	11582881	0	0	0	0	1	128	0	1	324	312	52	52	2723	0	0	0	1	
5902	11582914	0	0	0	0	1	128	0	1	326	312	52	52	2701	0	0	0	1	
5903	11582948	0	0	0	0	1	128	0	1	326	312	52	52	2685	0	0	0	1	
5904	11582981	0	0	0	0	1	128	0	1	326	312	51	52	2668	0	0	0	1	
5905	11583014	0	0	0	0	1	128	0	1	326	312	51	52	2648	0	0	0	1	
5906	11583048	0	0	0	0	1	128	0	1	326	312	51	51	2631	0	0	0	1	
5907	11583081	0	0	0	0	1	128	0	1	326	312	51	51	2600	0	0	0	1	
5908	11583114	0	0	0	0	1	128	0	1	326	312	51	51	2583	0	0	0	1	
5909	11583148	0	0	0	0	1	128	0	0	0	0	0	0	0	0	0	0	1	
5910	11583181	0	0	0	0	1	128	0	1	416	286	42	49	2096	0	0	0	1	
5911	11583215	0	0	0	0	1	128	0	1	416	286	43	49	2112	0	0	0	1	
5912	11583248	0	0	0	0	1	128	0	1	416	286	43	49	2101	0	0	0	1	
5913	11583281	0	0	0	0	1	128	0	1	416	286	43	49	2094	0	0	0	1	
5914	11583315	0	0	0	0	1	128	0	1	416	286	43	49	2088	0	0	0	1	
5915	11583348	0	0	0	0	1	128	0	1	424	286	42	49	2029	0	0	0	1	
5916	11583381	0	0	0	0	1	128	0	1	422	286	42	49	2028	0	0	0	1	
5917	11583415	0	0	0	0	1	128	0	1	422	286	41	49	2014	0	0	0	1	
5918	11583448	0	0	0	0	1	128	0	1	422	286	41	48	2006	0	0	0	1	
5919	11583481	0	0	0	0	1	128	0	1	422	286	41	48	1993	0	0	0	1	
5920	11583515	0	0	0	0	1	128	0	1	422	286	41	48	1985	0	0	0	1	
5921	11583548	0	0	0	0	1	128	0	1	426	294	41	45	1835	0	0	0	1	
5922	11583582	0	0	0	0	1	128	0	1	438	340	37	44	1641	0	0	0	1	
5923	11583615	0	0	0	0	1	128	0	1	442	372	35	46	1590	0	0	0	1	
5924	11583648	0	0	0	0	1	128	0	1	442	374	35	47	1646	0	0	0	1	
5925	11583682	0	0	0	0	1	128	0	1	442	374	35	47	1651	0	0	0	1	
5926	11583715	0	0	0	0	1	128	0	1	442	374	35	47	1668	0	0	0	1	
5927	11583748	0	0	0	0	1	128	0	1	442	374	35	48	1674	0	0	0	1	
5928	11583782	0	0	0	0	1	128	0	1	442	374	35	48	1690	0	0	0	1	
5929	11583815	0	0	0	0	1	128	0	1	442	374	35	48	1698	0	0	0	1	
5930	11583849	0	0	0	0	1	128	0	1	442	374	35	48	1695	0	0	0	1	
5931	11583882	0	0	0	0	1	128	0	1	442	374	35	48	1697	0	0	0	1	
5932	11583915	0	0	0	0	1	128	0	1	442	374	35	48	1697	0	0	0	1	
5933	11583949	0	0	0	0	1	128	0	1	376	394	41	50	2052	0	0	0	1	
5934	11583982	0	0	0	0	1	128	0	1	340	400	43	49	2084	0	0	0	1	
5935	11584015	0	0	0	0	1	128	0	1	340	400	43	49	2108	0	0	0	1	
5936	11584049	0	0	0	0	1	128	0	1	340	400	43	49	2114	0	0	0	1	
5937	11584082	0	0	0	0	1	128	0	1	340	400	44	49	2146	0	0	0	1	
5938	11584115	0	0	0	0	1	128	0	1	340	400	44	50	2175	0	0	0	1	
5939	11584149	0	0	0	0	1	128	0	1	340	402	44	50	2197	0	0	0	1	
5940	11584182	0	0	0	0	1	128	0	1	340	402	44	50	2224	0	0	0	1	
5941	11584216	0	0	0	0	1	128	0	1	340	402	44	51	2253	0	0	0	1	
5942	11584249	0	0	0	0	1	128	0	1	340	402	45	51	2279	0	0	0	1	
5943	11584282	0	0	0	0	1	128	0	1	340	402	45	51	2297	0	0	0	1	
5944	11584316	0	0	0	0	1	128	0	1	340	402	45	51	2311	0	0	0	1	
5945	11584349	0	0	0	0	1	128	0	1	340	402	45	51	2308	0	0	0	1	
5946	11584382	0	0	0	0	1	128	0	1	344	402	45	51	2297	0	0	0	1	
5947	11584416	0	0	0	0	1	128	0	1	344	402	45	51	2281	0	0	0	1	
5948	11584449	0	0	0	0	1	128	0	1	346	402	44	51	2247	0	0	0	1	
5949	11584483	0	0	0	0	1	128	0	1	346	402	44	50	2229	0	0	0	1	
5950	11584516	0	0	0	0	1	128	0	1	346	402	44	50	2207	0	0	0	1	
5951	11584549	0	0	0	0	1	128	0	1	346	402	44	50	2178	0	0	0	1	
5952	11584583	0	0	0	0	1	128	0	1	346	402	43	50	2162	0	0	0	1	
5953	11584616	0	0	0	0	1	128	0	1	346	402	43	50	2146	0	0	0	1	
5954	11584649	0	0	0	0	1	128	0	1	346	402	43	49	2120	0	0	0	1	
5955	11584683	0	0	0	0	1	128	0	1	346	402	43	49	2096	0	0	0	1	
5956	11584716	0	0	0	0	1	128	0	1	346	402	43	49	2082	0	0	0	1	
5957	11584749	0	0	0	0	1	128	0	0	0	0	0	0	0	0	0	0	1	
5958	11584783	0	0	0	0	1	128	0	1	336	320	48	50	2371	0	0	0	1	
5959	11584816	0	0	0	0	1	128	0	1	336	304	48	49	2330	0	0	0	1	
5960	11584850	0	0	0	0	1	128	0	1	336	306	48	48	2289	0	0	0	1	
5961	11584883	0	0	0	0	1	128	0	1	334	306	47	48	2265	0	0	0	1	
5962	11584916	0	0	0	0	1	128	0	1	334	306	48	48	2301	0	0	0	1	
5963	11584950	0	0	0	0	1	128	0	1	330	306	47	48	2265	0	0	0	1	
5964	11584983	0	0	0	0	1	128	0	1	326	310	48	48	2309	0	0	0	1	
5965	11585016	0	0	0	0	1	128	0	1	326	310	48	48	2312	0	0	0	1	
5966	11585050	0	0	0	0	1	128	0	1	326	310	48	48	2310	0	0	0	1	
5967	11585083	0	0	0	0	1	128	0	1	326	310	48	48	2308	0	0	0	1	
5968	11585116	0	0	0	0	1	128	0	1	330	308	48	49	2331	0	0	0	1	
5969	11585150	0	0	0	0	1	128	0	1	406	288	41	47	1914	0	0	0	1	
5970	11585183	0	0	0	0	1	128	0	1	416	286	41	47	1917	0	0	0	1	
5971	11585217	0	0	0	0	1	128	0	1	416	286	41	47	1913	0	0	0	1	
5972	11585250	0	0	0	0	1	128	0	1	416	284	40	47	1899	0	0	0	1	
5973	11585283	0	0	0	0	1	128	0	1	418	284	40	47	1881	0	0	0	1	
5974	11585317	0	0	0	0	1	128	0	1	424	284	39	46	1803	0	0	0	1	
5975	11585350	0	0	0	0	1	128	0	1	424	284	39	46	1798	0	0	0	1	
5976	11585383	0	0	0	0	1	128	0	1	424	284	39	46	1787	0	0	0	1	
5977	11585417	0	0	0	0	1	128	0	1	424	284	39	46	1772	0	0	0	1	
5978	11585450	0	0	0	0	1	128	0	1	424	284	38	46	1766	0	0	0	1	
5979	11585484	0	0	0	0	1	128	0	1	424	284	38	46	1760	0	0	0	1	
5980	11585517	0	0	0	0	1	128	0	1	424	284	38	46	1748	0	0	0	1	
5981	11585550	0	0	0	0	1	128	0	1	424	284	38	46	1741	0	0	0	1	
5982	11585584	0	0	0	0	1	128	0	1	424	284	38	45	1728	0	0	0	1	
5983	11585617	0	0	0	0	1	128	0	1	424	284	38	45	1720	0	0	0	1	
5984	11585650	0	0	0	0	1	128	0	1	444	314	44	60	2605	0	0	0	1	
5985	11585684	0	0	0	0	1	128	0	1	436	358	34	40	1370	0	0	0	1	
5986	11585717	0	0	0	0	1	128	0	1	438	374	33	44	1479	0	0	0	1	
5987	11585750	0	0	0	0	1	128	0	1	438	374	34	44	1487	0	0	0	1	
5988	11585784	0	0	0	0	1	128	0	1	438	374	33	44	1479	0	0	0	1	
5989	11585817	0	0	0	0	1	128	0	1	438	374	33	44	1463	0	0	0	1	
5990	11585851	0	0	0	0	1	128	0	1	438	374	33	44	1466	0	0	0	1	
5991	11585884	0	0	0	0	1	128	0	1	438	376	33	44	1460	0	0	0	1	
5992	11585917	0	0	0	0	1	128	0	1	446	374	32	44	1408	0	0	0	1	
5993	11585951	0	0	0	0	1	128	0	1	444	374	32	44	1401	0	0	0	1	
5994	11585984	0	0	0	0	1	128	0	1	444	374	32	44	1398	0	0	0	1	
5995	11586017	0	0	0	0	1	128	0	1	444	374	32	44	1407	0	0	0	1	
5996	11586051	0	0	0	0	1	128	0	1	444	374	32	44	1411	0	0	0	1	
5997	11586084	0	0	0	0	1	128	0	1	440	374	33	44	1424	0	0	0	1	
5998	11586118	0	0	0	0	1	128	0	1	440	376	33	44	1453	0	0	0	1	
5999	11586151	0	0	0	0	1	128	0	1	440	376	33	44	1465	0	0	0	1	
6000	11586184	0	0	0	0	1	128	0	1	440	376	33	44	1471	0	0	0	1	
6001	11586218	0	0	0	0	1	128	0	1	440	376	33	45	1487	0	0	0	1	
6002	11586251	0	0	0	0	1	128	0	1	440	376	34	45	1514	0	0	0	1	
6003	11586284	0	0	0	0	1	128	0	1	398	370	35	41	1422	0	0	0	1	
6004	11586318	0	0	0	0	1	128	0	0	0	0	0	0	0	0	0	0	1	
6005	11586351	0	0	0	0	1	128	0	1	332	316	46	47	2173	0	0	0	1	
6006	11586385	0	0	0	0	1	128	0	1	332	316	47	47	2200	0	0	0	1	
6007	11586418	0	0	0	0	1	128	0	1	332	316	47	47	2222	0	0	0	1	
6008	11586451	0	0	0	0	1	128	0	1	330	316	47	48	2255	0	0	0	1	
6009	11586485	0	0	0	0	1	128	0	1	330	316	48	48	2288	0	0	0	1	
6010	11586518	0	0	0	0	1	128	0	1	330	316	48	48	2320	0	0	0	1	
6011	11586551	0	0	0	0	1	128	0	1	330	316	48	48	2338	0	0	0	1	
6012	11586585	0	0	0	0	1	128	0	0	0	0	0	0	0	0	0	0	1	
6013	11586618	0	0	0	0	1	128	0	1	394	352	43	48	2059	0	0	0	1	
6014	11586651	0	0	0	0	1	128	0	1	394	350	43	48	2079	0	0	0	1	
6015	11586685	0	0	0	0	1	128	0	1	394	350	43	48	2070	0	0	0	1	
6016	11586718	0	0	0	0	1	128	0	1	394	350	43	48	2062	0	0	0	1	
6017	11586752	0	0	0	0	1	128	0	1	394	350	43	48	2057	0	0	0	1	
6018	11586785	0	0	0	0	1	128	0	1	392	344	44	48	2087	0	0	0	1	
6019	11586818	0	0	0	0	1	128	0	1	392	344	43	48	2085	0	0	0	1	
6020	11586852	0	0	0	0	1	128	0	1	390	344	43	48	2066	0	0	0	1	
6021	11586885	0	0	0	0	1	128	0	1	390	344	43	48	2057	0	0	0	1	
6022	11586918	0	0	0	0	1	128	0	1	390	344	43	48	2055	0	0	0	1	
6023	11586952	0	0	0	0	1	128	0	1	390	344	43	48	2063	0	0	0	1	
6024	11586985	0	0	0	0	1	128	0	1	390	344	43	48	2075	0	0	0	1	
6025	11587019	0	0	0	0	1	128	0	1	390	344	43	48	2078	0	0	0	1	
6026	11587052	0	0	0	0	1	128	0	1	390	344	43	48	2096	0	0	0	1	
6027	11587085	0	0	0	0	1	128	0	1	390	344	44	49	2112	0	0	0	1	
6028	11587119	0	0	0	0	1	128	0	1	390	344	44	49	2133	0	0	0	1	
6029	11587152	0	0	0	0	1	128	0	1	390	344	44	49	2142	0	0	0	1	
6030	11587185	0	0	0	0	1	128	0	1	390	344	44	49	2147	0	0	0	1	
6031	11587219	0	0	0	0	1	128	0	1	390	344	44	49	2163	0	0	0	1	
6032	11587252	0	0	0	0	1	128	0	1	390	344	44	49	2158	0	0	0	1	
6033	11587285	0	0	0	0	1	128	0	1	390	344	44	49	2141	0	0	0	1	
6034	11587319	0	0	0	0	1	128	0	1	390	344	44	48	2115	0	0	0	1	
6035	11587352	0	0	0	0	1	128	0	1	390	344	43	48	2095	0	0	0	1	
6036	11587386	0	0	0	0	1	128	0	1	390	344	43	48	2064	0	0	0	1	
6037	11587419	0	0	0	0	1	128	0	1	390	344	43	47	2041	0	0	0	1	
6038	11587452	0	0	0	0	1	128	0	1	390	344	43	47	2014	0	0	0	1	
6039	11587486	0	0	0	0	1	128	0	1	390	344	42	47	1984	0	0	0	1	
6040	11587519	0	0	0	0	1	128	0	1	390	344	42	47	1964	0	0	0	1	
6041	11587552	0	0	0	0	1	128	0	1	390	344	42	46	1947	0	0	0	1	
6042	11587586	0	0	0	0	1	128	0	1	390	344	42	46	1924	0	0	0	1	
6043	11587619	0	0	0	0	1	128	0	1	390	344	42	46	1909	0	0	0	1	
6044	11587653	0	0	0	0	1	128	0	1	390	344	42	46	1901	0	0	0	1	
6045	11587686	0	0	0	0	1	128	0	1	390	344	42	46	1895	0	0	0	1	
6046	11587719	0	0	0	0	1	128	0	1	390	344	42	46	1890	0	0	0	1	
6047	11587753	0	0	0	0	1	128	0	1	390	344	42	46	1889	0	0	0	1	
6048	11587786	0	0	0	0	1	128	0	1	390	344	42	46	1897	0	0	0	1	
6049	11587819	0	0	0	0	1	128	0	1	390	344	42	46	1901	0	0	0	1	
6050	11587853	0	0	0	0	1	128	0	1	390	344	42	46	1909	0	0	0	1	
6051	11587886	0	0	0	0	1	128	0	1	390	344	42	46	1917	0	0	0	1	
6052	11587919	0	0	0	0	1	128	0	1	390	344	42	46	1938	0	0	0	1	
6053	11587953	0	0	0	0	1	128	0	1	390	344	42	46	1956	0	0	0	1	
6054	11587986	0	0	0	0	1	128	0	1	390	344	42	46	1962	0	0	0	1	
6055	11588020	0	0	0	0	1	128	0	1	390	344	43	46	1974	0	0	0	1	
6056	11588053	0	0	0	0	1	128	0	1	390	344	43	47	1985	0	0	0	1	
6057	11588086	0	0	0	0	1	128	0	1	390	344	43	47	1990	0	0	0	1	
6058	11588120	0	0	0	0	1	128	0	1	390	344	43	47	1988	0	0	0	1	
6059	11588153	0	0	0	0	1	128	0	1	390	344	43	47	1985	0	0	0	1	
6060	11588186	0	0	0	0	1	128	0	1	390	344	43	46	1976	0	0	0	1	
6061	11588220	0	0	0	0	1	128	0	1	390	344	42	46	1963	0	0	0	1	
6062	11588253	0	0	0	0	1	128	0	1	390	344	42	46	1966	0	0	0	1	
6063	11588286	0	0	0	0	1	128	0	1	390	344	42	46	1943	0	0	0	1	
6064	11588320	0	0	0	0	1	128	0	1	390	344	42	46	1950	0	0	0	1	
6065	11588353	0	0	0	0	1	128	0	1	390	344	42	46	1940	0	0	0	1	
6066	11588387	0	0	0	0	1	128	0	1	392	348	38	45	1698	0	0	0	1	
6067	11588420	0	0	0	0	1	128	0	1	390	344	42	46	1938	0	0	0	1	
6068	11588453	0	0	0	0	1	128	0	1	386	344	42	46	1924	0	0	0	1	
6069	11588487	0	0	0	0	1	128	0	1	354	340	45	46	2072	0	0	0	1	
6070	11588520	0	0	0	0	1	128	0	1	354	340	45	46	2077	0	0	0	1	
6071	11588553	0	0	0	0	1	128	0	1	354	340	44	46	2050	0	0	0	1	
6072	11588587	0	0	0	0	1	128	0	1	354	340	45	46	2066	0	0	0	1	
6073	11588620	0	0	0	0	1	128	0	1	354	340	45	47	2081	0	0	0	1	
6074	11588654	0	0	0	0	1	128	0	1	350	340	45	47	2112	0	0	0	1	
6075	11588687	0	0	0	0	1	128	0	1	350	340	45	47	2116	0	0	0	1	
6076	11588720	0	0	0	0	1	128	0	1	350	340	45	47	2122	0	0	0	1	
6077	11588754	0	0	0	0	1	128	0	1	350	340	46	47	2148	0	0	0	1	
6078	11588787	0	0	0	0	1	128	0	1	350	340	46	47	2159	0	0	0	1	
6079	11588820	0	0	0	0	1	128	0	1	350	340	47	48	2233	0	0	0	1	
6080	11588854	0	0	0	0	1	128	0	1	350	340	47	48	2240	0	0	0	1	
6081	11588887	0	0	0	0	1	128	0	1	350	340	47	48	2255	0	0	0	1	
6082	11588920	0	0	0	0	1	128	0	1	350	340	47	48	2272	0	0	0	1	
6083	11588954	0	0	0	0	1	128	0	1	350	340	47	48	2267	0	0	0	1	
6084	11588987	0	0	0	0	1	128	0	1	350	338	47	48	2261	0	0	0	1	
6085	11589021	0	0	0	0	1	128	0	1	348	338	48	48	2295	0	0	0	1	
6086	11589054	0	0	0	0	1	128	0	1	350	340	47	48	2218	0	0	0	1	
6087	11589087	0	0	0	0	1	128	0	1	350	340	46	48	2188	0	0	0	1	
6088	11589121	0	0	0	0	1	128	0	1	350	340	46	48	2168	0	0	0	1	
6089	11589154	0	0	0	0	1	128	0	1	370	340	44	47	2047	0	0	0	1	
6090	11589187	0	0	0	0	1	128	0	1	374	338	44	47	2076	0	0	0	1	
6091	11589221	0	0	0	0	1	128	0	1	374	338	44	47	2053	0	0	0	1	
6092	11589254	0	0	0	0	1	128	0	1	374	338	44	47	2047	0	0	0	1	
6093	11589288	0	0	0	0	1	128	0	1	374	338	44	47	2048	0	0	0	1	
6094	11589321	0	0	0	0	1	128	0	1	374	338	44	47	2036	0	0	0	1	
6095	11589354	0	0	0	0	1	128	0	1	374	338	44	47	2037	0	0	0	1	
6096	11589388	0	0	0	0	1	128	0	1	374	338	44	46	2034	0	0	0	1	
6097	11589421	0	0	0	0	1	128	0	1	374	338	44	47	2034	0	0	0	1	
6098	11589454	0	0	0	0	1	128	0	1	374	338	44	46	2040	0	0	0	1	
6099	11589488	0	0	0	0	1	128	0	1	374	338	44	46	2046	0	0	0	1	
6100	11589521	0	0	0	0	1	128	0	1	374	338	44	47	2057	0	0	0	1	
6101	11589554	0	0	0	0	1	128	0	1	374	338	44	47	2065	0	0	0	1	
6102	11589588	0	0	0	0	1	128	0	1	374	338	44	47	2088	0	0	0	1	
6103	11589621	0	0	0	0	1	128	0	1	374	338	45	47	2102	0	0	0	1	
6104	11589655	0	0	0	0	1	128	0	1	374	338	45	47	2116	0	0	0	1	
6105	11589688	0	0	0	0	1	128	0	1	374	338	45	47	2122	0	0	0	1	
6106	11589721	0	0	0	0	1	128	0	1	374	338	45	48	2149	0	0	0	1	
6107	11589755	0	0	0	0	1	128	0	1	374	338	45	48	2159	0	0	0	1	
6108	11589788	0	0	0	0	1	128	0	1	374	338	45	48	2176	0	0	0	1	
6109	11589821	0	0	0	0	1	128	0	1	374	338	45	48	2178	0	0	0	1	
6110	11589855	0	0	0	0	1	128	0	1	374	338	46	48	2189	0	0	0	1	
6111	11589888	0	0	0	0	1	128	0	1	374	336	46	48	2207	0	0	0	1	
6112	11589922	0	0	0	0	1	128	0	1	386	320	45	48	2166	0	0	0	1	
6113	11589955	0	0	0	0	1	128	0	1	386	318	46	48	2189	0	0	0	1	
6114	11589988	0	0	0	0	1	128	0	1	386	318	46	48	2192	0	0	0	1	
6115	11590022	0	0	0	0	1	128	0	1	386	318	46	48	2201	0	0	0	1	
6116	11590055	0	0	0	0	1	128	0	1	388	320	46	48	2201	0	0	0	1	
6117	11590088	0	0	0	0	1	128	0	1	388	320	46	49	2230	0	0	0	1	
6118	11590122	0	0	0	0	1	128	0	1	388	320	46	49	2240	0	0	0	1	
6119	11590155	0	0	0	0	1	128	0	1	388	320	46	49	2244	0	0	0	1	
6120	11590188	0	0	0	0	1	128	0	1	388	320	46	49	2250	0	0	0	1	
6121	11590222	0	0	0	0	1	128	0	1	388	320	46	49	2251	0	0	0	1	
6122	11590255	0	0	0	0	1	128	0	1	388	320	46	49	2249	0	0	0	1	
6123	11590289	0	0	0	0	1	128	0	1	388	320	46	49	2244	0	0	0	1	
6124	11590322	0	0	0	0	1	128	0	1	386	320	45	49	2226	0	0	0	1	
6125	11590355	0	0	0	0	1	128	0	1	386	320	45	49	2216	0	0	0	1	
6126	11590389	0	0	0	0	1	128	0	1	386	320	45	49	2203	0	0	0	1	
6127	11590422	0	0	0	0	1	128	0	1	386	320	45	49	2186	0	0	0	1	
6128	11590455	0	0	0	0	1	128	0	1	388	320	45	48	2166	0	0	0	1	
6129	11590489	0	0	0	0	1	128	0	1	388	320	45	48	2161	0	0	0	1	
6130	11590522	0	0	0	0	1	128	0	1	388	320	45	48	2148	0	0	0	1	
6131	11590555	0	0	0	0	1	128	0	1	388	320	45	48	2137	0	0	0	1	
6132	11590589	0	0	0	0	1	128	0	1	388	320	44	48	2134	0	0	0	1	
6133	11590622	0	0	0	0	1	128	0	1	388	320	44	48	2134	0	0	0	1	
6134	11590656	0	0	0	0	1	128	0	1	390	318	44	48	2132	0	0	0	1	
6135	11590689	0	0	0	0	1	128	0	1	394	308	44	48	2108	0	0	0	1	
6136	11590722	0	0	0	0	1	128	0	1	394	308	44	48	2109	0	0	0	1	
6137	11590756	0	0	0	0	1	128	0	1	394	308	44	48	2116	0	0	0	1	
6138	11590789	0	0	0	0	1	128	0	1	394	308	44	48	2121	0	0	0	1	
6139	11590822	0	0	0	0	1	128	0	1	394	308	44	48	2137	0	0	0	1	
6140	11590856	0	0	0	0	1	128	0	1	394	308	45	48	2150	0	0	0	1	
6141	11590889	0	0	0	0	1	128	0	1	394	304	44	48	2149	0	0	0	1	
6142	11590923	0	0	0	0	1	128	0	1	394	304	45	49	2171	0	0	0	1	
6143	11590956	0	0	0	0	1	128	0	1	394	304	45	49	2183	0	0	0	1	
6144	11590989	0	0	0	0	1	128	0	1	394	304	45	49	2191	0	0	0	1	
6145	11591023	0	0	0	0	1	128	0	1	394	304	45	49	2208	0	0	0	1	
6146	11591056	0	0	0	0	1	128	0	1	394	304	45	49	2218	0	0	0	1	
6147	11591089	0	0	0	0	1	128	0	1	394	304	45	49	2226	0	0	0	1	
6148	11591123	0	0	0	0	1	128	0	1	394	304	45	49	2234	0	0	0	1	
6149	11591156	0	0	0	0	1	128	0	1	394	304	45	49	2233	0	0	0	1	
6150	11591190	0	0	0	0	1	128	0	1	394	304	46	49	2237	0	0	0	1	
6151	11591223	0	0	0	0	1	128	0	1	394	304	45	49	2242	0	0	0	1	
6152	11591256	0	0	0	0	1	128	0	1	394	304	46	49	2237	0	0	0	1	
6153	11591290	0	0	0	0	1	128	0	1	394	304	45	49	2230	0	0	0	1	
6154	11591323	0	0	0	0	1	128	0	1	394	304	45	49	2229	0	0	0	1	
6155	11591356	0	0	0	0	1	128	0	1	394	304	45	49	2230	0	0	0	1	
6156	11591390	0	0	0	0	1	128	0	1	394	304	45	49	2217	0	0	0	1	
6157	11591423	0	0	0	0	1	128	0	1	358	336	45	49	2201	0	0	0	1	
6158	11591456	0	0	0	0	1	128	0	1	360	334	48	49	2345	0	0	0	1	
6159	11591490	0	0	0	0	1	128	0	1	360	334	47	48	2295	0	0	0	1	
6160	11591523	0	0	0	0	1	128	0	1	360	334	47	49	2293	0	0	0	1	
6161	11591557	0	0	0	0	1	128	0	1	360	334	48	49	2361	0	0	0	1	
6162	11591590	0	0	0	0	1	128	0	1	360	334	48	49	2368	0	0	0	1	
6163	11591623	0	0	0	0	1	128	0	1	364	330	48	50	2385	0	0	0	1	
6164	11591657	0	0	0	0	1	128	0	1	364	332	48	49	2379	0	0	0	1	
6165	11591690	0	0	0	0	1	128	0	1	364	330	48	49	2373	0	0	0	1	
6166	11591723	0	0	0	0	1	128	0	1	364	330	48	49	2376	0	0	0	1	
6167	11591757	0	0	0	0	1	128	0	1	364	330	48	49	2337	0	0	0	1	
6168	11591790	0	0	0	0	1	128	0	1	364	330	47	49	2326	0	0	0	1	
6169	11591824	0	0	0	0	1	128	0	1	364	330	47	49	2323	0	0	0	1	
6170	11591857	0	0	0	0	1	128	0	1	364	330	47	49	2317	0	0	0	1	
6171	11591890	0	0	0	0	1	128	0	1	364	330	47	49	2307	0	0	0	1	
6172	11591924	0	0	0	0	1	128	0	1	364	330	47	49	2305	0	0	0	1	
6173	11591957	0	0	0	0	1	128	0	1	362	330	47	49	2303	0	0	0	1	
6174	11591990	0	0	0	0	1	128	0	1	362	330	47	49	2278	0	0	0	1	
6175	11592024	0	0	0	0	1	128	0	1	362	330	47	49	2257	0	0	0	1	
6176	11592057	0	0	0	0	1	128	0	1	362	330	47	48	2245	0	0	0	1	
6177	11592090	0	0	0	0	1	128	0	1	362	330	46	48	2230	0	0	0	1	
6178	11592124	0	0	0	0	1	128	0	1	364	330	46	48	2220	0	0	0	1	
6179	11592157	0	0	0	0	1	128	0	1	384	332	45	48	2129	0	0	0	1	
6180	11592191	0	0	0	0	1	128	0	1	384	332	45	48	2140	0	0	0	1	
6181	11592224	0	0	0	0	1	128	0	1	384	332	44	48	2119	0	0	0	1	
6182	11592257	0	0	0	0	1	128	0	1	384	332	44	48	2112	0	0	0	1	
6183	11592291	0	0	0	0	1	128	0	1	384	332	44	47	2107	0	0	0	1	
6184	11592324	0	0	0	0	1	128	0	1	384	332	44	47	2102	0	0	0	1	
6185	11592357	0	0	0	0	1	128	0	1	384	332	44	47	2099	0	0	0	1	
6186	11592391	0	0	0	0	1	128	0	1	384	332	44	47	2095	0	0	0	1	
6187	11592424	0	0	0	0	1	128	0	1	384	332	44	47	2098	0	0	0	1	
6188	11592457	0	0	0	0	1	128	0	1	384	332	44	47	2091	0	0	0	1	
6189	11592491	0	0	0	0	1	128	0	1	384	332	44	47	2086	0	0	0	1	
6190	11592524	0	0	0	0	1	128	0	1	384	332	44	47	2085	0	0	0	1	
6191	11592558	0	0	0	0	1	128	0	1	384	332	44	47	2086	0	0	0	1	
6192	11592591	0	0	0	0	1	128	0	1	384	332	44	47	2090	0	0	0	1	
6193	11592624	0	0	0	0	1	128	0	1	384	332	44	47	2092	0	0	0	1	
6194	11592658	0	0	0	0	1	128	0	1	384	332	44	47	2099	0	0	0	1	
6195	11592691	0	0	0	0	1	128	0	1	384	332	44	47	2101	0	0	0	1	
6196	11592724	0	0	0	0	1	128	0	1	384	332	44	47	2095	0	0	0	1	
6197	11592758	0	0	0	0	1	128	0	1	384	332	44	47	2098	0	0	0	1	
6198	11592791	0	0	0	0	1	128	0	1	384	332	44	47	2090	0	0	0	1	
6199	11592825	0	0	0	0	1	128	0	1	384	332	44	47	2088	0	0	0	1	
6200	11592858	0	0	0	0	1	128	0	1	384	332	44	47	2088	0	0	0	1	
6201	11592891	0	0	0	0	1	128	0	1	384	332	45	47	2103	0	0	0	1	
6202	11592925	0	0	0	0	1	128	0	1	382	362	41	47	1940	0	0	0	1	
6203	11592958	0	0	0	0	1	128	0	1	390	380	41	47	1909	0	0	0	1	
6204	11592991	0	0	0	0	1	128	0	1	390	380	41	47	1929	0	0	0	1	
6205	11593025	0	0	0	0	1	128	0	1	390	380	41	47	1943	0	0	0	1	
6206	11593058	0	0	0	0	1	128	0	1	390	380	41	47	1956	0	0	0	1	
6207	11593092	0	0	0	0	1	128	0	1	390	380	41	47	1964	0	0	0	1	
6208	11593125	0	0	0	0	1	128	0	1	390	380	42	48	1986	0	0	0	1	
6209	11593158	0	0	0	0	1	128	0	1	390	380	42	48	1992	0	0	0	1	
6210	11593192	0	0	0	0	1	128	0	1	390	380	42	48	1992	0	0	0	1	
6211	11593225	0	0	0	0	1	128	0	1	390	380	42	48	1990	0	0	0	1	
6212	11593258	0	0	0	0	1	128	0	1	390	378	42	48	1981	0	0	0	1	
6213	11593292	0	0	0	0	1	128	0	1	390	378	42	48	1984	0	0	0	1	
6214	11593325	0	0	0	0	1	128	0	1	390	378	42	48	1984	0	0	0	1	
6215	11593358	0	0	0	0	1	128	0	1	390	378	42	48	1985	0	0	0	1	
6216	11593392	0	0	0	0	1	128	0	1	390	378	42	48	2007	0	0	0	1	
6217	11593425	0	0	0	0	1	128	0	1	390	378	42	48	2028	0	0	0	1	
6218	11593459	0	0	0	0	1	128	0	1	390	378	42	48	2046	0	0	0	1	
6219	11593492	0	0	0	0	1	128	0	1	390	378	42	48	2057	0	0	0	1	
6220	11593525	0	0	0	0	1	128	0	1	390	378	43	49	2076	0	0	0	1	
6221	11593559	0	0	0	0	1	128	0	1	390	378	43	49	2100	0	0	0	1	
6222	11593592	0	0	0	0	1	128	0	1	390	378	43	49	2111	0	0	0	1	
6223	11593625	0	0	0	0	1	128	0	1	388	378	43	50	2145	0	0	0	1	
6224	11593659	0	0	0	0	1	128	0	1	400	358	45	52	2296	0	0	0	1	
6225	11593692	0	0	0	0	1	128	0	1	400	356	45	50	2238	0	0	0	1	
6226	11593725	0	0	0	0	1	128	0	1	400	356	45	50	2223	0	0	0	1	
6227	11593759	0	0	0	0	1	128	0	1	400	356	45	50	2244	0	0	0	1	
6228	11593792	0	0	0	0	1	128	0	1	400	356	45	50	2258	0	0	0	1	
6229	11593826	0	0	0	0	1	128	0	1	400	356	45	51	2280	0	0	0	1	
6230	11593859	0	0	0	0	1	128	0	1	400	356	45	51	2292	0	0	0	1	
6231	11593892	0	0	0	0	1	128	0	1	400	356	45	51	2311	0	0	0	1	
6232	11593926	0	0	0	0	1	128	0	1	400	356	46	51	2320	0	0	0	1	
6233	11593959	0	0	0	0	1	128	0	1	400	356	46	51	2329	0	0	0	1	
6234	11593992	0	0	0	0	1	128	0	1	400	356	46	51	2345	0	0	0	1	
6235	11594026	0	0	0	0	1	128	0	1	400	356	46	51	2356	0	0	0	1	
6236	11594059	0	0	0	0	1	128	0	1	400	356	46	51	2360	0	0	0	1	
6237	11594092	0	0	0	0	1	128	0	1	400	356	46	51	2375	0	0	0	1	
6238	11594126	0	0	0	0	1	128	0	1	400	356	46	52	2371	0	0	0	1	
6239	11594159	0	0	0	0	1	128	0	1	400	356	46	52	2378	0	0	0	1	
6240	11594193	0	0	0	0	1	128	0	1	400	356	46	52	2382	0	0	0	1	
6241	11594226	0	0	0	0	1	128	0	1	400	356	46	52	2402	0	0	0	1	
6242	11594259	0	0	0	0	1	128	0	1	400	356	47	52	2410	0	0	0	1	
6243	11594293	0	0	0	0	1	128	0	1	400	356	46	52	2412	0	0	0	1	
6244	11594326	0	0	0	0	1	128	0	1	400	356	47	52	2420	0	0	0	1	
6245	11594359	0	0	0	0	1	128	0	1	400	356	47	52	2428	0	0	0	1	
6246	11594393	0	0	0	0	1	128	0	1	400	356	47	52	2433	0	0	0	1	
6247	11594426	0	0	0	0	1	128	0	1	370	366	45	65	2940	0	0	0	1	
6248	11594460	0	0	0	0	1	128	0	1	350	372	49	52	2567	0	0	0	1	
6249	11594493	0	0	0	0	1	128	0	1	350	372	50	53	2600	0	0	0	1	
6250	11594526	0	0	0	0	1	128	0	1	350	372	50	53	2609	0	0	0	1	
6251	11594560	0	0	0	0	1	128	0	1	350	372	49	53	2612	0	0	0	1	
6252	11594593	0	0	0	0	1	128	0	1	350	372	50	53	2626	0	0	0	1	
6253	11594626	0	0	0	0	1	128	0	1	350	372	50	53	2644	0	0	0	1	
6254	11594660	0	0	0	0	1	128	0	1	350	372	50	53	2660	0	0	0	1	
6255	11594693	0	0	0	0	1	128	0	1	348	372	50	53	2654	0	0	0	1	
6256	11594727	0	0	0	0	1	128	0	1	348	372	50	53	2658	0	0	0	1	
6257	11594760	0	0	0	0	1	128	0	1	348	372	50	53	2651	0	0	0	1	
6258	11594793	0	0	0	0	1	128	0	1	348	372	50	53	2636	0	0	0	1	
6259	11594827	0	0	0	0	1	128	0	1	348	372	49	53	2595	0	0	0	1	
6260	11594860	0	0	0	0	1	128	0	1	348	372	49	52	2551	0	0	0	1	
6261	11594893	0	0	0	0	1	128	0	1	348	372	49	52	2513	0	0	0	1	
6262	11594927	0	0	0	0	1	128	0	1	348	372	48	52	2463	0	0	0	1	
6263	11594960	0	0	0	0	1	128	0	1	348	372	48	52	2485	0	0	0	1	
6264	11594993	0	0	0	0	1	128	0	1	348	372	48	51	2421	0	0	0	1	
6265	11595027	0	0	0	0	1	128	0	1	348	372	47	51	2402	0	0	0	1	
6266	11595060	0	0	0	0	1	128	0	1	348	372	47	51	2394	0	0	0	1	
6267	11595094	0	0	0	0	1	128	0	1	348	372	47	51	2396	0	0	0	1	
6268	11595127	0	0	0	0	1	128	0	1	348	372	47	51	2403	0	0	0	1	
6269	11595160	0	0	0	0	1	128	0	1	348	372	48	51	2426	0	0	0	1	
6270	11595194	0	0	0	0	1	128	0	0	0	0	0	0	0	0	0	0	1	
6271	11595227	0	0	0	0	1	128	0	1	352	326	50	51	2567	0	0	0	1	
6272	11595260	0	0	0	0	1	128	0	1	352	326	50	51	2573	0	0	0	1	
6273	11595294	0	0	0	0	1	128	0	1	352	326	51	52	2618	0	0	0	1	
6274	11595327	0	0	0	0	1	128	0	1	352	328	51	52	2653	0	0	0	1	
6275	11595361	0	0	0	0	1	128	0	1	352	328	51	52	2686	0	0	0	1	
6276	11595394	0	0	0	0	1	128	0	1	352	328	51	52	2698	0	0	0	1	
6277	11595427	0	0	0	0	1	128	0	1	352	328	52	53	2723	0	0	0	1	
6278	11595461	0	0	0	0	1	128	0	1	352	328	52	53	2732	0	0	0	1	
6279	11595494	0	0	0	0	1	128	0	1	350	328	52	53	2754	0	0	0	1	
6280	11595527	0	0	0	0	1	128	0	1	350	328	52	53	2733	0	0	0	1	
6281	11595561	0	0	0	0	1	128	0	1	350	328	52	52	2725	0	0	0	1	
6282	11595594	0	0	0	0	1	128	0	1	352	328	51	52	2653	0	0	0	1	
6283	11595627	0	0	0	0	1	128	0	1	352	326	50	52	2607	0	0	0	1	
6284	11595661	0	0	0	0	1	128	0	1	352	328	49	51	2502	0	0	0	1	
6285	11595694	0	0	0	0	1	128	0	1	352	328	50	51	2531	0	0	0	1	
6286	11595728	0	0	0	0	1	128	0	1	352	328	49	51	2503	0	0	0	1	
6287	11595761	0	0	0	0	1	128	0	1	352	328	49	50	2484	0	0	0	1	
6288	11595794	0	0	0	0	1	128	0	1	352	328	49	50	2443	0	0	0	1	
6289	11595828	0	0	0	0	1	128	0	1	352	328	48	50	2414	0	0	0	1	
6290	11595861	0	0	0	0	1	128	0	1	352	328	48	50	2425	0	0	0	1	
6291	11595894	0	0	0	0	1	128	0	1	354	328	48	50	2382	0	0	0	1	
6292	11595928	0	0	0	0	1	128	0	1	380	358	45	50	2238	0	0	0	1	
6293	11595961	0	0	0	0	1	128	0	1	382	356	45	50	2260	0	0	0	1	
6294	11595995	0	0	0	0	1	128	0	1	382	356	46	50	2273	0	0	0	1	
6295	11596028	0	0	0	0	1	128	0	1	382	358	46	50	2291	0	0	0	1	
6296	11596061	0	0	0	0	1	128	0	1	380	358	46	50	2318	0	0	0	1	
6297	11596095	0	0	0	0	1	128	0	1	384	360	41	50	2050	0	0	0	1	
6298	11596128	0	0	0	0	1	128	0	1	380	358	46	51	2344	0	0	0	1	
6299	11596161	0	0	0	0	1	128	0	1	380	358	46	51	2355	0	0	0	1	
6300	11596195	0	0	0	0	1	128	0	1	380	358	46	51	2363	0	0	0	1	
6301	11596228	0	0	0	0	1	128	0	1	378	356	47	51	2387	0	0	0	1	
6302	11596261	0	0	0	0	1	128	0	1	378	356	47	51	2379	0	0	0	1	
6303	11596295	0	0	0	0	1	128	0	1	378	356	47	51	2389	0	0	0	1	
6304	11596328	0	0	0	0	1	128	0	1	378	356	47	51	2392	0	0	0	1	
6305	11596362	0	0	0	0	1	128	0	1	378	356	47	51	2408	0	0	0	1	
6306	11596395	0	0	0	0	1	128	0	1	378	356	47	51	2425	0	0	0	1	
6307	11596428	0	0	0	0	1	128	0	1	378	356	48	51	2444	0	0	0	1	
6308	11596462	0	0	0	0	1	128	0	1	378	356	48	52	2462	0	0	0	1	
6309	11596495	0	0	0	0	1	128	0	1	378	356	48	52	2479	0	0	0	1	
6310	11596528	0	0	0	0	1	128	0	1	378	356	48	52	2500	0	0	0	1	
6311	11596562	0	0	0	0	1	128	0	1	378	356	48	52	2522	0	0	0	1	
6312	11596595	0	0	0	0	1	128	0	1	378	356	49	53	2560	0	0	0	1	
6313	11596629	0	0	0	0	1	128	0	1	378	356	49	53	2579	0	0	0	1	
6314	11596662	0	0	0	0	1	128	0	1	400	324	48	53	2547	0	0	0	1	
6315	11596695	0	0	0	0	1	128	0	1	398	322	49	52	2571	0	0	0	1	
6316	11596729	0	0	0	0	1	128	0	1	398	322	49	52	2573	0	0	0	1	
6317	11596762	0	0	0	0	1	128	0	1	396	322	49	53	2585	0	0	0	1	
6318	11596795	0	0	0	0	1	128	0	1	396	324	49	53	2601	0	0	0	1	
6319	11596829	0	0	0	0	1	128	0	1	396	324	50	53	2619	0	0	0	1	
6320	11596862	0	0	0	0	1	128	0	1	396	324	50	53	2630	0	0	0	1	
6321	11596895	0	0	0	0	1	128	0	1	396	324	50	53	2639	0	0	0	1	
6322	11596929	0	0	0	0	1	128	0	1	396	324	50	53	2647	0	0	0	1	
6323	11596962	0	0	0	0	1	128	0	1	396	324	50	53	2658	0	0	0	1	
6324	11596995	0	0	0	0	1	128	0	1	396	324	50	53	2665	0	0	0	1	
6325	11597029	0	0	0	0	1	128	0	1	396	324	50	53	2677	0	0	0	1	
6326	11597062	0	0	0	0	1	128	0	1	396	324	50	53	2667	0	0	0	1	
6327	11597096	0	0	0	0	1	128	0	1	394	324	50	53	2653	0	0	0	1	
6328	11597129	0	0	0	0	1	128	0	1	394	324	50	53	2636	0	0	0	1	
6329	11597162	0	0	0	0	1	128	0	1	396	324	49	53	2619	0	0	0	1	
6330	11597196	0	0	0	0	1	128	0	1	396	324	49	53	2609	0	0	0	1	
6331	11597229	0	0	0	0	1	128	0	1	396	324	49	52	2570	0	0	0	1	
6332	11597263	0	0	0	0	1	128	0	1	396	324	49	52	2551	0	0	0	1	
6333	11597296	0	0	0	0	1	128	0	1	396	324	49	52	2543	0	0	0	1	
6334	11597329	0	0	0	0	1	128	0	1	396	324	49	52	2537	0	0	0	1	
6335	11597363	0	0	0	0	1	128	0	1	396	324	49	52	2522	0	0	0	1	
6336	11597396	0	0	0	0	1	128	0	1	408	322	46	52	2374	0	0	0	1	
6337	11597429	0	0	0	0	1	128	0	1	416	322	46	51	2374	0	0	0	1	
6338	11597463	0	0	0	0	1	128	0	1	416	322	46	51	2371	0	0	0	1	
6339	11597496	0	0	0	0	1	128	0	1	416	322	46	51	2371	0	0	0	1	
6340	11597529	0	0	0	0	1	128	0	1	416	322	46	52	2383	0	0	0	1	
6341	11597563	0	0	0	0	1	128	0	1	416	322	46	52	2393	0	0	0	1	
6342	11597596	0	0	0	0	1	128	0	1	416	322	46	52	2396	0	0	0	1	
6343	11597630	0	0	0	0	1	128	0	1	416	322	46	52	2405	0	0	0	1	
6344	11597663	0	0	0	0	1	128	0	1	416	322	46	52	2404	0	0	0	1	
6345	11597696	0	0	0	0	1	128	0	1	416	322	46	52	2395	0	0	0	1	
6346	11597730	0	0	0	0	1	128	0	1	416	322	46	52	2394	0	0	0	1	
6347	11597763	0	0	0	0	1	128	0	1	416	322	46	52	2375	0	0	0	1	
6348	11597796	0	0	0	0	1	128	0	1	416	322	46	51	2362	0	0	0	1	
6349	11597830	0	0	0	0	1	128	0	1	416	322	46	51	2348	0	0	0	1	
6350	11597863	0	0	0	0	1	128	0	1	416	322	46	51	2338	0	0	0	1	
6351	11597896	0	0	0	0	1	128	0	1	416	322	46	51	2316	0	0	0	1	
6352	11597930	0	0	0	0	1	128	0	1	416	324	45	51	2318	0	0	0	1	
6353	11597963	0	0	0	0	1	128	0	1	416	324	45	51	2306	0	0	0	1	
6354	11597997	0	0	0	0	1	128	0	1	416	324	45	51	2292	0	0	0	1	
6355	11598030	0	0	0	0	1	128	0	1	416	324	45	51	2284	0	0	0	1	
6356	11598063	0	0	0	0	1	128	0	1	416	324	45	51	2260	0	0	0	1	
6357	11598097	0	0	0	0	1	128	0	1	416	324	45	51	2251	0	0	0	1	
6358	11598130	0	0	0	0	1	128	0	1	416	324	44	50	2234	0	0	0	1	
6359	11598163	0	0	0	0	1	128	0	1	416	324	44	50	2225	0	0	0	1	
6360	11598197	0	0	0	0	1	128	0	1	416	324	44	50	2235	0	0	0	1	
6361	11598230	0	0	0	0	1	128	0	1	406	306	46	50	2309	0	0	0	1	
6362	11598264	0	0	0	0	1	128	0	1	404	306	46	50	2289	0	0	0	1	
6363	11598297	0	0	0	0	1	128	0	1	404	306	46	50	2284	0	0	0	1	
6364	11598330	0	0	0	0	1	128	0	1	404	306	46	50	2291	0	0	0	1	
6365	11598364	0	0	0	0	1	128	0	1	404	306	46	50	2301	0	0	0	1	
6366	11598397	0	0	0	0	1	128	0	1	404	306	46	50	2308	0	0	0	1	
6367	11598430	0	0	0	0	1	128	0	1	404	306	46	50	2321	0	0	0	1	
6368	11598464	0	0	0	0	1	128	0	1	404	306	46	51	2337	0	0	0	1	
6369	11598497	0	0	0	0	1	128	0	1	404	306	46	51	2354	0	0	0	1	
6370	11598531	0	0	0	0	1	128	0	1	404	306	46	51	2350	0	0	0	1	
6371	11598564	0	0	0	0	1	128	0	1	404	306	46	51	2337	0	0	0	1	
6372	11598597	0	0	0	0	1	128	0	1	404	306	46	50	2319	0	0	0	1	
6373	11598631	0	0	0	0	1	128	0	1	404	306	46	50	2305	0	0	0	1	
6374	11598664	0	0	0	0	1	128	0	1	404	306	46	50	2280	0	0	0	1	
6375	11598697	0	0	0	0	1	128	0	1	404	306	45	50	2256	0	0	0	1	
6376	11598731	0	0	0	0	1	128	0	1	404	306	45	49	2226	0	0	0	1	
6377	11598764	0	0	0	0	1	128	0	1	404	306	45	49	2218	0	0	0	1	
6378	11598797	0	0	0	0	1	128	0	1	404	306	45	49	2198	0	0	0	1	
6379	11598831	0	0	0	0	1	128	0	1	404	306	45	49	2188	0	0	0	1	
6380	11598864	0	0	0	0	1	128	0	1	402	306	45	48	2167	0	0	0	1	
6381	11598898	0	0	0	0	1	128	0	1	390	308	47	48	2253	0	0	0	1	
6382	11598931	0	0	0	0	1	128	0	1	388	310	46	49	2232	0	0	0	1	
6383	11598964	0	0	0	0	1	128	0	1	386	310	46	49	2230	0	0	0	1	
6384	11598998	0	0	0	0	1	128	0	1	386	310	46	49	2235	0	0	0	1	
6385	11599031	0	0	0	0	1	128	0	1	386	310	46	49	2241	0	0	0	1	
6386	11599064	0	0	0	0	1	128	0	1	386	310	46	49	2248	0	0	0	1	
6387	11599098	0	0	0	0	1	128	0	1	386	310	46	49	2261	0	0	0	1	
6388	11599131	0	0	0	0	1	128	0	1	386	310	47	49	2280	0	0	0	1	
6389	11599164	0	0	0	0	1	128	0	1	386	310	47	49	2300	0	0	0	1	
6390	11599198	0	0	0	0	1	128	0	1	386	310	47	50	2317	0	0	0	1	
6391	11599231	0	0	0	0	1	128	0	1	386	310	47	50	2330	0	0	0	1	
6392	11599265	0	0	0	0	1	128	0	1	386	310	47	50	2337	0	0	0	1	
6393	11599298	0	0	0	0	1	128	0	1	386	310	47	50	2330	0	0	0	1	
6394	11599331	0	0	0	0	1	128	0	1	386	310	47	50	2321	0	0	0	1	
6395	11599365	0	0	0	0	1	128	0	1	386	310	47	49	2310	0	0	0	1	
6396	11599398	0	0	0	0	1	128	0	1	386	310	47	49	2287	0	0	0	1	
6397	11599431	0	0	0	0	1	128	0	1	386	310	47	49	2274	0	0	0	1	
6398	11599465	0	0	0	0	1	128	0	1	384	310	46	49	2241	0	0	0	1	
6399	11599498	0	0	0	0	1	128	0	1	376	314	47	48	2252	0	0	0	1	
6400	11599532	0	0	0	0	1	128	0	1	376	314	47	48	2248	0	0	0	1	
6401	11599565	0	0	0	0	1	128	0	1	376	314	47	48	2248	0	0	0	1	
6402	11599598	0	0	0	0	1	128	0	1	376	314	46	48	2226	0	0	0	1	
6403	11599632	0	0	0	0	1	128	0	1	376	314	46	48	2217	0	0	0	1	
6404	11599665	0	0	0	0	1	128	0	1	376	314	46	48	2219	0	0	0	1	
6405	11599698	0	0	0	0	1	128	0	1	376	314	46	48	2202	0	0	0	1	
6406	11599732	0	0	0	0	1	128	0	1	402	308	37	42	1580	0	0	0	1	
6407	11599765	0	0	0	0	1	128	0	1	416	296	42	47	1979	0	0	0	1	
6408	11599799	0	0	0	0	1	128	0	1	416	296	42	47	1972	0	0	0	1	
6409	11599832	0	0	0	0	1	128	0	1	416	296	42	47	1975	0	0	0	1	
6410	11599865	0	0	0	0	1	128	0	1	416	296	42	47	1971	0	0	0	1	
6411	11599899	0	0	0	0	1	128	0	1	416	296	42	47	1976	0	0	0	1	
6412	11599932	0	0	0	0	1	128	0	1	416	296	42	47	1980	0	0	0	1	
6413	11599965	0	0	0	0	1	128	0	1	416	296	42	48	1980	0	0	0	1	
6414	11599999	0	0	0	0	1	128	0	1	416	296	42	48	1987	0	0	0	1	
6415	11600032	0	0	0	0	1	128	0	1	416	296	42	48	1986	0	0	0	1	
6416	11600065	0	0	0	0	1	128	0	1	416	296	42	48	1997	0	0	0	1	
6417	11600099	0	0	0	0	1	128	0	1	416	296	42	48	2004	0	0	0	1	
6418	11600132	0	0	0	0	1	128	0	1	416	296	42	48	2015	0	0	0	1	
6419	11600165	0	0	0	0	1	128	0	1	416	296	42	48	2023	0	0	0	1	
6420	11600199	0	0	0	0	1	128	0	1	416	296	42	48	2035	0	0	0	1	
6421	11600232	0	0	0	0	1	128	0	1	416	296	42	48	2046	0	0	0	1	
6422	11600266	0	0	0	0	1	128	0	1	416	296	42	48	2045	0	0	0	1	
6423	11600299	0	0	0	0	1	128	0	1	416	296	43	49	2066	0	0	0	1	
6424	11600332	0	0	0	0	1	128	0	1	416	296	43	49	2074	0	0	0	1	
6425	11600366	0	0	0	0	1	128	0	1	416	296	43	49	2085	0	0	0	1	
6426	11600399	0	0	0	0	1	128	0	1	410	298	41	49	2010	0	0	0	1	
6427	11600432	0	0	0	0	1	128	0	1	376	324	47	49	2314	0	0	0	1	
6428	11600466	0	0	0	0	1	128	0	1	376	324	47	49	2288	0	0	0	1	
6429	11600499	0	0	0	0	1	128	0	1	376	324	47	50	2321	0	0	0	1	
6430	11600533	0	0	0	0	1	128	0	1	376	324	47	50	2343	0	0	0	1	
6431	11600566	0	0	0	0	1	128	0	1	376	324	47	50	2338	0	0	0	1	
6432	11600599	0	0	0	0	1	128	0	1	376	324	47	50	2374	0	0	0	1	
6433	11600633	0	0	0	0	1	128	0	1	376	324	47	50	2359	0	0	0	1	
6434	11600666	0	0	0	0	1	128	0	1	376	324	47	51	2401	0	0	0	1	
6435	11600699	0	0	0	0	1	128	0	1	380	322	48	50	2397	0	0	0	1	
6436	11600733	0	0	0	0	1	128	0	1	380	322	47	50	2395	0	0	0	1	
6437	11600766	0	0	0	0	1	128	0	1	380	322	47	50	2393	0	0	0	1	
6438	11600800	0	0	0	0	1	128	0	1	380	322	48	50	2398	0	0	0	1	
6439	11600833	0	0	0	0	1	128	0	1	380	322	47	50	2391	0	0	0	1	
6440	11600866	0	0	0	0	1	128	0	1	380	322	47	50	2380	0	0	0	1	
6441	11600900	0	0	0	0	1	128	0	1	378	322	47	50	2379	0	0	0	1	
6442	11600933	0	0	0	0	1	128	0	1	378	322	47	50	2357	0	0	0	1	
6443	11600966	0	0	0	0	1	128	0	1	378	322	47	50	2348	0	0	0	1	
6444	11601000	0	0	0	0	1	128	0	1	378	322	47	50	2332	0	0	0	1	
6445	11601033	0	0	0	0	1	128	0	1	378	322	47	50	2318	0	0	0	1	
6446	11601066	0	0	0	0	1	128	0	1	378	322	47	49	2306	0	0	0	1	
6447	11601100	0	0	0	0	1	128	0	1	378	322	46	49	2286	0	0	0	1	
6448	11601133	0	0	0	0	1	128	0	1	378	322	46	49	2271	0	0	0	1	
6449	11601167	0	0	0	0	1	128	0	1	364	340	40	46	1834	0	0	0	1	
6450	11601200	0	0	0	0	1	128	0	1	360	366	45	48	2186	0	0	0	1	
6451	11601233	0	0	0	0	1	128	0	1	360	366	46	48	2203	0	0	0	1	
6452	11601267	0	0	0	0	1	128	0	1	360	364	45	48	2188	0	0	0	1	
6453	11601300	0	0	0	0	1	128	0	1	360	364	45	48	2188	0	0	0	1	
6454	11601333	0	0	0	0	1	128	0	1	360	364	45	48	2185	0	0	0	1	
6455	11601367	0	0	0	0	1	128	0	1	360	364	45	48	2180	0	0	0	1	
6456	11601400	0	0	0	0	1	128	0	1	360	364	45	48	2172	0	0	0	1	
6457	11601434	0	0	0	0	1	128	0	1	360	364	45	48	2163	0	0	0	1	
6458	11601467	0	0	0	0	1	128	0	1	360	364	45	48	2157	0	0	0	1	
6459	11601500	0	0	0	0	1	128	0	1	360	364	45	48	2149	0	0	0	1	
6460	11601534	0	0	0	0	1	128	0	1	360	364	45	48	2141	0	0	0	1	
6461	11601567	0	0	0	0	1	128	0	1	360	364	45	48	2142	0	0	0	1	
6462	11601600	0	0	0	0	1	128	0	1	360	364	45	48	2141	0	0	0	1	
6463	11601634	0	0	0	0	1	128	0	1	360	364	45	48	2140	0	0	0	1	
6464	11601667	0	0	0	0	1	128	0	1	360	364	45	48	2134	0	0	0	1	
6465	11601700	0	0	0	0	1	128	0	1	360	364	45	48	2135	0	0	0	1	
6466	11601734	0	0	0	0	1	128	0	1	360	364	45	48	2139	0	0	0	1	
6467	11601767	0	0	0	0	1	128	0	1	360	364	45	48	2144	0	0	0	1	
6468	11601801	0	0	0	0	1	128	0	1	360	364	45	48	2147	0	0	0	1	
6469	11601834	0	0	0	0	1	128	0	1	362	364	45	48	2161	0	0	0	1	
6470	11601867	0	0	0	0	1	128	0	1	362	364	45	48	2161	0	0	0	1	
6471	11601901	0	0	0	0	1	128	0	1	364	362	45	50	2234	0	0	0	1	
6472	11601934	0	0	0	0	1	128	0	1	398	336	44	48	2082	0	0	0	1	
6473	11601967	0	0	0	0	1	128	0	1	398	336	44	48	2098	0	0	0	1	
6474	11602001	0	0	0	0	1	128	0	1	396	336	44	48	2115	0	0	0	1	
6475	11602034	0	0	0	0	1	128	0	1	396	336	44	48	2126	0	0	0	1	
6476	11602068	0	0	0	0	1	128	0	1	394	336	44	48	2125	0	0	0	1	
6477	11602101	0	0	0	0	1	128	0	1	392	338	45	48	2155	0	0	0	1	
6478	11602134	0	0	0	0	1	128	0	1	392	338	45	49	2164	0	0	0	1	
6479	11602168	0	0	0	0	1	128	0	1	392	338	45	49	2175	0	0	0	1	
6480	11602201	0	0	0	0	1	128	0	1	392	338	45	49	2176	0	0	0	1	
6481	11602234	0	0	0	0	1	128	0	1	392	338	45	49	2185	0	0	0	1	
6482	11602268	0	0	0	0	1	128	0	1	392	338	45	49	2176	0	0	0	1	
6483	11602301	0	0	0	0	1	128	0	1	392	338	45	49	2167	0	0	0	1	
6484	11602334	0	0	0	0	1	128	0	1	392	340	44	47	2104	0	0	0	1	
6485	11602368	0	0	0	0	1	128	0	1	392	338	44	48	2109	0	0	0	1	
6486	11602401	0	0	0	0	1	128	0	1	392	338	44	48	2087	0	0	0	1	
6487	11602435	0	0	0	0	1	128	0	1	392	338	43	47	2046	0	0	0	1	
6488	11602468	0	0	0	0	1	128	0	1	392	338	43	47	2034	0	0	0	1	
6489	11602501	0	0	0	0	1	128	0	1	394	338	43	47	2006	0	0	0	1	
6490	11602535	0	0	0	0	1	128	0	1	394	338	43	47	1984	0	0	0	1	
6491	11602568	0	0	0	0	1	128	0	1	394	338	42	46	1959	0	0	0	1	
6492	11602601	0	0	0	0	1	128	0	1	394	338	42	46	1962	0	0	0	1	
6493	11602635	0	0	0	0	1	128	0	1	394	338	42	46	1948	0	0	0	1	
6494	11602668	0	0	0	0	1	128	0	1	390	342	42	44	1869	0	0	0	1	
6495	11602701	0	0	0	0	1	128	0	1	384	364	41	46	1899	0	0	0	1	
6496	11602735	0	0	0	0	1	128	0	1	384	364	42	46	1898	0	0	0	1	
6497	11602768	0	0	0	0	1	128	0	1	384	364	41	46	1888	0	0	0	1	
6498	11602802	0	0	0	0	1	128	0	1	384	364	41	46	1894	0	0	0	1	
6499	11602835	0	0	0	0	1	128	0	1	384	364	41	46	1895	0	0	0	1	
6500	11602868	0	0	0	0	1	128	0	1	384	364	41	46	1891	0	0	0	1	
6501	11602902	0	0	0	0	1	128	0	1	384	364	41	46	1891	0	0	0	1	
6502	11602935	0	0	0	0	1	128	0	1	384	364	41	46	1884	0	0	0	1	
6503	11602968	0	0	0	0	1	128	0	1	386	360	41	46	1892	0	0	0	1	
6504	11603002	0	0	0	0	1	128	0	1	386	360	41	46	1883	0	0	0	1	
6505	11603035	0	0	0	0	1	128	0	1	386	360	41	46	1881	0	0	0	1	
6506	11603069	0	0	0	0	1	128	0	1	386	360	41	46	1890	0	0	0	1	
6507	11603102	0	0	0	0	1	128	0	1	386	360	42	46	1901	0	0	0	1	
6508	11603135	0	0	0	0	1	128	0	1	386	360	42	46	1899	0	0	0	1	
6509	11603169	0	0	0	0	1	128	0	1	386	360	42	46	1904	0	0	0	1	
6510	11603202	0	0	0	0	1	128	0	1	386	360	42	46	1913	0	0	0	1	
6511	11603235	0	0	0	0	1	128	0	1	386	360	42	46	1935	0	0	0	1	
6512	11603269	0	0	0	0	1	128	0	1	386	360	42	46	1934	0	0	0	1	
6513	11603302	0	0	0	0	1	128	0	1	386	360	42	46	1958	0	0	0	1	
6514	11603335	0	0	0	0	1	128	0	1	386	360	42	46	1966	0	0	0	1	
6515	11603369	0	0	0	0	1	128	0	1	386	360	43	47	1983	0	0	0	1	
6516	11603402	0	0	0	0	1	128	0	1	386	358	43	47	2006	0	0	0	1	
6517	11603436	0	0	0	0	1	128	0	1	386	360	43	47	2022	0	0	0	1	
6518	11603469	0	0	0	0	1	128	0	1	386	358	43	48	2051	0	0	0	1	
6519	11603502	0	0	0	0	1	128	0	1	386	360	43	48	2080	0	0	0	1	
6520	11603536	0	0	0	0	1	128	0	1	386	360	44	48	2095	0	0	0	1	
6521	11603569	0	0	0	0	1	128	0	1	386	360	44	48	2117	0	0	0	1	
6522	11603602	0	0	0	0	1	128	0	1	386	358	44	48	2135	0	0	0	1	
6523	11603636	0	0	0	0	1	128	0	1	386	358	44	49	2155	0	0	0	1	
6524	11603669	0	0	0	0	1	128	0	1	386	358	45	49	2179	0	0	0	1	
6525	11603703	0	0	0	0	1	128	0	1	386	358	45	49	2195	0	0	0	1	
6526	11603736	0	0	0	0	1	128	0	1	386	358	45	49	2214	0	0	0	1	
6527	11603769	0	0	0	0	1	128	0	1	386	358	45	49	2234	0	0	0	1	
6528	11603803	0	0	0	0	1	128	0	1	386	358	45	50	2246	0	0	0	1	
6529	11603836	0	0	0	0	1	128	0	1	386	358	45	50	2257	0	0	0	1	
6530	11603869	0	0	0	0	1	128	0	1	386	358	45	50	2266	0	0	0	1	
6531	11603903	0	0	0	0	1	128	0	1	386	358	45	50	2267	0	0	0	1	
6532	11603936	0	0	0	0	1	128	0	1	386	358	45	50	2262	0	0	0	1	
6533	11603969	0	0	0	0	1	128	0	1	386	358	45	50	2254	0	0	0	1	
6534	11604003	0	0	0	0	1	128	0	1	386	358	45	49	2229	0	0	0	1	
6535	11604036	0	0	0	0	1	128	0	1	386	358	45	49	2200	0	0	0	1	
6536	11604070	0	0	0	0	1	128	0	1	386	358	44	49	2154	0	0	0	1	
6537	11604103	0	0	0	0	1	128	0	1	386	358	44	48	2119	0	0	0	1	
6538	11604136	0	0	0	0	1	128	0	1	386	358	44	48	2080	0	0	0	1	
6539	11604170	0	0	0	0	1	128	0	1	386	358	43	48	2040	0	0	0	1	
6540	11604203	0	0	0	0	1	128	0	1	386	358	43	47	2004	0	0	0	1	
6541	11604236	0	0	0	0	1	128	0	1	386	358	42	47	1964	0	0	0	1	
6542	11604270	0	0	0	0	1	128	0	1	386	360	42	46	1939	0	0	0	1	
6543	11604303	0	0	0	0	1	128	0	1	386	360	42	46	1911	0	0	0	1	
6544	11604337	0	0	0	0	1	128	0	1	386	360	41	46	1893	0	0	0	1	
6545	11604370	0	0	0	0	1	128	0	1	386	360	41	45	1870	0	0	0	1	
6546	11604403	0	0	0	0	1	128	0	1	386	360	41	45	1843	0	0	0	1	
6547	11604437	0	0	0	0	1	128	0	1	386	358	41	45	1825	0	0	0	1	
6548	11604470	0	0	0	0	1	128	0	1	386	360	40	44	1793	0	0	0	1	
6549	11604503	0	0	0	0	1	128	0	1	386	360	40	44	1784	0	0	0	1	
6550	11604537	0	0	0	0	1	128	0	1	386	360	40	44	1764	0	0	0	1	
6551	11604570	0	0	0	0	1	128	0	1	386	360	40	44	1752	0	0	0	1	
6552	11604603	0	0	0	0	1	128	0	1	386	360	40	44	1746	0	0	0	1	
6553	11604637	0	0	0	0	1	128	0	1	386	360	40	44	1731	0	0	0	1	
6554	11604670	0	0	0	0	1	128	0	1	386	358	40	43	1721	0	0	0	1	
6555	11604704	0	0	0	0	1	128	0	1	386	360	39	43	1707	0	0	0	1	
6556	11604737	0	0	0	0	1	128	0	1	386	358	39	43	1704	0	0	0	1	
6557	11604770	0	0	0	0	1	128	0	1	386	358	39	43	1708	0	0	0	1	
6558	11604804	0	0	0	0	1	128	0	1	386	358	39	43	1704	0	0	0	1	
6559	11604837	0	0	0	0	1	128	0	1	386	360	39	43	1699	0	0	0	1	
6560	11604870	0	0	0	0	1	128	0	1	386	360	39	43	1699	0	0	0	1	
6561	11604904	0	0	0	0	1	128	0	1	386	360	39	43	1715	0	0	0	1	
6562	11604937	0	0	0	0	1	128	0	1	386	360	40	44	1726	0	0	0	1	
6563	11604971	0	0	0	0	1	128	0	1	386	360	40	44	1733	0	0	0	1	
6564	11605004	0	0	0	0	1	128	0	1	386	360	40	44	1733	0	0	0	1	
6565	11605037	0	0	0	0	1	128	0	1	386	360	40	44	1746	0	0	0	1	
6566	11605071	0	0	0	0	1	128	0	1	386	360	40	44	1752	0	0	0	1	
6567	11605104	0	0	0	0	1	128	0	1	386	360	40	44	1751	0	0	0	1	
6568	11605137	0	0	0	0	1	128	0	1	386	360	40	44	1757	0	0	0	1	
6569	11605171	0	0	0	0	1	128	0	1	386	360	40	44	1761	0	0	0	1	
6570	11605204	0	0	0	0	1	128	0	1	386	360	40	44	1765	0	0	0	1	
6571	11605237	0	0	0	0	1	128	0	1	386	360	40	44	1764	0	0	0	1	
6572	11605271	0	0	0	0	1	128	0	1	386	360	40	44	1764	0	0	0	1	
6573	11605304	0	0	0	0	1	128	0	1	386	360	40	44	1769	0	0	0	1	
6574	11605338	0	0	0	0	1	128	0	1	386	360	40	44	1768	0	0	0	1	
6575	11605371	0	0	0	0	1	128	0	1	386	360	40	44	1777	0	0	0	1	
6576	11605404	0	0	0	0	1	128	0	1	386	360	41	44	1784	0	0	0	1	
6577	11605438	0	0	0	0	1	128	0	1	386	360	41	44	1801	0	0	0	1	
6578	11605471	0	0	0	0	1	128	0	1	386	358	41	44	1807	0	0	0	1	
6579	11605504	0	0	0	0	1	128	0	1	390	348	41	44	1826	0	0	0	1	
6580	11605538	0	0	0	0	1	128	0	1	388	348	41	45	1846	0	0	0	1	
6581	11605571	0	0	0	0	1	128	0	1	388	348	41	45	1855	0	0	0	1	
6582	11605605	0	0	0	0	1	128	0	1	378	348	43	45	1923	0	0	0	1	
6583	11605638	0	0	0	0	1	128	0	1	380	348	42	45	1920	0	0	0	1	
6584	11605671	0	0	0	0	1	128	0	1	380	348	43	45	1943	0	0	0	1	
6585	11605705	0	0	0	0	1	128	0	1	380	348	43	46	1957	0	0	0	1	
6586	11605738	0	0	0	0	1	128	0	1	378	348	43	45	1951	0	0	0	1	
6587	11605771	0	0	0	0	1	128	0	1	382	342	34	39	1345	0	0	0	1	
6588	11605805	0	0	0	0	1	128	0	0	0	0	0	0	0	0	0	0	1	
6589	11605838	0	0	0	0	1	128	0	0	0	0	0	0	0	0	0	0	1	
6590	11605871	0	0	0	0	1	128	0	1	386	336	26	35	924	0	0	0	1	
6591	11605905	0	0	0	0	1	128	0	1	384	350	41	42	1726	0	0	0	1	
6592	11605938	0	0	0	0	1	128	0	1	384	352	41	45	1844	0	0	0	1	
6593	11605972	0	0	0	0	1	128	0	1	386	352	42	45	1909	0	0	0	1	
6594	11606005	0	0	0	0	1	128	0	1	386	352	43	45	1932	0	0	0	1	
6595	11606038	0	0	0	0	1	128	0	1	386	352	43	45	1932	0	0	0	1	
6596	11606072	0	0	0	0	1	128	0	1	386	350	42	45	1926	0	0	0	1	
6597	11606105	0	0	0	0	1	128	0	1	386	350	42	45	1923	0	0	0	1	
6598	11606138	0	0	0	0	1	128	0	1	386	350	43	45	1933	0	0	0	1	
6599	11606172	0	0	0	0	1	128	0	1	386	350	43	46	1941	0	0	0	1	
6600	11606205	0	0	0	0	1	128	0	1	386	350	43	46	1959	0	0	0	1	
6601	11606239	0	0	0	0	1	128	0	1	386	350	43	46	1977	0	0	0	1	
6602	11606272	0	0	0	0	1	128	0	1	386	350	43	46	1991	0	0	0	1	
6603	11606305	0	0	0	0	1	128	0	1	386	350	43	47	2021	0	0	0	1	
6604	11606339	0	0	0	0	1	128	0	1	386	350	44	47	2036	0	0	0	1	
6605	11606372	0	0	0	0	1	128	0	1	386	348	44	47	2045	0	0	0	1	
6606	11606405	0	0	0	0	1	128	0	1	386	348	44	47	2060	0	0	0	1	
6607	11606439	0	0	0	0	1	128	0	1	386	348	44	47	2067	0	0	0	1	
