RowNumber	TimeStamp	X_Position_Degree_Right_Eye	Y_Position_Degree_Right_Eye	Distance_From_RightEye	Validity_Right_Eye	Pupil_Diameter_RightEye	X_Position_Degree_Left_Eye	Y_Position_Degree_Left_Eye	Distance_From_LeftEye	Validity_Left_Eye	Pupil_Diameter_LeftEye	Target X	Target Y
0	0	0	0	0	4	0	-0.167111	-0.253652	0	0	1581.000000	0.000000	0.000000
1	1	0	0	0	4	0	-0.196953	-0.223811	0	0	1576.000000	0.000000	0.000000
2	2	0	0	0	4	0	-0.190986	-0.310349	0	0	1574.000000	0.000000	0.000000
3	3	0	0	0	4	0	-0.152191	-0.286477	0	0	1564.000000	0.000000	0.000000
4	4	0	0	0	4	0	-0.086541	-0.185017	0	0	1548.000000	0.000000	0.000000
5	5	0	0	0	4	0	-0.113397	-0.193969	0	0	1547.000000	0.000000	0.000000
6	6	0	0	0	4	0	-0.128318	-0.190985	0	0	1541.000000	0.000000	0.000000
7	7	0	0	0	4	0	-0.149207	-0.185017	0	0	1536.000000	0.000000	0.000000
8	8	0	0	0	4	0	-0.089525	-0.137271	0	0	1520.000000	0.000000	0.000000
9	9	0	0	0	4	0	-0.059683	-0.190985	0	0	1507.000000	0.000000	0.000000
10	10	0	0	0	4	0	-0.205907	0.005969	0	0	1516.000000	0.000000	0.000000
11	11	0	0	0	4	0	-0.179049	0.005969	0	0	1519.000000	0.000000	0.000000
12	12	0	0	0	4	0	-0.167111	-0.023873	0	0	1528.000000	0.000000	0.000000
13	13	0	0	0	4	0	-0.128318	-0.023873	0	0	1523.000000	0.000000	0.000000
14	14	0	0	0	4	0	-0.149207	-0.089525	0	0	1526.000000	0.000000	0.000000
15	15	0	0	0	4	0	-0.134287	-0.137271	0	0	1525.000000	0.000000	0.000000
16	16	0	0	0	4	0	-0.164128	-0.155176	0	0	1531.000000	0.000000	0.000000
17	17	0	0	0	4	0	-0.211873	-0.083556	0	0	1537.000000	0.000000	0.000000
18	18	0	0	0	4	0	-0.185017	-0.008952	0	0	1531.000000	0.000000	0.000000
19	19	0	0	0	4	0	-0.140255	-0.041778	0	0	1520.000000	0.000000	0.000000
20	20	0	0	0	4	0	-0.155176	-0.116382	0	0	1532.000000	0.000000	0.000000
21	21	0	0	0	4	0	-0.170097	-0.134287	0	0	1536.000000	0.000000	0.000000
22	22	0	0	0	4	0	-0.170097	-0.077588	0	0	1530.000000	0.000000	0.000000
23	23	0	0	0	4	0	-0.220827	-0.143239	0	0	1540.000000	0.000000	0.000000
24	24	0	0	0	4	0	-0.146224	-0.047747	0	0	1526.000000	0.000000	0.000000
25	25	0	0	0	4	0	-0.188001	-0.041778	0	0	1532.000000	0.000000	0.000000
26	26	0	0	0	4	0	-0.259620	-0.053714	0	0	1543.000000	0.000000	0.000000
27	27	0	0	0	4	0	-0.229779	-0.095493	0	0	1543.000000	0.000000	0.000000
28	28	0	0	0	4	0	-0.277524	-0.074604	0	0	1540.000000	0.000000	0.000000
29	29	0	0	0	4	0	-0.259620	-0.098477	0	0	1535.000000	0.000000	0.000000
30	30	0	0	0	4	0	-0.167111	-0.080573	0	0	1534.000000	0.000000	0.000000
31	31	0	0	0	4	0	-0.289461	-0.134287	0	0	1545.000000	-0.310681	0.316082
32	32	0	0	0	4	0	-0.310350	-0.179049	0	0	1556.000000	-0.776702	0.790204
33	33	0	0	0	4	0	-0.238731	-0.149207	0	0	1550.000000	-1.242723	1.264327
34	34	0	0	0	4	0	-0.247683	-0.140255	0	0	1545.000000	-1.708743	1.738450
35	35	0	0	0	4	0	-0.295429	-0.122350	0	0	1543.000000	-2.174764	2.212572
36	36	0	0	0	4	0	-0.367046	-0.083556	0	0	1549.000000	-2.640785	2.686695
37	37	0	0	0	4	0	-0.447614	-0.035810	0	0	1555.000000	-3.106806	3.160818
38	38	0	0	0	4	0	-0.629631	0.146223	0	0	1546.000000	-3.572827	3.634940
39	39	0	0	0	4	0	-0.790751	0.235747	0	0	1546.000000	-4.038848	4.109063
40	40	0	0	0	4	0	-3.231395	4.206055	0	0	1521.000000	-4.504869	4.583186
41	41	0	0	0	4	0	-3.855667	4.511647	0	0	1531.000000	-4.970890	5.057308
42	42	0	0	0	4	0	-4.226832	4.579852	0	0	1541.000000	-5.436911	5.531431
43	43	0	0	0	4	0	-4.612467	4.867351	0	0	1546.000000	-5.902932	6.005554
44	44	0	0	0	4	0	-4.938448	5.083556	0	0	1553.000000	-6.368953	6.479676
45	45	0	0	0	4	0	-6.474772	6.513069	0	0	1555.000000	-6.834973	6.953799
46	46	0	0	0	4	0	-6.975118	6.642648	0	0	1578.000000	-7.300994	7.427922
47	47	0	0	0	4	0	-7.327665	6.786873	0	0	1593.000000	-7.767015	7.902044
48	48	0	0	0	4	0	-7.665000	7.045671	0	0	1605.000000	-8.233036	8.376167
49	49	0	0	0	4	0	-8.013507	7.418650	0	0	1610.000000	-8.699058	8.850289
50	50	0	0	0	4	0	-9.131006	9.221165	0	0	1598.000000	-9.165078	9.324412
51	51	0	0	0	4	0	-9.621941	9.221165	0	0	1607.000000	-9.631099	9.798534
52	52	0	0	0	4	0	-9.775612	9.293837	0	0	1622.000000	-9.984145	10.157719
53	53	0	0	0	4	0	-9.900184	9.375196	0	0	1622.000000	-9.984145	10.157719
54	54	0	0	0	4	0	-10.125913	9.511675	0	0	1626.000000	-9.984145	10.157719
55	55	0	0	0	4	0	-10.342658	9.790101	0	0	1614.000000	-9.984145	10.157719
56	56	0	0	0	4	0	-11.172136	11.307063	0	0	1591.000000	-9.984145	10.157719
57	57	0	0	0	4	0	-11.100316	11.154902	0	0	1625.000000	-9.984145	10.157719
58	58	0	0	0	4	0	-11.002582	11.071577	0	0	1625.000000	-9.984145	10.157719
59	59	0	0	0	4	0	-10.950815	11.085947	0	0	1629.000000	-9.984145	10.157719
60	60	0	0	0	4	0	-10.968072	11.203726	0	0	1623.000000	-9.984145	10.157719
61	61	0	0	0	4	0	-10.959443	11.241051	0	0	1623.000000	-9.984145	10.157719
62	62	0	0	0	4	0	-10.893275	11.022709	0	0	1643.000000	-9.984145	10.157719
63	63	0	0	0	4	0	-10.371534	10.783886	0	0	1654.000000	-9.984145	10.157719
64	64	0	0	0	4	0	-10.270442	10.665773	0	0	1663.000000	-9.984145	10.157719
65	65	0	0	0	4	0	-10.313775	10.855862	0	0	1647.000000	-9.984145	10.157719
66	66	0	0	0	4	0	-10.284887	10.832833	0	0	1657.000000	-9.984145	10.157719
67	67	0	0	0	4	0	-10.235766	10.611006	0	0	1681.000000	-9.984145	10.157719
68	68	0	0	0	4	0	-10.146152	10.602357	0	0	1690.000000	-9.984145	10.157719
69	69	0	0	0	4	0	-10.146152	10.559105	0	0	1709.000000	-9.984145	10.157719
70	70	0	0	0	4	0	-10.276219	10.726281	0	0	1698.000000	-9.984145	10.157719
71	71	0	0	0	4	0	-10.218425	10.786767	0	0	1696.000000	-9.984145	10.157719
72	72	0	0	0	4	0	-10.218425	10.683064	0	0	1721.000000	-9.984145	10.157719
73	73	0	0	0	4	0	-10.218425	10.515840	0	0	1735.000000	-9.984145	10.157719
74	74	0	0	0	4	0	-10.157718	10.515840	0	0	1738.000000	-9.984145	10.157719
75	75	0	0	0	4	0	-10.140371	10.688827	0	0	1727.000000	-9.984145	10.157719
76	76	0	0	0	4	0	-10.140371	10.711877	0	0	1722.000000	-9.984145	10.157719
77	77	0	0	0	4	0	-10.088311	10.458133	0	0	1744.000000	-9.984145	10.157719
78	78	0	0	0	4	0	-10.027556	10.429272	0	0	1754.000000	-9.984145	10.157719
79	79	0	0	0	4	0	-9.966779	10.385971	0	0	1764.000000	-9.984145	10.157719
80	80	0	0	0	4	0	-9.963881	10.512955	0	0	1749.000000	-9.984145	10.157719
81	81	0	0	0	4	0	-9.975461	10.559105	0	0	1733.000000	-9.984145	10.157719
82	82	0	0	0	4	0	-9.946512	10.385971	0	0	1747.000000	-9.984145	10.157719
83	83	0	0	0	4	0	-9.879912	10.322440	0	0	1757.000000	-9.473405	9.638100
84	84	0	0	0	4	0	-9.816180	10.206864	0	0	1756.000000	-8.929714	9.084956
85	85	0	0	0	4	0	-9.824872	10.255995	0	0	1748.000000	-8.386023	8.531814
86	86	0	0	0	4	0	-9.850946	10.458133	0	0	1723.000000	-7.842332	7.978670
87	87	0	0	0	4	0	-9.717639	10.123019	0	0	1756.000000	-7.298641	7.425527
88	88	0	0	0	4	0	-9.517480	9.943618	0	0	1767.000000	-6.754950	6.872384
89	89	0	0	0	4	0	-6.913366	6.851599	0	0	1825.000000	-6.211258	6.319241
90	90	0	0	0	4	0	-6.433521	6.574922	0	0	1813.000000	-5.667568	5.766098
91	91	0	0	0	4	0	-6.029510	6.259607	0	0	1810.000000	-5.123877	5.212955
92	92	0	0	0	4	0	-5.657406	5.849426	0	0	1837.000000	-4.580185	4.659811
93	93	0	0	0	4	0	-5.157565	5.450471	0	0	1851.000000	-4.036494	4.106668
94	94	0	0	0	4	0	-4.591712	5.039142	0	0	1870.000000	-3.492803	3.553525
95	95	0	0	0	4	0	-3.956656	4.656937	0	0	1882.000000	-2.949112	3.000382
96	96	0	0	0	4	0	-2.615287	3.180822	0	0	1898.000000	-2.405421	2.447239
97	97	0	0	0	4	0	-2.275712	2.377007	0	0	1914.000000	-1.861730	1.894096
98	98	0	0	0	4	0	-1.777985	2.061162	0	0	1913.000000	-1.318039	1.340953
99	99	0	0	0	4	0	-1.294904	1.533489	0	0	1918.000000	-0.774348	0.787810
100	100	0	0	0	4	0	-0.799701	1.202438	0	0	1900.000000	-0.230657	0.234667
101	101	0	0	0	4	0	-0.405838	0.766882	0	0	1880.000000	0.000000	0.000000
102	102	0	0	0	4	0	-0.122349	0.378983	0	0	1857.000000	0.000000	0.000000
103	103	0	0	0	4	0	0.146223	0.080573	0	0	1842.000000	0.000000	0.000000
104	104	0	0	0	4	0	0.417774	-0.026857	0	0	1819.000000	0.000000	0.000000
105	105	0	0	0	4	0	0.647534	-0.179049	0	0	1793.000000	0.000000	0.000000
106	106	0	0	0	4	0	0.501325	-0.232762	0	0	1774.000000	0.000000	0.000000
107	107	0	0	0	4	0	0.513261	-0.193969	0	0	1755.000000	0.000000	0.000000
108	108	0	0	0	4	0	0.125335	0.056699	0	0	1755.000000	0.000000	0.000000
109	109	0	0	0	4	0	-0.053714	0.044762	0	0	1751.000000	0.000000	0.000000
110	110	0	0	0	4	0	-0.035810	0.083556	0	0	1740.000000	0.000000	0.000000
111	111	0	0	0	4	0	-0.035810	0.098477	0	0	1733.000000	0.000000	0.000000
112	112	0	0	0	4	0	0.014921	0.119366	0	0	1718.000000	0.000000	0.000000
113	113	0	0	0	4	0	-0.050731	0.068635	0	0	1723.000000	0.000000	0.000000
114	114	0	0	0	4	0	-0.047746	0.044762	0	0	1705.000000	0.000000	0.000000
115	115	0	0	0	4	0	-0.095493	0.035810	0	0	1698.000000	0.000000	0.000000
116	116	0	0	0	4	0	0.014921	0.005969	0	0	1681.000000	0.000000	0.000000
117	117	0	0	0	4	0	0.050731	0.092509	0	0	1651.000000	0.000000	0.000000
118	118	0	0	0	4	0	0.014921	0.077588	0	0	1651.000000	0.000000	0.000000
119	119	0	0	0	4	0	0.008952	0.041778	0	0	1640.000000	0.000000	0.000000
120	120	0	0	0	4	0	0.020889	-0.044762	0	0	1636.000000	0.000000	0.000000
121	121	0	0	0	4	0	0.014921	-0.020889	0	0	1625.000000	0.000000	0.000000
122	122	0	0	0	4	0	0.008952	0.023873	0	0	1607.000000	0.000000	0.000000
123	123	0	0	0	4	0	-0.017904	-0.011936	0	0	1609.000000	0.000000	0.000000
124	124	0	0	0	4	0	-0.041779	-0.017905	0	0	1604.000000	0.000000	0.000000
125	125	0	0	0	4	0	-0.020889	0.000000	0	0	1597.000000	0.000000	0.000000
126	126	0	0	0	4	0	0.008952	0.083556	0	0	1592.000000	0.000000	0.000000
127	127	0	0	0	4	0	-0.035810	0.035810	0	0	1577.000000	0.000000	0.000000
128	128	0	0	0	4	0	-0.065652	-0.008952	0	0	1589.000000	0.000000	0.000000
129	129	0	0	0	4	0	-0.050731	0.032826	0	0	1582.000000	0.000000	0.000000
130	130	0	0	0	4	0	-0.083556	0.032826	0	0	1583.000000	0.000000	0.000000
131	131	0	0	0	4	0	-0.071620	0.047747	0	0	1580.000000	-9.984145	10.157719
132	132	0	0	0	4	0	-0.023873	0.077588	0	0	1577.000000	-9.984145	10.157719
133	133	0	0	0	4	0	-0.116383	0.026857	0	0	1589.000000	-9.984145	10.157719
134	134	0	0	0	4	0	-0.146224	0.050731	0	0	1585.000000	-9.984145	10.157719
135	135	0	0	0	4	0	-0.143239	0.071620	0	0	1592.000000	-9.984145	10.157719
136	136	0	0	0	4	0	-0.158159	0.098477	0	0	1594.000000	-9.984145	10.157719
137	137	0	0	0	4	0	-0.182032	0.155176	0	0	1597.000000	-9.984145	10.157719
138	138	0	0	0	4	0	-1.262093	1.930018	0	0	1622.000000	-9.984145	10.157719
139	139	0	0	0	4	0	-7.694310	8.600797	0	0	1565.000000	-9.984145	10.157719
140	140	0	0	0	4	0	-8.562865	8.702879	0	0	1597.000000	-9.984145	10.157719
141	141	0	0	0	4	0	-8.486983	8.740781	0	0	1592.000000	-9.984145	10.157719
142	142	0	0	0	4	0	-8.548275	8.994232	0	0	1582.000000	-9.984145	10.157719
143	143	0	0	0	4	0	-8.603714	8.901050	0	0	1617.000000	-9.984145	10.157719
144	144	0	0	0	4	0	-9.325803	10.137479	0	0	1643.000000	-9.984145	10.157719
145	145	0	0	0	4	0	-10.290665	10.703234	0	0	1641.000000	-9.984145	10.157719
146	146	0	0	0	4	0	-10.362871	10.708997	0	0	1657.000000	-9.984145	10.157719
147	147	0	0	0	4	0	-10.435044	10.901907	0	0	1646.000000	-9.984145	10.157719
148	148	0	0	0	4	0	-10.426385	10.953691	0	0	1648.000000	-9.984145	10.157719
149	149	0	0	0	4	0	-10.391745	10.732043	0	0	1684.000000	-9.984145	10.157719
150	150	0	0	0	4	0	-10.287776	10.616773	0	0	1704.000000	-9.984145	10.157719
151	151	0	0	0	4	0	-10.296443	10.734923	0	0	1708.000000	-9.984145	10.157719
152	152	0	0	0	4	0	-10.316663	10.913416	0	0	1714.000000	-9.984145	10.157719
153	153	0	0	0	4	0	-10.339769	10.916293	0	0	1709.000000	-9.984145	10.157719
154	154	0	0	0	4	0	-10.336882	10.706115	0	0	1739.000000	-9.984145	10.157719
155	155	0	0	0	4	0	-10.276219	10.674418	0	0	1745.000000	-9.984145	10.157719
156	156	0	0	0	4	0	-10.261773	10.723401	0	0	1733.000000	-9.984145	10.157719
157	157	0	0	0	4	0	-10.267551	10.901907	0	0	1719.000000	-9.984145	10.157719
158	158	0	0	0	4	0	-10.313775	10.979577	0	0	1700.000000	-9.984145	10.157719
159	159	0	0	0	4	0	-10.284887	10.769487	0	0	1703.000000	-9.984145	10.157719
160	160	0	0	0	4	0	-10.244436	10.634068	0	0	1700.000000	-9.984145	10.157719
161	161	0	0	0	4	0	-10.198193	10.674418	0	0	1694.000000	-9.984145	10.157719
162	162	0	0	0	4	0	-10.209755	10.795404	0	0	1672.000000	0.000000	0.000000
163	163	0	0	0	4	0	-10.270442	10.968073	0	0	1651.000000	0.000000	0.000000
164	164	0	0	0	4	0	-10.189520	10.749326	0	0	1651.000000	0.000000	0.000000
165	165	0	0	0	4	0	-10.151937	10.685946	0	0	1669.000000	0.000000	0.000000
166	166	0	0	0	4	0	-10.076741	10.636951	0	0	1674.000000	0.000000	0.000000
167	167	0	0	0	4	0	-10.044917	10.711877	0	0	1663.000000	0.000000	0.000000
168	168	0	0	0	4	0	-10.050704	10.821318	0	0	1647.000000	0.000000	0.000000
169	169	0	0	0	4	0	-9.992828	10.564872	0	0	1673.000000	0.000000	0.000000
170	170	0	0	0	4	0	-3.145121	4.211991	0	0	1764.000000	0.000000	0.000000
171	171	0	0	0	4	0	0.438663	1.014507	0	0	1798.000000	0.000000	0.000000
172	172	0	0	0	4	0	0.647534	0.638583	0	0	1797.000000	0.000000	0.000000
173	173	0	0	0	4	0	0.719144	0.656485	0	0	1799.000000	0.000000	0.000000
174	174	0	0	0	4	0	0.695274	0.507293	0	0	1816.000000	0.000000	0.000000
175	175	0	0	0	4	0	0.638583	0.531164	0	0	1831.000000	0.000000	0.000000
176	176	0	0	0	4	0	0.077588	0.128318	0	0	1854.000000	0.000000	0.000000
177	177	0	0	0	4	0	0.080573	0.113397	0	0	1875.000000	0.000000	0.000000
178	178	0	0	0	4	0	0.035810	0.038794	0	0	1885.000000	0.000000	0.000000
179	179	0	0	0	4	0	-0.005969	0.068635	0	0	1906.000000	0.000000	0.000000
180	180	0	0	0	4	0	-0.062667	0.047747	0	0	1929.000000	0.000000	0.000000
181	181	0	0	0	4	0	-0.101462	0.038794	0	0	1928.000000	0.000000	0.000000
182	182	0	0	0	4	0	-0.017904	0.355110	0	0	1917.000000	0.000000	0.000000
183	183	0	0	0	4	0	-0.035810	0.262603	0	0	1894.000000	0.000000	0.000000
184	184	0	0	0	4	0	0.023873	0.283492	0	0	1866.000000	0.000000	0.000000
185	185	0	0	0	4	0	-0.017904	0.313333	0	0	1834.000000	0.000000	0.000000
186	186	0	0	0	4	0	-0.086541	0.170097	0	0	1803.000000	0.000000	0.000000
187	187	0	0	0	4	0	0.038794	0.262603	0	0	1774.000000	0.000000	0.000000
188	188	0	0	0	4	0	0.011936	0.280508	0	0	1748.000000	0.000000	0.000000
189	189	0	0	0	4	0	0.044762	0.253652	0	0	1722.000000	0.000000	0.000000
190	190	0	0	0	4	0	0.059683	0.286477	0	0	1709.000000	0.000000	0.000000
191	191	0	0	0	4	0	0.008952	0.185017	0	0	1696.000000	0.000000	0.000000
192	192	0	0	0	4	0	0.023873	0.208890	0	0	1684.000000	-0.413656	-0.420847
193	193	0	0	0	4	0	0.044762	0.247683	0	0	1673.000000	-1.034139	-1.052118
194	194	0	0	0	4	0	0.032826	0.235747	0	0	1671.000000	-1.654623	-1.683388
195	195	0	0	0	4	0	0.008952	0.217842	0	0	1666.000000	-2.275106	-2.314659
196	196	0	0	0	4	0	0.032826	0.185017	0	0	1655.000000	-2.895590	-2.945930
197	197	0	0	0	4	0	-0.014921	0.161144	0	0	1661.000000	-3.516074	-3.577200
198	198	0	0	0	4	0	-0.056700	0.131302	0	0	1650.000000	-4.136557	-4.208471
199	199	0	0	0	4	0	-0.173080	0.068635	0	0	1654.000000	-4.757041	-4.839742
200	200	0	0	0	4	0	-0.370031	-0.104445	0	0	1661.000000	-5.377524	-5.471012
201	201	0	0	0	4	0	-0.668421	-0.190985	0	0	1680.000000	-5.998008	-6.102283
202	202	0	0	0	4	0	-5.707639	-5.790357	0	0	1751.000000	-6.618492	-6.733553
203	203	0	0	0	4	0	-5.999996	-5.946863	0	0	1745.000000	-7.238976	-7.364824
204	204	0	0	0	4	0	-6.353947	-6.174082	0	0	1765.000000	-7.859459	-7.996095
205	205	0	0	0	4	0	-6.624982	-6.342158	0	0	1790.000000	-8.479942	-8.627365
206	206	0	0	0	4	0	-6.916307	-6.489502	0	0	1814.000000	-9.100426	-9.258636
207	207	0	0	0	4	0	-9.064088	-8.165610	0	0	1845.000000	-9.720910	-9.889907
208	208	0	0	0	4	0	-9.151369	-8.554111	0	0	1863.000000	-9.984145	-10.157719
209	209	0	0	0	4	0	-9.206626	-8.673718	0	0	1878.000000	-9.984145	-10.157719
210	210	0	0	0	4	0	-9.244423	-8.743695	0	0	1890.000000	-9.984145	-10.157719
211	211	0	0	0	4	0	-9.407146	-8.801991	0	0	1887.000000	-9.984145	-10.157719
212	212	0	0	0	4	0	-10.602358	-9.885703	0	0	1875.000000	-9.984145	-10.157719
213	213	0	0	0	4	0	-10.625422	-10.486990	0	0	1856.000000	-9.984145	-10.157719
214	214	0	0	0	4	0	-10.634068	-10.498529	0	0	1835.000000	-9.984145	-10.157719
215	215	0	0	0	4	0	-10.616774	-10.544684	0	0	1823.000000	-9.984145	-10.157719
216	216	0	0	0	4	0	-10.587941	-10.458134	0	0	1820.000000	-9.984145	-10.157719
217	217	0	0	0	4	0	-10.732044	-10.541800	0	0	1810.000000	-9.984145	-10.157719
218	218	0	0	0	4	0	-10.602358	-10.475447	0	0	1807.000000	-9.984145	-10.157719
219	219	0	0	0	4	0	-10.359984	-10.365760	0	0	1797.000000	-9.984145	-10.157719
220	220	0	0	0	4	0	-10.380197	-10.328217	0	0	1795.000000	-9.984145	-10.157719
221	221	0	0	0	4	0	-10.345545	-10.328217	0	0	1801.000000	-9.984145	-10.157719
222	222	0	0	0	4	0	-10.313775	-10.313775	0	0	1791.000000	-9.984145	-10.157719
223	223	0	0	0	4	0	-10.290665	-10.316663	0	0	1793.000000	-9.984145	-10.157719
224	224	0	0	0	4	0	-10.267551	-10.322440	0	0	1780.000000	-9.984145	-10.157719
225	225	0	0	0	4	0	-10.241547	-10.345545	0	0	1778.000000	-9.984145	-10.157719
226	226	0	0	0	4	0	-10.247324	-10.328217	0	0	1783.000000	-9.984145	-10.157719
227	227	0	0	0	4	0	-10.241547	-10.351321	0	0	1775.000000	-9.984145	-10.157719
228	228	0	0	0	4	0	-10.229987	-10.354208	0	0	1772.000000	-9.984145	-10.157719
229	229	0	0	0	4	0	-10.128803	-10.241547	0	0	1765.000000	-9.984145	-10.157719
230	230	0	0	0	4	0	-10.166392	-10.224206	0	0	1766.000000	-9.984145	-10.157719
231	231	0	0	0	4	0	-10.163502	-10.175065	0	0	1783.000000	-9.984145	-10.157719
232	232	0	0	0	4	0	-10.099881	-10.143261	0	0	1794.000000	-9.984145	-10.157719
233	233	0	0	0	4	0	-10.114343	-10.134587	0	0	1802.000000	-9.984145	-10.157719
234	234	0	0	0	4	0	-10.076741	-10.128803	0	0	1808.000000	-9.984145	-10.157719
235	235	0	0	0	4	0	-10.059382	-10.114343	0	0	1822.000000	-9.984145	-10.157719
236	236	0	0	0	4	0	-10.021769	-10.053597	0	0	1827.000000	-9.984145	-10.157719
237	237	0	0	0	4	0	-9.975461	-10.007298	0	0	1839.000000	-9.984145	-10.157719
238	238	0	0	0	4	0	-9.966779	-9.989934	0	0	1840.000000	-9.793365	-9.963622
239	239	0	0	0	4	0	-9.859636	-10.013087	0	0	1840.000000	-9.093840	-9.251935
240	240	0	0	0	4	0	-9.923350	-9.975461	0	0	1826.000000	-8.394313	-8.540248
241	241	0	0	0	4	0	-9.911767	-9.981251	0	0	1825.000000	-7.694787	-7.828560
242	242	0	0	0	4	0	-9.787204	-9.978354	0	0	1813.000000	-6.995261	-7.116873
243	243	0	0	0	4	0	-9.752425	-9.995723	0	0	1804.000000	-6.295735	-6.405186
244	244	0	0	0	4	0	-9.558111	-9.827769	0	0	1782.000000	-5.596209	-5.693498
245	245	0	0	0	4	0	-3.855667	-2.502114	0	0	1748.000000	-4.896683	-4.981811
246	246	0	0	0	4	0	-0.963791	-0.957825	0	0	1747.000000	-4.197156	-4.270124
247	247	0	0	0	4	0	-0.722128	-0.874289	0	0	1735.000000	-3.497630	-3.558436
248	248	0	0	0	4	0	-0.605761	-0.826554	0	0	1743.000000	-2.798104	-2.846749
249	249	0	0	0	4	0	-0.519230	-0.605761	0	0	1741.000000	-2.098578	-2.135062
250	250	0	0	0	4	0	-0.417774	-0.546084	0	0	1743.000000	-1.399052	-1.423375
251	251	0	0	0	4	0	1.554364	0.835504	0	0	1735.000000	-0.699526	-0.711687
252	252	0	0	0	4	0	1.661709	0.862356	0	0	1740.000000	0.000000	0.000000
253	253	0	0	0	4	0	1.718358	0.811636	0	0	1726.000000	0.000000	0.000000
254	254	0	0	0	4	0	1.745191	0.853405	0	0	1709.000000	0.000000	0.000000
255	255	0	0	0	4	0	1.828665	0.889206	0	0	1677.000000	0.000000	0.000000
256	256	0	0	0	4	0	1.706432	0.799701	0	0	1674.000000	0.000000	0.000000
257	257	0	0	0	4	0	1.679598	0.877273	0	0	1657.000000	0.000000	0.000000
258	258	0	0	0	4	0	1.700469	0.874289	0	0	1634.000000	0.000000	0.000000
259	259	0	0	0	4	0	1.634873	2.496158	0	0	1720.000000	0.000000	0.000000
260	260	0	0	0	4	0	-90.000000	-90.000000	0	4	0.000000	0.000000	0.000000
261	261	0	0	0	4	0	-90.000000	-90.000000	0	4	0.000000	0.000000	0.000000
262	262	0	0	0	4	0	-90.000000	-90.000000	0	4	0.000000	0.000000	0.000000
263	263	0	0	0	4	0	-90.000000	-90.000000	0	4	0.000000	0.000000	0.000000
264	264	0	0	0	4	0	-90.000000	-90.000000	0	4	0.000000	0.000000	0.000000
265	265	0	0	0	4	0	3.097516	-5.675136	0	0	1142.000000	0.000000	0.000000
266	266	0	0	0	4	0	1.414202	-0.119366	0	0	1505.000000	0.000000	0.000000
267	267	0	0	0	4	0	1.941941	3.974476	0	0	1727.000000	0.000000	0.000000
268	268	0	0	0	4	0	2.579550	6.507177	0	0	1793.000000	0.000000	0.000000
269	269	0	0	0	4	0	-0.656485	0.519229	0	0	1564.000000	0.000000	0.000000
270	270	0	0	0	4	0	-0.611729	0.370030	0	0	1559.000000	0.000000	0.000000
271	271	0	0	0	4	0	-0.125335	-0.029842	0	0	1567.000000	0.000000	0.000000
272	272	0	0	0	4	0	-0.113397	-0.023873	0	0	1586.000000	0.000000	0.000000
273	273	0	0	0	4	0	-0.065652	-0.035810	0	0	1609.000000	0.000000	0.000000
274	274	0	0	0	4	0	-0.110414	0.020889	0	0	1635.000000	0.000000	0.000000
275	275	0	0	0	4	0	-0.053714	-0.002984	0	0	1655.000000	0.000000	0.000000
276	276	0	0	0	4	0	-0.041779	-0.050731	0	0	1691.000000	0.000000	0.000000
277	277	0	0	0	4	0	-0.062667	-0.047747	0	0	1729.000000	0.000000	0.000000
278	278	0	0	0	4	0	-0.044762	-0.032826	0	0	1758.000000	0.000000	0.000000
279	279	0	0	0	4	0	-0.020889	-0.062667	0	0	1774.000000	0.000000	0.000000
280	280	0	0	0	4	0	-0.053714	-0.062667	0	0	1774.000000	0.000000	0.000000
281	281	0	0	0	4	0	-0.002983	-0.107430	0	0	1765.000000	0.000000	0.000000
282	282	0	0	0	4	0	-0.065652	-0.241715	0	0	1767.000000	0.000000	0.000000
283	283	0	0	0	4	0	-0.071620	-0.229779	0	0	1755.000000	-9.984145	-10.157719
284	284	0	0	0	4	0	-0.059683	-0.319302	0	0	1741.000000	-9.984145	-10.157719
285	285	0	0	0	4	0	-0.050731	-0.370030	0	0	1724.000000	-9.984145	-10.157719
286	286	0	0	0	4	0	-0.041779	-0.346158	0	0	1709.000000	-9.984145	-10.157719
287	287	0	0	0	4	0	-0.122349	-0.429710	0	0	1711.000000	-9.984145	-10.157719
288	288	0	0	0	4	0	-0.098477	-0.486405	0	0	1705.000000	-9.984145	-10.157719
289	289	0	0	0	4	0	-0.083556	-0.474470	0	0	1705.000000	-9.984145	-10.157719
290	290	0	0	0	4	0	-0.083556	-0.435678	0	0	1698.000000	-9.984145	-10.157719
291	291	0	0	0	4	0	-0.011937	-0.420759	0	0	1690.000000	-9.984145	-10.157719
292	292	0	0	0	4	0	-0.032825	-0.426726	0	0	1692.000000	-9.984145	-10.157719
293	293	0	0	0	4	0	-0.086541	-0.507293	0	0	1689.000000	-9.984145	-10.157719
294	294	0	0	0	4	0	-0.128318	-0.486405	0	0	1698.000000	-9.984145	-10.157719
295	295	0	0	0	4	0	-0.032825	-0.435678	0	0	1689.000000	-9.984145	-10.157719
296	296	0	0	0	4	0	-0.044762	-0.408823	0	0	1680.000000	-9.984145	-10.157719
297	297	0	0	0	4	0	-5.006568	-5.858285	0	0	1750.000000	-9.984145	-10.157719
298	298	0	0	0	4	0	-9.758223	-10.351321	0	0	1758.000000	-9.984145	-10.157719
299	299	0	0	0	4	0	-10.085419	-10.307998	0	0	1747.000000	-9.984145	-10.157719
300	300	0	0	0	4	0	-10.114343	-10.250216	0	0	1757.000000	-9.984145	-10.157719
301	301	0	0	0	4	0	-10.117234	-10.186629	0	0	1743.000000	-9.984145	-10.157719
302	302	0	0	0	4	0	-10.111451	-10.224206	0	0	1758.000000	-9.984145	-10.157719
303	303	0	0	0	4	0	-10.154828	-10.218425	0	0	1768.000000	-9.984145	-10.157719
304	304	0	0	0	4	0	-10.123019	-10.177958	0	0	1773.000000	-9.984145	-10.157719
305	305	0	0	0	4	0	-10.172175	-10.227097	0	0	1778.000000	-9.984145	-10.157719
306	306	0	0	0	4	0	-10.452362	-10.189520	0	0	1774.000000	-9.984145	-10.157719
307	307	0	0	0	4	0	-10.371534	-10.238656	0	0	1782.000000	-9.984145	-10.157719
308	308	0	0	0	4	0	-10.354208	-10.238656	0	0	1793.000000	-9.984145	-10.157719
309	309	0	0	0	4	0	-10.325329	-10.227097	0	0	1803.000000	-9.984145	-10.157719
310	310	0	0	0	4	0	-10.284887	-10.183741	0	0	1800.000000	-9.984145	-10.157719
311	311	0	0	0	4	0	-10.221315	-10.227097	0	0	1790.000000	-9.984145	-10.157719
312	312	0	0	0	4	0	-10.270442	-10.203973	0	0	1783.000000	-9.984145	-10.157719
313	313	0	0	0	4	0	-10.209755	-10.218425	0	0	1780.000000	0.000000	0.000000
314	314	0	0	0	4	0	-10.267551	-10.238656	0	0	1769.000000	0.000000	0.000000
315	315	0	0	0	4	0	-10.183741	-10.276219	0	0	1756.000000	0.000000	0.000000
316	316	0	0	0	4	0	-10.186629	-10.203973	0	0	1747.000000	0.000000	0.000000
317	317	0	0	0	4	0	-10.166392	-10.186629	0	0	1746.000000	0.000000	0.000000
318	318	0	0	0	4	0	-10.177958	-10.166392	0	0	1747.000000	0.000000	0.000000
319	319	0	0	0	4	0	-10.203973	-10.180848	0	0	1734.000000	0.000000	0.000000
320	320	0	0	0	4	0	-10.125913	-10.177958	0	0	1731.000000	0.000000	0.000000
321	321	0	0	0	4	0	-10.134587	-10.229987	0	0	1727.000000	0.000000	0.000000
322	322	0	0	0	4	0	-3.882401	-1.259111	0	0	1692.000000	0.000000	0.000000
323	323	0	0	0	4	0	-0.152191	0.065652	0	0	1717.000000	0.000000	0.000000
324	324	0	0	0	4	0	-0.077587	0.059683	0	0	1702.000000	0.000000	0.000000
325	325	0	0	0	4	0	-0.059683	0.050731	0	0	1718.000000	0.000000	0.000000
326	326	0	0	0	4	0	0.000000	0.005969	0	0	1719.000000	0.000000	0.000000
327	327	0	0	0	4	0	-0.026858	0.038794	0	0	1729.000000	0.000000	0.000000
328	328	0	0	0	4	0	-0.059683	0.000000	0	0	1748.000000	0.000000	0.000000
329	329	0	0	0	4	0	-0.074604	-0.101461	0	0	1748.000000	0.000000	0.000000
330	330	0	0	0	4	0	-0.056700	-0.134287	0	0	1757.000000	0.000000	0.000000
331	331	0	0	0	4	0	-0.032825	-0.161144	0	0	1753.000000	0.000000	0.000000
332	332	0	0	0	4	0	-0.032825	-0.182033	0	0	1747.000000	0.000000	0.000000
333	333	0	0	0	4	0	-0.059683	-0.232762	0	0	1739.000000	0.000000	0.000000
334	334	0	0	0	4	0	-0.101462	-0.286477	0	0	1737.000000	0.000000	0.000000
335	335	0	0	0	4	0	-0.005969	-0.253652	0	0	1716.000000	0.000000	0.000000
336	336	0	0	0	4	0	-0.071620	-0.205906	0	0	1697.000000	0.000000	0.000000
337	337	0	0	0	4	0	0.008952	-0.179049	0	0	1693.000000	0.000000	0.000000
338	338	0	0	0	4	0	-0.014921	-0.250667	0	0	1694.000000	0.000000	0.000000
339	339	0	0	0	4	0	-0.056700	-0.271556	0	0	1675.000000	0.000000	0.000000
340	340	0	0	0	4	0	-0.056700	-0.289461	0	0	1664.000000	0.000000	0.000000
341	341	0	0	0	4	0	0.014921	-0.250667	0	0	1635.000000	0.000000	0.000000
342	342	0	0	0	4	0	0.053714	-0.217842	0	0	1616.000000	0.000000	0.000000
343	343	0	0	0	4	0	-0.008952	-0.235747	0	0	1609.000000	0.070476	-0.071702
344	344	0	0	0	4	0	-0.062667	-0.208890	0	0	1600.000000	0.845716	-0.860418
345	345	0	0	0	4	0	-0.065652	-0.232762	0	0	1593.000000	1.620955	-1.649135
346	346	0	0	0	4	0	-0.035810	-0.208890	0	0	1578.000000	2.396195	-2.437852
347	347	0	0	0	4	0	0.002984	-0.229779	0	0	1559.000000	3.171434	-3.226569
348	348	0	0	0	4	0	0.047747	-0.289461	0	0	1548.000000	3.946674	-4.015286
349	349	0	0	0	4	0	0.011936	-0.405838	0	0	1553.000000	4.721913	-4.804003
350	350	0	0	0	4	0	0.208890	-0.432694	0	0	1534.000000	5.497153	-5.592721
351	351	0	0	0	4	0	1.464901	-1.145763	0	0	1540.000000	6.272392	-6.381437
352	352	0	0	0	4	0	7.447993	-7.213147	0	0	1561.000000	7.047632	-7.170155
353	353	0	0	0	4	0	7.852505	-7.550659	0	0	1559.000000	7.822871	-7.958871
354	354	0	0	0	4	0	8.019360	-7.829077	0	0	1566.000000	8.598111	-8.747588
355	355	0	0	0	4	0	8.165610	-8.104198	0	0	1573.000000	9.373350	-9.536305
356	356	0	0	0	4	0	8.411070	-8.282535	0	0	1584.000000	9.984145	-10.157719
357	357	0	0	0	4	0	8.714541	-8.463629	0	0	1598.000000	9.984145	-10.157719
358	358	0	0	0	4	0	8.903962	-8.676634	0	0	1616.000000	9.984145	-10.157719
359	359	0	0	0	4	0	9.034986	-8.767015	0	0	1637.000000	9.984145	-10.157719
360	360	0	0	0	4	0	9.476839	-9.096098	0	0	1663.000000	9.984145	-10.157719
361	361	0	0	0	4	0	10.305109	-10.244436	0	0	1682.000000	9.984145	-10.157719
362	362	0	0	0	4	0	10.258883	-10.319551	0	0	1690.000000	9.984145	-10.157719
363	363	0	0	0	4	0	10.221315	-10.313775	0	0	1700.000000	9.984145	-10.157719
364	364	0	0	0	4	0	10.244436	-10.331105	0	0	1703.000000	9.984145	-10.157719
365	365	0	0	0	4	0	10.250215	-10.305108	0	0	1713.000000	9.984145	-10.157719
366	366	0	0	0	4	0	10.206864	-10.258883	0	0	1718.000000	9.984145	-10.157719
367	367	0	0	0	4	0	10.047811	-10.253104	0	0	1734.000000	9.984145	-10.157719
368	368	0	0	0	4	0	9.882808	-10.206864	0	0	1741.000000	9.984145	-10.157719
369	369	0	0	0	4	0	9.891496	-10.123019	0	0	1730.000000	9.984145	-10.157719
370	370	0	0	0	4	0	9.877015	-10.177958	0	0	1742.000000	9.984145	-10.157719
371	371	0	0	0	4	0	9.795897	-10.235766	0	0	1750.000000	9.984145	-10.157719
372	372	0	0	0	4	0	9.842255	-10.114343	0	0	1753.000000	9.984145	-10.157719
373	373	0	0	0	4	0	9.845152	-10.068063	0	0	1759.000000	9.984145	-10.157719
374	374	0	0	0	4	0	9.839358	-10.079633	0	0	1765.000000	9.984145	-10.157719
375	375	0	0	0	4	0	9.839358	-10.062278	0	0	1774.000000	9.984145	-10.157719
376	376	0	0	0	4	0	9.821975	-10.082527	0	0	1786.000000	9.984145	-10.157719
377	377	0	0	0	4	0	9.801692	-10.042024	0	0	1797.000000	9.984145	-10.157719
378	378	0	0	0	4	0	9.790101	-10.053597	0	0	1798.000000	9.984145	-10.157719
379	379	0	0	0	4	0	9.758222	-10.010193	0	0	1806.000000	9.984145	-10.157719
380	380	0	0	0	4	0	9.645144	-9.943617	0	0	1820.000000	9.984145	-10.157719
381	381	0	0	0	4	0	9.563915	-9.943617	0	0	1830.000000	9.984145	-10.157719
382	382	0	0	0	4	0	9.540698	-9.905975	0	0	1834.000000	9.984145	-10.157719
383	383	0	0	0	4	0	9.508773	-9.778510	0	0	1835.000000	9.984145	-10.157719
384	384	0	0	0	4	0	9.534895	-9.682845	0	0	1837.000000	9.984145	-10.157719
385	385	0	0	0	4	0	9.325804	-9.677047	0	0	1845.000000	9.984145	-10.157719
386	386	0	0	0	4	0	9.186271	-9.613237	0	0	1845.000000	9.984145	-10.157719
387	387	0	0	0	4	0	9.069908	-9.555209	0	0	1854.000000	9.208176	-9.368258
388	388	0	0	0	4	0	8.997144	-9.497161	0	0	1850.000000	8.354609	-8.499853
389	389	0	0	0	4	0	8.877747	-9.351954	0	0	1858.000000	7.501042	-7.631447
390	390	0	0	0	4	0	8.734950	-9.165912	0	0	1864.000000	6.647475	-6.763041
391	391	0	0	0	4	0	8.559948	-9.119371	0	0	1866.000000	5.793908	-5.894635
392	392	0	0	0	4	0	8.121746	-8.886486	0	0	1877.000000	4.940341	-5.026228
393	393	0	0	0	4	0	1.816741	0.092509	0	0	1848.000000	4.086774	-4.157823
394	394	0	0	0	4	0	0.268572	1.452972	0	0	1843.000000	3.233208	-3.289417
395	395	0	0	0	4	0	0.053714	1.429114	0	0	1841.000000	2.379641	-2.421011
396	396	0	0	0	4	0	-0.119366	1.509633	0	0	1844.000000	1.526074	-1.552605
397	397	0	0	0	4	0	-0.274541	1.584183	0	0	1849.000000	0.672507	-0.684199
398	398	0	0	0	4	0	-0.304381	1.518579	0	0	1844.000000	0.000000	0.000000
399	399	0	0	0	4	0	-0.307365	1.467884	0	0	1838.000000	0.000000	0.000000
400	400	0	0	0	4	0	-0.352126	1.458936	0	0	1842.000000	0.000000	0.000000
401	401	0	0	0	4	0	-0.462534	1.411219	0	0	1842.000000	0.000000	0.000000
402	402	0	0	0	4	0	-0.468502	1.432096	0	0	1828.000000	0.000000	0.000000
403	403	0	0	0	4	0	-0.411806	1.414202	0	0	1808.000000	0.000000	0.000000
404	404	0	0	0	4	0	-0.384951	1.387361	0	0	1813.000000	0.000000	0.000000
405	405	0	0	0	4	0	-0.393903	1.458936	0	0	1813.000000	0.000000	0.000000
406	406	0	0	0	4	0	-0.152191	-0.217842	0	0	1822.000000	0.000000	0.000000
407	407	0	0	0	4	0	-0.062667	0.002984	0	0	1814.000000	0.000000	0.000000
408	408	0	0	0	4	0	-0.026858	0.071620	0	0	1808.000000	0.000000	0.000000
409	409	0	0	0	4	0	0.011936	0.002984	0	0	1802.000000	0.000000	0.000000
410	410	0	0	0	4	0	0.017905	-0.014921	0	0	1804.000000	0.000000	0.000000
411	411	0	0	0	4	0	0.059683	0.041778	0	0	1780.000000	0.000000	0.000000
412	412	0	0	0	4	0	0.101461	-0.020889	0	0	1777.000000	0.000000	0.000000
413	413	0	0	0	4	0	0.152192	0.008952	0	0	1764.000000	0.000000	0.000000
414	414	0	0	0	4	0	0.158159	-0.029842	0	0	1753.000000	0.000000	0.000000
415	415	0	0	0	4	0	0.146223	-0.056699	0	0	1759.000000	0.000000	0.000000
416	416	0	0	0	4	0	0.125335	-0.020889	0	0	1761.000000	0.000000	0.000000
417	417	0	0	0	4	0	0.077588	-0.011936	0	0	1760.000000	0.000000	0.000000
418	418	0	0	0	4	0	0.047747	-0.059683	0	0	1759.000000	0.000000	0.000000
419	419	0	0	0	4	0	0.074604	-0.002984	0	0	1749.000000	0.000000	0.000000
420	420	0	0	0	4	0	0.032826	-0.056699	0	0	1756.000000	0.000000	0.000000
421	421	0	0	0	4	0	0.014921	-0.110414	0	0	1754.000000	0.000000	0.000000
422	422	0	0	0	4	0	0.032826	-0.038794	0	0	1745.000000	0.000000	0.000000
423	423	0	0	0	4	0	-0.008952	-0.137271	0	0	1740.000000	0.000000	0.000000
424	424	0	0	0	4	0	0.011936	-0.199938	0	0	1728.000000	0.000000	0.000000
425	425	0	0	0	4	0	-0.008952	-0.146223	0	0	1721.000000	0.000000	0.000000
426	426	0	0	0	4	0	-0.062667	-0.125335	0	0	1713.000000	0.000000	0.000000
427	427	0	0	0	4	0	-0.050731	-0.173080	0	0	1711.000000	0.000000	0.000000
428	428	0	0	0	4	0	0.014921	-0.140255	0	0	1703.000000	0.000000	0.000000
429	429	0	0	0	4	0	0.056699	-0.176064	0	0	1691.000000	9.984145	-10.157719
430	430	0	0	0	4	0	-0.023873	-0.226795	0	0	1689.000000	9.984145	-10.157719
431	431	0	0	0	4	0	-0.053714	-0.265588	0	0	1698.000000	9.984145	-10.157719
432	432	0	0	0	4	0	0.005969	-0.250667	0	0	1694.000000	9.984145	-10.157719
433	433	0	0	0	4	0	-0.038794	-0.268572	0	0	1684.000000	9.984145	-10.157719
434	434	0	0	0	4	0	-0.014921	-0.274541	0	0	1677.000000	9.984145	-10.157719
435	435	0	0	0	4	0	0.014921	-0.292444	0	0	1670.000000	9.984145	-10.157719
436	436	0	0	0	4	0	-0.005969	-0.307365	0	0	1672.000000	9.984145	-10.157719
437	437	0	0	0	4	0	3.314678	-3.112393	0	0	1703.000000	9.984145	-10.157719
438	438	0	0	0	4	0	10.143261	-9.340332	0	0	1703.000000	9.984145	-10.157719
439	439	0	0	0	4	0	10.195302	-10.117234	0	0	1703.000000	9.984145	-10.157719
440	440	0	0	0	4	0	10.299332	-10.180848	0	0	1694.000000	9.984145	-10.157719
441	441	0	0	0	4	0	10.250215	-10.227097	0	0	1698.000000	9.984145	-10.157719
442	442	0	0	0	4	0	10.160611	-10.186629	0	0	1704.000000	9.984145	-10.157719
443	443	0	0	0	4	0	10.096990	-10.201083	0	0	1707.000000	9.984145	-10.157719
444	444	0	0	0	4	0	10.140370	-10.215536	0	0	1705.000000	9.984145	-10.157719
445	445	0	0	0	4	0	10.227096	-10.157718	0	0	1704.000000	9.984145	-10.157719
446	446	0	0	0	4	0	9.943618	-10.053597	0	0	1704.000000	9.984145	-10.157719
447	447	0	0	0	4	0	9.911767	-10.183741	0	0	1715.000000	9.984145	-10.157719
448	448	0	0	0	4	0	9.868325	-10.183741	0	0	1709.000000	9.984145	-10.157719
449	449	0	0	0	4	0	9.920454	-10.218425	0	0	1695.000000	9.984145	-10.157719
450	450	0	0	0	4	0	9.998616	-10.215536	0	0	1680.000000	9.984145	-10.157719
451	451	0	0	0	4	0	9.975461	-10.198193	0	0	1664.000000	9.984145	-10.157719
452	452	0	0	0	4	0	10.018874	-10.195301	0	0	1660.000000	9.984145	-10.157719
453	453	0	0	0	4	0	10.018874	-10.224206	0	0	1642.000000	9.984145	-10.157719
454	454	0	0	0	4	0	10.085419	-10.203973	0	0	1622.000000	9.984145	-10.157719
455	455	0	0	0	4	0	10.024663	-10.206864	0	0	1607.000000	9.984145	-10.157719
456	456	0	0	0	4	0	10.024663	-10.238656	0	0	1602.000000	9.984145	-10.157719
457	457	0	0	0	4	0	9.978355	-10.250216	0	0	1599.000000	9.984145	-10.157719
458	458	0	0	0	4	0	10.001511	-10.261773	0	0	1598.000000	9.984145	-10.157719
459	459	0	0	0	4	0	10.053596	-10.253104	0	0	1592.000000	0.000000	0.000000
460	460	0	0	0	4	0	10.102775	-10.247324	0	0	1596.000000	0.000000	0.000000
461	461	0	0	0	4	0	10.085419	-10.209755	0	0	1600.000000	0.000000	0.000000
462	462	0	0	0	4	0	10.033343	-10.186629	0	0	1607.000000	0.000000	0.000000
463	463	0	0	0	4	0	10.027556	-10.157718	0	0	1609.000000	0.000000	0.000000
464	464	0	0	0	4	0	9.897288	-10.096990	0	0	1606.000000	0.000000	0.000000
465	465	0	0	0	4	0	8.574537	-7.782212	0	0	1637.000000	0.000000	0.000000
466	466	0	0	0	4	0	0.710192	-1.142780	0	0	1589.000000	0.000000	0.000000
467	467	0	0	0	4	0	0.561003	-1.121899	0	0	1593.000000	0.000000	0.000000
468	468	0	0	0	4	0	0.593825	-1.175592	0	0	1595.000000	0.000000	0.000000
469	469	0	0	0	4	0	0.572939	-1.256128	0	0	1592.000000	0.000000	0.000000
470	470	0	0	0	4	0	0.578906	-1.274025	0	0	1587.000000	0.000000	0.000000
471	471	0	0	0	4	0	0.005969	-0.253652	0	0	1573.000000	0.000000	0.000000
472	472	0	0	0	4	0	0.056699	-0.238731	0	0	1588.000000	0.000000	0.000000
473	473	0	0	0	4	0	0.071620	-0.256636	0	0	1584.000000	0.000000	0.000000
474	474	0	0	0	4	0	0.164128	-0.229779	0	0	1577.000000	0.000000	0.000000
475	475	0	0	0	4	0	0.188001	-0.179049	0	0	1569.000000	0.000000	0.000000
476	476	0	0	0	4	0	0.173080	-0.268572	0	0	1571.000000	0.000000	0.000000
477	477	0	0	0	4	0	0.193969	-0.268572	0	0	1571.000000	0.000000	0.000000
478	478	0	0	0	4	0	0.229779	-0.232762	0	0	1568.000000	0.000000	0.000000
479	479	0	0	0	4	0	0.017905	-0.038794	0	0	1559.000000	0.000000	0.000000
480	480	0	0	0	4	0	0.089525	-0.014921	0	0	1546.000000	0.000000	0.000000
481	481	0	0	0	4	0	0.095493	-0.005969	0	0	1535.000000	0.000000	0.000000
482	482	0	0	0	4	0	0.080573	-0.080573	0	0	1531.000000	0.000000	0.000000
483	483	0	0	0	4	0	0.074604	-0.113397	0	0	1527.000000	0.000000	0.000000
484	484	0	0	0	4	0	0.056699	-0.131302	0	0	1519.000000	0.000000	0.000000
485	485	0	0	0	4	0	0.041778	-0.158159	0	0	1507.000000	0.000000	0.000000
486	486	0	0	0	4	0	0.080573	-0.235747	0	0	1502.000000	0.000000	0.000000
487	487	0	0	0	4	0	0.053714	-0.283492	0	0	1511.000000	0.000000	0.000000
488	488	0	0	0	4	0	0.020889	-0.283492	0	0	1508.000000	0.000000	0.000000
489	489	0	0	0	4	0	0.044762	-0.256636	0	0	1507.000000	0.282837	0.287754
490	490	0	0	0	4	0	0.104445	-0.235747	0	0	1495.000000	1.216199	1.237342
491	491	0	0	0	4	0	0.110414	-0.188001	0	0	1493.000000	2.149561	2.186931
492	492	0	0	0	4	0	0.092509	-0.196954	0	0	1501.000000	3.082923	3.136519
493	493	0	0	0	4	0	0.077588	-0.185017	0	0	1513.000000	4.016285	4.086108
494	494	0	0	0	4	0	0.146223	-0.050731	0	0	1520.000000	4.949647	5.035696
495	495	0	0	0	4	0	0.367046	0.080573	0	0	1511.000000	5.883009	5.985285
496	496	0	0	0	4	0	4.929562	6.023608	0	0	1439.000000	6.816371	6.934873
497	497	0	0	0	4	0	6.521905	7.445057	0	0	1435.000000	7.749733	7.884461
498	498	0	0	0	4	0	6.780987	7.615167	0	0	1429.000000	8.683095	8.834050
499	499	0	0	0	4	0	7.072122	7.761704	0	0	1426.000000	9.616457	9.783638
500	500	0	0	0	4	0	7.362890	8.010581	0	0	1416.000000	9.984145	10.157719
501	501	0	0	0	4	0	9.911767	9.389719	0	0	1402.000000	9.984145	10.157719
502	502	0	0	0	4	0	10.706115	10.189521	0	0	1378.000000	9.984145	10.157719
503	503	0	0	0	4	0	10.789645	10.276220	0	0	1376.000000	9.984145	10.157719
504	504	0	0	0	4	0	10.861618	10.287776	0	0	1376.000000	9.984145	10.157719
505	505	0	0	0	4	0	10.792525	10.229987	0	0	1383.000000	9.984145	10.157719
506	506	0	0	0	4	0	10.769487	10.221315	0	0	1369.000000	9.984145	10.157719
507	507	0	0	0	4	0	10.804043	10.169284	0	0	1371.000000	9.984145	10.157719
508	508	0	0	0	4	0	9.940722	10.651363	0	0	1367.000000	9.984145	10.157719
509	509	0	0	0	4	0	9.943618	10.533146	0	0	1377.000000	9.984145	10.157719
510	510	0	0	0	4	0	9.871222	10.521608	0	0	1387.000000	9.984145	10.157719
511	511	0	0	0	4	0	9.856739	10.527377	0	0	1376.000000	9.984145	10.157719
512	512	0	0	0	4	0	9.903080	10.567756	0	0	1380.000000	9.984145	10.157719
513	513	0	0	0	4	0	9.969672	10.486989	0	0	1383.000000	9.984145	10.157719
514	514	0	0	0	4	0	9.937827	10.426385	0	0	1387.000000	9.984145	10.157719
515	515	0	0	0	4	0	9.920454	10.368647	0	0	1389.000000	9.984145	10.157719
516	516	0	0	0	4	0	9.824872	10.417727	0	0	1384.000000	9.984145	10.157719
517	517	0	0	0	4	0	9.853842	10.443705	0	0	1373.000000	9.984145	10.157719
518	518	0	0	0	4	0	9.891496	10.377309	0	0	1370.000000	9.984145	10.157719
519	519	0	0	0	4	0	9.845152	10.319551	0	0	1377.000000	9.984145	10.157719
520	520	0	0	0	4	0	9.787204	10.287776	0	0	1374.000000	9.984145	10.157719
521	521	0	0	0	4	0	9.723436	10.284887	0	0	1375.000000	9.984145	10.157719
522	522	0	0	0	4	0	9.740830	10.296444	0	0	1373.000000	9.984145	10.157719
523	523	0	0	0	4	0	9.729235	10.203973	0	0	1379.000000	9.984145	10.157719
524	524	0	0	0	4	0	9.671247	10.125912	0	0	1387.000000	9.984145	10.157719
525	525	0	0	0	4	0	9.561012	10.021769	0	0	1393.000000	9.984145	10.157719
526	526	0	0	0	4	0	9.424573	10.033344	0	0	1390.000000	9.984145	10.157719
527	527	0	0	0	4	0	9.395529	10.039130	0	0	1393.000000	9.984145	10.157719
528	528	0	0	0	4	0	9.331615	9.908873	0	0	1397.000000	9.984145	10.157719
529	529	0	0	0	4	0	9.288024	9.819078	0	0	1407.000000	9.984145	10.157719
530	530	0	0	0	4	0	9.192086	9.726336	0	0	1426.000000	9.678352	9.846609
531	531	0	0	0	4	0	9.064088	9.726336	0	0	1430.000000	8.669235	8.819948
532	532	0	0	0	4	0	9.026253	9.775612	0	0	1447.000000	7.660118	7.793288
533	533	0	0	0	4	0	9.034986	9.723436	0	0	1462.000000	6.651000	6.766627
534	534	0	0	0	4	0	8.997144	9.607435	0	0	1482.000000	5.641883	5.739966
535	535	0	0	0	4	0	8.877747	9.502966	0	0	1501.000000	4.632766	4.713306
536	536	0	0	0	4	0	8.685382	9.386814	0	0	1516.000000	3.623648	3.686645
537	537	0	0	0	4	0	5.846473	6.227169	0	0	1571.000000	2.614531	2.659985
538	538	0	0	0	4	0	1.983670	1.780967	0	0	1668.000000	1.605414	1.633324
539	539	0	0	0	4	0	1.420167	1.426131	0	0	1664.000000	0.596297	0.606663
540	540	0	0	0	4	0	1.265076	1.277007	0	0	1665.000000	-0.412821	-0.419998
541	541	0	0	0	4	0	1.169627	1.118916	0	0	1674.000000	-1.421938	-1.446658
542	542	0	0	0	4	0	1.074170	1.086102	0	0	1665.000000	-2.431055	-2.473319
543	543	0	0	0	4	0	0.871306	0.945892	0	0	1683.000000	-3.440172	-3.499980
544	544	0	0	0	4	0	0.737046	0.874289	0	0	1693.000000	-4.449290	-4.526640
545	545	0	0	0	4	0	0.710192	0.892190	0	0	1689.000000	-5.458407	-5.553301
546	546	0	0	0	4	0	0.578906	0.766882	0	0	1692.000000	-6.467525	-6.579962
547	547	0	0	0	4	0	0.566971	0.793735	0	0	1673.000000	-7.476642	-7.606622
548	548	0	0	0	4	0	-3.680362	-3.701164	0	0	1700.000000	-8.485759	-8.633283
549	549	0	0	0	4	0	-3.885372	-3.600114	0	0	1654.000000	-9.494876	-9.659944
550	550	0	0	0	4	0	-4.010111	-3.674417	0	0	1629.000000	-9.984145	-10.157719
551	551	0	0	0	4	0	-4.176373	-3.772480	0	0	1606.000000	-9.984145	-10.157719
552	552	0	0	0	4	0	-4.298055	-3.799220	0	0	1574.000000	-9.984145	-10.157719
553	553	0	0	0	4	0	-4.428598	-3.888342	0	0	1565.000000	-9.984145	-10.157719
554	554	0	0	0	4	0	-4.621361	-4.016051	0	0	1558.000000	-9.984145	-10.157719
555	555	0	0	0	4	0	-4.769569	-4.084344	0	0	1565.000000	-9.984145	-10.157719
556	556	0	0	0	4	0	-9.668346	-10.096990	0	0	1596.000000	-9.984145	-10.157719
557	557	0	0	0	4	0	-9.386815	-10.091205	0	0	1587.000000	-9.984145	-10.157719
558	558	0	0	0	4	0	-9.415860	-9.937828	0	0	1602.000000	-9.984145	-10.157719
559	559	0	0	0	4	0	-9.441996	-9.905975	0	0	1621.000000	-9.984145	-10.157719
560	560	0	0	0	4	0	-9.415860	-9.830667	0	0	1654.000000	-9.984145	-10.157719
561	561	0	0	0	4	0	-10.570639	-10.458134	0	0	1683.000000	-9.984145	-10.157719
562	562	0	0	0	4	0	-10.339769	-10.241547	0	0	1701.000000	-9.984145	-10.157719
563	563	0	0	0	4	0	-10.371534	-10.177958	0	0	1740.000000	-9.984145	-10.157719
564	564	0	0	0	4	0	-10.359984	-10.108559	0	0	1775.000000	-9.984145	-10.157719
565	565	0	0	0	4	0	-10.362871	-10.096990	0	0	1814.000000	-9.984145	-10.157719
566	566	0	0	0	4	0	-10.368647	-10.085419	0	0	1834.000000	-9.984145	-10.157719
567	567	0	0	0	4	0	-10.333993	-10.073847	0	0	1854.000000	-9.984145	-10.157719
568	568	0	0	0	4	0	-10.305108	-10.021769	0	0	1876.000000	-9.984145	-10.157719
569	569	0	0	0	4	0	-10.296443	-10.079633	0	0	1888.000000	-9.984145	-10.157719
570	570	0	0	0	4	0	-10.253104	-10.073847	0	0	1904.000000	-9.984145	-10.157719
571	571	0	0	0	4	0	-10.224206	-10.088311	0	0	1903.000000	-9.984145	-10.157719
572	572	0	0	0	4	0	-10.238656	-10.177958	0	0	1906.000000	-9.984145	-10.157719
573	573	0	0	0	4	0	-10.157718	-10.131694	0	0	1909.000000	-9.984145	-10.157719
574	574	0	0	0	4	0	-10.151937	-10.143261	0	0	1904.000000	-9.984145	-10.157719
575	575	0	0	0	4	0	-10.209755	-10.177958	0	0	1904.000000	-9.984145	-10.157719
576	576	0	0	0	4	0	-10.215536	-10.128803	0	0	1893.000000	-9.984145	-10.157719
577	577	0	0	0	4	0	-10.160610	-10.146152	0	0	1883.000000	-9.984145	-10.157719
578	578	0	0	0	4	0	-10.102774	-10.079633	0	0	1876.000000	-9.984145	-10.157719
579	579	0	0	0	4	0	-10.044917	-10.062278	0	0	1874.000000	-9.984145	-10.157719
580	580	0	0	0	4	0	-10.010193	-10.076741	0	0	1867.000000	-9.753868	-9.923438
581	581	0	0	0	4	0	-10.010193	-10.039131	0	0	1862.000000	-8.668278	-8.818974
582	582	0	0	0	4	0	-10.015980	-10.044917	0	0	1852.000000	-7.582687	-7.714511
583	583	0	0	0	4	0	-10.033344	-10.010193	0	0	1845.000000	-6.497096	-6.610047
584	584	0	0	0	4	0	-9.960988	-9.978354	0	0	1841.000000	-5.411505	-5.505584
585	585	0	0	0	4	0	-9.891496	-9.920454	0	0	1849.000000	-4.325915	-4.401120
586	586	0	0	0	4	0	-9.659645	-9.778510	0	0	1855.000000	-3.240324	-3.296657
587	587	0	0	0	4	0	-7.351149	-6.713299	0	0	1879.000000	-2.154733	-2.192193
588	588	0	0	0	4	0	-3.493096	-3.174872	0	0	1818.000000	-1.069142	-1.087729
589	589	0	0	0	4	0	-2.910030	-2.564659	0	0	1818.000000	0.016448	0.016734
590	590	0	0	0	4	0	-2.394881	-2.040299	0	0	1821.000000	1.102039	1.121198
591	591	0	0	0	4	0	-1.798854	-1.417185	0	0	1820.000000	2.187630	2.225662
592	592	0	0	0	4	0	-0.793734	-0.534148	0	0	1825.000000	3.273221	3.330125
593	593	0	0	0	4	0	1.962806	2.114805	0	0	1808.000000	4.358811	4.434589
594	594	0	0	0	4	0	2.514028	2.886218	0	0	1822.000000	5.444402	5.539052
595	595	0	0	0	4	0	3.177847	3.397948	0	0	1824.000000	6.529993	6.643516
596	596	0	0	0	4	0	3.730881	3.858637	0	0	1826.000000	7.615583	7.747980
597	597	0	0	0	4	0	4.312892	4.286186	0	0	1819.000000	8.701175	8.852444
598	598	0	0	0	4	0	6.274350	6.409946	0	0	1768.000000	9.786765	9.956907
599	599	0	0	0	4	0	6.680920	6.660313	0	0	1756.000000	9.984145	10.157719
600	600	0	0	0	4	0	6.895720	6.775103	0	0	1755.000000	9.984145	10.157719
601	601	0	0	0	4	0	7.007456	6.863365	0	0	1750.000000	9.984145	10.157719
602	602	0	0	0	4	0	7.154397	6.978058	0	0	1737.000000	9.984145	10.157719
603	603	0	0	0	4	0	8.982587	10.342657	0	0	1676.000000	9.984145	10.157719
604	604	0	0	0	4	0	10.175066	10.599474	0	0	1660.000000	9.984145	10.157719
605	605	0	0	0	4	0	10.218426	10.559105	0	0	1637.000000	9.984145	10.157719
606	606	0	0	0	4	0	10.227096	10.524493	0	0	1625.000000	9.984145	10.157719
607	607	0	0	0	4	0	10.192411	10.498529	0	0	1614.000000	9.984145	10.157719
608	608	0	0	0	4	0	10.128803	10.556220	0	0	1601.000000	9.984145	10.157719
609	609	0	0	0	4	0	10.169283	10.573524	0	0	1584.000000	9.984145	10.157719
610	610	0	0	0	4	0	9.578424	10.267551	0	0	1585.000000	9.984145	10.157719
611	611	0	0	0	4	0	9.711841	10.227097	0	0	1576.000000	9.984145	10.157719
612	612	0	0	0	4	0	9.703142	10.250216	0	0	1577.000000	9.984145	10.157719
613	613	0	0	0	4	0	9.624842	10.296444	0	0	1574.000000	9.984145	10.157719
614	614	0	0	0	4	0	9.668347	10.325329	0	0	1568.000000	9.984145	10.157719
615	615	0	0	0	4	0	9.691545	10.305108	0	0	1571.000000	9.984145	10.157719
616	616	0	0	0	4	0	9.737932	10.261773	0	0	1578.000000	9.984145	10.157719
617	617	0	0	0	4	0	9.714740	10.261773	0	0	1586.000000	9.984145	10.157719
618	618	0	0	0	4	0	9.665446	10.316663	0	0	1585.000000	9.984145	10.157719
619	619	0	0	0	4	0	9.671247	10.345545	0	0	1577.000000	9.984145	10.157719
620	620	0	0	0	4	0	9.732134	10.328216	0	0	1583.000000	9.984145	10.157719
621	621	0	0	0	4	0	9.720538	10.305108	0	0	1585.000000	9.984145	10.157719
622	622	0	0	0	4	0	9.708941	10.302220	0	0	1590.000000	9.984145	10.157719
623	623	0	0	0	4	0	9.642244	10.299332	0	0	1587.000000	9.984145	10.157719
624	624	0	0	0	4	0	9.630642	10.359984	0	0	1584.000000	9.984145	10.157719
625	625	0	0	0	4	0	9.659646	10.357097	0	0	1588.000000	9.984145	10.157719
626	626	0	0	0	4	0	9.613237	10.313774	0	0	1593.000000	9.984145	10.157719
627	627	0	0	0	4	0	9.514577	10.296444	0	0	1600.000000	9.984145	10.157719
628	628	0	0	0	4	0	9.476839	10.279109	0	0	1607.000000	9.984145	10.157719
629	629	0	0	0	4	0	9.424573	10.325329	0	0	1603.000000	-9.984145	-10.157719
630	630	0	0	0	4	0	9.381004	10.302220	0	0	1620.000000	-9.984145	-10.157719
631	631	0	0	0	4	0	9.369386	10.264663	0	0	1635.000000	-9.984145	-10.157719
632	632	0	0	0	4	0	9.296743	10.255995	0	0	1653.000000	-9.984145	-10.157719
633	633	0	0	0	4	0	9.189178	10.241546	0	0	1675.000000	-9.984145	-10.157719
634	634	0	0	0	4	0	9.043716	10.305108	0	0	1685.000000	-9.984145	-10.157719
635	635	0	0	0	4	0	7.928631	8.903962	0	0	1708.000000	-9.984145	-10.157719
636	636	0	0	0	4	0	-4.140751	-1.566291	0	0	1894.000000	-9.984145	-10.157719
637	637	0	0	0	4	0	-9.002966	-6.236016	0	0	1948.000000	-9.984145	-10.157719
638	638	0	0	0	4	0	-9.418764	-6.669145	0	0	1939.000000	-9.984145	-10.157719
639	639	0	0	0	4	0	-9.412955	-6.763332	0	0	1941.000000	-9.984145	-10.157719
640	640	0	0	0	4	0	-9.453612	-6.742732	0	0	1976.000000	-9.984145	-10.157719
641	641	0	0	0	4	0	-9.905975	-7.304179	0	0	1992.000000	-9.984145	-10.157719
642	642	0	0	0	4	0	-10.362871	-9.148461	0	0	2022.000000	-9.984145	-10.157719
643	643	0	0	0	4	0	-10.388858	-9.624841	0	0	2026.000000	-9.984145	-10.157719
644	644	0	0	0	4	0	-10.426385	-9.723436	0	0	2030.000000	-9.984145	-10.157719
645	645	0	0	0	4	0	-10.345545	-9.697343	0	0	2023.000000	-9.984145	-10.157719
646	646	0	0	0	4	0	-10.383083	-9.735034	0	0	2025.000000	-9.984145	-10.157719
647	647	0	0	0	4	0	-10.296443	-9.755322	0	0	2015.000000	-9.984145	-10.157719
648	648	0	0	0	4	0	-10.322440	-9.784305	0	0	2003.000000	-9.984145	-10.157719
649	649	0	0	0	4	0	-10.273331	-9.882808	0	0	1984.000000	-9.984145	-10.157719
650	650	0	0	0	4	0	-10.264663	-9.842255	0	0	1973.000000	-9.984145	-10.157719
651	651	0	0	0	4	0	-10.206864	-9.897288	0	0	1955.000000	-9.984145	-10.157719
652	652	0	0	0	4	0	-10.180848	-9.932036	0	0	1926.000000	-9.984145	-10.157719
653	653	0	0	0	4	0	-10.198193	-10.001510	0	0	1898.000000	-9.984145	-10.157719
654	654	0	0	0	4	0	-10.143261	-10.015980	0	0	1871.000000	-9.984145	-10.157719
655	655	0	0	0	4	0	-10.131694	-9.998616	0	0	1849.000000	-9.984145	-10.157719
656	656	0	0	0	4	0	-10.082527	-10.004404	0	0	1835.000000	-9.984145	-10.157719
657	657	0	0	0	4	0	-10.053597	-10.024664	0	0	1821.000000	-9.984145	-10.157719
658	658	0	0	0	4	0	-10.053597	-10.047811	0	0	1800.000000	-9.984145	-10.157719
659	659	0	0	0	4	0	-10.033344	-10.044917	0	0	1790.000000	9.984145	10.157719
660	660	0	0	0	4	0	-10.013087	-10.044917	0	0	1781.000000	9.984145	10.157719
661	661	0	0	0	4	0	-10.056491	-10.036237	0	0	1770.000000	9.984145	10.157719
662	662	0	0	0	4	0	-10.059382	-10.018875	0	0	1760.000000	9.984145	10.157719
663	663	0	0	0	4	0	-9.992828	-10.062278	0	0	1748.000000	9.984145	10.157719
664	664	0	0	0	4	0	-9.960988	-10.018875	0	0	1739.000000	9.984145	10.157719
665	665	0	0	0	4	0	-9.911767	-9.937828	0	0	1733.000000	9.984145	10.157719
666	666	0	0	0	4	0	-9.949408	-9.917560	0	0	1731.000000	9.984145	10.157719
667	667	0	0	0	4	0	-9.917560	-9.882808	0	0	1734.000000	9.984145	10.157719
668	668	0	0	0	4	0	-0.978707	2.454457	0	0	1672.000000	9.984145	10.157719
669	669	0	0	0	4	0	9.293837	9.360670	0	0	1557.000000	9.984145	10.157719
670	670	0	0	0	4	0	10.201083	9.923349	0	0	1578.000000	9.984145	10.157719
671	671	0	0	0	4	0	10.125911	9.798795	0	0	1565.000000	9.984145	10.157719
672	672	0	0	0	4	0	10.209755	9.755323	0	0	1566.000000	9.984145	10.157719
673	673	0	0	0	4	0	10.172175	9.740830	0	0	1578.000000	9.984145	10.157719
674	674	0	0	0	4	0	9.842255	10.547568	0	0	1575.000000	9.984145	10.157719
675	675	0	0	0	4	0	9.821975	10.521608	0	0	1574.000000	9.984145	10.157719
676	676	0	0	0	4	0	9.839358	10.495645	0	0	1570.000000	9.984145	10.157719
677	677	0	0	0	4	0	9.874119	10.391746	0	0	1566.000000	9.984145	10.157719
678	678	0	0	0	4	0	9.905976	10.331105	0	0	1574.000000	9.984145	10.157719
679	679	0	0	0	4	0	9.856739	10.357097	0	0	1571.000000	9.984145	10.157719
680	680	0	0	0	4	0	9.804590	10.406179	0	0	1562.000000	9.984145	10.157719
681	681	0	0	0	4	0	9.819078	10.435045	0	0	1559.000000	9.984145	10.157719
682	682	0	0	0	4	0	9.848048	10.374421	0	0	1562.000000	9.984145	10.157719
683	683	0	0	0	4	0	9.845152	10.333993	0	0	1562.000000	9.984145	10.157719
684	684	0	0	0	4	0	9.494258	10.475447	0	0	1566.000000	9.984145	10.157719
685	685	0	0	0	4	0	9.459418	10.573524	0	0	1568.000000	9.984145	10.157719
686	686	0	0	0	4	0	9.520383	10.576407	0	0	1554.000000	9.984145	10.157719
687	687	0	0	0	4	0	9.598732	10.475447	0	0	1560.000000	9.984145	10.157719
688	688	0	0	0	4	0	9.607435	10.426385	0	0	1561.000000	9.984145	10.157719
689	689	0	0	0	4	0	9.598732	10.437931	0	0	1561.000000	9.984145	10.157719
690	690	0	0	0	4	0	9.558111	10.449475	0	0	1560.000000	8.486524	10.157719
691	691	0	0	0	4	0	9.584226	10.466791	0	0	1555.000000	6.839139	10.157719
692	692	0	0	0	4	0	9.616138	10.417727	0	0	1557.000000	5.191755	10.157719
693	693	0	0	0	4	0	9.601634	10.391746	0	0	1567.000000	3.544372	10.157719
694	694	0	0	0	4	0	9.511675	10.380197	0	0	1580.000000	1.896988	10.157719
695	695	0	0	0	4	0	9.258958	10.397518	0	0	1597.000000	0.249604	10.157719
696	696	0	0	0	4	0	8.997144	10.411953	0	0	1610.000000	-1.397780	10.157719
697	697	0	0	0	4	0	8.568702	10.345545	0	0	1630.000000	-3.045164	10.157719
698	698	0	0	0	4	0	-2.019437	11.014084	0	0	1718.000000	-4.692548	10.157719
699	699	0	0	0	4	0	-5.281862	11.226696	0	0	1737.000000	-6.339932	10.157719
700	700	0	0	0	4	0	-5.681046	11.324279	0	0	1716.000000	-7.987316	10.157719
701	701	0	0	0	4	0	-6.365738	11.393120	0	0	1712.000000	-9.634700	10.157719
702	702	0	0	0	4	0	-7.198460	11.220954	0	0	1748.000000	-9.984145	10.157719
703	703	0	0	0	4	0	-7.913994	11.186497	0	0	1755.000000	-9.984145	10.157719
704	704	0	0	0	4	0	-10.348432	10.501415	0	0	1773.000000	-9.984145	10.157719
705	705	0	0	0	4	0	-10.628303	10.723401	0	0	1759.000000	-9.984145	10.157719
706	706	0	0	0	4	0	-10.970948	10.783886	0	0	1748.000000	-9.984145	10.157719
707	707	0	0	0	4	0	-10.985330	10.611006	0	0	1773.000000	-9.984145	10.157719
708	708	0	0	0	4	0	-10.873130	10.564872	0	0	1788.000000	-9.984145	10.157719
709	709	0	0	0	4	0	-10.832834	10.564872	0	0	1791.000000	-9.984145	10.157719
710	710	0	0	0	4	0	-10.850104	10.674418	0	0	1787.000000	-9.984145	10.157719
711	711	0	0	0	4	0	-10.884643	10.870252	0	0	1772.000000	-9.984145	10.157719
712	712	0	0	0	4	0	-10.835711	10.717639	0	0	1793.000000	-9.984145	10.157719
713	713	0	0	0	4	0	-10.781005	10.564872	0	0	1808.000000	-9.984145	10.157719
714	714	0	0	0	4	0	-10.726282	10.538916	0	0	1815.000000	-9.984145	10.157719
715	715	0	0	0	4	0	-10.481218	10.642716	0	0	1807.000000	-9.984145	10.157719
716	716	0	0	0	4	0	-10.166392	10.838591	0	0	1785.000000	-9.984145	10.157719
717	717	0	0	0	4	0	-10.218425	10.683064	0	0	1793.000000	-9.984145	10.157719
718	718	0	0	0	4	0	-10.189520	10.599474	0	0	1783.000000	-9.984145	10.157719
719	719	0	0	0	4	0	-10.105666	10.481218	0	0	1776.000000	-9.984145	10.157719
720	720	0	0	0	4	0	-10.143261	10.616773	0	0	1755.000000	-9.984145	10.157719
721	721	0	0	0	4	0	-10.201083	10.806922	0	0	1714.000000	-9.984145	10.157719
722	722	0	0	0	4	0	-10.198193	10.752207	0	0	1702.000000	-9.984145	10.157719
723	723	0	0	0	4	0	-10.143261	10.582174	0	0	1695.000000	-9.984145	10.157719
724	724	0	0	0	4	0	-10.070955	10.533146	0	0	1668.000000	-9.984145	10.157719
725	725	0	0	0	4	0	-10.010193	10.559105	0	0	1651.000000	-9.984145	10.157719
726	726	0	0	0	4	0	-10.047811	10.769487	0	0	1611.000000	-9.984145	10.157719
727	727	0	0	0	4	0	-10.024664	10.778128	0	0	1596.000000	-9.984145	10.157719
728	728	0	0	0	4	0	-10.018875	10.587940	0	0	1610.000000	-9.984145	10.157719
729	729	0	0	0	4	0	-9.998616	10.489875	0	0	1609.000000	-9.984145	10.157719
730	730	0	0	0	4	0	-10.007298	10.515840	0	0	1606.000000	-9.984145	10.157719
731	731	0	0	0	4	0	-10.044917	10.639833	0	0	1584.000000	-9.984145	10.157719
732	732	0	0	0	4	0	-10.059382	10.671537	0	0	1586.000000	-9.419670	9.583430
733	733	0	0	0	4	0	-10.033344	10.449475	0	0	1614.000000	-8.255442	8.398962
734	734	0	0	0	4	0	-10.007298	10.365760	0	0	1632.000000	-7.091213	7.214493
735	735	0	0	0	4	0	-10.001510	10.394631	0	0	1656.000000	-5.926984	6.030024
736	736	0	0	0	4	0	-10.088311	10.579290	0	0	1660.000000	-4.762755	4.845555
737	737	0	0	0	4	0	-10.027556	10.625422	0	0	1674.000000	-3.598526	3.661086
738	738	0	0	0	4	0	-9.836462	10.073848	0	0	1716.000000	-2.434297	2.476617
739	739	0	0	0	4	0	-3.204621	1.938961	0	0	1848.000000	-1.270068	1.292148
740	740	0	0	0	4	0	-2.427649	1.175592	0	0	1855.000000	-0.105839	0.107679
741	741	0	0	0	4	0	-2.231019	0.939925	0	0	1878.000000	1.058390	-1.076790
742	742	0	0	0	4	0	-1.873381	0.662453	0	0	1878.000000	2.222619	-2.261259
743	743	0	0	0	4	0	-1.548400	0.405838	0	0	1900.000000	3.386848	-3.445728
744	744	0	0	0	4	0	0.259620	-0.525197	0	0	1937.000000	4.551077	-4.630197
745	745	0	0	0	4	0	1.751154	-1.578219	0	0	1941.000000	5.715306	-5.814666
746	746	0	0	0	4	0	1.906172	-1.849533	0	0	1956.000000	6.879535	-6.999135
747	747	0	0	0	4	0	2.239959	-2.049241	0	0	1944.000000	8.043763	-8.183603
748	748	0	0	0	4	0	2.484243	-2.174404	0	0	1954.000000	9.207993	-9.368073
749	749	0	0	0	4	0	7.019215	-6.960416	0	0	1989.000000	9.984145	-10.157719
750	750	0	0	0	4	0	7.113263	-7.371695	0	0	1964.000000	9.984145	-10.157719
751	751	0	0	0	4	0	7.189649	-7.327665	0	0	1952.000000	9.984145	-10.157719
752	752	0	0	0	4	0	7.474396	-7.465595	0	0	1928.000000	9.984145	-10.157719
753	753	0	0	0	4	0	7.503730	-7.497866	0	0	1926.000000	9.984145	-10.157719
754	754	0	0	0	4	0	8.842787	-8.305910	0	0	1929.000000	9.984145	-10.157719
755	755	0	0	0	4	0	10.518723	-9.807489	0	0	1923.000000	9.984145	-10.157719
756	756	0	0	0	4	0	10.420613	-9.998616	0	0	1930.000000	9.984145	-10.157719
757	757	0	0	0	4	0	10.420613	-9.960988	0	0	1939.000000	9.984145	-10.157719
758	758	0	0	0	4	0	10.426385	-9.900184	0	0	1959.000000	9.984145	-10.157719
759	759	0	0	0	4	0	10.437931	-9.894393	0	0	1983.000000	9.984145	-10.157719
760	760	0	0	0	4	0	10.417727	-9.821976	0	0	2006.000000	9.984145	-10.157719
761	761	0	0	0	4	0	9.897288	-9.732134	0	0	2021.000000	9.984145	-10.157719
762	762	0	0	0	4	0	9.946512	-9.714740	0	0	2033.000000	9.984145	-10.157719
763	763	0	0	0	4	0	9.900185	-9.729235	0	0	2048.000000	9.984145	-10.157719
764	764	0	0	0	4	0	9.827769	-9.842255	0	0	2051.000000	9.984145	-10.157719
765	765	0	0	0	4	0	9.914663	-9.877014	0	0	2043.000000	9.984145	-10.157719
766	766	0	0	0	4	0	9.885704	-9.923350	0	0	2022.000000	9.984145	-10.157719
767	767	0	0	0	4	0	9.969672	-9.955198	0	0	1996.000000	9.984145	-10.157719
768	768	0	0	0	4	0	9.984144	-9.897288	0	0	1966.000000	9.984145	-10.157719
769	769	0	0	0	4	0	10.027556	-9.937828	0	0	1941.000000	9.984145	-10.157719
770	770	0	0	0	4	0	10.024663	-9.978354	0	0	1913.000000	9.984145	-10.157719
771	771	0	0	0	4	0	10.076740	-10.027556	0	0	1891.000000	9.984145	-10.157719
772	772	0	0	0	4	0	10.143261	-10.065169	0	0	1861.000000	9.984145	-10.157719
773	773	0	0	0	4	0	10.154827	-10.125913	0	0	1845.000000	9.984145	-10.157719
774	774	0	0	0	4	0	10.120128	-10.123019	0	0	1832.000000	9.984145	-10.157719
775	775	0	0	0	4	0	10.062277	-10.111451	0	0	1822.000000	9.984145	-10.157719
776	776	0	0	0	4	0	10.042024	-10.108559	0	0	1808.000000	9.984145	-10.157719
777	777	0	0	0	4	0	9.958093	-10.111451	0	0	1800.000000	9.984145	-10.157719
778	778	0	0	0	4	0	9.853842	-10.065169	0	0	1793.000000	9.984145	-10.157719
779	779	0	0	0	4	0	9.775612	-10.018875	0	0	1792.000000	9.946540	-10.119460
780	780	0	0	0	4	0	9.749526	-10.053597	0	0	1793.000000	8.705573	-8.856918
781	781	0	0	0	4	0	9.648046	-10.027556	0	0	1793.000000	7.464606	-7.594377
782	782	0	0	0	4	0	9.529090	-10.021769	0	0	1787.000000	6.223639	-6.331836
783	783	0	0	0	4	0	9.441997	-9.946512	0	0	1790.000000	4.982671	-5.069294
784	784	0	0	0	4	0	9.247330	-9.853842	0	0	1799.000000	3.741704	-3.806753
785	785	0	0	0	4	0	8.970942	-9.755322	0	0	1812.000000	2.500737	-2.544212
786	786	0	0	0	4	0	4.312892	-2.519985	0	0	1812.000000	1.259770	-1.281671
787	787	0	0	0	4	0	2.079044	0.748980	0	0	1774.000000	0.018803	-0.019129
788	788	0	0	0	4	0	1.533489	1.023456	0	0	1770.000000	-1.222165	1.243412
789	789	0	0	0	4	0	0.927991	1.229284	0	0	1788.000000	-2.463132	2.505953
790	790	0	0	0	4	0	0.232762	1.742209	0	0	1783.000000	-3.704099	3.768495
791	791	0	0	0	4	0	-0.626648	2.132686	0	0	1787.000000	-4.945066	5.031036
792	792	0	0	0	4	0	-1.256127	2.537855	0	0	1781.000000	-6.186033	6.293577
793	793	0	0	0	4	0	-4.633219	4.295088	0	0	1759.000000	-7.427001	7.556118
794	794	0	0	0	4	0	-5.207882	4.725113	0	0	1762.000000	-8.667968	8.818660
795	795	0	0	0	4	0	-5.562825	5.119082	0	0	1755.000000	-9.908935	10.081201
796	796	0	0	0	4	0	-5.955719	5.358783	0	0	1750.000000	-9.984145	10.157719
797	797	0	0	0	4	0	-7.409847	7.708961	0	0	1744.000000	-9.984145	10.157719
798	798	0	0	0	4	0	-9.540699	9.877015	0	0	1683.000000	-9.984145	10.157719
799	799	0	0	0	4	0	-9.790101	9.949408	0	0	1714.000000	-9.984145	10.157719
800	800	0	0	0	4	0	-9.871222	9.897288	0	0	1734.000000	-9.984145	10.157719
801	801	0	0	0	4	0	-9.940722	9.920454	0	0	1746.000000	-9.984145	10.157719
802	802	0	0	0	4	0	-9.978354	9.955198	0	0	1752.000000	-9.984145	10.157719
803	803	0	0	0	4	0	-10.605241	10.760847	0	0	1722.000000	-9.984145	10.157719
804	804	0	0	0	4	0	-10.458134	10.827075	0	0	1726.000000	-9.984145	10.157719
805	805	0	0	0	4	0	-10.432158	10.570640	0	0	1744.000000	-9.984145	10.157719
806	806	0	0	0	4	0	-10.354208	10.486989	0	0	1739.000000	-9.984145	10.157719
807	807	0	0	0	4	0	-10.322440	10.564872	0	0	1724.000000	-9.984145	10.157719
808	808	0	0	0	4	0	-10.359984	10.752207	0	0	1693.000000	-9.984145	10.157719
809	809	0	0	0	4	0	-10.345545	10.714758	0	0	1679.000000	-9.984145	10.157719
810	810	0	0	0	4	0	-10.333993	10.446589	0	0	1704.000000	-9.984145	10.157719
811	811	0	0	0	4	0	-10.261773	10.426385	0	0	1702.000000	-9.984145	10.157719
812	812	0	0	0	4	0	-10.209755	10.492760	0	0	1697.000000	-9.984145	10.157719
813	813	0	0	0	4	0	-10.198193	10.660009	0	0	1674.000000	-9.984145	10.157719
814	814	0	0	0	4	0	-10.201083	10.634068	0	0	1662.000000	-9.984145	10.157719
815	815	0	0	0	4	0	-10.172175	10.492760	0	0	1685.000000	-9.984145	10.157719
816	816	0	0	0	4	0	-10.137478	10.391746	0	0	1694.000000	-9.984145	10.157719
817	817	0	0	0	4	0	-10.146152	10.458133	0	0	1700.000000	-9.984145	10.157719
818	818	0	0	0	4	0	-10.195301	10.556220	0	0	1688.000000	-9.984145	10.157719
819	819	0	0	0	4	0	-10.146152	10.631186	0	0	1674.000000	-9.984145	10.157719
820	820	0	0	0	4	0	-4.950295	7.086816	0	0	1769.000000	-9.984145	10.157719
821	821	0	0	0	4	0	-1.637856	4.271348	0	0	1792.000000	-9.984145	10.157719
822	822	0	0	0	4	0	-1.563310	4.048714	0	0	1795.000000	-9.984145	10.157719
823	823	0	0	0	4	0	-1.584182	4.027929	0	0	1786.000000	-9.984145	10.157719
824	824	0	0	0	4	0	-1.587165	3.980415	0	0	1776.000000	-9.984145	10.157719
825	825	0	0	0	4	0	-1.628909	3.995264	0	0	1785.000000	-9.984145	10.157719
826	826	0	0	0	4	0	-1.599091	3.953686	0	0	1786.000000	9.984145	-10.157719
827	827	0	0	0	4	0	-1.646800	3.900224	0	0	1788.000000	9.984145	-10.157719
828	828	0	0	0	4	0	-1.661709	3.968536	0	0	1778.000000	9.984145	-10.157719
829	829	0	0	0	4	0	-1.575237	4.010112	0	0	1773.000000	9.984145	-10.157719
830	830	0	0	0	4	0	-1.649781	3.918045	0	0	1785.000000	9.984145	-10.157719
831	831	0	0	0	4	0	-1.661709	3.885371	0	0	1792.000000	9.984145	-10.157719
832	832	0	0	0	4	0	-1.584182	3.787336	0	0	1800.000000	9.984145	-10.157719
833	833	0	0	0	4	0	2.865382	-1.032406	0	0	1859.000000	9.984145	-10.157719
834	834	0	0	0	4	0	9.383910	-8.355577	0	0	1866.000000	9.984145	-10.157719
835	835	0	0	0	4	0	9.331615	-8.150990	0	0	1875.000000	9.984145	-10.157719
836	836	0	0	0	4	0	9.253144	-8.250388	0	0	1882.000000	9.984145	-10.157719
837	837	0	0	0	4	0	9.224072	-8.241619	0	0	1893.000000	9.984145	-10.157719
838	838	0	0	0	4	0	9.282211	-8.329284	0	0	1902.000000	9.984145	-10.157719
839	839	0	0	0	4	0	9.253144	-8.352656	0	0	1919.000000	9.984145	-10.157719
840	840	0	0	0	4	0	9.238607	-8.311754	0	0	1941.000000	9.984145	-10.157719
841	841	0	0	0	4	0	9.160095	-8.352656	0	0	1971.000000	9.984145	-10.157719
842	842	0	0	0	4	0	9.154278	-8.352656	0	0	1989.000000	9.984145	-10.157719
843	843	0	0	0	4	0	9.151370	-8.381866	0	0	2007.000000	9.984145	-10.157719
844	844	0	0	0	4	0	9.180454	-8.311754	0	0	2015.000000	9.984145	-10.157719
845	845	0	0	0	4	0	9.104824	-8.349733	0	0	2038.000000	9.984145	-10.157719
846	846	0	0	0	4	0	9.136826	-8.329284	0	0	2047.000000	9.984145	-10.157719
847	847	0	0	0	4	0	9.066998	-8.329284	0	0	2064.000000	9.984145	-10.157719
848	848	0	0	0	4	0	9.221165	-8.352656	0	0	2051.000000	9.984145	-10.157719
849	849	0	0	0	4	0	9.194994	-8.352656	0	0	2046.000000	9.984145	-10.157719
850	850	0	0	0	4	0	9.270585	-8.265000	0	0	2031.000000	9.984145	-10.157719
851	851	0	0	0	4	0	9.221165	-8.338050	0	0	2014.000000	9.984145	-10.157719
852	852	0	0	0	4	0	9.264771	-8.343891	0	0	1997.000000	9.984145	-10.157719
853	853	0	0	0	4	0	5.982286	-6.280247	0	0	1980.000000	9.984145	-10.157719
854	854	0	0	0	4	0	6.038363	-6.530742	0	0	1954.000000	9.984145	-10.157719
855	855	0	0	0	4	0	5.994093	-6.516014	0	0	1929.000000	9.984145	-10.157719
856	856	0	0	0	4	0	5.943911	-6.566087	0	0	1907.000000	-9.984145	10.157719
857	857	0	0	0	4	0	5.920293	-6.610260	0	0	1890.000000	-9.984145	10.157719
858	858	0	0	0	4	0	5.929150	-6.616149	0	0	1869.000000	-9.984145	10.157719
859	859	0	0	0	4	0	5.893720	-6.651482	0	0	1843.000000	-9.984145	10.157719
860	860	0	0	0	4	0	5.899625	-6.663257	0	0	1824.000000	-9.984145	10.157719
861	861	0	0	0	4	0	5.926197	-6.630872	0	0	1802.000000	-9.984145	10.157719
862	862	0	0	0	4	0	5.884861	-6.669145	0	0	1796.000000	-9.984145	10.157719
863	863	0	0	0	4	0	5.840566	-6.730958	0	0	1791.000000	-9.984145	10.157719
864	864	0	0	0	4	0	-2.326362	5.512567	0	0	1708.000000	-9.984145	10.157719
865	865	0	0	0	4	0	-10.385971	9.407147	0	0	1657.000000	-9.984145	10.157719
866	866	0	0	0	4	0	-10.296443	9.011699	0	0	1666.000000	-9.984145	10.157719
867	867	0	0	0	4	0	-10.365760	8.842787	0	0	1667.000000	-9.984145	10.157719
868	868	0	0	0	4	0	-10.339769	8.889399	0	0	1668.000000	-9.984145	10.157719
869	869	0	0	0	4	0	-10.411952	9.023341	0	0	1644.000000	-9.984145	10.157719
870	870	0	0	0	4	0	-10.371534	10.781006	0	0	1617.000000	-9.984145	10.157719
871	871	0	0	0	4	0	-10.227097	10.680182	0	0	1638.000000	-9.984145	10.157719
872	872	0	0	0	4	0	-10.229987	10.512955	0	0	1645.000000	-9.984145	10.157719
873	873	0	0	0	4	0	-10.209755	10.414840	0	0	1648.000000	-9.984145	10.157719
874	874	0	0	0	4	0	-10.232875	10.501415	0	0	1645.000000	-9.984145	10.157719
875	875	0	0	0	4	0	-10.250216	10.717639	0	0	1631.000000	-9.984145	10.157719
876	876	0	0	0	4	0	-10.279109	10.611006	0	0	1650.000000	-9.984145	10.157719
877	877	0	0	0	4	0	-10.229987	10.463904	0	0	1671.000000	-9.984145	10.157719
878	878	0	0	0	4	0	-10.253104	10.495645	0	0	1680.000000	-9.984145	10.157719
879	879	0	0	0	4	0	-10.201083	10.547568	0	0	1683.000000	-9.984145	10.157719
880	880	0	0	0	4	0	-10.290665	10.734923	0	0	1665.000000	-9.984145	10.157719
881	881	0	0	0	4	0	-10.232875	10.619655	0	0	1675.000000	-9.984145	10.157719
882	882	0	0	0	4	0	-10.140371	10.449475	0	0	1694.000000	-9.984145	10.157719
883	883	0	0	0	4	0	-10.056491	10.437931	0	0	1693.000000	-9.984145	10.157719
884	884	0	0	0	4	0	-10.039131	10.489875	0	0	1691.000000	-9.984145	10.157719
885	885	0	0	0	4	0	-10.033344	10.691709	0	0	1669.000000	-9.984145	10.157719
886	886	0	0	0	4	0	-10.062278	10.593708	0	0	1681.000000	-9.984145	-10.157719
887	887	0	0	0	4	0	-9.975461	10.391746	0	0	1700.000000	-9.984145	-10.157719
888	888	0	0	0	4	0	-9.981251	10.333993	0	0	1704.000000	-9.984145	-10.157719
889	889	0	0	0	4	0	-9.923350	10.388858	0	0	1700.000000	-9.984145	-10.157719
890	890	0	0	0	4	0	-9.984144	10.567756	0	0	1688.000000	-9.984145	-10.157719
891	891	0	0	0	4	0	-10.024664	10.547568	0	0	1691.000000	-9.984145	-10.157719
892	892	0	0	0	4	0	-9.995723	10.383083	0	0	1710.000000	-9.984145	-10.157719
893	893	0	0	0	4	0	-9.934932	10.365760	0	0	1722.000000	-9.984145	-10.157719
894	894	0	0	0	4	0	-9.966779	10.354209	0	0	1736.000000	-9.984145	-10.157719
895	895	0	0	0	4	0	-10.024664	10.481218	0	0	1730.000000	-9.984145	-10.157719
896	896	0	0	0	4	0	-10.169284	9.590029	0	0	1745.000000	-9.984145	-10.157719
897	897	0	0	0	4	0	-12.051138	-3.977445	0	0	1897.000000	-9.984145	-10.157719
898	898	0	0	0	4	0	-10.261773	-8.393547	0	0	1943.000000	-9.984145	-10.157719
899	899	0	0	0	4	0	-10.120129	-8.869006	0	0	1940.000000	-9.984145	-10.157719
900	900	0	0	0	4	0	-10.172175	-9.017521	0	0	1953.000000	-9.984145	-10.157719
901	901	0	0	0	4	0	-10.149045	-9.046627	0	0	1965.000000	-9.984145	-10.157719
902	902	0	0	0	4	0	-10.099881	-9.058268	0	0	1987.000000	-9.984145	-10.157719
903	903	0	0	0	4	0	-10.221315	-10.368647	0	0	2011.000000	-9.984145	-10.157719
904	904	0	0	0	4	0	-10.192412	-10.157718	0	0	2020.000000	-9.984145	-10.157719
905	905	0	0	0	4	0	-10.163502	-10.143261	0	0	2022.000000	-9.984145	-10.157719
906	906	0	0	0	4	0	-10.108559	-10.128803	0	0	2024.000000	-9.984145	-10.157719
907	907	0	0	0	4	0	-10.091205	-10.195301	0	0	2019.000000	-9.984145	-10.157719
908	908	0	0	0	4	0	-10.128803	-10.247324	0	0	2014.000000	-9.984145	-10.157719
909	909	0	0	0	4	0	-10.088311	-10.284887	0	0	1998.000000	-9.984145	-10.157719
910	910	0	0	0	4	0	-10.050704	-10.270442	0	0	1979.000000	-9.984145	-10.157719
911	911	0	0	0	4	0	-9.989934	-10.273331	0	0	1947.000000	-9.984145	-10.157719
912	912	0	0	0	4	0	-10.018875	-10.310885	0	0	1939.000000	-9.984145	-10.157719
913	913	0	0	0	4	0	-10.039131	-10.339769	0	0	1918.000000	-9.984145	-10.157719
914	914	0	0	0	4	0	-10.027556	-10.348432	0	0	1899.000000	-9.984145	-10.157719
915	915	0	0	0	4	0	-10.024664	-10.325329	0	0	1878.000000	-9.984145	-10.157719
916	916	0	0	0	4	0	-10.004404	-10.305108	0	0	1856.000000	-9.984145	-10.157719
917	917	0	0	0	4	0	-10.013087	-10.299333	0	0	1844.000000	9.984145	-10.157719
918	918	0	0	0	4	0	-10.021769	-10.305108	0	0	1826.000000	9.984145	-10.157719
919	919	0	0	0	4	0	-10.070955	-10.357098	0	0	1814.000000	9.984145	-10.157719
920	920	0	0	0	4	0	-10.076741	-10.377309	0	0	1793.000000	9.984145	-10.157719
921	921	0	0	0	4	0	-10.053597	-10.351321	0	0	1780.000000	9.984145	-10.157719
922	922	0	0	0	4	0	-10.070955	-10.307998	0	0	1779.000000	9.984145	-10.157719
923	923	0	0	0	4	0	-10.047811	-10.305108	0	0	1775.000000	9.984145	-10.157719
924	924	0	0	0	4	0	-9.987039	-10.333993	0	0	1763.000000	9.984145	-10.157719
925	925	0	0	0	4	0	-8.276690	-10.333993	0	0	1773.000000	9.984145	-10.157719
926	926	0	0	0	4	0	6.530742	-10.409066	0	0	1756.000000	9.984145	-10.157719
927	927	0	0	0	4	0	9.473935	-10.755087	0	0	1764.000000	9.984145	-10.157719
928	928	0	0	0	4	0	9.378100	-10.881763	0	0	1761.000000	9.984145	-10.157719
929	929	0	0	0	4	0	9.459418	-10.887519	0	0	1770.000000	9.984145	-10.157719
930	930	0	0	0	4	0	9.424573	-10.890398	0	0	1780.000000	9.984145	-10.157719
931	931	0	0	0	4	0	10.039130	-10.195301	0	0	1785.000000	9.984145	-10.157719
932	932	0	0	0	4	0	10.198193	-10.137478	0	0	1806.000000	9.984145	-10.157719
933	933	0	0	0	4	0	10.146153	-10.157718	0	0	1825.000000	9.984145	-10.157719
934	934	0	0	0	4	0	10.123020	-10.203973	0	0	1836.000000	9.984145	-10.157719
935	935	0	0	0	4	0	10.102775	-10.192412	0	0	1847.000000	9.984145	-10.157719
936	936	0	0	0	4	0	10.076740	-10.198193	0	0	1845.000000	9.984145	-10.157719
937	937	0	0	0	4	0	10.111450	-10.157718	0	0	1843.000000	9.984145	-10.157719
938	938	0	0	0	4	0	10.059383	-10.143261	0	0	1840.000000	9.984145	-10.157719
939	939	0	0	0	4	0	10.027556	-10.146152	0	0	1826.000000	9.984145	-10.157719
940	940	0	0	0	4	0	10.001511	-10.195301	0	0	1807.000000	9.984145	-10.157719
941	941	0	0	0	4	0	10.018874	-10.123019	0	0	1793.000000	9.984145	-10.157719
942	942	0	0	0	4	0	10.021769	-10.140371	0	0	1783.000000	9.984145	-10.157719
943	943	0	0	0	4	0	9.984144	-10.189520	0	0	1776.000000	9.984145	-10.157719
944	944	0	0	0	4	0	9.969672	-10.189520	0	0	1768.000000	9.984145	-10.157719
945	945	0	0	0	4	0	10.007298	-10.212646	0	0	1758.000000	9.984145	-10.157719
946	946	0	0	0	4	0	9.998616	-10.177958	0	0	1744.000000	9.984145	-10.157719
947	947	0	0	0	4	0	10.015981	-10.195301	0	0	1739.000000	9.984145	10.157719
948	948	0	0	0	4	0	10.042024	-10.212646	0	0	1733.000000	9.984145	10.157719
949	949	0	0	0	4	0	10.030451	-10.229987	0	0	1723.000000	9.984145	10.157719
950	950	0	0	0	4	0	9.929142	-10.183741	0	0	1725.000000	9.984145	10.157719
951	951	0	0	0	4	0	9.908872	-10.123019	0	0	1727.000000	9.984145	10.157719
952	952	0	0	0	4	0	9.929142	-10.085419	0	0	1721.000000	9.984145	10.157719
953	953	0	0	0	4	0	9.905976	-10.056491	0	0	1721.000000	9.984145	10.157719
954	954	0	0	0	4	0	9.749526	-10.042024	0	0	1728.000000	9.984145	10.157719
955	955	0	0	0	4	0	9.566816	6.244864	0	0	1596.000000	9.984145	10.157719
956	956	0	0	0	4	0	9.584226	9.139735	0	0	1598.000000	9.984145	10.157719
957	957	0	0	0	4	0	9.616138	9.128098	0	0	1573.000000	9.984145	10.157719
958	958	0	0	0	4	0	9.607435	9.096097	0	0	1581.000000	9.984145	10.157719
959	959	0	0	0	4	0	9.656746	9.078638	0	0	1595.000000	9.984145	10.157719
960	960	0	0	0	4	0	9.633542	10.455248	0	0	1580.000000	9.984145	10.157719
961	961	0	0	0	4	0	9.639344	10.515840	0	0	1590.000000	9.984145	10.157719
962	962	0	0	0	4	0	9.598732	10.559105	0	0	1581.000000	9.984145	10.157719
963	963	0	0	0	4	0	9.619040	10.593708	0	0	1569.000000	9.984145	10.157719
964	964	0	0	0	4	0	9.650946	10.521608	0	0	1567.000000	9.984145	10.157719
965	965	0	0	0	4	0	9.650946	10.440817	0	0	1567.000000	9.984145	10.157719
966	966	0	0	0	4	0	9.592930	10.469676	0	0	1560.000000	9.984145	10.157719
967	967	0	0	0	4	0	9.587128	10.538916	0	0	1555.000000	9.984145	10.157719
968	968	0	0	0	4	0	9.636444	10.561989	0	0	1550.000000	9.984145	10.157719
969	969	0	0	0	4	0	9.656746	10.521608	0	0	1557.000000	9.984145	10.157719
970	970	0	0	0	4	0	9.674146	10.498529	0	0	1561.000000	9.984145	10.157719
971	971	0	0	0	4	0	9.668347	10.452361	0	0	1568.000000	9.984145	10.157719
972	972	0	0	0	4	0	9.604534	10.576407	0	0	1574.000000	9.984145	10.157719
973	973	0	0	0	4	0	9.656746	10.602357	0	0	1585.000000	9.984145	10.157719
974	974	0	0	0	4	0	9.665446	10.553336	0	0	1601.000000	9.984145	10.157719
975	975	0	0	0	4	0	9.706042	10.484103	0	0	1614.000000	9.984145	10.157719
976	976	0	0	0	4	0	9.685745	10.472562	0	0	1632.000000	9.984145	10.157719
977	977	0	0	0	4	0	9.679947	10.524493	0	0	1647.000000	-9.984145	10.157719
978	978	0	0	0	4	0	9.697344	10.521608	0	0	1657.000000	-9.984145	10.157719
979	979	0	0	0	4	0	9.732134	10.463904	0	0	1674.000000	-9.984145	10.157719
980	980	0	0	0	4	0	9.714740	10.411953	0	0	1692.000000	-9.984145	10.157719
981	981	0	0	0	4	0	9.700243	10.385971	0	0	1704.000000	-9.984145	10.157719
982	982	0	0	0	4	0	9.624842	10.455248	0	0	1706.000000	-9.984145	10.157719
983	983	0	0	0	4	0	6.380475	11.364441	0	0	1743.000000	-9.984145	10.157719
984	984	0	0	0	4	0	-7.530129	11.264015	0	0	1791.000000	-9.984145	10.157719
985	985	0	0	0	4	0	-9.653846	10.993957	0	0	1817.000000	-9.984145	10.157719
986	986	0	0	0	4	0	-9.381005	10.899030	0	0	1821.000000	-9.984145	10.157719
987	987	0	0	0	4	0	-9.473937	11.108935	0	0	1805.000000	-9.984145	10.157719
988	988	0	0	0	4	0	-9.610336	11.103189	0	0	1814.000000	-9.984145	10.157719
989	989	0	0	0	4	0	-9.613237	10.991080	0	0	1838.000000	-9.984145	10.157719
990	990	0	0	0	4	0	-9.601633	10.893275	0	0	1857.000000	-9.984145	10.157719
991	991	0	0	0	4	0	-10.507184	10.714758	0	0	1864.000000	-9.984145	10.157719
992	992	0	0	0	4	0	-10.512954	10.648481	0	0	1855.000000	-9.984145	10.157719
993	993	0	0	0	4	0	-10.533146	10.737804	0	0	1839.000000	-9.984145	10.157719
994	994	0	0	0	4	0	-10.492759	10.544683	0	0	1845.000000	-9.984145	10.157719
995	995	0	0	0	4	0	-10.498529	10.492760	0	0	1845.000000	-9.984145	10.157719
996	996	0	0	0	4	0	-10.507184	10.515840	0	0	1830.000000	-9.984145	10.157719
997	997	0	0	0	4	0	-10.501415	10.602357	0	0	1819.000000	-9.984145	10.157719
998	998	0	0	0	4	0	-10.567757	10.726281	0	0	1806.000000	-9.984145	10.157719
999	999	0	0	0	4	0	-10.518723	10.538916	0	0	1825.000000	-9.984145	10.157719
1000	1000	0	0	0	4	0	-10.527376	10.501415	0	0	1840.000000	-9.984145	10.157719
1001	1001	0	0	0	4	0	-10.481218	10.472562	0	0	1854.000000	-9.984145	10.157719
1002	1002	0	0	0	4	0	-10.455247	10.527377	0	0	1855.000000	-9.984145	10.157719
1003	1003	0	0	0	4	0	-10.559105	10.778128	0	0	1837.000000	-9.984145	10.157719
1004	1004	0	0	0	4	0	-10.495646	10.613890	0	0	1866.000000	-9.984145	10.157719
1005	1005	0	0	0	4	0	-10.432158	10.538916	0	0	1887.000000	-9.984145	10.157719
1006	1006	0	0	0	4	0	-10.420612	10.521608	0	0	1896.000000	-9.984145	10.157719
1007	1007	0	0	0	4	0	-10.391745	10.556220	0	0	1899.000000	-9.984145	10.157719
1008	1008	0	0	0	4	0	-10.443705	10.757967	0	0	1874.000000	0.000000	0.000000
1009	1009	0	0	0	4	0	-10.449475	10.576407	0	0	1892.000000	0.000000	0.000000
1010	1010	0	0	0	4	0	-10.423500	10.463904	0	0	1909.000000	0.000000	0.000000
1011	1011	0	0	0	4	0	-10.371534	10.443705	0	0	1912.000000	0.000000	0.000000
1012	1012	0	0	0	4	0	-10.319551	10.472562	0	0	1910.000000	0.000000	0.000000
1013	1013	0	0	0	4	0	-10.299333	10.631186	0	0	1888.000000	0.000000	0.000000
1014	1014	0	0	0	4	0	-8.446110	9.061178	0	0	1911.000000	0.000000	0.000000
1015	1015	0	0	0	4	0	-0.164128	-0.182033	0	0	2025.000000	0.000000	0.000000
1016	1016	0	0	0	4	0	-0.071620	-0.161144	0	0	2004.000000	0.000000	0.000000
1017	1017	0	0	0	4	0	-0.050731	-0.101461	0	0	1992.000000	0.000000	0.000000
1018	1018	0	0	0	4	0	0.000000	-0.137271	0	0	2002.000000	0.000000	0.000000
1019	1019	0	0	0	4	0	-0.062667	-0.167112	0	0	2008.000000	0.000000	0.000000
1020	1020	0	0	0	4	0	-0.113397	-0.232762	0	0	2019.000000	0.000000	0.000000
1021	1021	0	0	0	4	0	-0.065652	-0.155176	0	0	2033.000000	0.000000	0.000000
1022	1022	0	0	0	4	0	-0.080573	-0.190985	0	0	2049.000000	0.000000	0.000000
1023	1023	0	0	0	4	0	-0.083556	0.074604	0	0	2047.000000	0.000000	0.000000
1024	1024	0	0	0	4	0	-0.068635	0.140255	0	0	2053.000000	0.000000	0.000000
1025	1025	0	0	0	4	0	-0.086541	0.080573	0	0	2041.000000	0.000000	0.000000
1026	1026	0	0	0	4	0	-0.107429	0.017905	0	0	2027.000000	0.000000	0.000000
1027	1027	0	0	0	4	0	-0.083556	-0.014921	0	0	1994.000000	0.000000	0.000000
1028	1028	0	0	0	4	0	0.005969	0.008952	0	0	1953.000000	0.000000	0.000000
1029	1029	0	0	0	4	0	0.026857	-0.023873	0	0	1913.000000	0.000000	0.000000
1030	1030	0	0	0	4	0	-0.011937	-0.029842	0	0	1891.000000	0.000000	0.000000
1031	1031	0	0	0	4	0	-0.038794	-0.011936	0	0	1863.000000	0.000000	0.000000
1032	1032	0	0	0	4	0	-0.029842	-0.056699	0	0	1842.000000	0.000000	0.000000
1033	1033	0	0	0	4	0	-0.014921	-0.002984	0	0	1818.000000	0.000000	0.000000
1034	1034	0	0	0	4	0	-0.023873	0.032826	0	0	1791.000000	0.000000	0.000000
1035	1035	0	0	0	4	0	-0.056700	-0.056699	0	0	1800.000000	0.000000	0.000000
1036	1036	0	0	0	4	0	-0.071620	-0.083556	0	0	1792.000000	0.000000	0.000000
1037	1037	0	0	0	4	0	-0.080573	-0.101461	0	0	1781.000000	0.000000	0.000000
1038	1038	0	0	0	4	0	0.000000	-0.014921	0	0	1768.000000	0.000000	0.000000
1039	1039	0	0	0	4	0	0.026857	-0.062667	0	0	1757.000000	0.000000	0.000000
1040	1040	0	0	0	4	0	-0.029842	-0.092509	0	0	1756.000000	0.000000	0.000000
1041	1041	0	0	0	4	0	-0.062667	-0.092509	0	0	1758.000000	0.000000	0.000000
1042	1042	0	0	0	4	0	-0.089525	-0.095493	0	0	1759.000000	0.000000	0.000000
1043	1043	0	0	0	4	0	-0.032825	-0.086540	0	0	1748.000000	0.000000	0.000000
1044	1044	0	0	0	4	0	-0.092508	-0.110414	0	0	1754.000000	0.000000	0.000000
1045	1045	0	0	0	4	0	-0.083556	-0.098477	0	0	1754.000000	0.000000	0.000000
1046	1046	0	0	0	4	0	-0.170097	-0.089525	0	0	1766.000000	0.000000	0.000000
1047	1047	0	0	0	4	0	-0.155176	-0.095493	0	0	1768.000000	0.000000	0.000000
1048	1048	0	0	0	4	0	-0.119366	-0.080573	0	0	1756.000000	0.000000	0.000000
1049	1049	0	0	0	4	0	-0.068635	-0.053714	0	0	1746.000000	0.000000	0.000000
1050	1050	0	0	0	4	0	-0.101462	-0.095493	0	0	1740.000000	0.000000	0.000000
1051	1051	0	0	0	4	0	-0.143239	-0.119366	0	0	1739.000000	0.000000	0.000000
1052	1052	0	0	0	4	0	-0.086541	-0.059683	0	0	1729.000000	0.000000	0.000000
1053	1053	0	0	0	4	0	-0.047746	-0.092509	0	0	1713.000000	0.000000	0.000000
1054	1054	0	0	0	4	0	-0.092508	-0.140255	0	0	1721.000000	0.000000	0.000000
1055	1055	0	0	0	4	0	-0.104445	-0.173080	0	0	1733.000000	0.000000	0.000000
1056	1056	0	0	0	4	0	-0.098477	-0.164128	0	0	1744.000000	0.000000	0.000000
1057	1057	0	0	0	4	0	-0.125335	-0.116382	0	0	1759.000000	0.000000	0.000000
1058	1058	0	0	0	4	0	-0.128318	-0.190985	0	0	1784.000000	0.000000	0.000000
1059	1059	0	0	0	4	0	-0.101462	-0.098477	0	0	1794.000000	0.000000	0.000000
1060	1060	0	0	0	4	0	-0.110414	-0.050731	0	0	1800.000000	0.000000	0.000000
1061	1061	0	0	0	4	0	-0.125335	-0.131302	0	0	1825.000000	0.000000	0.000000
1062	1062	0	0	0	4	0	-0.149207	-0.152192	0	0	1822.000000	0.000000	0.000000
1063	1063	0	0	0	4	0	-0.152191	-0.140255	0	0	1814.000000	0.000000	0.000000
1064	1064	0	0	0	4	0	-0.107429	-0.146223	0	0	1799.000000	0.000000	0.000000
1065	1065	0	0	0	4	0	-0.098477	-0.113397	0	0	1782.000000	0.000000	0.000000
1066	1066	0	0	0	4	0	-0.119366	-0.134287	0	0	1773.000000	0.000000	0.000000
1067	1067	0	0	0	4	0	-0.155176	-0.125335	0	0	1761.000000	0.000000	0.000000
