RowNumber	TimeStamp	X_Position_Degree_Right_Eye	Y_Position_Degree_Right_Eye	Distance_From_RightEye	Validity_Right_Eye	Pupil_Diameter_RightEye	X_Position_Degree_Left_Eye	Y_Position_Degree_Left_Eye	Distance_From_LeftEye	Validity_Left_Eye	Pupil_Diameter_LeftEye	Target X	Target Y
0	0	0	0	0	4	0	1.834628	7.450926	0	0	863.000000	0.000000	0.000000
1	1	0	0	0	4	0	1.828665	7.321794	0	0	860.000000	0.000000	0.000000
2	2	0	0	0	4	0	1.780967	7.582915	0	0	844.000000	0.000000	0.000000
3	3	0	0	0	4	0	1.539454	7.266008	0	0	863.000000	0.000000	0.000000
4	4	0	0	0	4	0	1.584183	7.001577	0	0	891.000000	0.000000	0.000000
5	5	0	0	0	4	0	1.205421	1.244197	0	0	959.000000	0.000000	0.000000
6	6	0	0	0	4	0	1.297885	0.904124	0	0	947.000000	0.000000	0.000000
7	7	0	0	0	4	0	1.250162	0.877273	0	0	964.000000	0.000000	0.000000
8	8	0	0	0	4	0	0.068635	0.077588	0	0	1003.000000	0.000000	0.000000
9	9	0	0	0	4	0	-0.008952	0.032826	0	0	1018.000000	0.000000	0.000000
10	10	0	0	0	4	0	0.116382	0.161144	0	0	1020.000000	0.000000	0.000000
11	11	0	0	0	4	0	0.086540	0.113397	0	0	1028.000000	0.000000	0.000000
12	12	0	0	0	4	0	0.038794	-0.011936	0	0	1043.000000	0.000000	0.000000
13	13	0	0	0	4	0	0.047747	0.017905	0	0	1038.000000	0.000000	0.000000
14	14	0	0	0	4	0	0.182033	0.113397	0	0	1013.000000	0.000000	0.000000
15	15	0	0	0	4	0	0.140255	0.143239	0	0	1010.000000	0.000000	0.000000
16	16	0	0	0	4	0	0.044762	0.002984	0	0	1019.000000	0.000000	0.000000
17	17	0	0	0	4	0	0.017905	-0.017905	0	0	1014.000000	0.000000	0.000000
18	18	0	0	0	4	0	0.098477	0.086540	0	0	992.000000	0.000000	0.000000
19	19	0	0	0	4	0	0.044762	0.089525	0	0	981.000000	0.000000	0.000000
20	20	0	0	0	4	0	0.029842	-0.065652	0	0	981.000000	0.000000	0.000000
21	21	0	0	0	4	0	0.053714	-0.089525	0	0	979.000000	-0.691970	0.704000
22	22	0	0	0	4	0	0.161144	0.062667	0	0	962.000000	-1.398063	1.422368
23	23	0	0	0	4	0	0.167112	0.041778	0	0	959.000000	-2.104155	2.140736
24	24	0	0	0	4	0	0.068635	0.005969	0	0	980.000000	-2.810247	2.859103
25	25	0	0	0	4	0	-2.484243	2.368070	0	0	982.000000	-3.516340	3.577471
26	26	0	0	0	4	0	-2.889196	3.207596	0	0	975.000000	-4.222432	4.295838
27	27	0	0	0	4	0	-3.296832	3.710079	0	0	980.000000	-4.928524	5.014206
28	28	0	0	0	4	0	-5.338076	6.763331	0	0	993.000000	-5.634616	5.732574
29	29	0	0	0	4	0	-6.250761	7.846649	0	0	1005.000000	-6.340709	6.450942
30	30	0	0	0	4	0	-6.836890	8.519092	0	0	998.000000	-7.046801	7.169309
31	31	0	0	0	4	0	-7.230768	8.557030	0	0	1022.000000	-7.752893	7.887677
32	32	0	0	0	4	0	-7.744124	8.874834	0	0	1015.000000	-8.458985	8.606045
33	33	0	0	0	4	0	-9.511675	10.829954	0	0	978.000000	-9.165078	9.324412
34	34	0	0	0	4	0	-9.810385	10.365760	0	0	973.000000	-9.871170	10.042780
35	35	0	0	0	4	0	-9.882808	9.969672	0	0	980.000000	-9.984145	10.157719
36	36	0	0	0	4	0	-9.958093	10.065169	0	0	987.000000	-9.984145	10.157719
37	37	0	0	0	4	0	-10.102774	10.469676	0	0	960.000000	-9.984145	10.157719
38	38	0	0	0	4	0	-10.108559	10.437931	0	0	961.000000	-9.984145	10.157719
39	39	0	0	0	4	0	-9.946512	10.042024	0	0	982.000000	-9.984145	10.157719
40	40	0	0	0	4	0	-10.235766	10.455248	0	0	989.000000	-9.984145	10.157719
41	41	0	0	0	4	0	-10.183741	10.668654	0	0	971.000000	-9.984145	10.157719
42	42	0	0	0	4	0	-10.134587	10.639833	0	0	981.000000	-9.984145	10.157719
43	43	0	0	0	4	0	-10.099881	10.322440	0	0	996.000000	-9.984145	10.157719
44	44	0	0	0	4	0	-10.131694	10.192412	0	0	1011.000000	-9.984145	10.157719
45	45	0	0	0	4	0	-10.183741	10.622539	0	0	996.000000	-9.984145	10.157719
46	46	0	0	0	4	0	-10.128803	10.706115	0	0	998.000000	-9.984145	10.157719
47	47	0	0	0	4	0	-10.065169	10.235765	0	0	1040.000000	-9.984145	10.157719
48	48	0	0	0	4	0	-10.134587	10.354209	0	0	1056.000000	-9.984145	10.157719
49	49	0	0	0	4	0	-10.203973	10.708997	0	0	1056.000000	-9.984145	10.157719
50	50	0	0	0	4	0	-10.163502	10.723401	0	0	1075.000000	-9.984145	10.157719
51	51	0	0	0	4	0	-10.203973	10.400406	0	0	1104.000000	-9.984145	10.157719
52	52	0	0	0	4	0	-10.279109	10.406179	0	0	1107.000000	-9.984145	10.157719
53	53	0	0	0	4	0	-10.406178	10.755087	0	0	1096.000000	-9.984145	10.157719
54	54	0	0	0	4	0	-10.391745	10.855862	0	0	1101.000000	-9.984145	10.157719
55	55	0	0	0	4	0	-9.934932	10.564872	0	0	1125.000000	-9.292174	9.453718
56	56	0	0	0	4	0	-9.932036	10.553336	0	0	1141.000000	-8.468400	8.615623
57	57	0	0	0	4	0	-10.053597	10.861618	0	0	1127.000000	-7.644626	7.777527
58	58	0	0	0	4	0	-10.123019	11.103189	0	0	1126.000000	-6.820852	6.939432
59	59	0	0	0	4	0	-7.116201	8.057396	0	0	1172.000000	-5.997077	6.101336
60	60	0	0	0	4	0	-6.159333	5.648540	0	0	1217.000000	-5.173303	5.263240
61	61	0	0	0	4	0	-5.568738	4.745860	0	0	1237.000000	-4.349529	4.425145
62	62	0	0	0	4	0	-4.905863	3.956656	0	0	1249.000000	-3.525754	3.587049
63	63	0	0	0	4	0	-2.707595	3.267089	0	0	1257.000000	-2.701980	2.748954
64	64	0	0	0	4	0	-2.326362	2.034339	0	0	1295.000000	-1.878206	1.910858
65	65	0	0	0	4	0	-1.605055	1.300868	0	0	1322.000000	-1.054431	1.072762
66	66	0	0	0	4	0	-0.853405	0.838488	0	0	1324.000000	-0.230657	0.234667
67	67	0	0	0	4	0	-0.274541	-0.008952	0	0	1314.000000	0.000000	0.000000
68	68	0	0	0	4	0	0.384950	-0.745997	0	0	1304.000000	0.000000	0.000000
69	69	0	0	0	4	0	1.524544	-2.096924	0	0	1286.000000	0.000000	0.000000
70	70	0	0	0	4	0	2.132686	-3.201646	0	0	1247.000000	0.000000	0.000000
71	71	0	0	0	4	0	0.593825	-1.449990	0	0	1219.000000	0.000000	0.000000
72	72	0	0	0	4	0	0.501325	-1.411219	0	0	1205.000000	0.000000	0.000000
73	73	0	0	0	4	0	0.510277	-1.426131	0	0	1191.000000	0.000000	0.000000
74	74	0	0	0	4	0	0.164128	-0.790751	0	0	1159.000000	0.000000	0.000000
75	75	0	0	0	4	0	0.128318	-0.787767	0	0	1133.000000	0.000000	0.000000
76	76	0	0	0	4	0	0.092509	-0.874289	0	0	1119.000000	0.000000	0.000000
77	77	0	0	0	4	0	0.065652	-0.954841	0	0	1123.000000	0.000000	0.000000
78	78	0	0	0	4	0	0.065652	-0.996607	0	0	1086.000000	0.000000	0.000000
79	79	0	0	0	4	0	0.095493	-0.886224	0	0	1055.000000	0.000000	0.000000
80	80	0	0	0	4	0	0.026857	-0.966774	0	0	1053.000000	0.000000	0.000000
81	81	0	0	0	4	0	-0.005969	-0.993624	0	0	1040.000000	0.000000	0.000000
82	82	0	0	0	4	0	0.146223	-0.865339	0	0	1004.000000	0.000000	0.000000
83	83	0	0	0	4	0	0.113397	-0.769865	0	0	989.000000	0.000000	0.000000
84	84	0	0	0	4	0	0.038794	-0.865339	0	0	992.000000	0.000000	0.000000
85	85	0	0	0	4	0	-0.011937	-0.853405	0	0	983.000000	0.000000	0.000000
86	86	0	0	0	4	0	0.083556	-0.671404	0	0	956.000000	0.000000	0.000000
87	87	0	0	0	4	0	0.041778	-0.599793	0	0	954.000000	-9.984145	10.157719
88	88	0	0	0	4	0	-0.005969	-0.671404	0	0	955.000000	-9.984145	10.157719
89	89	0	0	0	4	0	0.023873	-0.722128	0	0	953.000000	-9.984145	10.157719
90	90	0	0	0	4	0	0.182033	-0.665436	0	0	933.000000	-9.984145	10.157719
91	91	0	0	0	4	0	-8.711626	10.870252	0	0	850.000000	-9.984145	10.157719
92	92	0	0	0	4	0	-9.203716	10.224206	0	0	849.000000	-9.984145	10.157719
93	93	0	0	0	4	0	-9.363574	10.302220	0	0	832.000000	-9.984145	10.157719
94	94	0	0	0	4	0	-9.375196	10.443705	0	0	830.000000	-9.984145	10.157719
95	95	0	0	0	4	0	-10.068063	10.841470	0	0	843.000000	-9.984145	10.157719
96	96	0	0	0	4	0	-10.201083	10.965196	0	0	839.000000	-9.984145	10.157719
97	97	0	0	0	4	0	-10.310885	11.252534	0	0	829.000000	-9.984145	10.157719
98	98	0	0	0	4	0	-10.253104	11.137667	0	0	843.000000	-9.984145	10.157719
99	99	0	0	0	4	0	-10.261773	10.973825	0	0	865.000000	-9.984145	10.157719
100	100	0	0	0	4	0	-10.316663	11.054332	0	0	868.000000	-9.984145	10.157719
101	101	0	0	0	4	0	-10.388858	11.272626	0	0	855.000000	-9.984145	10.157719
102	102	0	0	0	4	0	-10.322440	11.330017	0	0	856.000000	-9.984145	10.157719
103	103	0	0	0	4	0	-10.310885	10.999706	0	0	869.000000	-9.984145	10.157719
104	104	0	0	0	4	0	-10.362871	11.154902	0	0	870.000000	-9.984145	10.157719
105	105	0	0	0	4	0	-10.461019	11.395988	0	0	863.000000	-9.984145	10.157719
106	106	0	0	0	4	0	-10.406178	11.309933	0	0	872.000000	-9.984145	10.157719
107	107	0	0	0	4	0	-10.380197	11.048582	0	0	892.000000	0.000000	0.000000
108	108	0	0	0	4	0	-10.400407	11.111809	0	0	900.000000	0.000000	0.000000
109	109	0	0	0	4	0	-10.538916	11.375913	0	0	893.000000	0.000000	0.000000
110	110	0	0	0	4	0	-1.235250	0.787767	0	0	1019.000000	0.000000	0.000000
111	111	0	0	0	4	0	0.295429	-2.147585	0	0	1031.000000	0.000000	0.000000
112	112	0	0	0	4	0	0.253652	-2.236979	0	0	1072.000000	0.000000	0.000000
113	113	0	0	0	4	0	-0.322285	-0.367046	0	0	1086.000000	0.000000	0.000000
114	114	0	0	0	4	0	-0.232762	-0.188001	0	0	1094.000000	0.000000	0.000000
115	115	0	0	0	4	0	-0.205907	-0.167112	0	0	1105.000000	0.000000	0.000000
116	116	0	0	0	4	0	-0.193969	-0.220826	0	0	1122.000000	0.000000	0.000000
117	117	0	0	0	4	0	-0.152191	-0.334222	0	0	1115.000000	0.000000	0.000000
118	118	0	0	0	4	0	-0.095493	-0.283492	0	0	1089.000000	0.000000	0.000000
119	119	0	0	0	4	0	-0.143239	-0.238731	0	0	1076.000000	0.000000	0.000000
120	120	0	0	0	4	0	-0.164128	-0.310349	0	0	1077.000000	0.000000	0.000000
121	121	0	0	0	4	0	-0.217842	-0.438663	0	0	1077.000000	0.000000	0.000000
122	122	0	0	0	4	0	-0.149207	-0.370030	0	0	1067.000000	0.000000	0.000000
123	123	0	0	0	4	0	-0.155176	-0.253652	0	0	1055.000000	0.000000	0.000000
124	124	0	0	0	4	0	-0.190986	-0.364062	0	0	1059.000000	0.000000	0.000000
125	125	0	0	0	4	0	-0.274541	-0.432694	0	0	1065.000000	0.000000	0.000000
126	126	0	0	0	4	0	-0.274541	-0.405838	0	0	1055.000000	0.000000	0.000000
127	127	0	0	0	4	0	-0.295429	-0.361078	0	0	1060.000000	-0.676891	-0.688659
128	128	0	0	0	4	0	-0.346157	-0.447614	0	0	1078.000000	-1.617018	-1.645130
129	129	0	0	0	4	0	-0.337205	-0.417774	0	0	1084.000000	-2.557145	-2.601600
130	130	0	0	0	4	0	-0.334222	-0.364062	0	0	1086.000000	-3.497271	-3.558071
131	131	0	0	0	4	0	-0.435678	-0.674388	0	0	1099.000000	-4.437398	-4.514542
132	132	0	0	0	4	0	-3.362262	-5.246353	0	0	1131.000000	-5.377524	-5.471012
133	133	0	0	0	4	0	-3.787335	-5.630807	0	0	1154.000000	-6.317651	-6.427483
134	134	0	0	0	4	0	-6.716242	-6.975118	0	0	1153.000000	-7.257778	-7.383954
135	135	0	0	0	4	0	-7.107387	-7.374630	0	0	1168.000000	-8.197905	-8.340425
136	136	0	0	0	4	0	-7.603439	-7.811504	0	0	1184.000000	-9.138031	-9.296895
137	137	0	0	0	4	0	-7.963757	-8.095423	0	0	1182.000000	-9.984145	-10.157719
138	138	0	0	0	4	0	-10.085419	-9.711840	0	0	1191.000000	-9.984145	-10.157719
139	139	0	0	0	4	0	-10.267551	-9.830667	0	0	1184.000000	-9.984145	-10.157719
140	140	0	0	0	4	0	-10.253104	-9.963881	0	0	1187.000000	-9.984145	-10.157719
141	141	0	0	0	4	0	-10.229987	-10.010193	0	0	1171.000000	-9.984145	-10.157719
142	142	0	0	0	4	0	-10.189520	-9.859636	0	0	1174.000000	-9.984145	-10.157719
143	143	0	0	0	4	0	-9.879912	-9.960988	0	0	1166.000000	-9.984145	-10.157719
144	144	0	0	0	4	0	-9.856738	-10.111451	0	0	1170.000000	-9.984145	-10.157719
145	145	0	0	0	4	0	-9.853842	-10.143261	0	0	1171.000000	-9.984145	-10.157719
146	146	0	0	0	4	0	-9.839358	-10.036237	0	0	1180.000000	-9.984145	-10.157719
147	147	0	0	0	4	0	-9.778510	-10.015980	0	0	1183.000000	-9.984145	-10.157719
148	148	0	0	0	4	0	-9.735034	-10.085419	0	0	1196.000000	-9.984145	-10.157719
149	149	0	0	0	4	0	-9.830667	-10.079633	0	0	1204.000000	-9.984145	-10.157719
150	150	0	0	0	4	0	-9.740829	-9.998616	0	0	1220.000000	-9.984145	-10.157719
151	151	0	0	0	4	0	-9.714740	-9.792999	0	0	1226.000000	-9.984145	-10.157719
152	152	0	0	0	4	0	-9.685746	-9.923350	0	0	1241.000000	-9.984145	-10.157719
153	153	0	0	0	4	0	-9.729235	-9.978354	0	0	1237.000000	-9.984145	-10.157719
154	154	0	0	0	4	0	-9.656746	-9.920454	0	0	1243.000000	-9.984145	-10.157719
155	155	0	0	0	4	0	-9.677047	-9.877014	0	0	1238.000000	-9.984145	-10.157719
156	156	0	0	0	4	0	-9.746627	-10.001510	0	0	1233.000000	-9.984145	-10.157719
157	157	0	0	0	4	0	-9.798795	-10.039131	0	0	1229.000000	-9.878157	-10.049888
158	158	0	0	0	4	0	-9.772714	-9.987039	0	0	1225.000000	-8.818269	-8.971573
159	159	0	0	0	4	0	-9.723436	-9.926246	0	0	1230.000000	-7.758380	-7.893259
160	160	0	0	0	4	0	-9.685746	-10.056491	0	0	1227.000000	-6.698493	-6.814945
161	161	0	0	0	4	0	-9.572619	-9.911767	0	0	1231.000000	-5.638604	-5.736631
162	162	0	0	0	4	0	-5.837613	-6.733903	0	0	1234.000000	-4.578716	-4.658317
163	163	0	0	0	4	0	-5.172365	-6.230118	0	0	1226.000000	-3.518828	-3.580003
164	164	0	0	0	4	0	-4.600607	-5.884862	0	0	1236.000000	-2.458940	-2.501689
165	165	0	0	0	4	0	-2.981461	-4.209023	0	0	1233.000000	-1.399052	-1.423375
166	166	0	0	0	4	0	-1.715376	-1.897229	0	0	1220.000000	-0.339164	-0.345060
167	167	0	0	0	4	0	-1.127865	-1.342624	0	0	1210.000000	0.000000	0.000000
168	168	0	0	0	4	0	-0.614712	-0.832520	0	0	1196.000000	0.000000	0.000000
169	169	0	0	0	4	0	0.743013	0.438663	0	0	1167.000000	0.000000	0.000000
170	170	0	0	0	4	0	0.957825	1.133831	0	0	1117.000000	0.000000	0.000000
171	171	0	0	0	4	0	1.011523	1.163661	0	0	1081.000000	0.000000	0.000000
172	172	0	0	0	4	0	-0.083556	-0.101461	0	0	1071.000000	0.000000	0.000000
173	173	0	0	0	4	0	-0.077587	-0.202921	0	0	1050.000000	0.000000	0.000000
174	174	0	0	0	4	0	-0.050731	-0.155176	0	0	1035.000000	0.000000	0.000000
175	175	0	0	0	4	0	-0.053714	-0.167112	0	0	1007.000000	0.000000	0.000000
176	176	0	0	0	4	0	-0.101462	-0.208890	0	0	1017.000000	0.000000	0.000000
177	177	0	0	0	4	0	-0.074604	-0.301397	0	0	1015.000000	0.000000	0.000000
178	178	0	0	0	4	0	-0.116383	-0.361078	0	0	1008.000000	0.000000	0.000000
179	179	0	0	0	4	0	-0.008952	-0.128318	0	0	988.000000	0.000000	0.000000
180	180	0	0	0	4	0	-0.083556	-0.325269	0	0	985.000000	0.000000	0.000000
181	181	0	0	0	4	0	-0.170097	-0.480438	0	0	1000.000000	0.000000	0.000000
182	182	0	0	0	4	0	-0.122349	-0.381966	0	0	988.000000	0.000000	0.000000
183	183	0	0	0	4	0	-0.017904	-0.238731	0	0	964.000000	0.000000	0.000000
184	184	0	0	0	4	0	-0.155176	-0.417774	0	0	981.000000	0.000000	0.000000
185	185	0	0	0	4	0	-0.134287	-0.435678	0	0	993.000000	0.000000	0.000000
186	186	0	0	0	4	0	-0.077587	-0.361078	0	0	991.000000	0.000000	0.000000
187	187	0	0	0	4	0	-0.074604	-0.313333	0	0	983.000000	-9.984145	-10.157719
188	188	0	0	0	4	0	-0.152191	-0.378983	0	0	1003.000000	-9.984145	-10.157719
189	189	0	0	0	4	0	-0.190986	-0.358094	0	0	1016.000000	-9.984145	-10.157719
190	190	0	0	0	4	0	-0.113397	-0.381966	0	0	1020.000000	-9.984145	-10.157719
191	191	0	0	0	4	0	-9.058268	-9.940722	0	0	1045.000000	-9.984145	-10.157719
192	192	0	0	0	4	0	-9.331615	-9.911767	0	0	1035.000000	-9.984145	-10.157719
193	193	0	0	0	4	0	-9.497161	-9.978354	0	0	1027.000000	-9.984145	-10.157719
194	194	0	0	0	4	0	-9.491355	-9.932036	0	0	1032.000000	-9.984145	-10.157719
195	195	0	0	0	4	0	-9.714740	-9.769814	0	0	1033.000000	-9.984145	-10.157719
196	196	0	0	0	4	0	-9.714740	-9.917560	0	0	1037.000000	-9.984145	-10.157719
197	197	0	0	0	4	0	-9.790101	-9.978354	0	0	1035.000000	-9.984145	-10.157719
198	198	0	0	0	4	0	-9.804589	-9.882808	0	0	1049.000000	-9.984145	-10.157719
199	199	0	0	0	4	0	-9.726336	-9.848048	0	0	1053.000000	-9.984145	-10.157719
200	200	0	0	0	4	0	-9.714740	-10.010193	0	0	1074.000000	-9.984145	-10.157719
201	201	0	0	0	4	0	-9.830667	-9.862532	0	0	1069.000000	-9.984145	-10.157719
202	202	0	0	0	4	0	-9.792999	-9.819077	0	0	1087.000000	-9.984145	-10.157719
203	203	0	0	0	4	0	-9.879912	-9.795897	0	0	1086.000000	-9.984145	-10.157719
204	204	0	0	0	4	0	-9.836462	-9.897288	0	0	1103.000000	-9.984145	-10.157719
205	205	0	0	0	4	0	-9.905975	-9.969672	0	0	1104.000000	-9.984145	-10.157719
206	206	0	0	0	4	0	-9.821976	-9.833564	0	0	1102.000000	-9.984145	-10.157719
207	207	0	0	0	4	0	-9.827769	-9.816180	0	0	1103.000000	0.000000	0.000000
208	208	0	0	0	4	0	-9.717639	-9.952303	0	0	1111.000000	0.000000	0.000000
209	209	0	0	0	4	0	-9.784305	-10.021769	0	0	1115.000000	0.000000	0.000000
210	210	0	0	0	4	0	-9.781408	-9.914662	0	0	1129.000000	0.000000	0.000000
211	211	0	0	0	4	0	0.047747	-0.474470	0	0	1125.000000	0.000000	0.000000
212	212	0	0	0	4	0	0.149207	0.116382	0	0	1164.000000	0.000000	0.000000
213	213	0	0	0	4	0	0.241715	0.086540	0	0	1188.000000	0.000000	0.000000
214	214	0	0	0	4	0	0.316317	-0.032826	0	0	1199.000000	0.000000	0.000000
215	215	0	0	0	4	0	0.068635	-0.483422	0	0	1212.000000	0.000000	0.000000
216	216	0	0	0	4	0	0.056699	-0.465518	0	0	1240.000000	0.000000	0.000000
217	217	0	0	0	4	0	0.077588	-0.587858	0	0	1250.000000	0.000000	0.000000
218	218	0	0	0	4	0	0.032826	-0.608745	0	0	1233.000000	0.000000	0.000000
219	219	0	0	0	4	0	0.140255	-0.495358	0	0	1201.000000	0.000000	0.000000
220	220	0	0	0	4	0	0.029842	-0.552052	0	0	1191.000000	0.000000	0.000000
221	221	0	0	0	4	0	0.050731	-0.504309	0	0	1178.000000	0.000000	0.000000
222	222	0	0	0	4	0	0.065652	-0.584874	0	0	1159.000000	0.000000	0.000000
223	223	0	0	0	4	0	0.068635	-0.498342	0	0	1127.000000	0.000000	0.000000
224	224	0	0	0	4	0	0.008952	-0.522213	0	0	1113.000000	0.000000	0.000000
225	225	0	0	0	4	0	-0.035810	-0.590841	0	0	1109.000000	0.000000	0.000000
226	226	0	0	0	4	0	-0.080573	-0.516244	0	0	1082.000000	0.000000	0.000000
227	227	0	0	0	4	0	-0.029842	-0.402854	0	0	1063.000000	0.798732	-0.812617
228	228	0	0	0	4	0	-0.095493	-0.519229	0	0	1052.000000	1.973337	-2.007643
229	229	0	0	0	4	0	-0.134287	-0.519229	0	0	1047.000000	3.147942	-3.202669
230	230	0	0	0	4	0	-0.065652	-0.489389	0	0	1033.000000	4.322547	-4.397695
231	231	0	0	0	4	0	4.102159	-5.358782	0	0	1044.000000	5.497153	-5.592721
232	232	0	0	0	4	0	4.339597	-6.680921	0	0	1045.000000	6.671758	-6.787746
233	233	0	0	0	4	0	4.917713	-6.860424	0	0	1035.000000	7.846364	-7.982772
234	234	0	0	0	4	0	5.406110	-6.845715	0	0	1031.000000	9.020968	-9.177797
235	235	0	0	0	4	0	7.711892	-8.653303	0	0	1028.000000	9.984145	-10.157719
236	236	0	0	0	4	0	8.004729	-8.944736	0	0	1031.000000	9.984145	-10.157719
237	237	0	0	0	4	0	8.191924	-9.075728	0	0	1030.000000	9.984145	-10.157719
238	238	0	0	0	4	0	9.995723	-10.102774	0	0	1036.000000	9.984145	-10.157719
239	239	0	0	0	4	0	10.030451	-10.157718	0	0	1042.000000	9.984145	-10.157719
240	240	0	0	0	4	0	9.940722	-10.261773	0	0	1051.000000	9.984145	-10.157719
241	241	0	0	0	4	0	9.636444	-10.033344	0	0	1054.000000	9.984145	-10.157719
242	242	0	0	0	4	0	9.616138	-9.775612	0	0	1067.000000	9.984145	-10.157719
243	243	0	0	0	4	0	9.572619	-9.746627	0	0	1071.000000	9.984145	-10.157719
244	244	0	0	0	4	0	9.505869	-9.891496	0	0	1071.000000	9.984145	-10.157719
245	245	0	0	0	4	0	9.604534	-9.920454	0	0	1058.000000	9.984145	-10.157719
246	246	0	0	0	4	0	9.639344	-9.758223	0	0	1066.000000	9.984145	-10.157719
247	247	0	0	0	4	0	9.607435	-9.711840	0	0	1070.000000	9.984145	-10.157719
248	248	0	0	0	4	0	9.569718	-9.868325	0	0	1068.000000	9.984145	-10.157719
249	249	0	0	0	4	0	9.630642	-9.978354	0	0	1064.000000	9.984145	-10.157719
250	250	0	0	0	4	0	9.648046	-9.827769	0	0	1066.000000	9.984145	-10.157719
251	251	0	0	0	4	0	9.656746	-9.792999	0	0	1066.000000	9.984145	-10.157719
252	252	0	0	0	4	0	9.558111	-9.940722	0	0	1068.000000	9.984145	-10.157719
253	253	0	0	0	4	0	9.645144	-10.068063	0	0	1070.000000	9.984145	-10.157719
254	254	0	0	0	4	0	9.706042	-9.903081	0	0	1080.000000	9.984145	-10.157719
255	255	0	0	0	4	0	9.662546	-9.877014	0	0	1086.000000	9.751354	-9.920880
256	256	0	0	0	4	0	9.555209	-10.036237	0	0	1095.000000	8.458071	-8.605114
257	257	0	0	0	4	0	9.775612	-10.105666	0	0	1088.000000	7.164788	-7.289347
258	258	0	0	0	4	0	9.679947	-9.914662	0	0	1100.000000	5.871505	-5.973581
259	259	0	0	0	4	0	9.235701	-9.656746	0	0	1109.000000	4.578222	-4.657814
260	260	0	0	0	4	0	3.909135	-3.516880	0	0	1093.000000	3.284939	-3.342047
261	261	0	0	0	4	0	3.323600	-2.838591	0	0	1083.000000	1.991656	-2.026281
262	262	0	0	0	4	0	2.490200	-2.385944	0	0	1077.000000	0.698373	-0.710514
263	263	0	0	0	4	0	1.312799	-1.566291	0	0	1062.000000	0.000000	0.000000
264	264	0	0	0	4	0	0.283492	-1.142780	0	0	1057.000000	0.000000	0.000000
265	265	0	0	0	4	0	-0.346157	-0.611729	0	0	1043.000000	0.000000	0.000000
266	266	0	0	0	4	0	-1.247180	0.904124	0	0	1010.000000	0.000000	0.000000
267	267	0	0	0	4	0	-1.318764	1.035390	0	0	974.000000	0.000000	0.000000
268	268	0	0	0	4	0	-1.381396	0.841472	0	0	958.000000	0.000000	0.000000
269	269	0	0	0	4	0	0.125335	-0.534148	0	0	942.000000	0.000000	0.000000
270	270	0	0	0	4	0	0.101461	-0.531164	0	0	914.000000	0.000000	0.000000
271	271	0	0	0	4	0	0.137271	-0.405838	0	0	876.000000	0.000000	0.000000
272	272	0	0	0	4	0	0.005969	-0.584874	0	0	879.000000	0.000000	0.000000
273	273	0	0	0	4	0	0.002984	-0.760915	0	0	877.000000	0.000000	0.000000
274	274	0	0	0	4	0	0.077588	-0.552052	0	0	862.000000	0.000000	0.000000
275	275	0	0	0	4	0	0.062667	-0.417774	0	0	846.000000	0.000000	0.000000
276	276	0	0	0	4	0	0.002984	-0.513261	0	0	855.000000	0.000000	0.000000
277	277	0	0	0	4	0	0.017905	-0.617697	0	0	861.000000	0.000000	0.000000
278	278	0	0	0	4	0	-0.014921	-0.587858	0	0	851.000000	0.000000	0.000000
279	279	0	0	0	4	0	0.032826	-0.378983	0	0	839.000000	0.000000	0.000000
280	280	0	0	0	4	0	-0.050731	-0.555036	0	0	853.000000	0.000000	0.000000
281	281	0	0	0	4	0	-0.032825	-0.558020	0	0	865.000000	0.000000	0.000000
282	282	0	0	0	4	0	0.041778	-0.480438	0	0	861.000000	0.000000	0.000000
283	283	0	0	0	4	0	0.074604	-0.340189	0	0	850.000000	9.984145	-10.157719
284	284	0	0	0	4	0	0.008952	-0.531164	0	0	862.000000	9.984145	-10.157719
285	285	0	0	0	4	0	0.017905	-0.566971	0	0	869.000000	9.984145	-10.157719
286	286	0	0	0	4	0	0.080573	-0.486405	0	0	849.000000	9.984145	-10.157719
287	287	0	0	0	4	0	9.729235	-9.398434	0	0	870.000000	9.984145	-10.157719
288	288	0	0	0	4	0	9.439093	-10.250216	0	0	861.000000	9.984145	-10.157719
289	289	0	0	0	4	0	9.633542	-10.333993	0	0	847.000000	9.984145	-10.157719
290	290	0	0	0	4	0	9.755323	-10.096990	0	0	851.000000	9.984145	-10.157719
291	291	0	0	0	4	0	9.697344	-10.053597	0	0	854.000000	9.984145	-10.157719
292	292	0	0	0	4	0	9.587128	-10.201083	0	0	861.000000	9.984145	-10.157719
293	293	0	0	0	4	0	9.775612	-10.328217	0	0	853.000000	9.984145	-10.157719
294	294	0	0	0	4	0	9.717639	-10.128803	0	0	867.000000	9.984145	-10.157719
295	295	0	0	0	4	0	9.601634	-10.085419	0	0	882.000000	9.984145	-10.157719
296	296	0	0	0	4	0	9.569718	-10.215536	0	0	892.000000	9.984145	-10.157719
297	297	0	0	0	4	0	9.769815	-10.281998	0	0	888.000000	9.984145	-10.157719
298	298	0	0	0	4	0	9.743730	-10.134587	0	0	897.000000	9.984145	-10.157719
299	299	0	0	0	4	0	9.801692	-10.065169	0	0	905.000000	9.984145	-10.157719
300	300	0	0	0	4	0	9.778509	-10.201083	0	0	905.000000	9.984145	-10.157719
301	301	0	0	0	4	0	9.905976	-10.290665	0	0	896.000000	9.984145	-10.157719
302	302	0	0	0	4	0	9.845152	-10.128803	0	0	909.000000	9.984145	-10.157719
303	303	0	0	0	4	0	9.784306	-10.079633	0	0	921.000000	0.000000	0.000000
304	304	0	0	0	4	0	9.821975	-10.163502	0	0	930.000000	0.000000	0.000000
305	305	0	0	0	4	0	9.987040	-10.258883	0	0	928.000000	0.000000	0.000000
306	306	0	0	0	4	0	9.949408	-10.088311	0	0	950.000000	0.000000	0.000000
307	307	0	0	0	4	0	0.462534	-1.727302	0	0	947.000000	0.000000	0.000000
308	308	0	0	0	4	0	0.167112	-1.375432	0	0	964.000000	0.000000	0.000000
309	309	0	0	0	4	0	0.020889	-1.524544	0	0	990.000000	0.000000	0.000000
310	310	0	0	0	4	0	0.023873	-1.402273	0	0	986.000000	0.000000	0.000000
311	311	0	0	0	4	0	0.032826	-1.393326	0	0	983.000000	0.000000	0.000000
312	312	0	0	0	4	0	-0.035810	-1.438061	0	0	988.000000	0.000000	0.000000
313	313	0	0	0	4	0	0.328253	-0.504309	0	0	981.000000	0.000000	0.000000
314	314	0	0	0	4	0	0.402854	-0.522213	0	0	965.000000	0.000000	0.000000
315	315	0	0	0	4	0	0.367046	-0.474470	0	0	945.000000	0.000000	0.000000
316	316	0	0	0	4	0	0.262603	-0.531164	0	0	938.000000	0.000000	0.000000
317	317	0	0	0	4	0	0.316317	-0.572939	0	0	930.000000	0.000000	0.000000
318	318	0	0	0	4	0	0.301397	-0.546084	0	0	910.000000	0.000000	0.000000
319	319	0	0	0	4	0	0.262603	-0.498342	0	0	891.000000	0.000000	0.000000
320	320	0	0	0	4	0	0.325269	-0.516244	0	0	880.000000	0.000000	0.000000
321	321	0	0	0	4	0	0.265588	-0.725111	0	0	878.000000	0.000000	0.000000
322	322	0	0	0	4	0	0.319302	-0.587858	0	0	863.000000	0.000000	0.000000
323	323	0	0	0	4	0	0.244700	-0.543100	0	0	856.000000	0.650525	0.661834
324	324	0	0	0	4	0	0.238731	-0.566971	0	0	856.000000	2.064710	2.100605
325	325	0	0	0	4	0	0.170097	-0.716160	0	0	865.000000	3.478895	3.539375
326	326	0	0	0	4	0	0.319302	-0.504309	0	0	858.000000	4.893080	4.978146
327	327	0	0	0	4	0	0.361078	-0.396886	0	0	853.000000	6.307264	6.416916
328	328	0	0	0	4	0	7.494931	8.390627	0	0	820.000000	7.721449	7.855686
329	329	0	0	0	4	0	7.708961	9.058268	0	0	831.000000	9.135634	9.294456
330	330	0	0	0	4	0	8.036916	9.189178	0	0	832.000000	9.984145	10.157719
331	331	0	0	0	4	0	10.250215	10.550452	0	0	856.000000	9.984145	10.157719
332	332	0	0	0	4	0	11.876927	12.245073	0	0	875.000000	9.984145	10.157719
333	333	0	0	0	4	0	11.922644	12.339087	0	0	873.000000	9.984145	10.157719
334	334	0	0	0	4	0	11.902643	12.461489	0	0	875.000000	9.984145	10.157719
335	335	0	0	0	4	0	11.725383	12.205169	0	0	878.000000	9.984145	10.157719
336	336	0	0	0	4	0	11.896930	12.193765	0	0	880.000000	9.984145	10.157719
337	337	0	0	0	4	0	12.068261	12.344783	0	0	868.000000	9.984145	10.157719
338	338	0	0	0	4	0	12.022593	12.495627	0	0	856.000000	9.984145	10.157719
339	339	0	0	0	4	0	11.794027	12.262172	0	0	867.000000	9.984145	10.157719
340	340	0	0	0	4	0	11.848347	12.159549	0	0	881.000000	9.984145	10.157719
341	341	0	0	0	4	0	11.513514	12.714463	0	0	879.000000	9.984145	10.157719
342	342	0	0	0	4	0	11.350098	12.762728	0	0	881.000000	9.984145	10.157719
343	343	0	0	0	4	0	11.189368	12.541130	0	0	905.000000	9.984145	10.157719
344	344	0	0	0	4	0	11.255404	12.470024	0	0	915.000000	9.984145	10.157719
345	345	0	0	0	4	0	11.378781	12.717303	0	0	923.000000	9.984145	10.157719
346	346	0	0	0	4	0	11.321410	12.799623	0	0	930.000000	9.984145	10.157719
347	347	0	0	0	4	0	11.169265	12.640613	0	0	956.000000	9.984145	10.157719
348	348	0	0	0	4	0	11.218082	12.489938	0	0	983.000000	9.984145	10.157719
349	349	0	0	0	4	0	11.373044	12.586617	0	0	991.000000	9.984145	10.157719
350	350	0	0	0	4	0	11.295585	12.734339	0	0	1004.000000	9.372559	9.535501
351	351	0	0	0	4	0	11.180753	12.615038	0	0	1021.000000	7.843594	7.979954
352	352	0	0	0	4	0	11.269755	12.543973	0	0	1028.000000	6.314628	6.424407
353	353	0	0	0	4	0	11.461928	12.654818	0	0	1019.000000	4.785662	4.868861
354	354	0	0	0	4	0	3.650642	4.479023	0	0	1062.000000	3.256697	3.313314
355	355	0	0	0	4	0	2.552747	3.284935	0	0	1067.000000	1.727731	1.757768
356	356	0	0	0	4	0	1.852515	2.823707	0	0	1090.000000	0.198766	0.202221
357	357	0	0	0	4	0	1.044339	2.481265	0	0	1111.000000	-1.330200	-1.353325
358	358	0	0	0	4	0	0.453582	1.775004	0	0	1126.000000	-2.859166	-2.908872
359	359	0	0	0	4	0	-0.945892	-1.399290	0	0	1161.000000	-4.388131	-4.464418
360	360	0	0	0	4	0	-1.387361	-1.628910	0	0	1168.000000	-5.917097	-6.019965
361	361	0	0	0	4	0	-1.581201	-1.664690	0	0	1170.000000	-7.446062	-7.575511
362	362	0	0	0	4	0	-5.136844	-6.212424	0	0	1165.000000	-8.975028	-9.131058
363	363	0	0	0	4	0	-5.654449	-6.533689	0	0	1145.000000	-9.984145	-10.157719
364	364	0	0	0	4	0	-6.144584	-7.048610	0	0	1133.000000	-9.984145	-10.157719
365	365	0	0	0	4	0	-10.172175	-10.039131	0	0	1146.000000	-9.984145	-10.157719
366	366	0	0	0	4	0	-10.374421	-10.013087	0	0	1153.000000	-9.984145	-10.157719
367	367	0	0	0	4	0	-10.388858	-9.952303	0	0	1150.000000	-9.984145	-10.157719
368	368	0	0	0	4	0	-9.769814	-9.688644	0	0	1165.000000	-9.984145	-10.157719
369	369	0	0	0	4	0	-9.874119	-9.848048	0	0	1182.000000	-9.984145	-10.157719
370	370	0	0	0	4	0	-9.839358	-9.764019	0	0	1204.000000	-9.984145	-10.157719
371	371	0	0	0	4	0	-9.787204	-9.758223	0	0	1225.000000	-9.984145	-10.157719
372	372	0	0	0	4	0	-9.787204	-9.819077	0	0	1235.000000	-9.984145	-10.157719
373	373	0	0	0	4	0	-9.810385	-9.871222	0	0	1237.000000	-9.984145	-10.157719
374	374	0	0	0	4	0	-9.775612	-9.790101	0	0	1251.000000	-9.984145	-10.157719
375	375	0	0	0	4	0	-9.766917	-9.801693	0	0	1255.000000	-9.984145	-10.157719
376	376	0	0	0	4	0	-9.856738	-9.940722	0	0	1273.000000	-9.984145	-10.157719
377	377	0	0	0	4	0	-9.853842	-10.024664	0	0	1290.000000	-9.984145	-10.157719
378	378	0	0	0	4	0	-9.807489	-9.920454	0	0	1301.000000	-9.984145	-10.157719
379	379	0	0	0	4	0	-9.810385	-9.903081	0	0	1320.000000	-9.984145	-10.157719
380	380	0	0	0	4	0	-9.868325	-9.998616	0	0	1335.000000	-9.984145	-10.157719
381	381	0	0	0	4	0	-9.879912	-10.042024	0	0	1344.000000	-9.984145	-10.157719
382	382	0	0	0	4	0	-9.865431	-9.934932	0	0	1364.000000	-9.984145	-10.157719
383	383	0	0	0	4	0	-9.836462	-9.879912	0	0	1383.000000	-9.424901	-9.588753
384	384	0	0	0	4	0	-9.833564	-9.958093	0	0	1410.000000	-7.780067	-7.915323
385	385	0	0	0	4	0	-9.868325	-9.978354	0	0	1426.000000	-6.135232	-6.241893
386	386	0	0	0	4	0	-9.772714	-9.865431	0	0	1458.000000	-4.490398	-4.568463
387	387	0	0	0	4	0	-8.568701	-8.912700	0	0	1478.000000	-2.845564	-2.895034
388	388	0	0	0	4	0	-3.522826	-3.992294	0	0	1496.000000	-1.200729	-1.221604
389	389	0	0	0	4	0	-2.814777	-3.154046	0	0	1500.000000	0.444105	0.451826
390	390	0	0	0	4	0	-1.676617	-2.767142	0	0	1516.000000	2.088940	2.125256
391	391	0	0	0	4	0	1.873381	1.745191	0	0	1496.000000	3.733774	3.798686
392	392	0	0	0	4	0	3.261140	4.200119	0	0	1488.000000	5.378609	5.472116
393	393	0	0	0	4	0	4.001203	4.416733	0	0	1483.000000	7.023443	7.145545
394	394	0	0	0	4	0	4.704365	4.662866	0	0	1430.000000	8.668278	8.818974
395	395	0	0	0	4	0	11.080199	12.065407	0	0	1324.000000	9.984145	10.157719
396	396	0	0	0	4	0	11.542163	12.088235	0	0	1288.000000	9.984145	10.157719
397	397	0	0	0	4	0	11.868353	12.145288	0	0	1248.000000	9.984145	10.157719
398	398	0	0	0	4	0	12.042576	12.208019	0	0	1208.000000	9.984145	10.157719
399	399	0	0	0	4	0	11.939783	12.173806	0	0	1185.000000	9.984145	10.157719
400	400	0	0	0	4	0	11.879784	12.299211	0	0	1167.000000	9.984145	10.157719
401	401	0	0	0	4	0	11.996900	12.376103	0	0	1147.000000	9.984145	10.157719
402	402	0	0	0	4	0	12.039721	12.498471	0	0	1128.000000	9.984145	10.157719
403	403	0	0	0	4	0	11.854063	12.373258	0	0	1120.000000	9.984145	10.157719
404	404	0	0	0	4	0	11.854063	12.245073	0	0	1115.000000	9.984145	10.157719
405	405	0	0	0	4	0	12.059700	12.344783	0	0	1105.000000	9.984145	10.157719
406	406	0	0	0	4	0	12.011174	12.470024	0	0	1088.000000	9.984145	10.157719
407	407	0	0	0	4	0	11.874069	12.347631	0	0	1089.000000	9.984145	10.157719
408	408	0	0	0	4	0	11.865495	12.304909	0	0	1090.000000	9.984145	10.157719
409	409	0	0	0	4	0	11.991189	12.341935	0	0	1089.000000	9.984145	10.157719
410	410	0	0	0	4	0	11.931213	12.427342	0	0	1088.000000	9.984145	10.157719
411	411	0	0	0	4	0	11.733965	12.378952	0	0	1093.000000	9.984145	10.157719
412	412	0	0	0	4	0	11.688185	12.253622	0	0	1112.000000	9.984145	10.157719
413	413	0	0	0	4	0	11.779729	12.344783	0	0	1117.000000	9.984145	10.157719
414	414	0	0	0	4	0	11.696770	12.398879	0	0	1121.000000	9.984145	10.157719
415	415	0	0	0	4	0	11.530704	12.336240	0	0	1129.000000	-9.984145	-10.157719
416	416	0	0	0	4	0	11.461928	12.179510	0	0	1146.000000	-9.984145	-10.157719
417	417	0	0	0	4	0	11.593718	12.233674	0	0	1154.000000	-9.984145	-10.157719
418	418	0	0	0	4	0	11.527839	12.350479	0	0	1152.000000	-9.984145	-10.157719
419	419	0	0	0	4	0	3.986355	3.834871	0	0	1207.000000	-9.984145	-10.157719
420	420	0	0	0	4	0	-8.200695	-7.957904	0	0	1245.000000	-9.984145	-10.157719
421	421	0	0	0	4	0	-8.632885	-7.925704	0	0	1263.000000	-9.984145	-10.157719
422	422	0	0	0	4	0	-8.682467	-7.899356	0	0	1272.000000	-9.984145	-10.157719
423	423	0	0	0	4	0	-9.877014	-9.810385	0	0	1274.000000	-9.984145	-10.157719
424	424	0	0	0	4	0	-9.674146	-9.566815	0	0	1282.000000	-9.984145	-10.157719
425	425	0	0	0	4	0	-9.706043	-9.717639	0	0	1287.000000	-9.984145	-10.157719
426	426	0	0	0	4	0	-9.732134	-9.665446	0	0	1297.000000	-9.984145	-10.157719
427	427	0	0	0	4	0	-9.732134	-9.668346	0	0	1292.000000	-9.984145	-10.157719
428	428	0	0	0	4	0	-9.758223	-9.769814	0	0	1297.000000	-9.984145	-10.157719
429	429	0	0	0	4	0	-9.792999	-9.905975	0	0	1288.000000	-9.984145	-10.157719
430	430	0	0	0	4	0	-9.816180	-9.865431	0	0	1273.000000	-9.984145	-10.157719
431	431	0	0	0	4	0	-9.848048	-9.877014	0	0	1264.000000	-9.984145	-10.157719
432	432	0	0	0	4	0	-9.848048	-9.946512	0	0	1256.000000	-9.984145	-10.157719
433	433	0	0	0	4	0	-9.900184	-10.062278	0	0	1256.000000	-9.984145	-10.157719
434	434	0	0	0	4	0	-9.862532	-10.010193	0	0	1260.000000	-9.984145	-10.157719
435	435	0	0	0	4	0	-9.894393	-9.949408	0	0	1250.000000	9.984145	10.157719
436	436	0	0	0	4	0	-9.865431	-10.024664	0	0	1257.000000	9.984145	10.157719
437	437	0	0	0	4	0	-9.926246	-10.091205	0	0	1256.000000	9.984145	10.157719
438	438	0	0	0	4	0	-9.908873	-9.978354	0	0	1268.000000	9.984145	10.157719
439	439	0	0	0	4	0	-5.278904	-5.216760	0	0	1283.000000	9.984145	10.157719
440	440	0	0	0	4	0	8.425671	10.478333	0	0	1201.000000	9.984145	10.157719
441	441	0	0	0	4	0	8.536603	10.258883	0	0	1224.000000	9.984145	10.157719
442	442	0	0	0	4	0	8.699962	10.411953	0	0	1239.000000	9.984145	10.157719
443	443	0	0	0	4	0	8.764101	10.518723	0	0	1244.000000	9.984145	10.157719
444	444	0	0	0	4	0	11.266886	12.059700	0	0	1263.000000	9.984145	10.157719
445	445	0	0	0	4	0	11.301324	11.994043	0	0	1264.000000	9.984145	10.157719
446	446	0	0	0	4	0	11.301324	11.985478	0	0	1256.000000	9.984145	10.157719
447	447	0	0	0	4	0	11.154902	11.945496	0	0	1250.000000	9.984145	10.157719
448	448	0	0	0	4	0	11.077326	11.788307	0	0	1258.000000	9.984145	10.157719
449	449	0	0	0	4	0	11.189368	11.842629	0	0	1255.000000	9.984145	10.157719
450	450	0	0	0	4	0	11.203727	11.965488	0	0	1233.000000	9.984145	10.157719
451	451	0	0	0	4	0	11.126175	11.985478	0	0	1215.000000	9.984145	10.157719
452	452	0	0	0	4	0	11.025584	11.928357	0	0	1215.000000	9.984145	10.157719
453	453	0	0	0	4	0	11.218082	11.982622	0	0	1195.000000	9.984145	10.157719
454	454	0	0	0	4	0	11.264015	12.099648	0	0	1173.000000	9.984145	10.157719
455	455	0	0	0	4	0	11.146285	12.099648	0	0	1161.000000	9.484938	10.157719
456	456	0	0	0	4	0	11.123302	12.019739	0	0	1160.000000	6.988902	10.157719
457	457	0	0	0	4	0	11.203727	12.116765	0	0	1151.000000	4.492866	10.157719
458	458	0	0	0	4	0	11.241051	12.233674	0	0	1139.000000	1.996829	10.157719
459	459	0	0	0	4	0	10.015981	12.515536	0	0	1137.000000	-0.499207	10.157719
460	460	0	0	0	4	0	3.151072	10.714758	0	0	1135.000000	-2.995244	10.157719
461	461	0	0	0	4	0	-0.122349	10.065169	0	0	1145.000000	-5.491280	10.157719
462	462	0	0	0	4	0	-3.290884	11.407457	0	0	1110.000000	-7.987316	10.157719
463	463	0	0	0	4	0	-4.140751	11.510648	0	0	1122.000000	-9.984145	10.157719
464	464	0	0	0	4	0	-5.766726	10.873130	0	0	1154.000000	-9.984145	10.157719
465	465	0	0	0	4	0	-9.688644	11.513514	0	0	1124.000000	-9.984145	10.157719
466	466	0	0	0	4	0	-10.250216	11.602308	0	0	1120.000000	-9.984145	10.157719
467	467	0	0	0	4	0	-10.351321	11.416060	0	0	1116.000000	-9.984145	10.157719
468	468	0	0	0	4	0	-10.397518	11.209469	0	0	1107.000000	-9.984145	10.157719
469	469	0	0	0	4	0	-10.400407	11.358704	0	0	1080.000000	-9.984145	10.157719
470	470	0	0	0	4	0	-10.368647	11.605172	0	0	1046.000000	-9.984145	10.157719
471	471	0	0	0	4	0	-10.276219	11.175008	0	0	1061.000000	-9.984145	10.157719
472	472	0	0	0	4	0	-10.276219	11.097442	0	0	1056.000000	-9.984145	10.157719
473	473	0	0	0	4	0	-10.250216	11.289845	0	0	1045.000000	-9.984145	10.157719
474	474	0	0	0	4	0	-10.279109	11.519243	0	0	1026.000000	-9.984145	10.157719
475	475	0	0	0	4	0	-10.154828	11.255404	0	0	1042.000000	-9.984145	10.157719
476	476	0	0	0	4	0	-10.186629	11.154902	0	0	1044.000000	-9.984145	10.157719
477	477	0	0	0	4	0	-10.241547	11.301324	0	0	1036.000000	-9.984145	10.157719
478	478	0	0	0	4	0	-10.264663	11.536433	0	0	1025.000000	-9.984145	10.157719
479	479	0	0	0	4	0	-10.227097	11.350098	0	0	1050.000000	-9.984145	10.157719
480	480	0	0	0	4	0	-10.244436	11.220954	0	0	1064.000000	-9.984145	10.157719
481	481	0	0	0	4	0	-10.299333	11.401724	0	0	1074.000000	-9.984145	10.157719
482	482	0	0	0	4	0	-10.348432	11.585126	0	0	1087.000000	-9.984145	10.157719
483	483	0	0	0	4	0	-10.227097	11.298454	0	0	1118.000000	-9.631349	9.798789
484	484	0	0	0	4	0	-10.307998	11.241051	0	0	1147.000000	-7.867365	8.004139
485	485	0	0	0	4	0	-10.247324	11.232438	0	0	1166.000000	-6.103382	6.209489
486	486	0	0	0	4	0	-10.276219	11.504916	0	0	1169.000000	-4.339399	4.414839
487	487	0	0	0	4	0	-5.840567	8.352655	0	0	1236.000000	-2.575416	2.620189
488	488	0	0	0	4	0	-1.932998	1.900210	0	0	1318.000000	-0.811432	0.825539
489	489	0	0	0	4	0	-1.327711	1.118916	0	0	1350.000000	0.952551	-0.969111
490	490	0	0	0	4	0	-0.283492	0.390918	0	0	1379.000000	2.716534	-2.763761
491	491	0	0	0	4	0	0.569955	-0.516244	0	0	1393.000000	4.480517	-4.558411
492	492	0	0	0	4	0	4.484955	-6.020657	0	0	1446.000000	6.244501	-6.353061
493	493	0	0	0	4	0	4.997683	-6.427627	0	0	1451.000000	8.008484	-8.147711
494	494	0	0	0	4	0	5.506653	-6.639704	0	0	1436.000000	9.772468	-9.942361
495	495	0	0	0	4	0	9.624842	-9.630642	0	0	1416.000000	9.984145	-10.157719
496	496	0	0	0	4	0	9.845152	-9.914662	0	0	1404.000000	9.984145	-10.157719
497	497	0	0	0	4	0	10.105666	-10.053597	0	0	1384.000000	9.984145	-10.157719
498	498	0	0	0	4	0	10.053596	-9.995723	0	0	1386.000000	9.984145	-10.157719
499	499	0	0	0	4	0	10.059383	-9.998616	0	0	1376.000000	9.984145	-10.157719
500	500	0	0	0	4	0	10.013087	-10.030449	0	0	1373.000000	9.984145	-10.157719
501	501	0	0	0	4	0	10.105666	-10.117234	0	0	1373.000000	9.984145	-10.157719
502	502	0	0	0	4	0	10.027556	-10.010193	0	0	1379.000000	9.984145	-10.157719
503	503	0	0	0	4	0	10.042024	-10.053597	0	0	1375.000000	9.984145	-10.157719
504	504	0	0	0	4	0	9.955198	-10.053597	0	0	1370.000000	9.984145	-10.157719
505	505	0	0	0	4	0	10.036237	-10.134587	0	0	1372.000000	9.984145	-10.157719
506	506	0	0	0	4	0	9.946512	-10.030449	0	0	1370.000000	9.984145	-10.157719
507	507	0	0	0	4	0	10.010192	-10.079633	0	0	1362.000000	9.984145	-10.157719
508	508	0	0	0	4	0	9.900185	-10.123019	0	0	1362.000000	9.984145	-10.157719
509	509	0	0	0	4	0	10.018874	-10.166392	0	0	1353.000000	9.984145	-10.157719
510	510	0	0	0	4	0	10.010192	-10.065169	0	0	1351.000000	9.984145	-10.157719
511	511	0	0	0	4	0	9.984144	-10.070955	0	0	1353.000000	9.984145	-10.157719
512	512	0	0	0	4	0	9.885704	-10.146152	0	0	1354.000000	9.984145	-10.157719
513	513	0	0	0	4	0	9.989934	-10.203973	0	0	1342.000000	9.984145	-10.157719
514	514	0	0	0	4	0	9.955198	-10.082527	0	0	1352.000000	9.984145	-10.157719
515	515	0	0	0	4	0	9.885704	-10.004404	0	0	1353.000000	8.329522	-8.474330
516	516	0	0	0	4	0	9.850945	-10.039131	0	0	1348.000000	6.449269	-6.561389
517	517	0	0	0	4	0	9.905976	-10.137478	0	0	1332.000000	4.569016	-4.648448
518	518	0	0	0	4	0	9.810385	-9.972566	0	0	1331.000000	2.688762	-2.735506
519	519	0	0	0	4	0	3.507961	-3.689276	0	0	1305.000000	0.808509	-0.822565
520	520	0	0	0	4	0	2.031358	-1.005557	0	0	1297.000000	-1.071744	1.090377
521	521	0	0	0	4	0	1.145763	-0.244700	0	0	1301.000000	-2.951998	3.003318
522	522	0	0	0	4	0	-1.757117	1.867420	0	0	1290.000000	-4.832251	4.916259
523	523	0	0	0	4	0	-4.155595	6.521905	0	0	1246.000000	-6.712504	6.829201
524	524	0	0	0	4	0	-5.172365	7.533062	0	0	1232.000000	-8.592758	8.742142
525	525	0	0	0	4	0	-5.852378	8.013508	0	0	1225.000000	-9.984145	10.157719
526	526	0	0	0	4	0	-9.180454	11.450463	0	0	1136.000000	-9.984145	10.157719
527	527	0	0	0	4	0	-9.677047	10.729162	0	0	1128.000000	-9.984145	10.157719
528	528	0	0	0	4	0	-9.755322	10.579290	0	0	1124.000000	-9.984145	10.157719
529	529	0	0	0	4	0	-9.813282	10.726281	0	0	1096.000000	-9.984145	10.157719
530	530	0	0	0	4	0	-9.827769	11.028459	0	0	1075.000000	-9.984145	10.157719
531	531	0	0	0	4	0	-10.201083	11.071577	0	0	1074.000000	-9.984145	10.157719
532	532	0	0	0	4	0	-10.160610	10.924925	0	0	1083.000000	-9.984145	10.157719
533	533	0	0	0	4	0	-10.198193	11.120429	0	0	1083.000000	-9.984145	10.157719
534	534	0	0	0	4	0	-10.212646	11.384517	0	0	1075.000000	-9.984145	10.157719
535	535	0	0	0	4	0	-10.102774	11.212340	0	0	1088.000000	-9.984145	10.157719
536	536	0	0	0	4	0	-10.111451	11.134794	0	0	1105.000000	-9.984145	10.157719
537	537	0	0	0	4	0	-10.177958	11.252534	0	0	1100.000000	-9.984145	10.157719
538	538	0	0	0	4	0	-10.201083	11.608034	0	0	1096.000000	-9.984145	10.157719
539	539	0	0	0	4	0	-10.079633	11.358704	0	0	1108.000000	-9.984145	10.157719
540	540	0	0	0	4	0	-10.001510	11.094568	0	0	1128.000000	-9.984145	10.157719
541	541	0	0	0	4	0	-10.044917	11.278366	0	0	1136.000000	-9.984145	10.157719
542	542	0	0	0	4	0	-10.047811	11.556485	0	0	1128.000000	-9.984145	10.157719
543	543	0	0	0	4	0	-9.969672	11.395988	0	0	1151.000000	-9.984145	10.157719
544	544	0	0	0	4	0	-9.955198	10.999706	0	0	1171.000000	-9.984145	10.157719
545	545	0	0	0	4	0	-10.039131	11.169264	0	0	1174.000000	9.984145	-10.157719
546	546	0	0	0	4	0	-10.024664	11.338623	0	0	1168.000000	9.984145	-10.157719
547	547	0	0	0	4	0	-9.937828	11.117557	0	0	1179.000000	9.984145	-10.157719
548	548	0	0	0	4	0	-9.821976	11.042833	0	0	1187.000000	9.984145	-10.157719
549	549	0	0	0	4	0	4.799203	-4.084344	0	0	1313.000000	9.984145	-10.157719
550	550	0	0	0	4	0	9.346143	-8.262077	0	0	1335.000000	9.984145	-10.157719
551	551	0	0	0	4	0	9.372290	-8.165610	0	0	1334.000000	9.984145	-10.157719
552	552	0	0	0	4	0	9.308368	-8.244542	0	0	1345.000000	9.984145	-10.157719
553	553	0	0	0	4	0	9.378100	-8.282535	0	0	1350.000000	9.984145	-10.157719
554	554	0	0	0	4	0	9.357764	-8.250388	0	0	1360.000000	9.984145	-10.157719
555	555	0	0	0	4	0	9.389719	-8.235774	0	0	1359.000000	9.984145	-10.157719
556	556	0	0	0	4	0	10.270441	-9.934932	0	0	1366.000000	9.984145	-10.157719
557	557	0	0	0	4	0	10.348433	-10.050704	0	0	1358.000000	9.984145	-10.157719
558	558	0	0	0	4	0	10.339770	-9.963881	0	0	1357.000000	9.984145	-10.157719
559	559	0	0	0	4	0	10.302220	-9.929141	0	0	1344.000000	9.984145	-10.157719
560	560	0	0	0	4	0	10.227096	-10.027556	0	0	1337.000000	9.984145	-10.157719
561	561	0	0	0	4	0	10.267551	-10.096990	0	0	1319.000000	9.984145	-10.157719
562	562	0	0	0	4	0	10.232876	-10.013087	0	0	1320.000000	9.984145	-10.157719
563	563	0	0	0	4	0	10.267551	-10.010193	0	0	1314.000000	9.984145	-10.157719
564	564	0	0	0	4	0	10.287776	-10.027556	0	0	1310.000000	9.984145	-10.157719
565	565	0	0	0	4	0	10.365760	-10.114343	0	0	1310.000000	-9.984145	10.157719
566	566	0	0	0	4	0	10.296444	-10.036237	0	0	1318.000000	-9.984145	10.157719
567	567	0	0	0	4	0	10.307998	-10.018875	0	0	1325.000000	-9.984145	10.157719
568	568	0	0	0	4	0	10.154827	-10.042024	0	0	1336.000000	-9.984145	10.157719
569	569	0	0	0	4	0	4.413767	-3.775451	0	0	1353.000000	-9.984145	10.157719
570	570	0	0	0	4	0	-8.586209	11.496320	0	0	1208.000000	-9.984145	10.157719
571	571	0	0	0	4	0	-8.801991	10.264663	0	0	1214.000000	-9.984145	10.157719
572	572	0	0	0	4	0	-8.874833	10.015981	0	0	1229.000000	-9.984145	10.157719
573	573	0	0	0	4	0	-9.978354	10.544683	0	0	1221.000000	-9.984145	10.157719
574	574	0	0	0	4	0	-10.102774	10.835711	0	0	1200.000000	-9.984145	10.157719
575	575	0	0	0	4	0	-10.001510	10.660009	0	0	1192.000000	-9.984145	10.157719
576	576	0	0	0	4	0	-10.018875	10.507185	0	0	1178.000000	-9.984145	10.157719
577	577	0	0	0	4	0	-10.047811	10.579290	0	0	1164.000000	-9.984145	10.157719
578	578	0	0	0	4	0	-10.047811	10.876008	0	0	1127.000000	-9.984145	10.157719
579	579	0	0	0	4	0	-9.955198	10.703234	0	0	1114.000000	-9.984145	10.157719
580	580	0	0	0	4	0	-9.966779	10.515840	0	0	1111.000000	-9.984145	10.157719
581	581	0	0	0	4	0	-10.010193	10.749326	0	0	1080.000000	-9.984145	10.157719
582	582	0	0	0	4	0	-10.010193	10.858740	0	0	1061.000000	-9.984145	10.157719
583	583	0	0	0	4	0	-10.030449	10.760847	0	0	1061.000000	-9.984145	10.157719
584	584	0	0	0	4	0	-9.978354	10.602357	0	0	1058.000000	-9.984145	10.157719
585	585	0	0	0	4	0	-10.021769	10.662891	0	0	1050.000000	-9.984145	-10.157719
586	586	0	0	0	4	0	-10.068063	11.016959	0	0	1034.000000	-9.984145	-10.157719
587	587	0	0	0	4	0	-9.984144	10.752207	0	0	1045.000000	-9.984145	-10.157719
588	588	0	0	0	4	0	-9.926246	10.582174	0	0	1052.000000	-9.984145	-10.157719
589	589	0	0	0	4	0	-10.432158	-2.996341	0	0	1129.000000	-9.984145	-10.157719
590	590	0	0	0	4	0	-10.896152	-8.909788	0	0	1147.000000	-9.984145	-10.157719
591	591	0	0	0	4	0	-10.919170	-8.901050	0	0	1171.000000	-9.984145	-10.157719
592	592	0	0	0	4	0	-10.901907	-8.956382	0	0	1198.000000	-9.984145	-10.157719
593	593	0	0	0	4	0	-10.232875	-9.694445	0	0	1231.000000	-9.984145	-10.157719
594	594	0	0	0	4	0	-10.137478	-9.656746	0	0	1253.000000	-9.984145	-10.157719
595	595	0	0	0	4	0	-10.050704	-9.624841	0	0	1274.000000	-9.984145	-10.157719
596	596	0	0	0	4	0	-10.024664	-9.604535	0	0	1302.000000	-9.984145	-10.157719
597	597	0	0	0	4	0	-10.082527	-9.697343	0	0	1310.000000	-9.984145	-10.157719
598	598	0	0	0	4	0	-10.036237	-9.639343	0	0	1319.000000	-9.984145	-10.157719
599	599	0	0	0	4	0	-10.082527	-9.613237	0	0	1313.000000	-9.984145	-10.157719
600	600	0	0	0	4	0	-10.053597	-9.648046	0	0	1324.000000	-9.984145	-10.157719
601	601	0	0	0	4	0	-10.149045	-9.772714	0	0	1308.000000	-9.984145	-10.157719
602	602	0	0	0	4	0	-10.163502	-9.723436	0	0	1311.000000	-9.984145	-10.157719
603	603	0	0	0	4	0	-10.131694	-9.653846	0	0	1305.000000	-9.984145	-10.157719
604	604	0	0	0	4	0	-10.102774	-9.671247	0	0	1294.000000	-9.984145	-10.157719
605	605	0	0	0	4	0	-10.166392	-9.813282	0	0	1292.000000	9.984145	-10.157719
606	606	0	0	0	4	0	-10.186629	-9.717639	0	0	1298.000000	9.984145	-10.157719
607	607	0	0	0	4	0	-10.117234	-9.665446	0	0	1302.000000	9.984145	-10.157719
608	608	0	0	0	4	0	-10.117234	-9.633543	0	0	1309.000000	9.984145	-10.157719
609	609	0	0	0	4	0	-10.082527	-9.764019	0	0	1327.000000	9.984145	-10.157719
610	610	0	0	0	4	0	-10.056491	-9.691545	0	0	1334.000000	9.984145	-10.157719
611	611	0	0	0	4	0	-9.668346	-9.737932	0	0	1352.000000	9.984145	-10.157719
612	612	0	0	0	4	0	9.540698	-10.336882	0	0	1375.000000	9.984145	-10.157719
613	613	0	0	0	4	0	10.611006	-10.351321	0	0	1378.000000	9.984145	-10.157719
614	614	0	0	0	4	0	10.734923	-10.224206	0	0	1391.000000	9.984145	-10.157719
615	615	0	0	0	4	0	10.855862	-10.192412	0	0	1402.000000	9.984145	-10.157719
616	616	0	0	0	4	0	10.021769	-10.082527	0	0	1411.000000	9.984145	-10.157719
617	617	0	0	0	4	0	10.102775	-10.166392	0	0	1415.000000	9.984145	-10.157719
618	618	0	0	0	4	0	10.024663	-10.091205	0	0	1419.000000	9.984145	-10.157719
619	619	0	0	0	4	0	10.088312	-10.096990	0	0	1396.000000	9.984145	-10.157719
620	620	0	0	0	4	0	10.085419	-10.114343	0	0	1382.000000	9.984145	-10.157719
621	621	0	0	0	4	0	10.149045	-10.273331	0	0	1348.000000	9.984145	-10.157719
622	622	0	0	0	4	0	10.169283	-10.177958	0	0	1336.000000	9.984145	-10.157719
623	623	0	0	0	4	0	10.195302	-10.160610	0	0	1298.000000	9.984145	-10.157719
624	624	0	0	0	4	0	10.117235	-10.192412	0	0	1292.000000	9.984145	-10.157719
625	625	0	0	0	4	0	10.215536	-10.348432	0	0	1271.000000	9.984145	10.157719
626	626	0	0	0	4	0	10.065169	-10.235766	0	0	1261.000000	9.984145	10.157719
627	627	0	0	0	4	0	10.099881	-10.238656	0	0	1256.000000	9.984145	10.157719
628	628	0	0	0	4	0	10.021769	-10.279109	0	0	1250.000000	9.984145	10.157719
629	629	0	0	0	4	0	9.165913	-2.239959	0	0	1228.000000	9.984145	10.157719
630	630	0	0	0	4	0	11.060081	11.871211	0	0	1155.000000	9.984145	10.157719
631	631	0	0	0	4	0	10.795405	11.545028	0	0	1150.000000	9.984145	10.157719
632	632	0	0	0	4	0	10.749326	11.433263	0	0	1162.000000	9.984145	10.157719
633	633	0	0	0	4	0	10.970948	11.622351	0	0	1158.000000	9.984145	10.157719
634	634	0	0	0	4	0	11.802605	11.774009	0	0	1145.000000	9.984145	10.157719
635	635	0	0	0	4	0	11.782589	11.916930	0	0	1130.000000	9.984145	10.157719
636	636	0	0	0	4	0	11.713938	11.673876	0	0	1127.000000	9.984145	10.157719
637	637	0	0	0	4	0	11.891214	11.802605	0	0	1113.000000	9.984145	10.157719
638	638	0	0	0	4	0	11.902643	11.876927	0	0	1107.000000	9.984145	10.157719
639	639	0	0	0	4	0	11.834053	11.931213	0	0	1104.000000	9.984145	10.157719
640	640	0	0	0	4	0	11.794027	11.774009	0	0	1118.000000	9.984145	10.157719
641	641	0	0	0	4	0	11.922644	11.839771	0	0	1111.000000	9.984145	10.157719
642	642	0	0	0	4	0	11.954064	11.934070	0	0	1105.000000	9.984145	10.157719
643	643	0	0	0	4	0	11.854063	11.954064	0	0	1097.000000	9.984145	10.157719
644	644	0	0	0	4	0	11.782589	11.731104	0	0	1106.000000	9.984145	10.157719
645	645	0	0	0	4	0	11.939783	11.874069	0	0	1106.000000	-9.984145	10.157719
646	646	0	0	0	4	0	11.948351	11.939783	0	0	1097.000000	-9.984145	10.157719
647	647	0	0	0	4	0	11.856920	11.982622	0	0	1102.000000	-9.984145	10.157719
648	648	0	0	0	4	0	11.725383	11.762569	0	0	1117.000000	-9.984145	10.157719
649	649	0	0	0	4	0	2.034339	10.096990	0	0	1136.000000	-9.984145	10.157719
650	650	0	0	0	4	0	-8.845699	11.596581	0	0	1101.000000	-9.984145	10.157719
651	651	0	0	0	4	0	-9.069908	11.309933	0	0	1135.000000	-9.984145	10.157719
652	652	0	0	0	4	0	-9.171729	11.100315	0	0	1158.000000	-9.984145	10.157719
653	653	0	0	0	4	0	-9.610336	11.200854	0	0	1164.000000	-9.984145	10.157719
654	654	0	0	0	4	0	-10.166392	11.398856	0	0	1153.000000	-9.984145	10.157719
655	655	0	0	0	4	0	-10.070955	11.094568	0	0	1169.000000	-9.984145	10.157719
656	656	0	0	0	4	0	-10.079633	10.962320	0	0	1190.000000	-9.984145	10.157719
657	657	0	0	0	4	0	-10.157718	11.014084	0	0	1184.000000	-9.984145	10.157719
658	658	0	0	0	4	0	-10.143261	11.350098	0	0	1176.000000	-9.984145	10.157719
659	659	0	0	0	4	0	-10.117234	11.111809	0	0	1186.000000	-9.984145	10.157719
660	660	0	0	0	4	0	-10.111451	11.028459	0	0	1193.000000	-9.984145	10.157719
661	661	0	0	0	4	0	-10.117234	11.094568	0	0	1202.000000	-9.984145	10.157719
662	662	0	0	0	4	0	-10.166392	11.370176	0	0	1190.000000	-9.984145	10.157719
663	663	0	0	0	4	0	-10.102774	11.292715	0	0	1203.000000	-9.984145	10.157719
664	664	0	0	0	4	0	-10.036237	11.100315	0	0	1222.000000	-9.984145	10.157719
665	665	0	0	0	4	0	-10.117234	11.197984	0	0	1227.000000	0.000000	0.000000
666	666	0	0	0	4	0	-10.166392	11.298454	0	0	1220.000000	0.000000	0.000000
667	667	0	0	0	4	0	-10.140371	11.298454	0	0	1222.000000	0.000000	0.000000
668	668	0	0	0	4	0	-10.085419	11.338623	0	0	1232.000000	0.000000	0.000000
669	669	0	0	0	4	0	-0.152191	0.050731	0	0	1332.000000	0.000000	0.000000
670	670	0	0	0	4	0	0.017905	-0.307365	0	0	1323.000000	0.000000	0.000000
671	671	0	0	0	4	0	0.122350	-0.092509	0	0	1312.000000	0.000000	0.000000
672	672	0	0	0	4	0	0.089525	-0.116382	0	0	1319.000000	0.000000	0.000000
673	673	0	0	0	4	0	0.155176	-1.151729	0	0	1334.000000	0.000000	0.000000
674	674	0	0	0	4	0	-90.000000	-90.000000	0	4	0.000000	0.000000	0.000000
675	675	0	0	0	4	0	-90.000000	-90.000000	0	4	0.000000	0.000000	0.000000
676	676	0	0	0	4	0	-90.000000	-90.000000	0	4	0.000000	0.000000	0.000000
677	677	0	0	0	4	0	-90.000000	-90.000000	0	4	0.000000	0.000000	0.000000
678	678	0	0	0	4	0	2.004534	2.418712	0	0	1217.000000	0.000000	0.000000
679	679	0	0	0	4	0	1.488758	1.682579	0	0	1199.000000	0.000000	0.000000
680	680	0	0	0	4	0	0.841472	1.426131	0	0	1182.000000	0.000000	0.000000
681	681	0	0	0	4	0	0.916058	1.336659	0	0	1192.000000	0.000000	0.000000
682	682	0	0	0	4	0	0.960808	1.393326	0	0	1200.000000	0.000000	0.000000
683	683	0	0	0	4	0	0.862356	1.399290	0	0	1191.000000	0.000000	0.000000
684	684	0	0	0	4	0	0.778817	1.381396	0	0	1194.000000	0.000000	0.000000
685	685	0	0	0	4	0	0.740029	1.274025	0	0	1193.000000	0.000000	0.000000
686	686	0	0	0	4	0	0.617697	1.226301	0	0	1182.000000	0.000000	0.000000
687	687	0	0	0	4	0	0.641567	1.226301	0	0	1163.000000	0.000000	0.000000
688	688	0	0	0	4	0	0.638583	1.285955	0	0	1144.000000	0.000000	0.000000
689	689	0	0	0	4	0	0.656485	1.181558	0	0	1147.000000	0.000000	0.000000
690	690	0	0	0	4	0	0.662453	1.130848	0	0	1144.000000	0.000000	0.000000
691	691	0	0	0	4	0	0.713176	1.202438	0	0	1124.000000	0.000000	0.000000
692	692	0	0	0	4	0	0.659469	1.187523	0	0	1116.000000	0.000000	0.000000
693	693	0	0	0	4	0	0.766882	1.115933	0	0	1115.000000	0.000000	0.000000
694	694	0	0	0	4	0	0.743013	1.053288	0	0	1103.000000	0.000000	0.000000
695	695	0	0	0	4	0	0.734062	1.080137	0	0	1094.000000	0.000000	0.000000
696	696	0	0	0	4	0	0.677372	0.993624	0	0	1094.000000	0.000000	0.000000
697	697	0	0	0	4	0	0.656485	0.913074	0	0	1110.000000	0.000000	0.000000
698	698	0	0	0	4	0	0.740029	0.823570	0	0	1125.000000	0.000000	0.000000
699	699	0	0	0	4	0	0.748980	0.868323	0	0	1120.000000	0.000000	0.000000
700	700	0	0	0	4	0	0.647534	0.719144	0	0	1145.000000	0.000000	0.000000
701	701	0	0	0	4	0	0.626648	0.659469	0	0	1176.000000	0.000000	0.000000
702	702	0	0	0	4	0	0.698258	0.683339	0	0	1179.000000	0.000000	0.000000
703	703	0	0	0	4	0	0.686323	0.632616	0	0	1188.000000	0.000000	0.000000
704	704	0	0	0	4	0	0.707209	0.575922	0	0	1201.000000	0.000000	0.000000
