Version	1.08	gmtime	1441364364
index	timestamp	eyeroihoriz	eyeroivert	eyeroizoomx	eyeroizoomy	blendmode	blendfactor	onlinecalib	eye_valid	eye_x	eye_y	eye_w	eye_h	eye_a	field_x	field_y	displaymode	displayeyedetection	event
4257	76879504	0	0	0	0	1	128	0	1	422	360	29	33	957	0	0	0	1	
4258	76879537	0	0	0	0	1	128	0	1	422	360	29	33	963	0	0	0	1	
4259	76879570	0	0	0	0	1	128	0	1	422	360	29	33	952	0	0	0	1	
4260	76879604	0	0	0	0	1	128	0	1	422	360	29	33	954	0	0	0	1	
4261	76879637	0	0	0	0	1	128	0	1	422	360	29	33	956	0	0	0	1	
4262	76879670	0	0	0	0	1	128	0	1	422	360	29	33	957	0	0	0	1	
4263	76879704	0	0	0	0	1	128	0	1	422	358	30	35	1022	0	0	0	1	
4264	76879737	0	0	0	0	1	128	0	1	422	358	29	34	1000	0	0	0	1	
4265	76879770	0	0	0	0	1	128	0	1	422	360	29	33	930	0	0	0	1	
4266	76879804	0	0	0	0	1	128	0	1	422	360	29	33	942	0	0	0	1	
4267	76879837	0	0	0	0	1	128	0	1	422	360	29	33	937	0	0	0	1	
4268	76879871	0	0	0	0	1	128	0	1	422	360	29	33	935	0	0	0	1	
4269	76879904	0	0	0	0	1	128	0	1	426	358	29	33	937	0	0	0	1	
4270	76879937	0	0	0	0	1	128	0	1	426	358	29	32	945	0	0	0	1	
4271	76879971	0	0	0	0	1	128	0	1	426	358	29	33	942	0	0	0	1	
4272	76880004	0	0	0	0	1	128	0	1	426	358	29	33	971	0	0	0	1	
4273	76880037	0	0	0	0	1	128	0	1	426	358	29	33	954	0	0	0	1	
4274	76880071	0	0	0	0	1	128	0	1	426	358	29	33	963	0	0	0	1	
4275	76880104	0	0	0	0	1	128	0	1	426	358	29	33	958	0	0	0	1	
4276	76880137	0	0	0	0	1	128	0	1	424	356	30	36	1068	0	0	0	1	
4277	76880171	0	0	0	0	1	128	0	1	424	360	29	33	952	0	0	0	1	
4278	76880204	0	0	0	0	1	128	0	1	418	362	30	33	1015	0	0	0	1	
4279	76880238	0	0	0	0	1	128	0	1	418	362	30	33	992	0	0	0	1	
4280	76880271	0	0	0	0	1	128	0	1	418	362	30	33	986	0	0	0	1	
4281	76880304	0	0	0	0	1	128	0	1	418	362	30	33	996	0	0	0	1	
4282	76880338	0	0	0	0	1	128	0	1	418	362	30	33	987	0	0	0	1	
4283	76880371	0	0	0	0	1	128	0	1	418	362	30	33	985	0	0	0	1	
4284	76880404	0	0	0	0	1	128	0	1	420	362	29	33	971	0	0	0	1	
4285	76880438	0	0	0	0	1	128	0	1	420	362	30	33	981	0	0	0	1	
4286	76880471	0	0	0	0	1	128	0	1	420	362	31	33	1013	0	0	0	1	
4287	76880505	0	0	0	0	1	128	0	1	424	370	30	35	1058	0	0	0	1	
4288	76880538	0	0	0	0	1	128	0	1	426	374	30	33	998	0	0	0	1	
4289	76880571	0	0	0	0	1	128	0	1	426	374	30	33	995	0	0	0	1	
4290	76880605	0	0	0	0	1	128	0	1	426	374	30	33	1002	0	0	0	1	
4291	76880638	0	0	0	0	1	128	0	1	426	374	30	34	1018	0	0	0	1	
4292	76880671	0	0	0	0	1	128	0	1	426	374	30	34	1019	0	0	0	1	
4293	76880705	0	0	0	0	1	128	0	1	426	374	30	34	1022	0	0	0	1	
4294	76880738	0	0	0	0	1	128	0	1	426	374	30	34	1016	0	0	0	1	
4295	76880772	0	0	0	0	1	128	0	1	426	370	30	35	1044	0	0	0	1	
4296	76880805	0	0	0	0	1	128	0	1	424	356	31	37	1117	0	0	0	1	
4297	76880838	0	0	0	0	1	128	0	1	424	358	30	34	1008	0	0	0	1	
4298	76880872	0	0	0	0	1	128	0	1	424	358	30	34	1011	0	0	0	1	
4299	76880905	0	0	0	0	1	128	0	1	424	358	30	34	1026	0	0	0	1	
4300	76880938	0	0	0	0	1	128	0	1	424	358	30	34	1037	0	0	0	1	
4301	76880972	0	0	0	0	1	128	0	1	424	358	31	34	1042	0	0	0	1	
4302	76881005	0	0	0	0	1	128	0	1	424	358	31	34	1064	0	0	0	1	
4303	76881038	0	0	0	0	1	128	0	1	424	358	31	34	1063	0	0	0	1	
4304	76881072	0	0	0	0	1	128	0	1	424	358	30	34	1041	0	0	0	1	
4305	76881105	0	0	0	0	1	128	0	1	418	362	31	34	1079	0	0	0	1	
4306	76881139	0	0	0	0	1	128	0	1	420	362	31	35	1081	0	0	0	1	
4307	76881172	0	0	0	0	1	128	0	1	420	362	32	35	1096	0	0	0	1	
4308	76881205	0	0	0	0	1	128	0	1	420	362	31	35	1080	0	0	0	1	
4309	76881239	0	0	0	0	1	128	0	1	418	362	31	35	1085	0	0	0	1	
4310	76881272	0	0	0	0	1	128	0	1	418	362	32	35	1106	0	0	0	1	
4311	76881305	0	0	0	0	1	128	0	1	418	362	32	34	1083	0	0	0	1	
4312	76881339	0	0	0	0	1	128	0	1	420	362	31	34	1069	0	0	0	1	
4313	76881372	0	0	0	0	1	128	0	1	418	362	32	34	1082	0	0	0	1	
4314	76881405	0	0	0	0	1	128	0	1	420	362	31	34	1056	0	0	0	1	
4315	76881439	0	0	0	0	1	128	0	1	424	358	31	34	1056	0	0	0	1	
4316	76881472	0	0	0	0	1	128	0	1	428	354	31	34	1055	0	0	0	1	
4317	76881506	0	0	0	0	1	128	0	1	428	354	30	34	1043	0	0	0	1	
4318	76881539	0	0	0	0	1	128	0	1	428	354	31	34	1046	0	0	0	1	
4319	76881572	0	0	0	0	1	128	0	1	428	354	31	34	1042	0	0	0	1	
4320	76881606	0	0	0	0	1	128	0	1	430	356	31	34	1033	0	0	0	1	
4321	76881639	0	0	0	0	1	128	0	1	440	368	29	34	982	0	0	0	1	
4322	76881672	0	0	0	0	1	128	0	1	440	368	29	34	982	0	0	0	1	
4323	76881706	0	0	0	0	1	128	0	1	440	368	29	34	977	0	0	0	1	
4324	76881739	0	0	0	0	1	128	0	1	440	368	29	34	974	0	0	0	1	
4325	76881773	0	0	0	0	1	128	0	1	440	368	29	34	976	0	0	0	1	
4326	76881806	0	0	0	0	1	128	0	1	440	368	29	33	962	0	0	0	1	
4327	76881839	0	0	0	0	1	128	0	1	440	368	29	34	972	0	0	0	1	
4328	76881873	0	0	0	0	1	128	0	1	440	368	29	33	958	0	0	0	1	
4329	76881906	0	0	0	0	1	128	0	1	424	362	30	33	980	0	0	0	1	
4330	76881939	0	0	0	0	1	128	0	1	422	358	30	33	999	0	0	0	1	
4331	76881973	0	0	0	0	1	128	0	1	420	358	29	33	985	0	0	0	1	
4332	76882006	0	0	0	0	1	128	0	1	420	358	30	33	988	0	0	0	1	
4333	76882040	0	0	0	0	1	128	0	1	420	358	30	34	997	0	0	0	1	
4334	76882073	0	0	0	0	1	128	0	1	420	358	30	34	1013	0	0	0	1	
4335	76882106	0	0	0	0	1	128	0	1	420	358	31	34	1031	0	0	0	1	
4336	76882140	0	0	0	0	1	128	0	1	422	358	30	34	1027	0	0	0	1	
4337	76882173	0	0	0	0	1	128	0	1	422	358	31	34	1034	0	0	0	1	
4338	76882206	0	0	0	0	1	128	0	1	420	358	31	34	1043	0	0	0	1	
4339	76882240	0	0	0	0	1	128	0	1	420	358	31	34	1044	0	0	0	1	
4340	76882273	0	0	0	0	1	128	0	1	420	358	31	34	1050	0	0	0	1	
4341	76882306	0	0	0	0	1	128	0	1	420	356	31	34	1059	0	0	0	1	
4342	76882340	0	0	0	0	1	128	0	1	420	356	31	34	1053	0	0	0	1	
4343	76882373	0	0	0	0	1	128	0	1	420	356	31	34	1050	0	0	0	1	
4344	76882406	0	0	0	0	1	128	0	1	420	358	30	34	1030	0	0	0	1	
4345	76882440	0	0	0	0	1	128	0	1	412	388	31	33	1019	0	0	0	1	
4346	76882473	0	0	0	0	1	128	0	1	410	404	30	33	981	0	0	0	1	
4347	76882507	0	0	0	0	1	128	0	1	410	406	30	33	998	0	0	0	1	
4348	76882540	0	0	0	0	1	128	0	1	410	406	30	33	995	0	0	0	1	
4349	76882573	0	0	0	0	1	128	0	1	410	406	30	33	987	0	0	0	1	
4350	76882607	0	0	0	0	1	128	0	1	410	406	30	33	992	0	0	0	1	
4351	76882640	0	0	0	0	1	128	0	1	412	408	28	33	905	0	0	0	1	
4352	76882673	0	0	0	0	1	128	0	1	408	410	26	32	828	0	0	0	1	
4353	76882707	0	0	0	0	1	128	0	1	406	406	31	34	1036	0	0	0	1	
4354	76882740	0	0	0	0	1	128	0	1	408	410	26	32	815	0	0	0	1	
4355	76882774	0	0	0	0	1	128	0	1	406	406	30	33	1004	0	0	0	1	
4356	76882807	0	0	0	0	1	128	0	1	406	408	30	32	965	0	0	0	1	
4357	76882840	0	0	0	0	1	128	0	1	408	410	26	32	833	0	0	0	1	
4358	76882874	0	0	0	0	1	128	0	1	406	406	30	34	990	0	0	0	1	
4359	76882907	0	0	0	0	1	128	0	1	406	406	29	33	977	0	0	0	1	
4360	76882940	0	0	0	0	1	128	0	1	406	406	30	33	1017	0	0	0	1	
4361	76882974	0	0	0	0	1	128	0	1	406	406	30	33	984	0	0	0	1	
4362	76883007	0	0	0	0	1	128	0	1	408	408	28	33	919	0	0	0	1	
4363	76883041	0	0	0	0	1	128	0	1	408	406	29	34	1002	0	0	0	1	
4364	76883074	0	0	0	0	1	128	0	0	0	0	0	0	0	0	0	0	1	
4365	76883107	0	0	0	0	1	128	0	1	456	372	26	34	885	0	0	0	1	
4366	76883141	0	0	0	0	1	128	0	1	458	372	26	34	879	0	0	0	1	
4367	76883174	0	0	0	0	1	128	0	1	458	372	27	34	893	0	0	0	1	
4368	76883207	0	0	0	0	1	128	0	1	458	372	27	34	907	0	0	0	1	
4369	76883241	0	0	0	0	1	128	0	1	458	370	27	34	904	0	0	0	1	
4370	76883274	0	0	0	0	1	128	0	1	458	370	27	34	912	0	0	0	1	
4371	76883307	0	0	0	0	1	128	0	1	460	366	27	34	898	0	0	0	1	
4372	76883341	0	0	0	0	1	128	0	1	460	366	27	34	902	0	0	0	1	
4373	76883374	0	0	0	0	1	128	0	1	462	368	25	33	820	0	0	0	1	
4374	76883408	0	0	0	0	1	128	0	1	460	366	27	34	914	0	0	0	1	
4375	76883441	0	0	0	0	1	128	0	1	460	366	27	34	912	0	0	0	1	
4376	76883474	0	0	0	0	1	128	0	1	460	366	27	34	922	0	0	0	1	
4377	76883508	0	0	0	0	1	128	0	1	460	366	27	34	933	0	0	0	1	
4378	76883541	0	0	0	0	1	128	0	0	0	0	0	0	0	0	0	0	1	
4379	76883574	0	0	0	0	1	128	0	1	432	314	30	36	1089	0	0	0	1	
4380	76883608	0	0	0	0	1	128	0	1	428	312	31	36	1094	0	0	0	1	
4381	76883641	0	0	0	0	1	128	0	1	428	312	31	36	1094	0	0	0	1	
4382	76883675	0	0	0	0	1	128	0	1	428	312	30	36	1096	0	0	0	1	
4383	76883708	0	0	0	0	1	128	0	1	428	312	31	36	1091	0	0	0	1	
4384	76883741	0	0	0	0	1	128	0	1	428	312	31	36	1104	0	0	0	1	
4385	76883775	0	0	0	0	1	128	0	1	428	314	31	36	1105	0	0	0	1	
4386	76883808	0	0	0	0	1	128	0	1	428	314	31	36	1115	0	0	0	1	
4387	76883841	0	0	0	0	1	128	0	1	428	314	31	36	1105	0	0	0	1	
4388	76883875	0	0	0	0	1	128	0	1	428	314	30	36	1090	0	0	0	1	
4389	76883908	0	0	0	0	1	128	0	1	428	316	30	35	1070	0	0	0	1	
4390	76883941	0	0	0	0	1	128	0	1	428	314	30	35	1055	0	0	0	1	
4391	76883975	0	0	0	0	1	128	0	1	430	316	30	35	1040	0	0	0	1	
4392	76884008	0	0	0	0	1	128	0	1	430	316	30	34	1024	0	0	0	1	
4393	76884042	0	0	0	0	1	128	0	1	430	316	30	34	1006	0	0	0	1	
4394	76884075	0	0	0	0	1	128	0	1	430	316	29	34	988	0	0	0	1	
4395	76884108	0	0	0	0	1	128	0	1	430	316	29	34	984	0	0	0	1	
4396	76884142	0	0	0	0	1	128	0	1	430	316	29	34	982	0	0	0	1	
4397	76884175	0	0	0	0	1	128	0	1	428	316	29	33	969	0	0	0	1	
4398	76884208	0	0	0	0	1	128	0	0	0	0	0	0	0	0	0	0	1	
4399	76884242	0	0	0	0	1	128	0	1	374	350	33	34	1110	0	0	0	1	
4400	76884275	0	0	0	0	1	128	0	1	374	352	31	34	1052	0	0	0	1	
4401	76884309	0	0	0	0	1	128	0	1	374	352	32	34	1060	0	0	0	1	
4402	76884342	0	0	0	0	1	128	0	1	374	350	33	34	1106	0	0	0	1	
4403	76884375	0	0	0	0	1	128	0	1	374	352	33	34	1100	0	0	0	1	
4404	76884409	0	0	0	0	1	128	0	1	374	352	32	34	1083	0	0	0	1	
4405	76884442	0	0	0	0	1	128	0	1	374	352	32	34	1082	0	0	0	1	
4406	76884475	0	0	0	0	1	128	0	1	374	352	32	34	1099	0	0	0	1	
4407	76884509	0	0	0	0	1	128	0	1	374	350	33	34	1135	0	0	0	1	
4408	76884542	0	0	0	0	1	128	0	1	376	350	33	34	1134	0	0	0	1	
4409	76884576	0	0	0	0	1	128	0	1	378	350	32	33	1059	0	0	0	1	
4410	76884609	0	0	0	0	1	128	0	1	376	350	33	33	1098	0	0	0	1	
4411	76884642	0	0	0	0	1	128	0	1	376	352	31	33	1038	0	0	0	1	
4412	76884676	0	0	0	0	1	128	0	1	376	350	33	33	1101	0	0	0	1	
4413	76884709	0	0	0	0	1	128	0	1	376	350	32	33	1052	0	0	0	1	
4414	76884742	0	0	0	0	1	128	0	1	376	350	32	33	1058	0	0	0	1	
4415	76884776	0	0	0	0	1	128	0	1	376	350	32	32	1046	0	0	0	1	
4416	76884809	0	0	0	0	1	128	0	1	376	350	32	32	1045	0	0	0	1	
4417	76884842	0	0	0	0	1	128	0	1	378	350	32	32	1029	0	0	0	1	
4418	76884876	0	0	0	0	1	128	0	1	376	350	32	33	1068	0	0	0	1	
4419	76884909	0	0	0	0	1	128	0	1	378	350	31	32	1007	0	0	0	1	
4420	76884943	0	0	0	0	1	128	0	1	376	350	32	33	1045	0	0	0	1	
4421	76884976	0	0	0	0	1	128	0	1	378	350	31	32	1006	0	0	0	1	
4422	76885009	0	0	0	0	1	128	0	1	378	350	31	32	1011	0	0	0	1	
4423	76885043	0	0	0	0	1	128	0	1	378	350	31	32	997	0	0	0	1	
4424	76885076	0	0	0	0	1	128	0	1	378	350	31	32	987	0	0	0	1	
4425	76885109	0	0	0	0	1	128	0	1	378	350	30	31	941	0	0	0	1	
4426	76885143	0	0	0	0	1	128	0	1	378	350	31	32	974	0	0	0	1	
4427	76885176	0	0	0	0	1	128	0	1	378	350	30	31	956	0	0	0	1	
4428	76885209	0	0	0	0	1	128	0	1	378	350	30	31	939	0	0	0	1	
4429	76885243	0	0	0	0	1	128	0	1	380	350	30	31	933	0	0	0	1	
4430	76885276	0	0	0	0	1	128	0	1	378	350	31	32	970	0	0	0	1	
4431	76885310	0	0	0	0	1	128	0	1	380	350	30	31	936	0	0	0	1	
4432	76885343	0	0	0	0	1	128	0	1	380	350	30	31	950	0	0	0	1	
4433	76885376	0	0	0	0	1	128	0	1	378	350	30	31	951	0	0	0	1	
4434	76885410	0	0	0	0	1	128	0	1	378	350	31	32	984	0	0	0	1	
4435	76885443	0	0	0	0	1	128	0	1	378	350	31	31	960	0	0	0	1	
4436	76885476	0	0	0	0	1	128	0	1	378	350	31	32	991	0	0	0	1	
4437	76885510	0	0	0	0	1	128	0	1	378	350	31	31	970	0	0	0	1	
4438	76885543	0	0	0	0	1	128	0	1	378	350	31	32	973	0	0	0	1	
4439	76885577	0	0	0	0	1	128	0	1	378	350	31	32	976	0	0	0	1	
4440	76885610	0	0	0	0	1	128	0	1	378	350	31	31	952	0	0	0	1	
4441	76885643	0	0	0	0	1	128	0	1	378	350	31	32	974	0	0	0	1	
4442	76885677	0	0	0	0	1	128	0	1	378	350	30	31	953	0	0	0	1	
4443	76885710	0	0	0	0	1	128	0	1	378	350	31	31	974	0	0	0	1	
4444	76885743	0	0	0	0	1	128	0	1	378	350	31	31	974	0	0	0	1	
4445	76885777	0	0	0	0	1	128	0	1	378	350	30	31	937	0	0	0	1	
4446	76885810	0	0	0	0	1	128	0	1	378	352	31	31	962	0	0	0	1	
4447	76885843	0	0	0	0	1	128	0	1	378	350	31	31	969	0	0	0	1	
4448	76885877	0	0	0	0	1	128	0	1	378	352	30	31	943	0	0	0	1	
4449	76885910	0	0	0	0	1	128	0	1	378	350	31	32	979	0	0	0	1	
4450	76885944	0	0	0	0	1	128	0	1	378	350	31	31	959	0	0	0	1	
4451	76885977	0	0	0	0	1	128	0	1	378	350	31	31	979	0	0	0	1	
4452	76886010	0	0	0	0	1	128	0	1	378	350	31	31	983	0	0	0	1	
4453	76886044	0	0	0	0	1	128	0	1	378	350	31	31	962	0	0	0	1	
4454	76886077	0	0	0	0	1	128	0	1	378	350	31	32	1000	0	0	0	1	
4455	76886110	0	0	0	0	1	128	0	1	378	352	31	31	959	0	0	0	1	
4456	76886144	0	0	0	0	1	128	0	1	378	350	31	31	976	0	0	0	1	
4457	76886177	0	0	0	0	1	128	0	1	378	352	31	31	976	0	0	0	1	
4458	76886210	0	0	0	0	1	128	0	1	378	352	30	31	953	0	0	0	1	
4459	76886244	0	0	0	0	1	128	0	1	378	350	31	32	995	0	0	0	1	
4460	76886277	0	0	0	0	1	128	0	1	378	350	31	32	995	0	0	0	1	
4461	76886311	0	0	0	0	1	128	0	1	378	352	31	32	981	0	0	0	1	
4462	76886344	0	0	0	0	1	128	0	1	378	352	31	32	980	0	0	0	1	
4463	76886377	0	0	0	0	1	128	0	1	378	352	31	32	988	0	0	0	1	
4464	76886411	0	0	0	0	1	128	0	1	378	350	31	32	1008	0	0	0	1	
4465	76886444	0	0	0	0	1	128	0	1	378	350	31	32	1008	0	0	0	1	
4466	76886477	0	0	0	0	1	128	0	1	380	352	31	32	990	0	0	0	1	
4467	76886511	0	0	0	0	1	128	0	0	0	0	0	0	0	0	0	0	1	
4468	76886544	0	0	0	0	1	128	0	1	402	394	29	31	921	0	0	0	1	
4469	76886578	0	0	0	0	1	128	0	1	404	400	30	31	928	0	0	0	1	
4470	76886611	0	0	0	0	1	128	0	1	404	402	29	32	930	0	0	0	1	
4471	76886644	0	0	0	0	1	128	0	1	404	402	29	32	932	0	0	0	1	
4472	76886678	0	0	0	0	1	128	0	1	404	402	29	32	926	0	0	0	1	
4473	76886711	0	0	0	0	1	128	0	1	404	402	29	31	923	0	0	0	1	
4474	76886744	0	0	0	0	1	128	0	1	404	402	29	32	928	0	0	0	1	
4475	76886778	0	0	0	0	1	128	0	1	404	402	29	31	918	0	0	0	1	
4476	76886811	0	0	0	0	1	128	0	1	418	388	23	32	726	0	0	0	1	
4477	76886845	0	0	0	0	1	128	0	1	420	362	29	31	907	0	0	0	1	
4478	76886878	0	0	0	0	1	128	0	1	420	362	27	31	850	0	0	0	1	
4479	76886911	0	0	0	0	1	128	0	1	420	362	29	32	905	0	0	0	1	
4480	76886945	0	0	0	0	1	128	0	1	420	362	28	31	882	0	0	0	1	
4481	76886978	0	0	0	0	1	128	0	1	420	362	29	32	940	0	0	0	1	
4482	76887011	0	0	0	0	1	128	0	1	420	362	29	32	907	0	0	0	1	
4483	76887045	0	0	0	0	1	128	0	1	420	362	29	32	936	0	0	0	1	
4484	76887078	0	0	0	0	1	128	0	1	420	362	29	32	936	0	0	0	1	
4485	76887111	0	0	0	0	1	128	0	1	420	362	30	32	948	0	0	0	1	
4486	76887145	0	0	0	0	1	128	0	1	422	362	28	31	880	0	0	0	1	
4487	76887178	0	0	0	0	1	128	0	1	422	358	29	33	960	0	0	0	1	
4488	76887212	0	0	0	0	1	128	0	1	422	358	30	33	973	0	0	0	1	
4489	76887245	0	0	0	0	1	128	0	1	422	358	30	33	983	0	0	0	1	
4490	76887278	0	0	0	0	1	128	0	1	422	358	30	33	989	0	0	0	1	
4491	76887312	0	0	0	0	1	128	0	1	422	360	30	33	982	0	0	0	1	
4492	76887345	0	0	0	0	1	128	0	1	422	358	30	33	993	0	0	0	1	
4493	76887378	0	0	0	0	1	128	0	1	422	358	30	33	984	0	0	0	1	
4494	76887412	0	0	0	0	1	128	0	1	422	358	30	34	1020	0	0	0	1	
4495	76887445	0	0	0	0	1	128	0	1	422	358	30	33	1000	0	0	0	1	
4496	76887479	0	0	0	0	1	128	0	1	422	358	31	34	1043	0	0	0	1	
4497	76887512	0	0	0	0	1	128	0	1	422	358	30	33	996	0	0	0	1	
4498	76887545	0	0	0	0	1	128	0	1	422	358	30	34	1030	0	0	0	1	
4499	76887579	0	0	0	0	1	128	0	1	422	358	30	33	1000	0	0	0	1	
4500	76887612	0	0	0	0	1	128	0	1	422	360	30	33	986	0	0	0	1	
4501	76887645	0	0	0	0	1	128	0	1	420	358	30	33	988	0	0	0	1	
4502	76887679	0	0	0	0	1	128	0	1	422	358	30	33	993	0	0	0	1	
4503	76887712	0	0	0	0	1	128	0	1	422	358	29	33	973	0	0	0	1	
4504	76887745	0	0	0	0	1	128	0	1	422	360	29	33	967	0	0	0	1	
4505	76887779	0	0	0	0	1	128	0	1	422	360	29	33	963	0	0	0	1	
4506	76887812	0	0	0	0	1	128	0	1	422	360	29	33	952	0	0	0	1	
4507	76887846	0	0	0	0	1	128	0	1	422	360	29	33	959	0	0	0	1	
4508	76887879	0	0	0	0	1	128	0	1	420	358	30	33	966	0	0	0	1	
4509	76887912	0	0	0	0	1	128	0	1	420	358	30	33	988	0	0	0	1	
4510	76887946	0	0	0	0	1	128	0	1	422	360	29	32	942	0	0	0	1	
4511	76887979	0	0	0	0	1	128	0	1	422	360	29	32	923	0	0	0	1	
4512	76888012	0	0	0	0	1	128	0	1	422	360	29	32	918	0	0	0	1	
4513	76888046	0	0	0	0	1	128	0	1	422	360	29	32	920	0	0	0	1	
4514	76888079	0	0	0	0	1	128	0	1	422	360	29	32	924	0	0	0	1	
4515	76888112	0	0	0	0	1	128	0	1	422	360	29	32	917	0	0	0	1	
4516	76888146	0	0	0	0	1	128	0	1	420	360	29	32	921	0	0	0	1	
4517	76888179	0	0	0	0	1	128	0	1	422	360	28	32	913	0	0	0	1	
4518	76888213	0	0	0	0	1	128	0	1	420	358	29	32	940	0	0	0	1	
4519	76888246	0	0	0	0	1	128	0	1	420	360	29	32	933	0	0	0	1	
4520	76888279	0	0	0	0	1	128	0	1	420	360	29	32	933	0	0	0	1	
4521	76888313	0	0	0	0	1	128	0	1	420	358	29	33	955	0	0	0	1	
4522	76888346	0	0	0	0	1	128	0	1	420	358	29	33	943	0	0	0	1	
4523	76888379	0	0	0	0	1	128	0	1	420	360	29	32	935	0	0	0	1	
4524	76888413	0	0	0	0	1	128	0	1	422	360	29	32	936	0	0	0	1	
4525	76888446	0	0	0	0	1	128	0	1	422	360	29	32	922	0	0	0	1	
4526	76888480	0	0	0	0	1	128	0	1	422	360	29	32	942	0	0	0	1	
4527	76888513	0	0	0	0	1	128	0	1	422	360	29	32	936	0	0	0	1	
4528	76888546	0	0	0	0	1	128	0	1	420	360	29	32	941	0	0	0	1	
4529	76888580	0	0	0	0	1	128	0	1	422	360	29	32	944	0	0	0	1	
4530	76888613	0	0	0	0	1	128	0	1	420	360	30	32	942	0	0	0	1	
4531	76888646	0	0	0	0	1	128	0	1	422	360	29	32	951	0	0	0	1	
4532	76888680	0	0	0	0	1	128	0	1	420	360	29	32	931	0	0	0	1	
4533	76888713	0	0	0	0	1	128	0	1	422	360	28	32	894	0	0	0	1	
4534	76888746	0	0	0	0	1	128	0	1	422	360	29	32	923	0	0	0	1	
4535	76888780	0	0	0	0	1	128	0	1	422	360	28	32	898	0	0	0	1	
4536	76888813	0	0	0	0	1	128	0	1	422	360	29	31	899	0	0	0	1	
4537	76888847	0	0	0	0	1	128	0	1	420	356	29	35	1014	0	0	0	1	
4538	76888880	0	0	0	0	1	128	0	1	422	358	28	32	881	0	0	0	1	
4539	76888913	0	0	0	0	1	128	0	1	422	358	28	31	871	0	0	0	1	
4540	76888947	0	0	0	0	1	128	0	1	420	358	28	31	865	0	0	0	1	
4541	76888980	0	0	0	0	1	128	0	1	420	358	28	32	912	0	0	0	1	
4542	76889013	0	0	0	0	1	128	0	1	422	360	26	31	808	0	0	0	1	
4543	76889047	0	0	0	0	1	128	0	1	420	358	28	31	866	0	0	0	1	
4544	76889080	0	0	0	0	1	128	0	1	422	358	27	31	833	0	0	0	1	
4545	76889114	0	0	0	0	1	128	0	1	420	358	28	31	872	0	0	0	1	
4546	76889147	0	0	0	0	1	128	0	1	422	358	28	30	838	0	0	0	1	
4547	76889180	0	0	0	0	1	128	0	1	422	358	27	31	843	0	0	0	1	
4548	76889214	0	0	0	0	1	128	0	1	422	358	28	31	851	0	0	0	1	
4549	76889247	0	0	0	0	1	128	0	1	430	338	27	30	815	0	0	0	1	
4550	76889280	0	0	0	0	1	128	0	1	428	336	27	30	810	0	0	0	1	
4551	76889314	0	0	0	0	1	128	0	1	428	336	27	30	808	0	0	0	1	
4552	76889347	0	0	0	0	1	128	0	1	428	336	27	30	821	0	0	0	1	
4553	76889380	0	0	0	0	1	128	0	1	428	336	27	30	824	0	0	0	1	
4554	76889414	0	0	0	0	1	128	0	1	428	336	27	30	823	0	0	0	1	
4555	76889447	0	0	0	0	1	128	0	1	428	336	28	30	843	0	0	0	1	
4556	76889481	0	0	0	0	1	128	0	1	430	336	28	31	844	0	0	0	1	
4557	76889514	0	0	0	0	1	128	0	1	430	336	28	31	856	0	0	0	1	
4558	76889547	0	0	0	0	1	128	0	1	430	336	28	31	865	0	0	0	1	
4559	76889581	0	0	0	0	1	128	0	1	430	336	28	31	876	0	0	0	1	
4560	76889614	0	0	0	0	1	128	0	1	430	336	28	31	876	0	0	0	1	
4561	76889647	0	0	0	0	1	128	0	1	430	336	28	31	881	0	0	0	1	
4562	76889681	0	0	0	0	1	128	0	1	430	336	28	32	892	0	0	0	1	
4563	76889714	0	0	0	0	1	128	0	1	430	336	28	32	889	0	0	0	1	
4564	76889748	0	0	0	0	1	128	0	1	430	336	28	32	891	0	0	0	1	
4565	76889781	0	0	0	0	1	128	0	1	430	336	28	31	884	0	0	0	1	
4566	76889814	0	0	0	0	1	128	0	1	430	352	28	32	892	0	0	0	1	
4567	76889848	0	0	0	0	1	128	0	1	430	364	28	32	895	0	0	0	1	
4568	76889881	0	0	0	0	1	128	0	1	430	364	28	32	897	0	0	0	1	
4569	76889914	0	0	0	0	1	128	0	1	430	364	28	31	880	0	0	0	1	
4570	76889948	0	0	0	0	1	128	0	1	430	364	28	31	885	0	0	0	1	
4571	76889981	0	0	0	0	1	128	0	1	430	364	28	32	898	0	0	0	1	
4572	76890014	0	0	0	0	1	128	0	1	430	366	28	32	906	0	0	0	1	
4573	76890048	0	0	0	0	1	128	0	1	430	366	28	31	896	0	0	0	1	
4574	76890081	0	0	0	0	1	128	0	1	430	366	28	32	898	0	0	0	1	
4575	76890115	0	0	0	0	1	128	0	1	430	366	29	32	903	0	0	0	1	
4576	76890148	0	0	0	0	1	128	0	1	430	366	29	31	898	0	0	0	1	
4577	76890181	0	0	0	0	1	128	0	1	430	366	28	32	912	0	0	0	1	
4578	76890215	0	0	0	0	1	128	0	1	430	366	29	32	912	0	0	0	1	
4579	76890248	0	0	0	0	1	128	0	1	430	366	29	32	920	0	0	0	1	
4580	76890281	0	0	0	0	1	128	0	1	430	366	29	32	921	0	0	0	1	
4581	76890315	0	0	0	0	1	128	0	1	430	366	29	33	942	0	0	0	1	
4582	76890348	0	0	0	0	1	128	0	1	430	366	29	33	950	0	0	0	1	
4583	76890382	0	0	0	0	1	128	0	1	430	366	29	33	961	0	0	0	1	
4584	76890415	0	0	0	0	1	128	0	1	430	366	30	33	976	0	0	0	1	
4585	76890448	0	0	0	0	1	128	0	1	430	366	30	33	985	0	0	0	1	
4586	76890482	0	0	0	0	1	128	0	1	430	366	30	33	987	0	0	0	1	
4587	76890515	0	0	0	0	1	128	0	1	430	366	30	33	990	0	0	0	1	
4588	76890548	0	0	0	0	1	128	0	1	430	366	30	33	1006	0	0	0	1	
4589	76890582	0	0	0	0	1	128	0	1	430	366	30	34	1015	0	0	0	1	
4590	76890615	0	0	0	0	1	128	0	1	436	378	30	33	991	0	0	0	1	
4591	76890648	0	0	0	0	1	128	0	1	436	378	30	33	994	0	0	0	1	
4592	76890682	0	0	0	0	1	128	0	1	436	378	30	34	1004	0	0	0	1	
4593	76890715	0	0	0	0	1	128	0	1	436	378	30	34	1009	0	0	0	1	
4594	76890749	0	0	0	0	1	128	0	1	436	378	30	34	1013	0	0	0	1	
4595	76890782	0	0	0	0	1	128	0	1	436	378	30	34	1014	0	0	0	1	
4596	76890815	0	0	0	0	1	128	0	1	436	378	30	34	1012	0	0	0	1	
4597	76890849	0	0	0	0	1	128	0	1	436	378	30	34	1006	0	0	0	1	
4598	76890882	0	0	0	0	1	128	0	1	436	378	29	34	1000	0	0	0	1	
4599	76890915	0	0	0	0	1	128	0	1	436	378	30	34	1006	0	0	0	1	
4600	76890949	0	0	0	0	1	128	0	1	436	378	29	34	1000	0	0	0	1	
4601	76890982	0	0	0	0	1	128	0	1	436	378	29	34	992	0	0	0	1	
4602	76891016	0	0	0	0	1	128	0	1	436	378	30	34	992	0	0	0	1	
4603	76891049	0	0	0	0	1	128	0	1	436	378	30	33	993	0	0	0	1	
4604	76891082	0	0	0	0	1	128	0	1	436	378	30	33	993	0	0	0	1	
4605	76891116	0	0	0	0	1	128	0	1	436	378	30	34	1006	0	0	0	1	
4606	76891149	0	0	0	0	1	128	0	1	436	378	30	34	1013	0	0	0	1	
4607	76891182	0	0	0	0	1	128	0	1	436	378	30	34	1022	0	0	0	1	
4608	76891216	0	0	0	0	1	128	0	1	436	378	30	34	1034	0	0	0	1	
4609	76891249	0	0	0	0	1	128	0	1	436	378	30	34	1033	0	0	0	1	
4610	76891282	0	0	0	0	1	128	0	1	436	378	30	34	1041	0	0	0	1	
4611	76891316	0	0	0	0	1	128	0	1	442	370	29	36	1055	0	0	0	1	
4612	76891349	0	0	0	0	1	128	0	1	444	366	30	35	1032	0	0	0	1	
4613	76891383	0	0	0	0	1	128	0	1	444	366	30	35	1025	0	0	0	1	
4614	76891416	0	0	0	0	1	128	0	1	444	366	30	35	1040	0	0	0	1	
4615	76891449	0	0	0	0	1	128	0	1	444	366	30	35	1050	0	0	0	1	
4616	76891483	0	0	0	0	1	128	0	1	444	364	30	35	1045	0	0	0	1	
4617	76891516	0	0	0	0	1	128	0	1	444	364	30	35	1052	0	0	0	1	
4618	76891549	0	0	0	0	1	128	0	1	444	364	30	35	1055	0	0	0	1	
4619	76891583	0	0	0	0	1	128	0	1	444	364	30	35	1065	0	0	0	1	
4620	76891616	0	0	0	0	1	128	0	1	444	364	30	35	1051	0	0	0	1	
4621	76891649	0	0	0	0	1	128	0	1	444	364	30	35	1067	0	0	0	1	
4622	76891683	0	0	0	0	1	128	0	1	444	364	30	35	1057	0	0	0	1	
4623	76891716	0	0	0	0	1	128	0	1	444	364	30	35	1065	0	0	0	1	
4624	76891750	0	0	0	0	1	128	0	1	444	364	30	35	1064	0	0	0	1	
4625	76891783	0	0	0	0	1	128	0	1	444	364	30	35	1070	0	0	0	1	
4626	76891816	0	0	0	0	1	128	0	1	444	364	30	35	1068	0	0	0	1	
4627	76891850	0	0	0	0	1	128	0	1	444	364	30	35	1068	0	0	0	1	
4628	76891883	0	0	0	0	1	128	0	1	444	364	30	35	1074	0	0	0	1	
4629	76891916	0	0	0	0	1	128	0	1	444	364	30	36	1075	0	0	0	1	
4630	76891950	0	0	0	0	1	128	0	1	444	364	30	36	1084	0	0	0	1	
4631	76891983	0	0	0	0	1	128	0	1	444	364	30	36	1085	0	0	0	1	
4632	76892017	0	0	0	0	1	128	0	1	444	364	30	36	1092	0	0	0	1	
4633	76892050	0	0	0	0	1	128	0	1	442	364	30	36	1086	0	0	0	1	
4634	76892083	0	0	0	0	1	128	0	1	416	362	34	37	1239	0	0	0	1	
4635	76892117	0	0	0	0	1	128	0	1	414	362	33	36	1206	0	0	0	1	
4636	76892150	0	0	0	0	1	128	0	1	414	362	34	36	1218	0	0	0	1	
4637	76892183	0	0	0	0	1	128	0	1	414	362	33	36	1199	0	0	0	1	
4638	76892217	0	0	0	0	1	128	0	1	414	362	34	36	1211	0	0	0	1	
4639	76892250	0	0	0	0	1	128	0	1	414	362	34	36	1212	0	0	0	1	
4640	76892284	0	0	0	0	1	128	0	1	414	362	34	36	1241	0	0	0	1	
4641	76892317	0	0	0	0	1	128	0	1	414	362	34	36	1215	0	0	0	1	
4642	76892350	0	0	0	0	1	128	0	1	414	364	33	36	1214	0	0	0	1	
4643	76892384	0	0	0	0	1	128	0	1	414	364	33	35	1184	0	0	0	1	
4644	76892417	0	0	0	0	1	128	0	1	414	364	33	36	1186	0	0	0	1	
4645	76892450	0	0	0	0	1	128	0	1	416	364	32	35	1136	0	0	0	1	
4646	76892484	0	0	0	0	1	128	0	1	416	364	32	35	1126	0	0	0	1	
4647	76892517	0	0	0	0	1	128	0	1	416	364	32	35	1107	0	0	0	1	
4648	76892550	0	0	0	0	1	128	0	1	414	364	32	35	1115	0	0	0	1	
4649	76892584	0	0	0	0	1	128	0	1	414	364	32	34	1099	0	0	0	1	
4650	76892617	0	0	0	0	1	128	0	1	414	362	32	35	1119	0	0	0	1	
4651	76892651	0	0	0	0	1	128	0	1	416	364	31	33	1040	0	0	0	1	
4652	76892684	0	0	0	0	1	128	0	1	414	364	32	34	1068	0	0	0	1	
4653	76892717	0	0	0	0	1	128	0	1	414	364	31	34	1067	0	0	0	1	
4654	76892751	0	0	0	0	1	128	0	1	414	364	32	34	1101	0	0	0	1	
4655	76892784	0	0	0	0	1	128	0	1	414	364	32	34	1089	0	0	0	1	
4656	76892817	0	0	0	0	1	128	0	1	414	364	32	35	1109	0	0	0	1	
4657	76892851	0	0	0	0	1	128	0	1	414	364	32	35	1100	0	0	0	1	
4658	76892884	0	0	0	0	1	128	0	1	416	364	32	35	1127	0	0	0	1	
4659	76892918	0	0	0	0	1	128	0	1	416	364	32	35	1135	0	0	0	1	
4660	76892951	0	0	0	0	1	128	0	1	416	364	32	36	1165	0	0	0	1	
4661	76892984	0	0	0	0	1	128	0	1	416	364	33	36	1158	0	0	0	1	
4662	76893018	0	0	0	0	1	128	0	1	416	364	33	36	1179	0	0	0	1	
4663	76893051	0	0	0	0	1	128	0	1	416	364	33	36	1192	0	0	0	1	
4664	76893084	0	0	0	0	1	128	0	1	416	364	33	36	1187	0	0	0	1	
4665	76893118	0	0	0	0	1	128	0	1	416	364	35	36	1242	0	0	0	1	
4666	76893151	0	0	0	0	1	128	0	1	416	364	33	36	1200	0	0	0	1	
4667	76893184	0	0	0	0	1	128	0	1	416	364	33	35	1159	0	0	0	1	
4668	76893218	0	0	0	0	1	128	0	1	416	364	33	36	1200	0	0	0	1	
4669	76893251	0	0	0	0	1	128	0	1	416	364	33	36	1197	0	0	0	1	
4670	76893285	0	0	0	0	1	128	0	1	416	364	33	36	1202	0	0	0	1	
4671	76893318	0	0	0	0	1	128	0	1	416	364	33	36	1185	0	0	0	1	
4672	76893351	0	0	0	0	1	128	0	1	416	366	33	36	1183	0	0	0	1	
4673	76893385	0	0	0	0	1	128	0	1	416	364	33	36	1195	0	0	0	1	
4674	76893418	0	0	0	0	1	128	0	1	416	364	33	37	1205	0	0	0	1	
4675	76893451	0	0	0	0	1	128	0	1	416	364	33	36	1193	0	0	0	1	
4676	76893485	0	0	0	0	1	128	0	1	416	366	32	35	1143	0	0	0	1	
4677	76893518	0	0	0	0	1	128	0	1	416	366	33	36	1181	0	0	0	1	
4678	76893552	0	0	0	0	1	128	0	1	416	364	33	37	1188	0	0	0	1	
4679	76893585	0	0	0	0	1	128	0	1	416	364	33	37	1239	0	0	0	1	
4680	76893618	0	0	0	0	1	128	0	1	416	364	33	37	1210	0	0	0	1	
4681	76893652	0	0	0	0	1	128	0	1	416	366	33	36	1179	0	0	0	1	
4682	76893685	0	0	0	0	1	128	0	1	416	366	32	36	1145	0	0	0	1	
4683	76893718	0	0	0	0	1	128	0	1	416	366	33	36	1170	0	0	0	1	
4684	76893752	0	0	0	0	1	128	0	1	418	368	30	35	1044	0	0	0	1	
4685	76893785	0	0	0	0	1	128	0	1	416	364	33	37	1212	0	0	0	1	
4686	76893818	0	0	0	0	1	128	0	1	416	366	33	37	1195	0	0	0	1	
4687	76893852	0	0	0	0	1	128	0	1	416	366	33	36	1175	0	0	0	1	
4688	76893885	0	0	0	0	1	128	0	1	416	366	33	36	1201	0	0	0	1	
4689	76893919	0	0	0	0	1	128	0	1	416	366	32	36	1162	0	0	0	1	
4690	76893952	0	0	0	0	1	128	0	1	416	366	33	36	1187	0	0	0	1	
4691	76893985	0	0	0	0	1	128	0	1	414	368	33	36	1177	0	0	0	1	
4692	76894019	0	0	0	0	1	128	0	1	410	370	33	36	1212	0	0	0	1	
4693	76894052	0	0	0	0	1	128	0	1	410	372	33	36	1199	0	0	0	1	
4694	76894085	0	0	0	0	1	128	0	1	410	372	33	36	1191	0	0	0	1	
4695	76894119	0	0	0	0	1	128	0	1	408	374	33	35	1150	0	0	0	1	
4696	76894152	0	0	0	0	1	128	0	1	408	372	33	36	1187	0	0	0	1	
4697	76894186	0	0	0	0	1	128	0	1	406	374	33	35	1181	0	0	0	1	
4698	76894219	0	0	0	0	1	128	0	1	406	374	33	36	1180	0	0	0	1	
4699	76894252	0	0	0	0	1	128	0	1	406	374	33	35	1158	0	0	0	1	
4700	76894286	0	0	0	0	1	128	0	1	406	376	33	35	1159	0	0	0	1	
4701	76894319	0	0	0	0	1	128	0	1	406	376	32	35	1132	0	0	0	1	
4702	76894352	0	0	0	0	1	128	0	1	404	376	33	35	1152	0	0	0	1	
4703	76894386	0	0	0	0	1	128	0	1	404	376	32	35	1137	0	0	0	1	
4704	76894419	0	0	0	0	1	128	0	1	404	378	32	35	1138	0	0	0	1	
4705	76894452	0	0	0	0	1	128	0	1	402	378	33	35	1145	0	0	0	1	
4706	76894486	0	0	0	0	1	128	0	1	402	376	33	35	1139	0	0	0	1	
4707	76894519	0	0	0	0	1	128	0	1	402	376	33	35	1143	0	0	0	1	
4708	76894553	0	0	0	0	1	128	0	1	406	374	32	35	1117	0	0	0	1	
4709	76894586	0	0	0	0	1	128	0	1	406	374	33	35	1129	0	0	0	1	
4710	76894619	0	0	0	0	1	128	0	1	406	374	32	35	1104	0	0	0	1	
4711	76894653	0	0	0	0	1	128	0	1	406	374	32	34	1115	0	0	0	1	
4712	76894686	0	0	0	0	1	128	0	1	406	374	32	34	1085	0	0	0	1	
4713	76894719	0	0	0	0	1	128	0	1	406	374	32	34	1095	0	0	0	1	
4714	76894753	0	0	0	0	1	128	0	1	406	374	32	34	1087	0	0	0	1	
4715	76894786	0	0	0	0	1	128	0	1	406	374	32	35	1108	0	0	0	1	
4716	76894820	0	0	0	0	1	128	0	1	406	374	32	34	1086	0	0	0	1	
4717	76894853	0	0	0	0	1	128	0	1	406	376	31	34	1050	0	0	0	1	
4718	76894886	0	0	0	0	1	128	0	1	406	376	31	34	1054	0	0	0	1	
4719	76894920	0	0	0	0	1	128	0	1	406	374	32	34	1072	0	0	0	1	
4720	76894953	0	0	0	0	1	128	0	1	406	374	32	34	1092	0	0	0	1	
4721	76894986	0	0	0	0	1	128	0	1	404	374	32	34	1099	0	0	0	1	
4722	76895020	0	0	0	0	1	128	0	1	404	374	32	35	1111	0	0	0	1	
4723	76895053	0	0	0	0	1	128	0	1	406	374	32	34	1079	0	0	0	1	
4724	76895086	0	0	0	0	1	128	0	1	406	374	32	34	1062	0	0	0	1	
4725	76895120	0	0	0	0	1	128	0	1	406	374	32	34	1093	0	0	0	1	
4726	76895153	0	0	0	0	1	128	0	1	404	374	32	35	1100	0	0	0	1	
4727	76895187	0	0	0	0	1	128	0	1	406	374	31	34	1077	0	0	0	1	
4728	76895220	0	0	0	0	1	128	0	1	406	374	31	34	1075	0	0	0	1	
4729	76895253	0	0	0	0	1	128	0	1	406	374	32	34	1092	0	0	0	1	
4730	76895287	0	0	0	0	1	128	0	1	406	374	31	34	1073	0	0	0	1	
4731	76895320	0	0	0	0	1	128	0	1	406	374	32	34	1093	0	0	0	1	
4732	76895353	0	0	0	0	1	128	0	1	406	374	32	34	1101	0	0	0	1	
4733	76895387	0	0	0	0	1	128	0	1	406	374	31	34	1070	0	0	0	1	
4734	76895420	0	0	0	0	1	128	0	1	406	376	31	34	1073	0	0	0	1	
4735	76895453	0	0	0	0	1	128	0	1	406	374	32	35	1118	0	0	0	1	
4736	76895487	0	0	0	0	1	128	0	1	406	376	32	35	1100	0	0	0	1	
4737	76895520	0	0	0	0	1	128	0	1	406	376	32	34	1110	0	0	0	1	
4738	76895554	0	0	0	0	1	128	0	1	406	380	32	35	1106	0	0	0	1	
4739	76895587	0	0	0	0	1	128	0	1	408	382	31	35	1092	0	0	0	1	
4740	76895620	0	0	0	0	1	128	0	1	408	382	32	35	1105	0	0	0	1	
4741	76895654	0	0	0	0	1	128	0	1	408	384	32	35	1125	0	0	0	1	
4742	76895687	0	0	0	0	1	128	0	1	408	384	32	35	1115	0	0	0	1	
4743	76895720	0	0	0	0	1	128	0	1	408	384	32	35	1139	0	0	0	1	
4744	76895754	0	0	0	0	1	128	0	1	408	384	32	36	1147	0	0	0	1	
4745	76895787	0	0	0	0	1	128	0	1	410	386	32	35	1118	0	0	0	1	
4746	76895821	0	0	0	0	1	128	0	1	410	386	32	35	1112	0	0	0	1	
4747	76895854	0	0	0	0	1	128	0	1	410	386	32	35	1120	0	0	0	1	
4748	76895887	0	0	0	0	1	128	0	1	410	386	32	34	1100	0	0	0	1	
4749	76895921	0	0	0	0	1	128	0	1	410	388	32	34	1066	0	0	0	1	
4750	76895954	0	0	0	0	1	128	0	1	412	388	30	34	1026	0	0	0	1	
4751	76895987	0	0	0	0	1	128	0	1	408	390	31	34	1079	0	0	0	1	
4752	76896021	0	0	0	0	1	128	0	1	408	390	32	34	1110	0	0	0	1	
4753	76896054	0	0	0	0	1	128	0	1	410	390	32	35	1098	0	0	0	1	
4754	76896087	0	0	0	0	1	128	0	1	410	392	31	34	1070	0	0	0	1	
4755	76896121	0	0	0	0	1	128	0	1	410	392	32	35	1092	0	0	0	1	
4756	76896154	0	0	0	0	1	128	0	1	410	392	31	35	1102	0	0	0	1	
4757	76896188	0	0	0	0	1	128	0	1	410	392	31	35	1093	0	0	0	1	
4758	76896221	0	0	0	0	1	128	0	1	410	392	32	35	1109	0	0	0	1	
4759	76896254	0	0	0	0	1	128	0	1	410	392	32	35	1107	0	0	0	1	
4760	76896288	0	0	0	0	1	128	0	1	412	394	31	35	1062	0	0	0	1	
4761	76896321	0	0	0	0	1	128	0	1	410	394	32	35	1104	0	0	0	1	
4762	76896354	0	0	0	0	1	128	0	1	412	398	29	34	1005	0	0	0	1	
4763	76896388	0	0	0	0	1	128	0	1	412	398	29	34	1013	0	0	0	1	
4764	76896421	0	0	0	0	1	128	0	1	410	398	31	34	1063	0	0	0	1	
4765	76896455	0	0	0	0	1	128	0	1	412	398	31	34	1046	0	0	0	1	
4766	76896488	0	0	0	0	1	128	0	1	414	400	29	34	990	0	0	0	1	
4767	76896521	0	0	0	0	1	128	0	1	414	400	29	34	994	0	0	0	1	
4768	76896555	0	0	0	0	1	128	0	1	412	400	31	34	1052	0	0	0	1	
4769	76896588	0	0	0	0	1	128	0	1	412	400	31	35	1062	0	0	0	1	
4770	76896621	0	0	0	0	1	128	0	1	412	402	31	35	1079	0	0	0	1	
4771	76896655	0	0	0	0	1	128	0	1	412	402	31	35	1079	0	0	0	1	
4772	76896688	0	0	0	0	1	128	0	1	412	402	31	35	1070	0	0	0	1	
4773	76896722	0	0	0	0	1	128	0	1	412	402	31	35	1069	0	0	0	1	
4774	76896755	0	0	0	0	1	128	0	1	412	402	31	35	1089	0	0	0	1	
4775	76896788	0	0	0	0	1	128	0	1	412	402	31	35	1092	0	0	0	1	
4776	76896822	0	0	0	0	1	128	0	1	412	402	31	35	1094	0	0	0	1	
4777	76896855	0	0	0	0	1	128	0	1	414	400	31	35	1095	0	0	0	1	
4778	76896888	0	0	0	0	1	128	0	1	414	400	31	35	1080	0	0	0	1	
4779	76896922	0	0	0	0	1	128	0	1	414	400	31	35	1079	0	0	0	1	
4780	76896955	0	0	0	0	1	128	0	1	414	400	31	35	1092	0	0	0	1	
4781	76896988	0	0	0	0	1	128	0	1	414	400	31	35	1072	0	0	0	1	
4782	76897022	0	0	0	0	1	128	0	1	414	400	32	35	1102	0	0	0	1	
4783	76897055	0	0	0	0	1	128	0	1	414	400	32	35	1116	0	0	0	1	
4784	76897089	0	0	0	0	1	128	0	1	414	398	32	35	1130	0	0	0	1	
4785	76897122	0	0	0	0	1	128	0	1	414	400	31	35	1100	0	0	0	1	
4786	76897155	0	0	0	0	1	128	0	1	414	398	32	35	1132	0	0	0	1	
4787	76897189	0	0	0	0	1	128	0	1	414	400	31	35	1103	0	0	0	1	
4788	76897222	0	0	0	0	1	128	0	1	414	400	31	35	1102	0	0	0	1	
4789	76897255	0	0	0	0	1	128	0	1	414	400	32	35	1136	0	0	0	1	
4790	76897289	0	0	0	0	1	128	0	1	414	400	32	35	1139	0	0	0	1	
4791	76897322	0	0	0	0	1	128	0	1	414	400	32	35	1151	0	0	0	1	
4792	76897356	0	0	0	0	1	128	0	1	414	400	31	35	1115	0	0	0	1	
4793	76897389	0	0	0	0	1	128	0	1	414	400	32	36	1144	0	0	0	1	
4794	76897422	0	0	0	0	1	128	0	1	414	400	31	36	1117	0	0	0	1	
4795	76897456	0	0	0	0	1	128	0	1	416	400	32	36	1124	0	0	0	1	
4796	76897489	0	0	0	0	1	128	0	1	414	400	32	36	1144	0	0	0	1	
4797	76897522	0	0	0	0	1	128	0	1	414	400	32	36	1148	0	0	0	1	
4798	76897556	0	0	0	0	1	128	0	1	414	400	32	36	1154	0	0	0	1	
4799	76897589	0	0	0	0	1	128	0	1	414	400	33	36	1158	0	0	0	1	
4800	76897622	0	0	0	0	1	128	0	1	414	400	33	36	1159	0	0	0	1	
4801	76897656	0	0	0	0	1	128	0	1	414	398	33	36	1173	0	0	0	1	
4802	76897689	0	0	0	0	1	128	0	1	414	398	33	36	1185	0	0	0	1	
4803	76897723	0	0	0	0	1	128	0	1	414	398	32	36	1171	0	0	0	1	
4804	76897756	0	0	0	0	1	128	0	1	418	398	27	36	977	0	0	0	1	
4805	76897789	0	0	0	0	1	128	0	1	414	386	34	37	1225	0	0	0	1	
4806	76897823	0	0	0	0	1	128	0	1	416	384	33	37	1214	0	0	0	1	
4807	76897856	0	0	0	0	1	128	0	1	416	384	33	37	1222	0	0	0	1	
4808	76897889	0	0	0	0	1	128	0	1	416	382	34	36	1222	0	0	0	1	
4809	76897923	0	0	0	0	1	128	0	1	416	382	33	37	1213	0	0	0	1	
4810	76897956	0	0	0	0	1	128	0	1	416	380	33	37	1224	0	0	0	1	
4811	76897990	0	0	0	0	1	128	0	1	418	380	33	37	1193	0	0	0	1	
4812	76898023	0	0	0	0	1	128	0	1	418	378	33	37	1204	0	0	0	1	
4813	76898056	0	0	0	0	1	128	0	1	418	376	33	37	1216	0	0	0	1	
4814	76898090	0	0	0	0	1	128	0	1	418	376	33	37	1221	0	0	0	1	
4815	76898123	0	0	0	0	1	128	0	1	418	374	33	36	1197	0	0	0	1	
4816	76898156	0	0	0	0	1	128	0	1	418	374	33	36	1170	0	0	0	1	
4817	76898190	0	0	0	0	1	128	0	1	420	372	33	36	1206	0	0	0	1	
4818	76898223	0	0	0	0	1	128	0	1	420	368	31	36	1131	0	0	0	1	
4819	76898256	0	0	0	0	1	128	0	1	420	366	33	36	1181	0	0	0	1	
4820	76898290	0	0	0	0	1	128	0	1	420	364	33	37	1218	0	0	0	1	
4821	76898323	0	0	0	0	1	128	0	1	420	364	33	36	1202	0	0	0	1	
4822	76898357	0	0	0	0	1	128	0	1	420	364	33	36	1202	0	0	0	1	
4823	76898390	0	0	0	0	1	128	0	1	420	362	33	36	1184	0	0	0	1	
4824	76898423	0	0	0	0	1	128	0	1	420	362	33	36	1201	0	0	0	1	
4825	76898457	0	0	0	0	1	128	0	1	422	362	33	36	1175	0	0	0	1	
4826	76898490	0	0	0	0	1	128	0	1	422	358	33	36	1167	0	0	0	1	
4827	76898523	0	0	0	0	1	128	0	1	422	356	32	35	1149	0	0	0	1	
4828	76898557	0	0	0	0	1	128	0	1	422	356	32	35	1118	0	0	0	1	
4829	76898590	0	0	0	0	1	128	0	1	422	356	32	35	1147	0	0	0	1	
4830	76898623	0	0	0	0	1	128	0	1	422	356	32	35	1107	0	0	0	1	
4831	76898657	0	0	0	0	1	128	0	1	422	356	32	35	1118	0	0	0	1	
4832	76898690	0	0	0	0	1	128	0	1	422	356	31	35	1090	0	0	0	1	
4833	76898724	0	0	0	0	1	128	0	1	422	356	31	35	1100	0	0	0	1	
4834	76898757	0	0	0	0	1	128	0	1	422	356	31	35	1093	0	0	0	1	
4835	76898790	0	0	0	0	1	128	0	1	422	356	31	35	1081	0	0	0	1	
4836	76898824	0	0	0	0	1	128	0	1	422	358	31	34	1059	0	0	0	1	
4837	76898857	0	0	0	0	1	128	0	1	422	356	31	34	1051	0	0	0	1	
4838	76898890	0	0	0	0	1	128	0	1	422	358	30	34	1002	0	0	0	1	
4839	76898924	0	0	0	0	1	128	0	1	422	356	31	34	1028	0	0	0	1	
4840	76898957	0	0	0	0	1	128	0	1	422	356	31	33	1026	0	0	0	1	
4841	76898990	0	0	0	0	1	128	0	1	422	356	30	34	1014	0	0	0	1	
4842	76899024	0	0	0	0	1	128	0	1	420	356	31	33	1014	0	0	0	1	
4843	76899057	0	0	0	0	1	128	0	1	422	356	30	33	980	0	0	0	1	
4844	76899091	0	0	0	0	1	128	0	1	422	356	30	33	984	0	0	0	1	
4845	76899124	0	0	0	0	1	128	0	1	420	356	30	33	981	0	0	0	1	
4846	76899157	0	0	0	0	1	128	0	1	420	356	30	33	986	0	0	0	1	
4847	76899191	0	0	0	0	1	128	0	1	422	356	29	33	958	0	0	0	1	
4848	76899224	0	0	0	0	1	128	0	1	422	356	30	33	971	0	0	0	1	
4849	76899257	0	0	0	0	1	128	0	1	420	356	30	33	995	0	0	0	1	
4850	76899291	0	0	0	0	1	128	0	1	422	356	29	33	948	0	0	0	1	
4851	76899324	0	0	0	0	1	128	0	1	420	356	30	33	992	0	0	0	1	
4852	76899358	0	0	0	0	1	128	0	1	422	356	31	33	1026	0	0	0	1	
4853	76899391	0	0	0	0	1	128	0	1	432	374	29	33	957	0	0	0	1	
4854	76899424	0	0	0	0	1	128	0	1	438	382	28	33	944	0	0	0	1	
4855	76899458	0	0	0	0	1	128	0	1	438	384	28	33	953	0	0	0	1	
4856	76899491	0	0	0	0	1	128	0	1	438	384	28	34	964	0	0	0	1	
4857	76899524	0	0	0	0	1	128	0	1	438	384	28	34	954	0	0	0	1	
4858	76899558	0	0	0	0	1	128	0	1	438	384	28	34	961	0	0	0	1	
4859	76899591	0	0	0	0	1	128	0	1	440	382	28	34	958	0	0	0	1	
4860	76899625	0	0	0	0	1	128	0	1	440	382	28	34	950	0	0	0	1	
4861	76899658	0	0	0	0	1	128	0	1	440	382	28	34	948	0	0	0	1	
4862	76899691	0	0	0	0	1	128	0	1	440	382	28	33	945	0	0	0	1	
4863	76899725	0	0	0	0	1	128	0	1	440	382	28	34	953	0	0	0	1	
4864	76899758	0	0	0	0	1	128	0	1	440	382	28	34	950	0	0	0	1	
4865	76899791	0	0	0	0	1	128	0	1	440	382	28	34	956	0	0	0	1	
4866	76899825	0	0	0	0	1	128	0	1	440	382	28	34	961	0	0	0	1	
4867	76899858	0	0	0	0	1	128	0	1	440	380	29	34	966	0	0	0	1	
4868	76899891	0	0	0	0	1	128	0	1	440	380	29	34	972	0	0	0	1	
4869	76899925	0	0	0	0	1	128	0	1	440	382	29	34	987	0	0	0	1	
4870	76899958	0	0	0	0	1	128	0	1	440	380	29	34	997	0	0	0	1	
4871	76899992	0	0	0	0	1	128	0	1	440	380	29	35	1007	0	0	0	1	
4872	76900025	0	0	0	0	1	128	0	1	440	380	29	35	1020	0	0	0	1	
4873	76900058	0	0	0	0	1	128	0	1	440	380	29	35	1026	0	0	0	1	
4874	76900092	0	0	0	0	1	128	0	1	440	380	30	35	1035	0	0	0	1	
4875	76900125	0	0	0	0	1	128	0	1	436	378	31	35	1075	0	0	0	1	
4876	76900158	0	0	0	0	1	128	0	1	430	372	31	36	1112	0	0	0	1	
4877	76900192	0	0	0	0	1	128	0	1	430	372	31	36	1115	0	0	0	1	
4878	76900225	0	0	0	0	1	128	0	1	430	372	31	36	1117	0	0	0	1	
4879	76900259	0	0	0	0	1	128	0	1	430	370	32	36	1145	0	0	0	1	
4880	76900292	0	0	0	0	1	128	0	1	430	370	31	36	1127	0	0	0	1	
4881	76900325	0	0	0	0	1	128	0	1	430	372	31	36	1133	0	0	0	1	
4882	76900359	0	0	0	0	1	128	0	1	430	372	31	36	1126	0	0	0	1	
4883	76900392	0	0	0	0	1	128	0	1	430	372	31	37	1148	0	0	0	1	
4884	76900425	0	0	0	0	1	128	0	1	430	372	31	36	1132	0	0	0	1	
4885	76900459	0	0	0	0	1	128	0	1	430	372	31	36	1133	0	0	0	1	
4886	76900492	0	0	0	0	1	128	0	1	430	372	31	36	1137	0	0	0	1	
4887	76900525	0	0	0	0	1	128	0	1	430	372	31	36	1144	0	0	0	1	
4888	76900559	0	0	0	0	1	128	0	1	430	372	31	36	1138	0	0	0	1	
4889	76900592	0	0	0	0	1	128	0	1	430	370	31	37	1141	0	0	0	1	
4890	76900626	0	0	0	0	1	128	0	1	430	372	31	36	1141	0	0	0	1	
4891	76900659	0	0	0	0	1	128	0	1	430	370	32	37	1161	0	0	0	1	
4892	76900692	0	0	0	0	1	128	0	1	430	372	31	37	1145	0	0	0	1	
4893	76900726	0	0	0	0	1	128	0	1	430	372	31	37	1143	0	0	0	1	
4894	76900759	0	0	0	0	1	128	0	1	430	372	32	36	1152	0	0	0	1	
4895	76900792	0	0	0	0	1	128	0	1	430	372	31	36	1139	0	0	0	1	
4896	76900826	0	0	0	0	1	128	0	1	426	372	31	36	1119	0	0	0	1	
4897	76900859	0	0	0	0	1	128	0	1	406	366	34	37	1248	0	0	0	1	
4898	76900893	0	0	0	0	1	128	0	1	404	368	34	37	1238	0	0	0	1	
4899	76900926	0	0	0	0	1	128	0	1	404	368	33	37	1227	0	0	0	1	
4900	76900959	0	0	0	0	1	128	0	1	404	368	34	37	1246	0	0	0	1	
4901	76900993	0	0	0	0	1	128	0	1	404	368	34	37	1243	0	0	0	1	
4902	76901026	0	0	0	0	1	128	0	1	404	368	34	37	1244	0	0	0	1	
4903	76901059	0	0	0	0	1	128	0	1	404	370	34	37	1259	0	0	0	1	
4904	76901093	0	0	0	0	1	128	0	1	404	370	34	37	1248	0	0	0	1	
4905	76901126	0	0	0	0	1	128	0	1	404	370	34	37	1246	0	0	0	1	
4906	76901159	0	0	0	0	1	128	0	1	406	370	34	37	1227	0	0	0	1	
4907	76901193	0	0	0	0	1	128	0	1	404	370	34	36	1228	0	0	0	1	
4908	76901226	0	0	0	0	1	128	0	1	404	370	34	37	1234	0	0	0	1	
4909	76901260	0	0	0	0	1	128	0	1	404	370	33	36	1175	0	0	0	1	
4910	76901293	0	0	0	0	1	128	0	1	406	370	33	36	1159	0	0	0	1	
4911	76901326	0	0	0	0	1	128	0	1	406	370	32	35	1150	0	0	0	1	
4912	76901360	0	0	0	0	1	128	0	1	406	370	32	35	1131	0	0	0	1	
4913	76901393	0	0	0	0	1	128	0	1	406	370	32	35	1116	0	0	0	1	
4914	76901426	0	0	0	0	1	128	0	1	406	370	32	35	1116	0	0	0	1	
4915	76901460	0	0	0	0	1	128	0	1	406	370	32	35	1096	0	0	0	1	
4916	76901493	0	0	0	0	1	128	0	1	406	370	31	34	1084	0	0	0	1	
4917	76901526	0	0	0	0	1	128	0	1	406	370	32	34	1087	0	0	0	1	
4918	76901560	0	0	0	0	1	128	0	1	406	372	32	34	1098	0	0	0	1	
4919	76901593	0	0	0	0	1	128	0	1	418	386	28	33	921	0	0	0	1	
4920	76901627	0	0	0	0	1	128	0	1	416	384	31	34	1039	0	0	0	1	
4921	76901660	0	0	0	0	1	128	0	1	416	384	30	34	1034	0	0	0	1	
4922	76901693	0	0	0	0	1	128	0	1	416	384	31	34	1053	0	0	0	1	
4923	76901727	0	0	0	0	1	128	0	1	414	384	31	35	1092	0	0	0	1	
4924	76901760	0	0	0	0	1	128	0	1	416	384	30	34	1041	0	0	0	1	
4925	76901793	0	0	0	0	1	128	0	1	416	384	30	34	1042	0	0	0	1	
4926	76901827	0	0	0	0	1	128	0	1	416	384	30	34	1038	0	0	0	1	
4927	76901860	0	0	0	0	1	128	0	1	416	384	31	34	1043	0	0	0	1	
4928	76901894	0	0	0	0	1	128	0	1	416	384	31	34	1040	0	0	0	1	
4929	76901927	0	0	0	0	1	128	0	1	416	384	31	34	1052	0	0	0	1	
4930	76901960	0	0	0	0	1	128	0	1	416	384	31	34	1058	0	0	0	1	
4931	76901994	0	0	0	0	1	128	0	1	416	384	31	35	1065	0	0	0	1	
4932	76902027	0	0	0	0	1	128	0	1	416	384	30	35	1033	0	0	0	1	
4933	76902060	0	0	0	0	1	128	0	1	416	384	31	35	1082	0	0	0	1	
4934	76902094	0	0	0	0	1	128	0	1	416	384	32	35	1098	0	0	0	1	
4935	76902127	0	0	0	0	1	128	0	1	416	384	31	35	1089	0	0	0	1	
4936	76902161	0	0	0	0	1	128	0	1	416	384	33	35	1146	0	0	0	1	
4937	76902194	0	0	0	0	1	128	0	1	416	384	32	35	1113	0	0	0	1	
4938	76902227	0	0	0	0	1	128	0	1	416	384	32	35	1146	0	0	0	1	
4939	76902261	0	0	0	0	1	128	0	1	418	384	32	35	1129	0	0	0	1	
4940	76902294	0	0	0	0	1	128	0	1	418	384	32	36	1143	0	0	0	1	
4941	76902327	0	0	0	0	1	128	0	1	426	382	34	36	1215	0	0	0	1	
4942	76902361	0	0	0	0	1	128	0	1	438	382	30	36	1085	0	0	0	1	
4943	76902394	0	0	0	0	1	128	0	1	438	382	30	36	1094	0	0	0	1	
4944	76902427	0	0	0	0	1	128	0	1	438	382	31	36	1100	0	0	0	1	
4945	76902461	0	0	0	0	1	128	0	1	438	382	31	36	1107	0	0	0	1	
4946	76902494	0	0	0	0	1	128	0	1	440	382	31	36	1102	0	0	0	1	
4947	76902528	0	0	0	0	1	128	0	1	438	382	31	36	1106	0	0	0	1	
4948	76902561	0	0	0	0	1	128	0	1	438	382	31	36	1106	0	0	0	1	
4949	76902594	0	0	0	0	1	128	0	1	438	382	31	36	1099	0	0	0	1	
4950	76902628	0	0	0	0	1	128	0	1	438	382	31	36	1103	0	0	0	1	
4951	76902661	0	0	0	0	1	128	0	1	436	382	31	36	1102	0	0	0	1	
4952	76902694	0	0	0	0	1	128	0	1	436	382	31	36	1107	0	0	0	1	
4953	76902728	0	0	0	0	1	128	0	1	436	382	31	36	1099	0	0	0	1	
4954	76902761	0	0	0	0	1	128	0	1	436	382	31	36	1105	0	0	0	1	
4955	76902794	0	0	0	0	1	128	0	1	436	380	31	36	1100	0	0	0	1	
4956	76902828	0	0	0	0	1	128	0	1	436	380	31	36	1100	0	0	0	1	
4957	76902861	0	0	0	0	1	128	0	1	436	380	31	36	1101	0	0	0	1	
4958	76902895	0	0	0	0	1	128	0	1	436	380	31	36	1112	0	0	0	1	
4959	76902928	0	0	0	0	1	128	0	1	436	380	31	36	1109	0	0	0	1	
4960	76902961	0	0	0	0	1	128	0	1	436	380	31	36	1116	0	0	0	1	
4961	76902995	0	0	0	0	1	128	0	1	436	380	31	36	1136	0	0	0	1	
4962	76903028	0	0	0	0	1	128	0	1	436	380	31	36	1137	0	0	0	1	
4963	76903061	0	0	0	0	1	128	0	1	436	380	32	37	1157	0	0	0	1	
4964	76903095	0	0	0	0	1	128	0	1	436	380	31	37	1149	0	0	0	1	
4965	76903128	0	0	0	0	1	128	0	1	436	380	32	37	1172	0	0	0	1	
4966	76903162	0	0	0	0	1	128	0	1	436	380	32	37	1184	0	0	0	1	
4967	76903195	0	0	0	0	1	128	0	1	436	380	32	37	1189	0	0	0	1	
4968	76903228	0	0	0	0	1	128	0	1	436	380	32	37	1193	0	0	0	1	
4969	76903262	0	0	0	0	1	128	0	1	436	380	32	37	1195	0	0	0	1	
4970	76903295	0	0	0	0	1	128	0	1	436	380	32	37	1194	0	0	0	1	
4971	76903328	0	0	0	0	1	128	0	1	434	380	32	37	1204	0	0	0	1	
4972	76903362	0	0	0	0	1	128	0	1	434	380	33	37	1209	0	0	0	1	
4973	76903395	0	0	0	0	1	128	0	1	434	380	32	37	1212	0	0	0	1	
4974	76903429	0	0	0	0	1	128	0	1	434	380	32	37	1204	0	0	0	1	
4975	76903462	0	0	0	0	1	128	0	1	434	380	32	37	1206	0	0	0	1	
4976	76903495	0	0	0	0	1	128	0	1	434	380	32	37	1205	0	0	0	1	
4977	76903529	0	0	0	0	1	128	0	1	434	380	32	37	1203	0	0	0	1	
4978	76903562	0	0	0	0	1	128	0	1	434	380	32	37	1201	0	0	0	1	
4979	76903595	0	0	0	0	1	128	0	1	436	380	32	37	1206	0	0	0	1	
4980	76903629	0	0	0	0	1	128	0	1	436	382	32	37	1185	0	0	0	1	
4981	76903662	0	0	0	0	1	128	0	1	436	382	32	37	1184	0	0	0	1	
4982	76903695	0	0	0	0	1	128	0	1	436	382	32	37	1186	0	0	0	1	
4983	76903729	0	0	0	0	1	128	0	1	436	382	32	37	1188	0	0	0	1	
4984	76903762	0	0	0	0	1	128	0	1	436	382	32	37	1181	0	0	0	1	
4985	76903795	0	0	0	0	1	128	0	1	436	382	32	37	1176	0	0	0	1	
4986	76903829	0	0	0	0	1	128	0	1	436	382	32	37	1180	0	0	0	1	
4987	76903862	0	0	0	0	1	128	0	1	436	382	32	37	1161	0	0	0	1	
4988	76903896	0	0	0	0	1	128	0	1	436	382	32	37	1177	0	0	0	1	
4989	76903929	0	0	0	0	1	128	0	1	436	382	32	37	1175	0	0	0	1	
4990	76903962	0	0	0	0	1	128	0	1	436	382	32	37	1178	0	0	0	1	
4991	76903996	0	0	0	0	1	128	0	1	436	382	32	37	1179	0	0	0	1	
4992	76904029	0	0	0	0	1	128	0	1	436	382	32	37	1179	0	0	0	1	
4993	76904063	0	0	0	0	1	128	0	1	436	382	32	37	1179	0	0	0	1	
4994	76904096	0	0	0	0	1	128	0	1	436	382	32	37	1171	0	0	0	1	
4995	76904129	0	0	0	0	1	128	0	1	436	382	32	37	1182	0	0	0	1	
4996	76904163	0	0	0	0	1	128	0	1	436	380	32	37	1181	0	0	0	1	
4997	76904196	0	0	0	0	1	128	0	1	432	372	32	37	1199	0	0	0	1	
4998	76904229	0	0	0	0	1	128	0	1	430	370	32	37	1179	0	0	0	1	
4999	76904263	0	0	0	0	1	128	0	1	430	370	31	37	1162	0	0	0	1	
5000	76904296	0	0	0	0	1	128	0	1	428	368	32	37	1210	0	0	0	1	
5001	76904329	0	0	0	0	1	128	0	1	430	368	30	37	1121	0	0	0	1	
5002	76904363	0	0	0	0	1	128	0	1	428	368	32	37	1192	0	0	0	1	
5003	76904396	0	0	0	0	1	128	0	1	428	366	32	37	1186	0	0	0	1	
5004	76904430	0	0	0	0	1	128	0	1	428	366	32	37	1206	0	0	0	1	
5005	76904463	0	0	0	0	1	128	0	1	426	364	33	37	1215	0	0	0	1	
5006	76904496	0	0	0	0	1	128	0	1	426	362	33	37	1211	0	0	0	1	
5007	76904530	0	0	0	0	1	128	0	1	426	362	33	37	1213	0	0	0	1	
5008	76904563	0	0	0	0	1	128	0	1	424	360	33	37	1230	0	0	0	1	
5009	76904596	0	0	0	0	1	128	0	1	424	360	33	37	1236	0	0	0	1	
5010	76904630	0	0	0	0	1	128	0	1	424	360	33	37	1209	0	0	0	1	
5011	76904663	0	0	0	0	1	128	0	1	422	358	33	37	1232	0	0	0	1	
5012	76904697	0	0	0	0	1	128	0	1	422	358	33	37	1206	0	0	0	1	
5013	76904730	0	0	0	0	1	128	0	1	422	358	33	37	1213	0	0	0	1	
5014	76904763	0	0	0	0	1	128	0	1	422	358	32	36	1180	0	0	0	1	
5015	76904797	0	0	0	0	1	128	0	1	422	358	33	37	1205	0	0	0	1	
5016	76904830	0	0	0	0	1	128	0	1	422	358	32	36	1183	0	0	0	1	
5017	76904863	0	0	0	0	1	128	0	1	424	360	32	36	1148	0	0	0	1	
5018	76904897	0	0	0	0	1	128	0	1	424	360	32	36	1142	0	0	0	1	
5019	76904930	0	0	0	0	1	128	0	1	422	360	32	36	1173	0	0	0	1	
5020	76904963	0	0	0	0	1	128	0	1	424	360	31	36	1127	0	0	0	1	
5021	76904997	0	0	0	0	1	128	0	1	424	360	31	35	1104	0	0	0	1	
5022	76905030	0	0	0	0	1	128	0	1	424	360	31	36	1109	0	0	0	1	
5023	76905064	0	0	0	0	1	128	0	1	424	360	29	35	1029	0	0	0	1	
5024	76905097	0	0	0	0	1	128	0	1	424	360	30	35	1056	0	0	0	1	
5025	76905130	0	0	0	0	1	128	0	1	424	360	30	35	1056	0	0	0	1	
5026	76905164	0	0	0	0	1	128	0	1	424	360	30	35	1033	0	0	0	1	
5027	76905197	0	0	0	0	1	128	0	1	424	360	30	35	1048	0	0	0	1	
5028	76905230	0	0	0	0	1	128	0	1	424	360	30	34	1024	0	0	0	1	
5029	76905264	0	0	0	0	1	128	0	1	424	360	30	34	1018	0	0	0	1	
5030	76905297	0	0	0	0	1	128	0	1	424	362	29	33	978	0	0	0	1	
5031	76905330	0	0	0	0	1	128	0	1	422	360	30	34	999	0	0	0	1	
5032	76905364	0	0	0	0	1	128	0	1	424	360	29	33	979	0	0	0	1	
5033	76905397	0	0	0	0	1	128	0	1	424	362	29	33	967	0	0	0	1	
5034	76905431	0	0	0	0	1	128	0	1	424	362	29	33	960	0	0	0	1	
5035	76905464	0	0	0	0	1	128	0	1	424	362	29	33	942	0	0	0	1	
5036	76905497	0	0	0	0	1	128	0	1	422	360	29	34	996	0	0	0	1	
5037	76905531	0	0	0	0	1	128	0	1	422	360	29	34	978	0	0	0	1	
5038	76905564	0	0	0	0	1	128	0	1	424	360	29	33	968	0	0	0	1	
5039	76905597	0	0	0	0	1	128	0	1	424	360	29	33	956	0	0	0	1	
5040	76905631	0	0	0	0	1	128	0	1	422	362	29	33	969	0	0	0	1	
5041	76905664	0	0	0	0	1	128	0	1	424	362	29	33	952	0	0	0	1	
5042	76905698	0	0	0	0	1	128	0	1	424	362	29	33	942	0	0	0	1	
5043	76905731	0	0	0	0	1	128	0	1	424	362	29	33	953	0	0	0	1	
5044	76905764	0	0	0	0	1	128	0	1	422	360	29	33	977	0	0	0	1	
5045	76905798	0	0	0	0	1	128	0	1	420	360	30	33	986	0	0	0	1	
5046	76905831	0	0	0	0	1	128	0	1	414	360	30	33	1002	0	0	0	1	
5047	76905864	0	0	0	0	1	128	0	1	412	360	30	34	1007	0	0	0	1	
5048	76905898	0	0	0	0	1	128	0	1	412	360	31	34	1037	0	0	0	1	
5049	76905931	0	0	0	0	1	128	0	1	412	360	31	34	1040	0	0	0	1	
5050	76905965	0	0	0	0	1	128	0	1	410	360	30	33	1005	0	0	0	1	
5051	76905998	0	0	0	0	1	128	0	1	412	360	29	34	986	0	0	0	1	
5052	76906031	0	0	0	0	1	128	0	1	402	360	31	34	1047	0	0	0	1	
5053	76906065	0	0	0	0	1	128	0	1	400	360	32	34	1092	0	0	0	1	
5054	76906098	0	0	0	0	1	128	0	1	400	360	32	34	1092	0	0	0	1	
5055	76906131	0	0	0	0	1	128	0	1	400	360	32	34	1073	0	0	0	1	
5056	76906165	0	0	0	0	1	128	0	1	400	360	32	34	1086	0	0	0	1	
5057	76906198	0	0	0	0	1	128	0	1	398	360	32	34	1096	0	0	0	1	
5058	76906231	0	0	0	0	1	128	0	1	398	360	31	34	1049	0	0	0	1	
5059	76906265	0	0	0	0	1	128	0	1	396	360	32	34	1098	0	0	0	1	
5060	76906298	0	0	0	0	1	128	0	1	394	360	31	34	1063	0	0	0	1	
5061	76906332	0	0	0	0	1	128	0	1	390	358	32	35	1101	0	0	0	1	
5062	76906365	0	0	0	0	1	128	0	1	390	358	32	34	1072	0	0	0	1	
5063	76906398	0	0	0	0	1	128	0	1	388	358	33	34	1118	0	0	0	1	
5064	76906432	0	0	0	0	1	128	0	1	388	358	31	34	1066	0	0	0	1	
5065	76906465	0	0	0	0	1	128	0	1	388	358	31	33	1036	0	0	0	1	
5066	76906498	0	0	0	0	1	128	0	1	386	358	33	34	1114	0	0	0	1	
5067	76906532	0	0	0	0	1	128	0	1	386	358	31	33	1037	0	0	0	1	
5068	76906565	0	0	0	0	1	128	0	1	382	358	31	34	1057	0	0	0	1	
5069	76906598	0	0	0	0	1	128	0	1	380	358	32	33	1055	0	0	0	1	
5070	76906632	0	0	0	0	1	128	0	1	380	358	31	33	1028	0	0	0	1	
5071	76906665	0	0	0	0	1	128	0	1	380	358	31	33	1029	0	0	0	1	
5072	76906699	0	0	0	0	1	128	0	1	380	358	31	33	1020	0	0	0	1	
5073	76906732	0	0	0	0	1	128	0	1	378	358	31	32	1011	0	0	0	1	
5074	76906765	0	0	0	0	1	128	0	1	378	358	31	32	1001	0	0	0	1	
5075	76906799	0	0	0	0	1	128	0	1	376	358	29	32	942	0	0	0	1	
5076	76906832	0	0	0	0	1	128	0	1	374	358	32	32	1028	0	0	0	1	
5077	76906865	0	0	0	0	1	128	0	1	374	358	32	32	1006	0	0	0	1	
5078	76906899	0	0	0	0	1	128	0	1	374	358	31	32	1000	0	0	0	1	
5079	76906932	0	0	0	0	1	128	0	1	376	358	30	32	963	0	0	0	1	
5080	76906966	0	0	0	0	1	128	0	1	374	358	30	32	967	0	0	0	1	
5081	76906999	0	0	0	0	1	128	0	1	376	358	30	32	969	0	0	0	1	
5082	76907032	0	0	0	0	1	128	0	1	376	356	31	32	991	0	0	0	1	
5083	76907066	0	0	0	0	1	128	0	1	376	358	30	32	959	0	0	0	1	
5084	76907099	0	0	0	0	1	128	0	1	376	358	30	32	950	0	0	0	1	
5085	76907132	0	0	0	0	1	128	0	1	376	358	30	31	944	0	0	0	1	
5086	76907166	0	0	0	0	1	128	0	1	376	358	30	31	937	0	0	0	1	
5087	76907199	0	0	0	0	1	128	0	1	376	358	30	32	945	0	0	0	1	
5088	76907232	0	0	0	0	1	128	0	1	376	356	30	31	950	0	0	0	1	
5089	76907266	0	0	0	0	1	128	0	1	376	356	30	31	933	0	0	0	1	
5090	76907299	0	0	0	0	1	128	0	1	376	356	30	32	962	0	0	0	1	
5091	76907333	0	0	0	0	1	128	0	1	376	358	30	31	925	0	0	0	1	
5092	76907366	0	0	0	0	1	128	0	1	376	356	30	31	945	0	0	0	1	
5093	76907399	0	0	0	0	1	128	0	1	376	358	30	31	922	0	0	0	1	
5094	76907433	0	0	0	0	1	128	0	1	376	356	30	31	944	0	0	0	1	
5095	76907466	0	0	0	0	1	128	0	1	376	356	30	32	955	0	0	0	1	
5096	76907499	0	0	0	0	1	128	0	1	378	358	30	31	902	0	0	0	1	
5097	76907533	0	0	0	0	1	128	0	1	378	358	29	31	911	0	0	0	1	
5098	76907566	0	0	0	0	1	128	0	1	378	358	30	31	913	0	0	0	1	
5099	76907599	0	0	0	0	1	128	0	1	378	358	29	31	910	0	0	0	1	
5100	76907633	0	0	0	0	1	128	0	1	376	356	30	31	939	0	0	0	1	
5101	76907666	0	0	0	0	1	128	0	1	378	358	29	31	913	0	0	0	1	
5102	76907700	0	0	0	0	1	128	0	1	378	358	30	31	918	0	0	0	1	
5103	76907733	0	0	0	0	1	128	0	1	370	360	29	43	1264	0	0	0	1	
5104	76907766	0	0	0	0	1	128	0	1	378	358	30	31	951	0	0	0	1	
5105	76907800	0	0	0	0	1	128	0	1	378	358	30	31	923	0	0	0	1	
5106	76907833	0	0	0	0	1	128	0	1	378	358	30	31	928	0	0	0	1	
5107	76907866	0	0	0	0	1	128	0	1	378	358	30	31	925	0	0	0	1	
5108	76907900	0	0	0	0	1	128	0	1	380	358	30	31	936	0	0	0	1	
5109	76907933	0	0	0	0	1	128	0	1	390	360	28	31	860	0	0	0	1	
5110	76907967	0	0	0	0	1	128	0	1	390	360	29	31	887	0	0	0	1	
5111	76908000	0	0	0	0	1	128	0	1	394	360	27	31	829	0	0	0	1	
5112	76908033	0	0	0	0	1	128	0	1	396	360	28	31	852	0	0	0	1	
5113	76908067	0	0	0	0	1	128	0	1	398	362	27	31	828	0	0	0	1	
5114	76908100	0	0	0	0	1	128	0	1	400	362	27	30	824	0	0	0	1	
5115	76908133	0	0	0	0	1	128	0	1	402	362	28	30	864	0	0	0	1	
5116	76908167	0	0	0	0	1	128	0	1	402	360	29	31	885	0	0	0	1	
5117	76908200	0	0	0	0	1	128	0	1	404	360	28	31	876	0	0	0	1	
5118	76908233	0	0	0	0	1	128	0	1	404	358	29	33	952	0	0	0	1	
5119	76908267	0	0	0	0	1	128	0	1	404	362	29	31	887	0	0	0	1	
5120	76908300	0	0	0	0	1	128	0	1	404	362	28	31	876	0	0	0	1	
5121	76908334	0	0	0	0	1	128	0	1	404	360	29	31	918	0	0	0	1	
5122	76908367	0	0	0	0	1	128	0	1	406	362	29	31	900	0	0	0	1	
5123	76908400	0	0	0	0	1	128	0	1	408	362	28	31	884	0	0	0	1	
5124	76908434	0	0	0	0	1	128	0	1	410	362	29	31	898	0	0	0	1	
5125	76908467	0	0	0	0	1	128	0	1	412	362	29	31	889	0	0	0	1	
5126	76908500	0	0	0	0	1	128	0	1	412	364	29	31	873	0	0	0	1	
5127	76908534	0	0	0	0	1	128	0	1	414	362	28	31	880	0	0	0	1	
5128	76908567	0	0	0	0	1	128	0	1	416	362	29	31	896	0	0	0	1	
5129	76908601	0	0	0	0	1	128	0	1	416	362	28	31	869	0	0	0	1	
5130	76908634	0	0	0	0	1	128	0	1	418	362	28	31	881	0	0	0	1	
5131	76908667	0	0	0	0	1	128	0	1	418	362	28	32	909	0	0	0	1	
5132	76908701	0	0	0	0	1	128	0	1	420	362	28	31	877	0	0	0	1	
5133	76908734	0	0	0	0	1	128	0	1	420	362	28	31	885	0	0	0	1	
5134	76908767	0	0	0	0	1	128	0	1	422	362	28	31	877	0	0	0	1	
5135	76908801	0	0	0	0	1	128	0	1	422	362	28	32	904	0	0	0	1	
5136	76908834	0	0	0	0	1	128	0	1	424	362	27	32	848	0	0	0	1	
5137	76908867	0	0	0	0	1	128	0	1	426	362	28	32	886	0	0	0	1	
5138	76908901	0	0	0	0	1	128	0	1	426	362	28	31	883	0	0	0	1	
5139	76908934	0	0	0	0	1	128	0	1	426	362	28	31	884	0	0	0	1	
5140	76908968	0	0	0	0	1	128	0	1	426	362	28	32	890	0	0	0	1	
5141	76909001	0	0	0	0	1	128	0	1	426	362	28	32	882	0	0	0	1	
5142	76909034	0	0	0	0	1	128	0	1	424	362	28	32	896	0	0	0	1	
5143	76909068	0	0	0	0	1	128	0	1	424	362	28	32	877	0	0	0	1	
5144	76909101	0	0	0	0	1	128	0	1	424	362	28	32	896	0	0	0	1	
5145	76909134	0	0	0	0	1	128	0	1	424	362	28	32	891	0	0	0	1	
5146	76909168	0	0	0	0	1	128	0	1	424	362	28	32	884	0	0	0	1	
5147	76909201	0	0	0	0	1	128	0	1	424	362	28	32	894	0	0	0	1	
5148	76909235	0	0	0	0	1	128	0	1	424	362	28	32	913	0	0	0	1	
5149	76909268	0	0	0	0	1	128	0	1	424	362	28	32	897	0	0	0	1	
5150	76909301	0	0	0	0	1	128	0	1	424	362	28	32	909	0	0	0	1	
5151	76909335	0	0	0	0	1	128	0	1	424	362	28	32	910	0	0	0	1	
5152	76909368	0	0	0	0	1	128	0	1	424	362	28	32	906	0	0	0	1	
5153	76909401	0	0	0	0	1	128	0	1	424	362	29	32	922	0	0	0	1	
5154	76909435	0	0	0	0	1	128	0	1	424	362	29	32	921	0	0	0	1	
5155	76909468	0	0	0	0	1	128	0	1	424	362	29	32	918	0	0	0	1	
5156	76909502	0	0	0	0	1	128	0	1	424	362	29	32	918	0	0	0	1	
5157	76909535	0	0	0	0	1	128	0	1	424	360	29	33	966	0	0	0	1	
5158	76909568	0	0	0	0	1	128	0	1	424	360	29	33	960	0	0	0	1	
5159	76909602	0	0	0	0	1	128	0	1	424	360	29	34	995	0	0	0	1	
5160	76909635	0	0	0	0	1	128	0	1	424	362	29	33	946	0	0	0	1	
5161	76909668	0	0	0	0	1	128	0	1	426	362	27	32	867	0	0	0	1	
5162	76909702	0	0	0	0	1	128	0	1	424	362	29	32	931	0	0	0	1	
5163	76909735	0	0	0	0	1	128	0	1	424	362	29	32	932	0	0	0	1	
5164	76909768	0	0	0	0	1	128	0	1	420	374	29	32	948	0	0	0	1	
5165	76909802	0	0	0	0	1	128	0	1	418	376	30	32	961	0	0	0	1	
5166	76909835	0	0	0	0	1	128	0	1	418	378	30	33	968	0	0	0	1	
5167	76909869	0	0	0	0	1	128	0	1	418	380	30	33	983	0	0	0	1	
5168	76909902	0	0	0	0	1	128	0	1	418	380	30	35	1062	0	0	0	1	
5169	76909935	0	0	0	0	1	128	0	1	418	384	29	33	968	0	0	0	1	
5170	76909969	0	0	0	0	1	128	0	1	418	386	29	33	963	0	0	0	1	
5171	76910002	0	0	0	0	1	128	0	1	416	386	29	33	966	0	0	0	1	
5172	76910035	0	0	0	0	1	128	0	1	416	388	29	33	967	0	0	0	1	
5173	76910069	0	0	0	0	1	128	0	1	416	388	30	33	973	0	0	0	1	
5174	76910102	0	0	0	0	1	128	0	1	416	390	29	33	954	0	0	0	1	
5175	76910136	0	0	0	0	1	128	0	1	414	390	29	33	957	0	0	0	1	
5176	76910169	0	0	0	0	1	128	0	1	414	392	29	33	957	0	0	0	1	
5177	76910202	0	0	0	0	1	128	0	1	414	394	29	33	955	0	0	0	1	
5178	76910236	0	0	0	0	1	128	0	1	414	394	29	33	946	0	0	0	1	
5179	76910269	0	0	0	0	1	128	0	1	412	394	30	33	973	0	0	0	1	
5180	76910302	0	0	0	0	1	128	0	1	412	396	29	32	957	0	0	0	1	
5181	76910336	0	0	0	0	1	128	0	1	412	398	29	33	960	0	0	0	1	
5182	76910369	0	0	0	0	1	128	0	1	412	398	29	33	947	0	0	0	1	
5183	76910402	0	0	0	0	1	128	0	1	412	398	30	33	979	0	0	0	1	
5184	76910436	0	0	0	0	1	128	0	1	410	402	29	33	960	0	0	0	1	
5185	76910469	0	0	0	0	1	128	0	1	410	404	30	33	994	0	0	0	1	
5186	76910503	0	0	0	0	1	128	0	1	410	404	30	33	1005	0	0	0	1	
5187	76910536	0	0	0	0	1	128	0	1	408	404	30	33	996	0	0	0	1	
5188	76910569	0	0	0	0	1	128	0	1	408	406	30	33	986	0	0	0	1	
5189	76910603	0	0	0	0	1	128	0	1	408	406	30	33	986	0	0	0	1	
5190	76910636	0	0	0	0	1	128	0	1	408	406	30	33	984	0	0	0	1	
5191	76910669	0	0	0	0	1	128	0	1	408	408	29	33	979	0	0	0	1	
5192	76910703	0	0	0	0	1	128	0	1	408	412	27	33	879	0	0	0	1	
5193	76910736	0	0	0	0	1	128	0	1	408	414	27	32	863	0	0	0	1	
5194	76910769	0	0	0	0	1	128	0	1	406	414	28	33	915	0	0	0	1	
5195	76910803	0	0	0	0	1	128	0	1	406	414	28	33	925	0	0	0	1	
5196	76910836	0	0	0	0	1	128	0	1	406	414	29	33	970	0	0	0	1	
5197	76910870	0	0	0	0	1	128	0	1	404	414	30	33	980	0	0	0	1	
5198	76910903	0	0	0	0	1	128	0	1	404	414	29	33	963	0	0	0	1	
5199	76910936	0	0	0	0	1	128	0	1	404	416	29	33	973	0	0	0	1	
5200	76910970	0	0	0	0	1	128	0	1	400	422	29	33	956	0	0	0	1	
5201	76911003	0	0	0	0	1	128	0	1	400	426	29	33	951	0	0	0	1	
5202	76911036	0	0	0	0	1	128	0	1	400	426	29	32	947	0	0	0	1	
5203	76911070	0	0	0	0	1	128	0	1	398	426	29	33	949	0	0	0	1	
5204	76911103	0	0	0	0	1	128	0	1	398	426	29	33	947	0	0	0	1	
5205	76911137	0	0	0	0	1	128	0	1	398	426	29	33	954	0	0	0	1	
5206	76911170	0	0	0	0	1	128	0	1	398	426	29	33	959	0	0	0	1	
5207	76911203	0	0	0	0	1	128	0	1	398	426	29	33	957	0	0	0	1	
5208	76911237	0	0	0	0	1	128	0	1	400	422	29	33	964	0	0	0	1	
5209	76911270	0	0	0	0	1	128	0	1	400	424	29	33	958	0	0	0	1	
5210	76911303	0	0	0	0	1	128	0	1	400	422	29	33	963	0	0	0	1	
5211	76911337	0	0	0	0	1	128	0	1	400	422	29	33	960	0	0	0	1	
5212	76911370	0	0	0	0	1	128	0	1	400	422	29	33	964	0	0	0	1	
5213	76911404	0	0	0	0	1	128	0	1	400	422	29	33	971	0	0	0	1	
5214	76911437	0	0	0	0	1	128	0	1	400	422	29	33	960	0	0	0	1	
5215	76911470	0	0	0	0	1	128	0	1	400	422	29	33	966	0	0	0	1	
5216	76911504	0	0	0	0	1	128	0	1	402	422	29	33	965	0	0	0	1	
5217	76911537	0	0	0	0	1	128	0	1	402	422	29	33	965	0	0	0	1	
5218	76911570	0	0	0	0	1	128	0	1	402	422	30	33	984	0	0	0	1	
5219	76911604	0	0	0	0	1	128	0	1	402	422	30	33	980	0	0	0	1	
5220	76911637	0	0	0	0	1	128	0	1	400	422	29	33	977	0	0	0	1	
5221	76911670	0	0	0	0	1	128	0	1	402	422	29	33	981	0	0	0	1	
5222	76911704	0	0	0	0	1	128	0	1	402	422	30	34	1013	0	0	0	1	
5223	76911737	0	0	0	0	1	128	0	1	402	422	29	33	975	0	0	0	1	
5224	76911771	0	0	0	0	1	128	0	1	400	422	30	33	1002	0	0	0	1	
5225	76911804	0	0	0	0	1	128	0	1	400	422	30	34	1005	0	0	0	1	
5226	76911837	0	0	0	0	1	128	0	1	400	422	30	34	1022	0	0	0	1	
5227	76911871	0	0	0	0	1	128	0	1	400	422	30	34	1029	0	0	0	1	
5228	76911904	0	0	0	0	1	128	0	1	400	422	30	34	1022	0	0	0	1	
5229	76911937	0	0	0	0	1	128	0	1	402	422	30	34	1008	0	0	0	1	
5230	76911971	0	0	0	0	1	128	0	1	402	422	30	34	1001	0	0	0	1	
5231	76912004	0	0	0	0	1	128	0	1	400	422	30	34	1014	0	0	0	1	
5232	76912037	0	0	0	0	1	128	0	1	400	422	31	34	1054	0	0	0	1	
5233	76912071	0	0	0	0	1	128	0	1	400	422	30	34	1020	0	0	0	1	
5234	76912104	0	0	0	0	1	128	0	1	400	422	30	34	1043	0	0	0	1	
5235	76912138	0	0	0	0	1	128	0	1	400	422	30	35	1049	0	0	0	1	
5236	76912171	0	0	0	0	1	128	0	1	410	412	26	34	899	0	0	0	1	
5237	76912204	0	0	0	0	1	128	0	1	406	402	32	35	1115	0	0	0	1	
5238	76912238	0	0	0	0	1	128	0	1	406	402	32	35	1110	0	0	0	1	
5239	76912271	0	0	0	0	1	128	0	1	408	400	32	35	1116	0	0	0	1	
5240	76912304	0	0	0	0	1	128	0	1	408	398	32	36	1147	0	0	0	1	
5241	76912338	0	0	0	0	1	128	0	1	408	398	32	35	1113	0	0	0	1	
5242	76912371	0	0	0	0	1	128	0	1	410	396	32	35	1130	0	0	0	1	
5243	76912405	0	0	0	0	1	128	0	1	410	396	32	35	1138	0	0	0	1	
5244	76912438	0	0	0	0	1	128	0	1	412	396	29	35	1022	0	0	0	1	
5245	76912471	0	0	0	0	1	128	0	1	410	394	32	35	1124	0	0	0	1	
5246	76912505	0	0	0	0	1	128	0	1	412	392	32	36	1138	0	0	0	1	
5247	76912538	0	0	0	0	1	128	0	1	412	390	32	35	1125	0	0	0	1	
5248	76912571	0	0	0	0	1	128	0	1	412	390	31	36	1114	0	0	0	1	
5249	76912605	0	0	0	0	1	128	0	1	412	388	32	35	1138	0	0	0	1	
5250	76912638	0	0	0	0	1	128	0	1	414	388	32	35	1122	0	0	0	1	
5251	76912672	0	0	0	0	1	128	0	1	414	386	32	35	1129	0	0	0	1	
5252	76912705	0	0	0	0	1	128	0	1	414	384	32	36	1139	0	0	0	1	
5253	76912738	0	0	0	0	1	128	0	1	414	384	32	36	1133	0	0	0	1	
5254	76912772	0	0	0	0	1	128	0	1	416	382	32	36	1133	0	0	0	1	
5255	76912805	0	0	0	0	1	128	0	1	416	382	32	36	1153	0	0	0	1	
5256	76912838	0	0	0	0	1	128	0	1	416	380	32	36	1147	0	0	0	1	
5257	76912872	0	0	0	0	1	128	0	1	416	380	32	36	1140	0	0	0	1	
5258	76912905	0	0	0	0	1	128	0	1	416	378	32	36	1149	0	0	0	1	
5259	76912938	0	0	0	0	1	128	0	1	416	376	32	36	1176	0	0	0	1	
5260	76912972	0	0	0	0	1	128	0	1	418	376	31	36	1116	0	0	0	1	
5261	76913005	0	0	0	0	1	128	0	1	418	376	32	36	1130	0	0	0	1	
5262	76913039	0	0	0	0	1	128	0	1	418	374	32	35	1136	0	0	0	1	
5263	76913072	0	0	0	0	1	128	0	1	418	374	32	36	1138	0	0	0	1	
5264	76913105	0	0	0	0	1	128	0	1	418	372	32	36	1128	0	0	0	1	
5265	76913139	0	0	0	0	1	128	0	1	418	372	32	35	1127	0	0	0	1	
5266	76913172	0	0	0	0	1	128	0	1	418	372	32	35	1108	0	0	0	1	
5267	76913205	0	0	0	0	1	128	0	1	418	370	32	37	1174	0	0	0	1	
5268	76913239	0	0	0	0	1	128	0	1	420	370	31	36	1101	0	0	0	1	
5269	76913272	0	0	0	0	1	128	0	1	420	368	31	36	1115	0	0	0	1	
5270	76913305	0	0	0	0	1	128	0	1	420	366	31	35	1081	0	0	0	1	
5271	76913339	0	0	0	0	1	128	0	1	420	366	31	35	1080	0	0	0	1	
5272	76913372	0	0	0	0	1	128	0	1	420	364	31	35	1080	0	0	0	1	
5273	76913406	0	0	0	0	1	128	0	1	420	364	31	35	1083	0	0	0	1	
5274	76913439	0	0	0	0	1	128	0	1	420	362	31	34	1068	0	0	0	1	
5275	76913472	0	0	0	0	1	128	0	1	422	356	31	35	1066	0	0	0	1	
5276	76913506	0	0	0	0	1	128	0	1	422	356	30	35	1055	0	0	0	1	
5277	76913539	0	0	0	0	1	128	0	1	422	356	30	34	1029	0	0	0	1	
5278	76913572	0	0	0	0	1	128	0	1	422	356	31	34	1049	0	0	0	1	
5279	76913606	0	0	0	0	1	128	0	1	422	356	31	34	1045	0	0	0	1	
5280	76913639	0	0	0	0	1	128	0	1	424	356	29	34	993	0	0	0	1	
5281	76913673	0	0	0	0	1	128	0	1	422	358	31	35	1056	0	0	0	1	
5282	76913706	0	0	0	0	1	128	0	1	422	358	30	35	1058	0	0	0	1	
5283	76913739	0	0	0	0	1	128	0	1	422	358	31	35	1066	0	0	0	1	
5284	76913773	0	0	0	0	1	128	0	1	422	358	30	34	1048	0	0	0	1	
5285	76913806	0	0	0	0	1	128	0	1	422	358	30	35	1048	0	0	0	1	
5286	76913839	0	0	0	0	1	128	0	1	422	358	30	35	1054	0	0	0	1	
5287	76913873	0	0	0	0	1	128	0	1	422	358	31	34	1052	0	0	0	1	
5288	76913906	0	0	0	0	1	128	0	1	422	358	31	34	1059	0	0	0	1	
5289	76913939	0	0	0	0	1	128	0	1	422	358	30	34	1029	0	0	0	1	
5290	76913973	0	0	0	0	1	128	0	1	422	358	30	34	1008	0	0	0	1	
5291	76914006	0	0	0	0	1	128	0	1	422	358	30	34	1011	0	0	0	1	
5292	76914040	0	0	0	0	1	128	0	1	422	358	30	34	1025	0	0	0	1	
5293	76914073	0	0	0	0	1	128	0	1	422	358	30	33	998	0	0	0	1	
5294	76914106	0	0	0	0	1	128	0	1	422	358	29	34	992	0	0	0	1	
5295	76914140	0	0	0	0	1	128	0	1	422	358	30	33	991	0	0	0	1	
5296	76914173	0	0	0	0	1	128	0	1	422	358	30	33	1004	0	0	0	1	
5297	76914206	0	0	0	0	1	128	0	1	422	358	30	33	990	0	0	0	1	
5298	76914240	0	0	0	0	1	128	0	1	422	358	30	33	990	0	0	0	1	
5299	76914273	0	0	0	0	1	128	0	1	422	358	30	33	997	0	0	0	1	
5300	76914307	0	0	0	0	1	128	0	1	402	368	31	34	1045	0	0	0	1	
5301	76914340	0	0	0	0	1	128	0	1	400	370	31	34	1044	0	0	0	1	
5302	76914373	0	0	0	0	1	128	0	1	398	370	31	34	1073	0	0	0	1	
5303	76914407	0	0	0	0	1	128	0	1	398	370	31	34	1056	0	0	0	1	
5304	76914440	0	0	0	0	1	128	0	1	398	370	32	34	1071	0	0	0	1	
5305	76914473	0	0	0	0	1	128	0	1	398	370	32	34	1080	0	0	0	1	
5306	76914507	0	0	0	0	1	128	0	1	398	370	32	34	1085	0	0	0	1	
5307	76914540	0	0	0	0	1	128	0	1	398	370	32	34	1078	0	0	0	1	
5308	76914573	0	0	0	0	1	128	0	1	398	370	31	34	1075	0	0	0	1	
5309	76914607	0	0	0	0	1	128	0	1	398	370	31	34	1064	0	0	0	1	
5310	76914640	0	0	0	0	1	128	0	1	398	370	31	34	1068	0	0	0	1	
5311	76914674	0	0	0	0	1	128	0	1	398	370	31	34	1072	0	0	0	1	
5312	76914707	0	0	0	0	1	128	0	1	398	370	31	34	1054	0	0	0	1	
5313	76914740	0	0	0	0	1	128	0	1	398	370	31	34	1049	0	0	0	1	
5314	76914774	0	0	0	0	1	128	0	1	400	370	31	34	1034	0	0	0	1	
5315	76914807	0	0	0	0	1	128	0	1	398	370	31	34	1055	0	0	0	1	
5316	76914840	0	0	0	0	1	128	0	1	400	368	31	34	1053	0	0	0	1	
5317	76914874	0	0	0	0	1	128	0	1	406	366	31	33	1041	0	0	0	1	
5318	76914907	0	0	0	0	1	128	0	1	408	366	31	33	1035	0	0	0	1	
5319	76914941	0	0	0	0	1	128	0	1	408	368	30	33	991	0	0	0	1	
5320	76914974	0	0	0	0	1	128	0	1	408	366	31	33	1017	0	0	0	1	
5321	76915007	0	0	0	0	1	128	0	1	408	366	31	33	1026	0	0	0	1	
5322	76915041	0	0	0	0	1	128	0	1	408	366	31	33	1002	0	0	0	1	
5323	76915074	0	0	0	0	1	128	0	1	410	370	30	34	998	0	0	0	1	
5324	76915107	0	0	0	0	1	128	0	1	418	390	29	33	953	0	0	0	1	
5325	76915141	0	0	0	0	1	128	0	1	418	392	29	33	952	0	0	0	1	
5326	76915174	0	0	0	0	1	128	0	1	418	392	29	33	944	0	0	0	1	
5327	76915207	0	0	0	0	1	128	0	1	418	392	29	33	949	0	0	0	1	
5328	76915241	0	0	0	0	1	128	0	1	418	392	29	33	948	0	0	0	1	
5329	76915274	0	0	0	0	1	128	0	1	418	392	29	34	969	0	0	0	1	
5330	76915308	0	0	0	0	1	128	0	1	418	392	29	33	942	0	0	0	1	
5331	76915341	0	0	0	0	1	128	0	1	418	392	29	33	943	0	0	0	1	
5332	76915374	0	0	0	0	1	128	0	1	420	390	29	33	955	0	0	0	1	
5333	76915408	0	0	0	0	1	128	0	1	420	390	29	32	929	0	0	0	1	
5334	76915441	0	0	0	0	1	128	0	1	420	390	29	32	907	0	0	0	1	
5335	76915474	0	0	0	0	1	128	0	1	420	390	29	32	906	0	0	0	1	
5336	76915508	0	0	0	0	1	128	0	1	420	390	29	32	914	0	0	0	1	
5337	76915541	0	0	0	0	1	128	0	1	422	388	29	32	918	0	0	0	1	
5338	76915574	0	0	0	0	1	128	0	1	422	388	29	32	913	0	0	0	1	
5339	76915608	0	0	0	0	1	128	0	1	422	388	29	32	923	0	0	0	1	
5340	76915641	0	0	0	0	1	128	0	1	422	388	29	32	925	0	0	0	1	
5341	76915675	0	0	0	0	1	128	0	1	422	388	29	33	963	0	0	0	1	
5342	76915708	0	0	0	0	1	128	0	1	422	388	29	32	949	0	0	0	1	
5343	76915741	0	0	0	0	1	128	0	1	422	388	30	33	972	0	0	0	1	
5344	76915775	0	0	0	0	1	128	0	1	434	374	28	37	1044	0	0	0	1	
5345	76915808	0	0	0	0	1	128	0	1	438	366	29	33	950	0	0	0	1	
5346	76915841	0	0	0	0	1	128	0	1	438	366	29	33	957	0	0	0	1	
5347	76915875	0	0	0	0	1	128	0	1	438	366	29	34	978	0	0	0	1	
5348	76915908	0	0	0	0	1	128	0	1	438	366	29	34	991	0	0	0	1	
5349	76915942	0	0	0	0	1	128	0	1	438	366	29	34	994	0	0	0	1	
5350	76915975	0	0	0	0	1	128	0	1	438	366	30	34	995	0	0	0	1	
5351	76916008	0	0	0	0	1	128	0	1	438	366	30	34	1014	0	0	0	1	
5352	76916042	0	0	0	0	1	128	0	1	438	366	30	34	1021	0	0	0	1	
5353	76916075	0	0	0	0	1	128	0	1	438	366	30	34	1024	0	0	0	1	
5354	76916108	0	0	0	0	1	128	0	1	438	366	30	34	1022	0	0	0	1	
5355	76916142	0	0	0	0	1	128	0	1	438	366	30	34	1027	0	0	0	1	
5356	76916175	0	0	0	0	1	128	0	1	418	372	32	34	1105	0	0	0	1	
5357	76916208	0	0	0	0	1	128	0	1	412	372	32	35	1105	0	0	0	1	
5358	76916242	0	0	0	0	1	128	0	1	410	370	33	36	1161	0	0	0	1	
5359	76916275	0	0	0	0	1	128	0	1	412	372	32	35	1118	0	0	0	1	
5360	76916309	0	0	0	0	1	128	0	1	410	372	32	35	1113	0	0	0	1	
5361	76916342	0	0	0	0	1	128	0	1	412	372	32	35	1106	0	0	0	1	
5362	76916375	0	0	0	0	1	128	0	1	412	372	32	35	1109	0	0	0	1	
5363	76916409	0	0	0	0	1	128	0	1	412	372	32	35	1114	0	0	0	1	
5364	76916442	0	0	0	0	1	128	0	1	412	372	32	35	1115	0	0	0	1	
5365	76916475	0	0	0	0	1	128	0	1	412	372	32	35	1120	0	0	0	1	
5366	76916509	0	0	0	0	1	128	0	1	412	372	32	35	1126	0	0	0	1	
5367	76916542	0	0	0	0	1	128	0	1	412	372	32	35	1132	0	0	0	1	
5368	76916576	0	0	0	0	1	128	0	1	412	372	32	35	1125	0	0	0	1	
5369	76916609	0	0	0	0	1	128	0	0	0	0	0	0	0	0	0	0	1	
5370	76916642	0	0	0	0	1	128	0	1	446	352	29	34	984	0	0	0	1	
5371	76916676	0	0	0	0	1	128	0	1	446	352	29	34	975	0	0	0	1	
5372	76916709	0	0	0	0	1	128	0	1	446	352	29	34	984	0	0	0	1	
5373	76916742	0	0	0	0	1	128	0	1	446	352	29	34	977	0	0	0	1	
5374	76916776	0	0	0	0	1	128	0	1	448	352	29	34	975	0	0	0	1	
5375	76916809	0	0	0	0	1	128	0	1	446	352	29	34	979	0	0	0	1	
5376	76916843	0	0	0	0	1	128	0	1	446	352	29	33	969	0	0	0	1	
5377	76916876	0	0	0	0	1	128	0	1	446	354	29	33	969	0	0	0	1	
5378	76916909	0	0	0	0	1	128	0	1	444	354	29	33	966	0	0	0	1	
5379	76916943	0	0	0	0	1	128	0	1	446	354	29	33	951	0	0	0	1	
5380	76916976	0	0	0	0	1	128	0	1	446	354	28	32	909	0	0	0	1	
5381	76917009	0	0	0	0	1	128	0	1	446	354	28	33	928	0	0	0	1	
5382	76917043	0	0	0	0	1	128	0	1	444	354	28	33	916	0	0	0	1	
5383	76917076	0	0	0	0	1	128	0	1	446	354	28	33	922	0	0	0	1	
5384	76917109	0	0	0	0	1	128	0	1	444	354	28	33	919	0	0	0	1	
5385	76917143	0	0	0	0	1	128	0	1	444	352	28	33	923	0	0	0	1	
5386	76917176	0	0	0	0	1	128	0	1	444	352	28	33	934	0	0	0	1	
5387	76917210	0	0	0	0	1	128	0	1	444	352	28	33	931	0	0	0	1	
5388	76917243	0	0	0	0	1	128	0	1	444	352	29	33	944	0	0	0	1	
5389	76917276	0	0	0	0	1	128	0	1	444	352	29	33	951	0	0	0	1	
5390	76917310	0	0	0	0	1	128	0	1	428	374	29	33	948	0	0	0	1	
5391	76917343	0	0	0	0	1	128	0	1	424	378	30	35	1035	0	0	0	1	
5392	76917376	0	0	0	0	1	128	0	1	424	380	30	34	1035	0	0	0	1	
5393	76917410	0	0	0	0	1	128	0	1	424	380	30	34	1048	0	0	0	1	
5394	76917443	0	0	0	0	1	128	0	1	424	380	30	35	1056	0	0	0	1	
5395	76917476	0	0	0	0	1	128	0	1	424	380	30	35	1058	0	0	0	1	
5396	76917510	0	0	0	0	1	128	0	1	424	380	30	35	1053	0	0	0	1	
5397	76917543	0	0	0	0	1	128	0	1	424	380	31	35	1062	0	0	0	1	
5398	76917577	0	0	0	0	1	128	0	1	426	380	31	35	1068	0	0	0	1	
5399	76917610	0	0	0	0	1	128	0	1	426	380	30	35	1049	0	0	0	1	
5400	76917643	0	0	0	0	1	128	0	1	426	380	30	34	1037	0	0	0	1	
5401	76917677	0	0	0	0	1	128	0	1	426	380	30	35	1041	0	0	0	1	
5402	76917710	0	0	0	0	1	128	0	1	426	380	30	34	1032	0	0	0	1	
5403	76917743	0	0	0	0	1	128	0	1	426	380	30	34	1031	0	0	0	1	
5404	76917777	0	0	0	0	1	128	0	1	426	380	30	34	1026	0	0	0	1	
5405	76917810	0	0	0	0	1	128	0	1	426	380	30	34	1024	0	0	0	1	
5406	76917844	0	0	0	0	1	128	0	1	426	380	30	34	1010	0	0	0	1	
5407	76917877	0	0	0	0	1	128	0	1	426	380	30	34	1015	0	0	0	1	
5408	76917910	0	0	0	0	1	128	0	1	426	380	30	34	1003	0	0	0	1	
5409	76917944	0	0	0	0	1	128	0	1	426	380	30	34	1011	0	0	0	1	
5410	76917977	0	0	0	0	1	128	0	1	426	380	31	34	1062	0	0	0	1	
5411	76918010	0	0	0	0	1	128	0	1	424	378	31	36	1107	0	0	0	1	
5412	76918044	0	0	0	0	1	128	0	1	426	380	31	34	1055	0	0	0	1	
5413	76918077	0	0	0	0	1	128	0	1	426	380	30	35	1073	0	0	0	1	
5414	76918111	0	0	0	0	1	128	0	1	426	380	30	36	1083	0	0	0	1	
5415	76918144	0	0	0	0	1	128	0	1	424	380	31	35	1082	0	0	0	1	
5416	76918177	0	0	0	0	1	128	0	1	426	380	31	35	1087	0	0	0	1	
5417	76918211	0	0	0	0	1	128	0	1	426	380	31	36	1095	0	0	0	1	
5418	76918244	0	0	0	0	1	128	0	1	426	380	31	35	1083	0	0	0	1	
5419	76918277	0	0	0	0	1	128	0	1	426	380	31	35	1093	0	0	0	1	
5420	76918311	0	0	0	0	1	128	0	1	424	380	31	35	1091	0	0	0	1	
5421	76918344	0	0	0	0	1	128	0	1	426	380	30	35	1072	0	0	0	1	
5422	76918377	0	0	0	0	1	128	0	1	426	380	30	36	1077	0	0	0	1	
5423	76918411	0	0	0	0	1	128	0	1	426	380	29	35	1026	0	0	0	1	
5424	76918444	0	0	0	0	1	128	0	1	424	380	31	36	1097	0	0	0	1	
5425	76918478	0	0	0	0	1	128	0	1	426	380	31	35	1104	0	0	0	1	
5426	76918511	0	0	0	0	1	128	0	1	426	380	31	35	1085	0	0	0	1	
5427	76918544	0	0	0	0	1	128	0	1	426	382	29	35	1013	0	0	0	1	
5428	76918578	0	0	0	0	1	128	0	1	426	380	31	36	1103	0	0	0	1	
5429	76918611	0	0	0	0	1	128	0	1	426	380	31	36	1106	0	0	0	1	
5430	76918644	0	0	0	0	1	128	0	1	426	380	31	36	1096	0	0	0	1	
5431	76918678	0	0	0	0	1	128	0	1	426	380	31	35	1081	0	0	0	1	
5432	76918711	0	0	0	0	1	128	0	1	426	380	31	36	1098	0	0	0	1	
5433	76918745	0	0	0	0	1	128	0	1	426	380	31	35	1099	0	0	0	1	
5434	76918778	0	0	0	0	1	128	0	1	426	380	31	35	1072	0	0	0	1	
5435	76918811	0	0	0	0	1	128	0	1	426	380	31	35	1071	0	0	0	1	
5436	76918845	0	0	0	0	1	128	0	1	426	380	30	35	1065	0	0	0	1	
5437	76918878	0	0	0	0	1	128	0	1	426	380	31	35	1067	0	0	0	1	
5438	76918911	0	0	0	0	1	128	0	1	426	380	31	35	1062	0	0	0	1	
5439	76918945	0	0	0	0	1	128	0	1	426	380	30	35	1062	0	0	0	1	
5440	76918978	0	0	0	0	1	128	0	1	424	380	31	35	1066	0	0	0	1	
5441	76919011	0	0	0	0	1	128	0	1	426	380	31	35	1078	0	0	0	1	
5442	76919045	0	0	0	0	1	128	0	1	426	380	31	35	1072	0	0	0	1	
5443	76919078	0	0	0	0	1	128	0	1	426	380	30	35	1053	0	0	0	1	
5444	76919112	0	0	0	0	1	128	0	1	426	380	30	34	1044	0	0	0	1	
5445	76919145	0	0	0	0	1	128	0	1	424	378	30	35	1052	0	0	0	1	
5446	76919178	0	0	0	0	1	128	0	1	406	354	86	118	10168	0	0	0	1	
5447	76919212	0	0	0	0	1	128	0	1	404	352	32	34	1100	0	0	0	1	
5448	76919245	0	0	0	0	1	128	0	1	402	352	32	34	1094	0	0	0	1	
5449	76919278	0	0	0	0	1	128	0	1	402	352	32	34	1077	0	0	0	1	
5450	76919312	0	0	0	0	1	128	0	1	402	360	31	35	1067	0	0	0	1	
5451	76919345	0	0	0	0	1	128	0	1	404	364	31	34	1070	0	0	0	1	
5452	76919378	0	0	0	0	1	128	0	1	402	364	32	34	1096	0	0	0	1	
5453	76919412	0	0	0	0	1	128	0	1	402	364	32	34	1088	0	0	0	1	
5454	76919445	0	0	0	0	1	128	0	1	402	348	89	118	10522	0	0	0	1	
5455	76919479	0	0	0	0	1	128	0	1	400	362	33	34	1122	0	0	0	1	
5456	76919512	0	0	0	0	1	128	0	1	400	362	32	34	1087	0	0	0	1	
5457	76919545	0	0	0	0	1	128	0	1	398	360	33	34	1098	0	0	0	1	
5458	76919579	0	0	0	0	1	128	0	1	394	358	32	34	1095	0	0	0	1	
5459	76919612	0	0	0	0	1	128	0	1	388	350	31	33	1035	0	0	0	1	
5460	76919645	0	0	0	0	1	128	0	1	386	350	32	33	1065	0	0	0	1	
5461	76919679	0	0	0	0	1	128	0	1	386	348	32	33	1069	0	0	0	1	
5462	76919712	0	0	0	0	1	128	0	1	386	350	31	33	1014	0	0	0	1	
5463	76919746	0	0	0	0	1	128	0	1	384	348	32	33	1065	0	0	0	1	
5464	76919779	0	0	0	0	1	128	0	1	382	348	32	34	1083	0	0	0	1	
5465	76919812	0	0	0	0	1	128	0	1	384	348	31	33	1021	0	0	0	1	
5466	76919846	0	0	0	0	1	128	0	1	384	350	31	33	1012	0	0	0	1	
5467	76919879	0	0	0	0	1	128	0	1	386	352	32	33	1064	0	0	0	1	
5468	76919912	0	0	0	0	1	128	0	1	386	352	31	33	1034	0	0	0	1	
5469	76919946	0	0	0	0	1	128	0	1	386	352	32	33	1068	0	0	0	1	
5470	76919979	0	0	0	0	1	128	0	1	386	352	31	33	1032	0	0	0	1	
5471	76920012	0	0	0	0	1	128	0	1	386	352	32	33	1067	0	0	0	1	
5472	76920046	0	0	0	0	1	128	0	1	386	352	33	33	1079	0	0	0	1	
5473	76920079	0	0	0	0	1	128	0	1	386	352	32	33	1060	0	0	0	1	
5474	76920113	0	0	0	0	1	128	0	1	386	352	32	32	1022	0	0	0	1	
5475	76920146	0	0	0	0	1	128	0	1	388	352	31	32	985	0	0	0	1	
5476	76920179	0	0	0	0	1	128	0	1	390	352	31	32	1010	0	0	0	1	
5477	76920213	0	0	0	0	1	128	0	1	390	352	31	32	988	0	0	0	1	
5478	76920246	0	0	0	0	1	128	0	1	390	352	31	32	1000	0	0	0	1	
5479	76920279	0	0	0	0	1	128	0	1	390	352	30	32	961	0	0	0	1	
5480	76920313	0	0	0	0	1	128	0	1	390	352	30	32	957	0	0	0	1	
5481	76920346	0	0	0	0	1	128	0	1	390	352	30	32	966	0	0	0	1	
5482	76920380	0	0	0	0	1	128	0	1	390	352	30	32	966	0	0	0	1	
5483	76920413	0	0	0	0	1	128	0	1	390	352	30	32	955	0	0	0	1	
5484	76920446	0	0	0	0	1	128	0	1	392	352	29	31	918	0	0	0	1	
5485	76920480	0	0	0	0	1	128	0	1	390	352	30	31	942	0	0	0	1	
5486	76920513	0	0	0	0	1	128	0	1	390	352	31	32	974	0	0	0	1	
5487	76920546	0	0	0	0	1	128	0	1	390	352	30	32	956	0	0	0	1	
5488	76920580	0	0	0	0	1	128	0	1	392	352	30	31	934	0	0	0	1	
5489	76920613	0	0	0	0	1	128	0	1	390	352	30	32	967	0	0	0	1	
5490	76920646	0	0	0	0	1	128	0	1	390	352	31	31	959	0	0	0	1	
5491	76920680	0	0	0	0	1	128	0	1	390	352	31	32	975	0	0	0	1	
5492	76920713	0	0	0	0	1	128	0	1	384	354	30	39	1178	0	0	0	1	
5493	76920747	0	0	0	0	1	128	0	1	388	352	31	33	1017	0	0	0	1	
5494	76920780	0	0	0	0	1	128	0	1	388	352	31	32	1008	0	0	0	1	
5495	76920813	0	0	0	0	1	128	0	1	388	352	31	32	993	0	0	0	1	
5496	76920847	0	0	0	0	1	128	0	1	390	354	30	32	952	0	0	0	1	
5497	76920880	0	0	0	0	1	128	0	1	394	354	30	31	946	0	0	0	1	
5498	76920913	0	0	0	0	1	128	0	1	404	358	30	32	940	0	0	0	1	
5499	76920947	0	0	0	0	1	128	0	1	406	360	29	32	933	0	0	0	1	
5500	76920980	0	0	0	0	1	128	0	1	406	360	30	32	951	0	0	0	1	
5501	76921014	0	0	0	0	1	128	0	1	408	360	29	32	933	0	0	0	1	
5502	76921047	0	0	0	0	1	128	0	1	412	360	29	31	912	0	0	0	1	
5503	76921080	0	0	0	0	1	128	0	1	414	362	29	32	921	0	0	0	1	
5504	76921114	0	0	0	0	1	128	0	1	416	362	29	31	913	0	0	0	1	
5505	76921147	0	0	0	0	1	128	0	1	418	362	29	32	906	0	0	0	1	
5506	76921180	0	0	0	0	1	128	0	1	420	362	29	31	900	0	0	0	1	
5507	76921214	0	0	0	0	1	128	0	1	420	362	29	31	900	0	0	0	1	
5508	76921247	0	0	0	0	1	128	0	1	422	362	29	32	910	0	0	0	1	
5509	76921280	0	0	0	0	1	128	0	1	424	364	28	32	905	0	0	0	1	
5510	76921314	0	0	0	0	1	128	0	1	426	364	28	32	891	0	0	0	1	
5511	76921347	0	0	0	0	1	128	0	1	432	364	28	32	888	0	0	0	1	
5512	76921381	0	0	0	0	1	128	0	1	434	366	28	31	867	0	0	0	1	
5513	76921414	0	0	0	0	1	128	0	1	436	366	27	31	854	0	0	0	1	
5514	76921447	0	0	0	0	1	128	0	1	436	366	27	31	853	0	0	0	1	
5515	76921481	0	0	0	0	1	128	0	1	438	368	27	31	847	0	0	0	1	
5516	76921514	0	0	0	0	1	128	0	1	440	368	27	32	847	0	0	0	1	
5517	76921547	0	0	0	0	1	128	0	1	442	368	27	32	846	0	0	0	1	
5518	76921581	0	0	0	0	1	128	0	1	444	368	27	31	835	0	0	0	1	
5519	76921614	0	0	0	0	1	128	0	1	444	368	26	31	827	0	0	0	1	
5520	76921648	0	0	0	0	1	128	0	1	446	368	26	31	826	0	0	0	1	
5521	76921681	0	0	0	0	1	128	0	1	448	368	26	31	805	0	0	0	1	
5522	76921714	0	0	0	0	1	128	0	1	448	370	26	31	802	0	0	0	1	
5523	76921748	0	0	0	0	1	128	0	1	450	370	26	32	815	0	0	0	1	
5524	76921781	0	0	0	0	1	128	0	1	450	370	26	31	822	0	0	0	1	
5525	76921814	0	0	0	0	1	128	0	1	448	368	26	31	814	0	0	0	1	
5526	76921848	0	0	0	0	1	128	0	1	448	368	26	31	816	0	0	0	1	
5527	76921881	0	0	0	0	1	128	0	1	448	368	26	31	826	0	0	0	1	
5528	76921915	0	0	0	0	1	128	0	1	446	370	26	32	840	0	0	0	1	
5529	76921948	0	0	0	0	1	128	0	1	446	370	26	32	836	0	0	0	1	
5530	76921981	0	0	0	0	1	128	0	1	446	370	27	32	839	0	0	0	1	
5531	76922015	0	0	0	0	1	128	0	1	446	370	26	32	853	0	0	0	1	
5532	76922048	0	0	0	0	1	128	0	1	446	368	27	32	857	0	0	0	1	
5533	76922081	0	0	0	0	1	128	0	1	446	370	27	33	863	0	0	0	1	
5534	76922115	0	0	0	0	1	128	0	1	446	368	27	33	874	0	0	0	1	
5535	76922148	0	0	0	0	1	128	0	1	446	368	27	33	881	0	0	0	1	
5536	76922181	0	0	0	0	1	128	0	1	446	368	27	33	896	0	0	0	1	
5537	76922215	0	0	0	0	1	128	0	1	446	368	27	33	892	0	0	0	1	
5538	76922248	0	0	0	0	1	128	0	1	446	370	27	33	903	0	0	0	1	
5539	76922282	0	0	0	0	1	128	0	1	446	368	27	33	902	0	0	0	1	
5540	76922315	0	0	0	0	1	128	0	1	446	368	27	33	912	0	0	0	1	
5541	76922348	0	0	0	0	1	128	0	1	446	368	27	33	911	0	0	0	1	
5542	76922382	0	0	0	0	1	128	0	1	446	368	27	33	915	0	0	0	1	
5543	76922415	0	0	0	0	1	128	0	1	446	368	27	33	913	0	0	0	1	
5544	76922448	0	0	0	0	1	128	0	1	446	370	27	34	923	0	0	0	1	
5545	76922482	0	0	0	0	1	128	0	1	446	368	27	33	919	0	0	0	1	
5546	76922515	0	0	0	0	1	128	0	1	446	368	27	33	921	0	0	0	1	
5547	76922548	0	0	0	0	1	128	0	1	444	368	28	33	921	0	0	0	1	
5548	76922582	0	0	0	0	1	128	0	1	444	368	28	34	925	0	0	0	1	
5549	76922615	0	0	0	0	1	128	0	1	446	368	28	33	919	0	0	0	1	
5550	76922649	0	0	0	0	1	128	0	1	446	368	28	33	924	0	0	0	1	
5551	76922682	0	0	0	0	1	128	0	1	446	368	27	33	919	0	0	0	1	
5552	76922715	0	0	0	0	1	128	0	1	444	368	28	33	920	0	0	0	1	
5553	76922749	0	0	0	0	1	128	0	1	446	368	28	34	926	0	0	0	1	
5554	76922782	0	0	0	0	1	128	0	1	444	368	28	34	926	0	0	0	1	
5555	76922815	0	0	0	0	1	128	0	1	446	368	28	34	926	0	0	0	1	
5556	76922849	0	0	0	0	1	128	0	1	444	368	28	34	926	0	0	0	1	
5557	76922882	0	0	0	0	1	128	0	1	446	368	28	33	925	0	0	0	1	
5558	76922915	0	0	0	0	1	128	0	1	444	368	27	34	922	0	0	0	1	
5559	76922949	0	0	0	0	1	128	0	1	444	368	27	34	926	0	0	0	1	
5560	76922982	0	0	0	0	1	128	0	1	444	368	28	33	921	0	0	0	1	
5561	76923016	0	0	0	0	1	128	0	1	444	368	27	34	921	0	0	0	1	
5562	76923049	0	0	0	0	1	128	0	1	444	368	27	33	916	0	0	0	1	
5563	76923082	0	0	0	0	1	128	0	1	446	368	28	33	919	0	0	0	1	
5564	76923116	0	0	0	0	1	128	0	1	446	368	28	33	920	0	0	0	1	
5565	76923149	0	0	0	0	1	128	0	1	444	368	27	33	918	0	0	0	1	
5566	76923182	0	0	0	0	1	128	0	1	444	368	27	34	924	0	0	0	1	
5567	76923216	0	0	0	0	1	128	0	1	444	368	28	34	927	0	0	0	1	
5568	76923249	0	0	0	0	1	128	0	1	444	368	27	34	929	0	0	0	1	
5569	76923283	0	0	0	0	1	128	0	1	444	368	28	34	926	0	0	0	1	
5570	76923316	0	0	0	0	1	128	0	1	446	368	28	34	930	0	0	0	1	
5571	76923349	0	0	0	0	1	128	0	1	444	370	28	34	935	0	0	0	1	
5572	76923383	0	0	0	0	1	128	0	1	444	368	28	34	936	0	0	0	1	
5573	76923416	0	0	0	0	1	128	0	1	446	368	28	33	926	0	0	0	1	
5574	76923449	0	0	0	0	1	128	0	1	446	368	28	33	915	0	0	0	1	
5575	76923483	0	0	0	0	1	128	0	1	446	368	28	33	921	0	0	0	1	
5576	76923516	0	0	0	0	1	128	0	1	446	368	28	34	930	0	0	0	1	
5577	76923549	0	0	0	0	1	128	0	1	446	368	27	34	925	0	0	0	1	
5578	76923583	0	0	0	0	1	128	0	1	446	368	27	33	912	0	0	0	1	
5579	76923616	0	0	0	0	1	128	0	1	446	368	27	34	918	0	0	0	1	
5580	76923650	0	0	0	0	1	128	0	1	446	368	27	33	905	0	0	0	1	
5581	76923683	0	0	0	0	1	128	0	1	446	368	27	33	904	0	0	0	1	
5582	76923716	0	0	0	0	1	128	0	1	446	368	27	33	911	0	0	0	1	
5583	76923750	0	0	0	0	1	128	0	0	0	0	0	0	0	0	0	0	1	
5584	76923783	0	0	0	0	1	128	0	1	420	362	30	33	995	0	0	0	1	
5585	76923816	0	0	0	0	1	128	0	1	418	362	30	33	988	0	0	0	1	
5586	76923850	0	0	0	0	1	128	0	1	418	362	30	33	1002	0	0	0	1	
5587	76923883	0	0	0	0	1	128	0	1	418	362	30	33	997	0	0	0	1	
5588	76923917	0	0	0	0	1	128	0	1	418	362	30	33	986	0	0	0	1	
5589	76923950	0	0	0	0	1	128	0	1	418	362	30	33	999	0	0	0	1	
5590	76923983	0	0	0	0	1	128	0	1	418	362	30	33	994	0	0	0	1	
5591	76924017	0	0	0	0	1	128	0	1	418	362	30	33	989	0	0	0	1	
5592	76924050	0	0	0	0	1	128	0	1	418	362	30	33	972	0	0	0	1	
5593	76924083	0	0	0	0	1	128	0	1	418	362	30	33	966	0	0	0	1	
5594	76924117	0	0	0	0	1	128	0	1	422	360	29	33	942	0	0	0	1	
5595	76924150	0	0	0	0	1	128	0	1	424	358	29	34	985	0	0	0	1	
5596	76924183	0	0	0	0	1	128	0	1	424	358	29	33	945	0	0	0	1	
5597	76924217	0	0	0	0	1	128	0	1	424	358	28	33	942	0	0	0	1	
5598	76924250	0	0	0	0	1	128	0	1	424	358	28	32	915	0	0	0	1	
5599	76924284	0	0	0	0	1	128	0	1	424	358	28	32	912	0	0	0	1	
5600	76924317	0	0	0	0	1	128	0	1	424	358	28	32	896	0	0	0	1	
5601	76924350	0	0	0	0	1	128	0	1	424	358	28	32	887	0	0	0	1	
5602	76924384	0	0	0	0	1	128	0	1	424	358	28	31	881	0	0	0	1	
5603	76924417	0	0	0	0	1	128	0	1	424	358	28	31	869	0	0	0	1	
5604	76924450	0	0	0	0	1	128	0	1	424	358	28	31	883	0	0	0	1	
5605	76924484	0	0	0	0	1	128	0	1	426	356	28	31	865	0	0	0	1	
5606	76924517	0	0	0	0	1	128	0	1	426	356	28	31	874	0	0	0	1	
5607	76924551	0	0	0	0	1	128	0	1	426	358	28	32	886	0	0	0	1	
5608	76924584	0	0	0	0	1	128	0	1	426	358	28	32	896	0	0	0	1	
5609	76924617	0	0	0	0	1	128	0	1	426	358	28	32	899	0	0	0	1	
5610	76924651	0	0	0	0	1	128	0	1	426	358	28	32	900	0	0	0	1	
5611	76924684	0	0	0	0	1	128	0	0	0	0	0	0	0	0	0	0	1	
5612	76924717	0	0	0	0	1	128	0	0	0	0	0	0	0	0	0	0	1	
5613	76924751	0	0	0	0	1	128	0	0	0	0	0	0	0	0	0	0	1	
5614	76924784	0	0	0	0	1	128	0	0	0	0	0	0	0	0	0	0	1	
5615	76924817	0	0	0	0	1	128	0	0	0	0	0	0	0	0	0	0	1	
5616	76924851	0	0	0	0	1	128	0	1	420	334	61	69	4230	0	0	0	1	
5617	76924884	0	0	0	0	1	128	0	1	416	366	29	32	938	0	0	0	1	
5618	76924918	0	0	0	0	1	128	0	1	416	366	30	33	980	0	0	0	1	
5619	76924951	0	0	0	0	1	128	0	1	416	364	30	33	986	0	0	0	1	
5620	76924984	0	0	0	0	1	128	0	1	416	364	30	32	978	0	0	0	1	
5621	76925018	0	0	0	0	1	128	0	0	0	0	0	0	0	0	0	0	1	
5622	76925051	0	0	0	0	1	128	0	0	0	0	0	0	0	0	0	0	1	
5623	76925084	0	0	0	0	1	128	0	0	0	0	0	0	0	0	0	0	1	
5624	76925118	0	0	0	0	1	128	0	0	0	0	0	0	0	0	0	0	1	
5625	76925151	0	0	0	0	1	128	0	1	426	352	20	27	554	0	0	0	1	
5626	76925185	0	0	0	0	1	128	0	1	426	364	29	33	939	0	0	0	1	
5627	76925218	0	0	0	0	1	128	0	1	426	362	30	33	992	0	0	0	1	
5628	76925251	0	0	0	0	1	128	0	1	426	362	29	34	984	0	0	0	1	
5629	76925285	0	0	0	0	1	128	0	1	426	362	30	34	1009	0	0	0	1	
5630	76925318	0	0	0	0	1	128	0	1	426	360	29	34	985	0	0	0	1	
5631	76925351	0	0	0	0	1	128	0	1	426	360	30	34	999	0	0	0	1	
5632	76925385	0	0	0	0	1	128	0	1	426	360	30	34	1007	0	0	0	1	
