RowNumber	TimeStamp	X_Position_Degree_Right_Eye	Y_Position_Degree_Right_Eye	Distance_From_RightEye	Validity_Right_Eye	Pupil_Diameter_RightEye	X_Position_Degree_Left_Eye	Y_Position_Degree_Left_Eye	Distance_From_LeftEye	Validity_Left_Eye	Pupil_Diameter_LeftEye	Target X	Target Y
0	0	0	0	0	4	0	2.665909	4.956220	0	0	555.000000	0.000000	0.000000
1	33	0	0	0	4	0	2.725460	4.707329	0	0	564.000000	0.000000	0.000000
2	66	0	0	0	4	0	2.713551	4.476058	0	0	580.000000	0.000000	0.000000
3	99	0	0	0	4	0	2.704618	4.481989	0	0	583.000000	0.000000	0.000000
4	132	0	0	0	4	0	2.636131	4.695473	0	0	574.000000	0.000000	0.000000
5	165	0	0	0	4	0	2.701641	4.719185	0	0	568.000000	0.000000	0.000000
6	198	0	0	0	4	0	2.787982	4.757715	0	0	563.000000	0.000000	0.000000
7	231	0	0	0	4	0	2.776074	4.312892	0	0	583.000000	0.000000	0.000000
8	264	0	0	0	4	0	2.734393	4.384100	0	0	588.000000	0.000000	0.000000
9	297	0	0	0	4	0	2.722482	4.526475	0	0	581.000000	0.000000	0.000000
10	330	0	0	0	4	0	2.752256	4.677688	0	0	575.000000	0.000000	0.000000
11	363	0	0	0	4	0	2.829660	4.612466	0	0	577.000000	0.000000	0.000000
12	396	0	0	0	4	0	2.817753	4.182310	0	0	594.000000	0.000000	0.000000
13	429	0	0	0	4	0	2.811799	4.182310	0	0	603.000000	0.000000	0.000000
14	462	0	0	0	4	0	0.981691	1.291920	0	0	627.000000	0.000000	0.000000
15	495	0	0	0	4	0	0.665436	1.244197	0	0	623.000000	0.000000	0.000000
16	528	0	0	0	4	0	0.623664	1.223318	0	0	627.000000	0.000000	0.000000
17	561	0	0	0	4	0	0.683339	0.925008	0	0	640.000000	0.000000	0.000000
18	594	0	0	0	4	0	0.692291	0.990641	0	0	643.000000	0.000000	0.000000
19	627	0	0	0	4	0	0.674388	1.217352	0	0	637.000000	0.000000	0.000000
20	660	0	0	0	4	0	0.581890	1.148746	0	0	638.000000	0.000000	0.000000
21	693	0	0	0	4	0	0.268572	0.456566	0	0	636.000000	0.000000	0.000000
22	726	0	0	0	4	0	0.256636	0.256636	0	0	646.000000	0.000000	0.000000
23	759	0	0	0	4	0	0.271556	0.152192	0	0	653.000000	0.000000	0.000000
24	792	0	0	0	4	0	0.262603	0.471486	0	0	647.000000	0.000000	0.000000
25	825	0	0	0	4	0	0.307365	0.477454	0	0	635.000000	0.000000	0.000000
26	858	0	0	0	4	0	0.304381	0.474470	0	0	642.000000	0.000000	0.000000
27	891	0	0	0	4	0	0.268572	0.253652	0	0	650.000000	0.000000	0.000000
28	924	0	0	0	4	0	0.307365	0.098477	0	0	664.000000	0.000000	0.000000
29	957	0	0	0	4	0	0.277524	0.462534	0	0	645.000000	0.000000	0.000000
30	990	0	0	0	4	0	0.271556	0.561003	0	0	642.000000	0.000000	0.000000
31	1023	0	0	0	4	0	0.271556	0.492373	0	0	645.000000	-0.310681	0.316082
32	1056	0	0	0	4	0	0.292444	0.256636	0	0	652.000000	-0.776702	0.790204
33	1089	0	0	0	4	0	0.352126	0.137271	0	0	660.000000	-1.242723	1.264327
34	1122	0	0	0	4	0	0.307365	0.331238	0	0	653.000000	-1.708743	1.738450
35	1155	0	0	0	4	0	0.277524	0.375998	0	0	643.000000	-2.174764	2.212572
36	1188	0	0	0	4	0	0.211874	0.471486	0	0	643.000000	-2.640785	2.686695
37	1221	0	0	0	4	0	0.140255	0.465518	0	0	646.000000	-3.106806	3.160818
38	1254	0	0	0	4	0	-0.719143	1.605055	0	0	647.000000	-3.572827	3.634940
39	1287	0	0	0	4	0	-2.731414	4.042776	0	0	613.000000	-4.038848	4.109063
40	1320	0	0	0	4	0	-3.189747	4.745860	0	0	593.000000	-4.504869	4.583186
41	1353	0	0	0	4	0	-3.540662	5.364699	0	0	578.000000	-4.970890	5.057308
42	1386	0	0	0	4	0	-3.888342	5.488913	0	0	575.000000	-5.436911	5.531431
43	1419	0	0	0	4	0	-4.306957	5.740138	0	0	579.000000	-5.902932	6.005554
44	1452	0	0	0	4	0	-4.695473	6.206525	0	0	574.000000	-6.368953	6.479676
45	1485	0	0	0	4	0	-5.287780	6.701526	0	0	563.000000	-6.834973	6.953799
46	1518	0	0	0	4	0	-6.883955	7.691379	0	0	560.000000	-7.300994	7.427922
47	1551	0	0	0	4	0	-7.057427	7.995950	0	0	558.000000	-7.767015	7.902044
48	1584	0	0	0	4	0	-7.292435	8.039842	0	0	564.000000	-8.233036	8.376167
49	1617	0	0	0	4	0	-7.318857	8.101273	0	0	578.000000	-8.699058	8.850289
50	1650	0	0	0	4	0	-7.538927	8.279613	0	0	577.000000	-9.165078	9.324412
51	1683	0	0	0	4	0	-7.799787	8.478226	0	0	577.000000	-9.631099	9.798534
52	1716	0	0	0	4	0	-8.036915	8.592044	0	0	574.000000	-9.984145	10.157719
53	1749	0	0	0	4	0	-9.636444	9.616138	0	0	566.000000	-9.984145	10.157719
54	1782	0	0	0	4	0	-9.790101	9.546503	0	0	574.000000	-9.984145	10.157719
55	1815	0	0	0	4	0	-9.853842	9.633543	0	0	574.000000	-9.984145	10.157719
56	1848	0	0	0	4	0	-9.960988	9.813283	0	0	569.000000	-9.984145	10.157719
57	1881	0	0	0	4	0	-10.102774	9.903080	0	0	557.000000	-9.984145	10.157719
58	1914	0	0	0	4	0	-10.189520	9.923349	0	0	546.000000	-9.984145	10.157719
59	1947	0	0	0	4	0	-10.068063	9.868325	0	0	554.000000	-9.984145	10.157719
60	1980	0	0	0	4	0	-10.068063	9.894392	0	0	552.000000	-9.984145	10.157719
61	2013	0	0	0	4	0	-10.123019	9.926246	0	0	553.000000	-9.984145	10.157719
62	2046	0	0	0	4	0	-10.183741	9.966778	0	0	549.000000	-9.984145	10.157719
63	2079	0	0	0	4	0	-9.682845	10.296444	0	0	549.000000	-9.984145	10.157719
64	2112	0	0	0	4	0	-9.836462	10.068063	0	0	566.000000	-9.984145	10.157719
65	2145	0	0	0	4	0	-9.737932	10.050704	0	0	570.000000	-9.984145	10.157719
66	2178	0	0	0	4	0	-9.839358	10.105666	0	0	569.000000	-9.984145	10.157719
67	2211	0	0	0	4	0	-9.839358	10.160611	0	0	561.000000	-9.984145	10.157719
68	2244	0	0	0	4	0	-9.879912	10.166392	0	0	556.000000	-9.984145	10.157719
69	2277	0	0	0	4	0	-9.804589	10.073848	0	0	561.000000	-9.984145	10.157719
70	2310	0	0	0	4	0	-9.717639	10.053596	0	0	554.000000	-9.984145	10.157719
71	2343	0	0	0	4	0	-9.746627	10.157718	0	0	550.000000	-9.984145	10.157719
72	2376	0	0	0	4	0	-9.958093	10.114343	0	0	541.000000	-9.984145	10.157719
73	2409	0	0	0	4	0	-10.070955	10.140370	0	0	541.000000	-9.984145	10.157719
74	2442	0	0	0	4	0	-9.995723	10.036237	0	0	547.000000	-9.984145	10.157719
75	2475	0	0	0	4	0	-9.856738	10.039130	0	0	556.000000	-9.984145	10.157719
76	2508	0	0	0	4	0	-9.905975	10.059383	0	0	553.000000	-9.984145	10.157719
77	2541	0	0	0	4	0	-10.007298	10.154827	0	0	543.000000	-9.984145	10.157719
78	2574	0	0	0	4	0	-9.981251	10.183740	0	0	536.000000	-9.984145	10.157719
79	2607	0	0	0	4	0	-9.920454	10.099881	0	0	544.000000	-9.984145	10.157719
80	2640	0	0	0	4	0	-9.764019	10.018874	0	0	554.000000	-9.984145	10.157719
81	2673	0	0	0	4	0	-9.781408	10.044918	0	0	551.000000	-9.984145	10.157719
82	2706	0	0	0	4	0	-9.894393	10.123019	0	0	551.000000	-9.984145	10.157719
83	2739	0	0	0	4	0	-9.894393	10.125912	0	0	548.000000	-9.473405	9.638100
84	2772	0	0	0	4	0	-9.865431	10.059383	0	0	555.000000	-8.929714	9.084956
85	2805	0	0	0	4	0	-9.665446	9.923349	0	0	570.000000	-8.386023	8.531814
86	2838	0	0	0	4	0	-9.662547	9.955198	0	0	569.000000	-7.842332	7.978670
87	2871	0	0	0	4	0	-9.662547	9.969672	0	0	570.000000	-7.298641	7.425527
88	2904	0	0	0	4	0	-9.633543	9.952303	0	0	572.000000	-6.754950	6.872384
89	2937	0	0	0	4	0	-9.523284	9.790101	0	0	579.000000	-6.211258	6.319241
90	2970	0	0	0	4	0	-6.415841	7.893499	0	0	605.000000	-5.667568	5.766098
91	3003	0	0	0	4	0	-5.802171	7.911067	0	0	600.000000	-5.123877	5.212955
92	3036	0	0	0	4	0	-5.633764	7.706031	0	0	604.000000	-4.580185	4.659811
93	3069	0	0	0	4	0	-5.332159	7.424519	0	0	596.000000	-4.036494	4.106668
94	3102	0	0	0	4	0	-4.944371	6.933952	0	0	611.000000	-3.492803	3.553525
95	3135	0	0	0	4	0	-1.581201	2.305506	0	0	712.000000	-2.949112	3.000382
96	3168	0	0	0	4	0	-1.059254	1.599092	0	0	709.000000	-2.405421	2.447239
97	3201	0	0	0	4	0	-0.725111	1.274025	0	0	705.000000	-1.861730	1.894096
98	3234	0	0	0	4	0	-0.390918	0.814619	0	0	711.000000	-1.318039	1.340953
99	3267	0	0	0	4	0	0.089525	0.253652	0	0	724.000000	-0.774348	0.787810
100	3300	0	0	0	4	0	0.471486	0.080573	0	0	726.000000	-0.230657	0.234667
101	3333	0	0	0	4	0	0.856389	-0.002984	0	0	711.000000	0.000000	0.000000
102	3366	0	0	0	4	0	1.282972	-0.313333	0	0	705.000000	0.000000	0.000000
103	3399	0	0	0	4	0	1.661709	-0.790751	0	0	704.000000	0.000000	0.000000
104	3432	0	0	0	4	0	1.888286	-1.187523	0	0	711.000000	0.000000	0.000000
105	3465	0	0	0	4	0	2.999317	-3.772480	0	0	709.000000	0.000000	0.000000
106	3498	0	0	0	4	0	2.951699	-3.852695	0	0	680.000000	0.000000	0.000000
107	3531	0	0	0	4	0	1.786929	-2.829660	0	0	686.000000	0.000000	0.000000
108	3564	0	0	0	4	0	0.238731	-0.367046	0	0	685.000000	0.000000	0.000000
109	3597	0	0	0	4	0	0.116382	-0.722128	0	0	698.000000	0.000000	0.000000
110	3630	0	0	0	4	0	0.134287	-0.814619	0	0	694.000000	0.000000	0.000000
111	3663	0	0	0	4	0	0.107430	-0.525197	0	0	678.000000	0.000000	0.000000
112	3696	0	0	0	4	0	0.077588	-0.552052	0	0	671.000000	0.000000	0.000000
113	3729	0	0	0	4	0	-0.035810	0.053714	0	0	676.000000	0.000000	0.000000
114	3762	0	0	0	4	0	-0.059683	-0.185017	0	0	693.000000	0.000000	0.000000
115	3795	0	0	0	4	0	-0.014921	-0.068635	0	0	692.000000	0.000000	0.000000
116	3828	0	0	0	4	0	0.000000	0.038794	0	0	686.000000	0.000000	0.000000
117	3861	0	0	0	4	0	-0.098477	0.101461	0	0	675.000000	0.000000	0.000000
118	3894	0	0	0	4	0	-0.077587	0.023873	0	0	675.000000	0.000000	0.000000
119	3927	0	0	0	4	0	-0.086541	-0.208890	0	0	676.000000	0.000000	0.000000
120	3960	0	0	0	4	0	-0.035810	-0.322285	0	0	678.000000	0.000000	0.000000
121	3993	0	0	0	4	0	-0.089525	-0.020889	0	0	658.000000	0.000000	0.000000
122	4026	0	0	0	4	0	-0.119366	0.056699	0	0	639.000000	0.000000	0.000000
123	4059	0	0	0	4	0	-0.167111	0.032826	0	0	629.000000	0.000000	0.000000
124	4092	0	0	0	4	0	-0.116383	-0.202921	0	0	633.000000	0.000000	0.000000
125	4125	0	0	0	4	0	-0.125335	-0.399870	0	0	639.000000	0.000000	0.000000
126	4158	0	0	0	4	0	-0.074604	-0.077588	0	0	630.000000	0.000000	0.000000
127	4191	0	0	0	4	0	-0.089525	0.053714	0	0	620.000000	0.000000	0.000000
128	4224	0	0	0	4	0	-0.083556	0.095493	0	0	608.000000	0.000000	0.000000
129	4257	0	0	0	4	0	-0.074604	-0.152192	0	0	623.000000	0.000000	0.000000
130	4290	0	0	0	4	0	-0.035810	-0.349142	0	0	633.000000	0.000000	0.000000
131	4323	0	0	0	4	0	-0.029842	-0.182033	0	0	629.000000	-9.984145	10.157719
132	4356	0	0	0	4	0	-0.065652	0.050731	0	0	613.000000	-9.984145	10.157719
133	4389	0	0	0	4	0	-0.062667	-0.026857	0	0	617.000000	-9.984145	10.157719
134	4422	0	0	0	4	0	-0.095493	-0.089525	0	0	624.000000	-9.984145	10.157719
135	4455	0	0	0	4	0	-0.083556	-0.349142	0	0	636.000000	-9.984145	10.157719
136	4488	0	0	0	4	0	-0.020889	-0.065652	0	0	635.000000	-9.984145	10.157719
137	4521	0	0	0	4	0	-0.083556	0.023873	0	0	631.000000	-9.984145	10.157719
138	4554	0	0	0	4	0	-1.244197	2.281672	0	0	628.000000	-9.984145	10.157719
139	4587	0	0	0	4	0	-10.111451	10.062277	0	0	566.000000	-9.984145	10.157719
140	4620	0	0	0	4	0	-10.007298	10.310886	0	0	549.000000	-9.984145	10.157719
141	4653	0	0	0	4	0	-9.848048	9.807488	0	0	549.000000	-9.984145	10.157719
142	4686	0	0	0	4	0	-9.787204	9.830667	0	0	555.000000	-9.984145	10.157719
143	4719	0	0	0	4	0	-9.882808	9.917559	0	0	550.000000	-9.984145	10.157719
144	4752	0	0	0	4	0	-9.917560	10.024663	0	0	549.000000	-9.984145	10.157719
145	4785	0	0	0	4	0	-9.984144	10.033344	0	0	545.000000	-9.984145	10.157719
146	4818	0	0	0	4	0	-9.865431	9.903080	0	0	557.000000	-9.984145	10.157719
147	4851	0	0	0	4	0	-9.853842	9.856739	0	0	560.000000	-9.984145	10.157719
148	4884	0	0	0	4	0	-9.871222	9.937827	0	0	552.000000	-9.984145	10.157719
149	4917	0	0	0	4	0	-9.923350	9.972567	0	0	551.000000	-9.984145	10.157719
150	4950	0	0	0	4	0	-9.972566	9.963881	0	0	561.000000	-9.984145	10.157719
151	4983	0	0	0	4	0	-9.903081	9.972567	0	0	568.000000	-9.984145	10.157719
152	5016	0	0	0	4	0	-9.819077	9.958093	0	0	571.000000	-9.984145	10.157719
153	5049	0	0	0	4	0	-9.824872	9.949408	0	0	556.000000	-9.984145	10.157719
154	5082	0	0	0	4	0	-9.952303	10.068063	0	0	543.000000	-9.984145	10.157719
155	5115	0	0	0	4	0	-10.004404	10.114343	0	0	532.000000	-9.984145	10.157719
156	5148	0	0	0	4	0	-9.995723	10.096990	0	0	527.000000	-9.984145	10.157719
157	5181	0	0	0	4	0	-9.911767	10.027556	0	0	532.000000	-9.984145	10.157719
158	5214	0	0	0	4	0	-9.932036	10.053596	0	0	525.000000	-9.984145	10.157719
159	5247	0	0	0	4	0	-9.987039	10.169284	0	0	514.000000	-9.984145	10.157719
160	5280	0	0	0	4	0	-10.047811	10.175066	0	0	512.000000	-9.984145	10.157719
161	5313	0	0	0	4	0	-10.018875	10.024663	0	0	518.000000	-9.984145	10.157719
162	5346	0	0	0	4	0	-9.853842	9.963881	0	0	527.000000	0.000000	0.000000
163	5379	0	0	0	4	0	-9.868325	10.004404	0	0	526.000000	0.000000	0.000000
164	5412	0	0	0	4	0	-9.958093	10.094097	0	0	522.000000	0.000000	0.000000
165	5445	0	0	0	4	0	-9.975461	10.137479	0	0	522.000000	0.000000	0.000000
166	5478	0	0	0	4	0	-9.764019	9.874119	0	0	530.000000	0.000000	0.000000
167	5511	0	0	0	4	0	-1.047321	3.136196	0	0	634.000000	0.000000	0.000000
168	5544	0	0	0	4	0	-0.349142	2.445521	0	0	625.000000	0.000000	0.000000
169	5577	0	0	0	4	0	-0.456566	2.409775	0	0	630.000000	0.000000	0.000000
170	5610	0	0	0	4	0	-0.519230	2.055201	0	0	641.000000	0.000000	0.000000
171	5643	0	0	0	4	0	-0.468502	1.915114	0	0	651.000000	0.000000	0.000000
172	5676	0	0	0	4	0	-0.429711	1.858476	0	0	653.000000	0.000000	0.000000
173	5709	0	0	0	4	0	0.080573	0.796718	0	0	657.000000	0.000000	0.000000
174	5742	0	0	0	4	0	0.092509	0.632616	0	0	655.000000	0.000000	0.000000
175	5775	0	0	0	4	0	0.068635	0.438663	0	0	654.000000	0.000000	0.000000
176	5808	0	0	0	4	0	0.062667	0.152192	0	0	676.000000	0.000000	0.000000
177	5841	0	0	0	4	0	0.074604	0.301397	0	0	670.000000	0.000000	0.000000
178	5874	0	0	0	4	0	0.071620	0.513261	0	0	661.000000	0.000000	0.000000
179	5907	0	0	0	4	0	0.053714	0.644551	0	0	651.000000	0.000000	0.000000
180	5940	0	0	0	4	0	0.110414	0.456566	0	0	648.000000	0.000000	0.000000
181	5973	0	0	0	4	0	0.116382	0.253652	0	0	658.000000	0.000000	0.000000
182	6006	0	0	0	4	0	0.185017	0.355110	0	0	646.000000	0.000000	0.000000
183	6039	0	0	0	4	0	0.167112	0.495358	0	0	632.000000	0.000000	0.000000
184	6072	0	0	0	4	0	0.179049	0.844454	0	0	621.000000	0.000000	0.000000
185	6105	0	0	0	4	0	0.143239	0.784783	0	0	618.000000	0.000000	0.000000
186	6138	0	0	0	4	0	0.205906	0.405838	0	0	631.000000	0.000000	0.000000
187	6171	0	0	0	4	0	0.226795	0.516244	0	0	635.000000	0.000000	0.000000
188	6204	0	0	0	4	0	0.196954	0.662453	0	0	625.000000	0.000000	0.000000
189	6237	0	0	0	4	0	0.134287	0.743013	0	0	614.000000	0.000000	0.000000
190	6270	0	0	0	4	0	0.116382	0.728094	0	0	616.000000	0.000000	0.000000
191	6303	0	0	0	4	0	0.205906	0.399870	0	0	618.000000	0.000000	0.000000
192	6336	0	0	0	4	0	0.205906	0.465518	0	0	621.000000	-0.413656	-0.420847
193	6369	0	0	0	4	0	0.185017	0.745997	0	0	611.000000	-1.034139	-1.052118
194	6402	0	0	0	4	0	0.161144	0.799701	0	0	603.000000	-1.654623	-1.683388
195	6435	0	0	0	4	0	0.125335	0.766882	0	0	597.000000	-2.275106	-2.314659
196	6468	0	0	0	4	0	0.199938	0.384950	0	0	611.000000	-2.895590	-2.945930
197	6501	0	0	0	4	0	0.179049	0.265588	0	0	619.000000	-3.516074	-3.577200
198	6534	0	0	0	4	0	0.155176	0.584874	0	0	612.000000	-4.136557	-4.208471
199	6567	0	0	0	4	0	0.107430	0.680355	0	0	605.000000	-4.757041	-4.839742
200	6600	0	0	0	4	0	-3.742766	-3.270063	0	0	618.000000	-5.377524	-5.471012
201	6633	0	0	0	4	0	-4.277283	-3.421736	0	0	617.000000	-5.998008	-6.102283
202	6666	0	0	0	4	0	-4.280251	-3.790307	0	0	625.000000	-6.618492	-6.733553
203	6699	0	0	0	4	0	-4.550199	-3.692248	0	0	629.000000	-7.238976	-7.364824
204	6732	0	0	0	4	0	-4.938448	-3.828929	0	0	622.000000	-7.859459	-7.996095
205	6765	0	0	0	4	0	-8.437350	-6.725074	0	0	617.000000	-8.479942	-8.627365
206	6798	0	0	0	4	0	-8.446110	-7.177898	0	0	610.000000	-9.100426	-9.258636
207	6831	0	0	0	4	0	-8.393547	-7.477330	0	0	617.000000	-9.720910	-9.889907
208	6864	0	0	0	4	0	-8.577455	-7.389304	0	0	619.000000	-9.984145	-10.157719
209	6897	0	0	0	4	0	-8.659137	-7.515464	0	0	615.000000	-9.984145	-10.157719
210	6930	0	0	0	4	0	-8.726204	-7.632756	0	0	609.000000	-9.984145	-10.157719
211	6963	0	0	0	4	0	-8.734950	-7.644483	0	0	612.000000	-9.984145	-10.157719
212	6996	0	0	0	4	0	-10.700353	-8.801991	0	0	613.000000	-9.984145	-10.157719
213	7029	0	0	0	4	0	-10.284887	-8.801991	0	0	605.000000	-9.984145	-10.157719
214	7062	0	0	0	4	0	-10.481218	-9.069908	0	0	596.000000	-9.984145	-10.157719
215	7095	0	0	0	4	0	-10.570639	-9.229886	0	0	597.000000	-9.984145	-10.157719
216	7128	0	0	0	4	0	-10.458134	-9.305461	0	0	603.000000	-9.984145	-10.157719
217	7161	0	0	0	4	0	-10.313775	-9.282211	0	0	608.000000	-9.984145	-10.157719
218	7194	0	0	0	4	0	-10.397518	-9.293837	0	0	608.000000	-9.984145	-10.157719
219	7227	0	0	0	4	0	-10.475447	-9.351954	0	0	602.000000	-9.984145	-10.157719
220	7260	0	0	0	4	0	-10.224206	-9.619040	0	0	595.000000	-9.984145	-10.157719
221	7293	0	0	0	4	0	-10.169284	-9.836462	0	0	596.000000	-9.984145	-10.157719
222	7326	0	0	0	4	0	-9.992828	-9.856738	0	0	609.000000	-9.984145	-10.157719
223	7359	0	0	0	4	0	-10.015980	-9.703142	0	0	607.000000	-9.984145	-10.157719
224	7392	0	0	0	4	0	-10.183741	-9.781408	0	0	594.000000	-9.984145	-10.157719
225	7425	0	0	0	4	0	-10.180848	-9.801693	0	0	594.000000	-9.984145	-10.157719
226	7458	0	0	0	4	0	-10.123019	-9.807489	0	0	593.000000	-9.984145	-10.157719
227	7491	0	0	0	4	0	-9.845153	-9.659645	0	0	610.000000	-9.984145	-10.157719
228	7524	0	0	0	4	0	-9.720539	-9.592930	0	0	617.000000	-9.984145	-10.157719
229	7557	0	0	0	4	0	-9.755322	-9.354859	0	0	606.000000	-9.984145	-10.157719
230	7590	0	0	0	4	0	-9.717639	-9.229886	0	0	596.000000	-9.984145	-10.157719
231	7623	0	0	0	4	0	-9.656746	-9.034985	0	0	598.000000	-9.984145	-10.157719
232	7656	0	0	0	4	0	-9.351954	-8.909788	0	0	604.000000	-9.984145	-10.157719
233	7689	0	0	0	4	0	-9.171729	-8.557031	0	0	609.000000	-9.984145	-10.157719
234	7722	0	0	0	4	0	-9.177546	-8.384786	0	0	605.000000	-9.984145	-10.157719
235	7755	0	0	0	4	0	-9.151369	-8.279613	0	0	593.000000	-9.984145	-10.157719
236	7788	0	0	0	4	0	-9.069908	-8.139293	0	0	588.000000	-9.984145	-10.157719
237	7821	0	0	0	4	0	-8.775761	-8.063246	0	0	606.000000	-9.984145	-10.157719
238	7854	0	0	0	4	0	-8.571621	-7.837862	0	0	617.000000	-9.793365	-9.963622
239	7887	0	0	0	4	0	-8.583291	-7.673794	0	0	596.000000	-9.093840	-9.251935
240	7920	0	0	0	4	0	-8.597878	-7.735333	0	0	601.000000	-8.394313	-8.540248
241	7953	0	0	0	4	0	-8.603714	-7.711892	0	0	597.000000	-7.694787	-7.828560
242	7986	0	0	0	4	0	-8.419831	-7.635689	0	0	602.000000	-6.995261	-7.116873
243	8019	0	0	0	4	0	-8.183153	-7.503732	0	0	608.000000	-6.295735	-6.405186
244	8052	0	0	0	4	0	-8.118823	-7.280690	0	0	600.000000	-5.596209	-5.693498
245	8085	0	0	0	4	0	-7.952049	-7.119140	0	0	590.000000	-4.896683	-4.981811
246	8118	0	0	0	4	0	-7.609303	-6.963356	0	0	584.000000	-4.197156	-4.270124
247	8151	0	0	0	4	0	-7.169086	-6.707412	0	0	596.000000	-3.497630	-3.558436
248	8184	0	0	0	4	0	-2.898125	-3.626865	0	0	631.000000	-2.798104	-2.846749
249	8217	0	0	0	4	0	-2.028378	-2.016456	0	0	622.000000	-2.098578	-2.135062
250	8250	0	0	0	4	0	-1.706432	-1.226301	0	0	604.000000	-1.399052	-1.423375
251	8283	0	0	0	4	0	-1.238232	-0.677372	0	0	602.000000	-0.699526	-0.711687
252	8316	0	0	0	4	0	-0.910091	-0.381966	0	0	603.000000	0.000000	0.000000
253	8349	0	0	0	4	0	-0.611729	-0.217842	0	0	615.000000	0.000000	0.000000
254	8382	0	0	0	4	0	-0.256635	0.220826	0	0	609.000000	0.000000	0.000000
255	8415	0	0	0	4	0	-0.062667	0.763899	0	0	593.000000	0.000000	0.000000
256	8448	0	0	0	4	0	0.095493	0.853405	0	0	588.000000	0.000000	0.000000
257	8481	0	0	0	4	0	0.155176	0.686323	0	0	604.000000	0.000000	0.000000
258	8514	0	0	0	4	0	0.202921	0.540116	0	0	611.000000	0.000000	0.000000
259	8547	0	0	0	4	0	0.238731	0.638583	0	0	614.000000	0.000000	0.000000
260	8580	0	0	0	4	0	0.262603	0.817603	0	0	608.000000	0.000000	0.000000
261	8613	0	0	0	4	0	0.289461	0.805669	0	0	601.000000	0.000000	0.000000
262	8646	0	0	0	4	0	0.077588	0.522213	0	0	597.000000	0.000000	0.000000
263	8679	0	0	0	4	0	0.062667	0.244700	0	0	606.000000	0.000000	0.000000
264	8712	0	0	0	4	0	0.092509	0.381966	0	0	605.000000	0.000000	0.000000
265	8745	0	0	0	4	0	0.038794	0.584874	0	0	587.000000	0.000000	0.000000
266	8778	0	0	0	4	0	0.032826	0.677372	0	0	576.000000	0.000000	0.000000
267	8811	0	0	0	4	0	-0.008952	0.629632	0	0	576.000000	0.000000	0.000000
268	8844	0	0	0	4	0	-0.023873	0.170097	0	0	595.000000	0.000000	0.000000
269	8877	0	0	0	4	0	0.011936	0.173080	0	0	592.000000	0.000000	0.000000
270	8910	0	0	0	4	0	-0.017904	0.405838	0	0	592.000000	0.000000	0.000000
271	8943	0	0	0	4	0	0.044762	0.343174	0	0	580.000000	0.000000	0.000000
272	8976	0	0	0	4	0	0.023873	0.256636	0	0	579.000000	0.000000	0.000000
273	9009	0	0	0	4	0	0.014921	-0.089525	0	0	595.000000	0.000000	0.000000
274	9042	0	0	0	4	0	0.050731	-0.026857	0	0	601.000000	0.000000	0.000000
275	9075	0	0	0	4	0	0.065652	0.396886	0	0	584.000000	0.000000	0.000000
276	9108	0	0	0	4	0	0.035810	0.489389	0	0	575.000000	0.000000	0.000000
277	9141	0	0	0	4	0	-0.005969	0.426726	0	0	580.000000	0.000000	0.000000
278	9174	0	0	0	4	0	-0.032825	0.065652	0	0	597.000000	0.000000	0.000000
279	9207	0	0	0	4	0	0.044762	0.074604	0	0	604.000000	0.000000	0.000000
280	9240	0	0	0	4	0	0.032826	0.328253	0	0	597.000000	0.000000	0.000000
281	9273	0	0	0	4	0	-0.002983	0.426726	0	0	589.000000	0.000000	0.000000
282	9306	0	0	0	4	0	-0.050731	0.355110	0	0	592.000000	0.000000	0.000000
283	9339	0	0	0	4	0	-0.029842	0.164128	0	0	600.000000	-9.984145	-10.157719
284	9372	0	0	0	4	0	-0.005969	0.002984	0	0	610.000000	-9.984145	-10.157719
285	9405	0	0	0	4	0	-0.038794	0.149207	0	0	612.000000	-9.984145	-10.157719
286	9438	0	0	0	4	0	-0.044762	0.378983	0	0	593.000000	-9.984145	-10.157719
287	9471	0	0	0	4	0	-0.041779	0.441646	0	0	594.000000	-9.984145	-10.157719
288	9504	0	0	0	4	0	-0.008952	0.176064	0	0	599.000000	-9.984145	-10.157719
289	9537	0	0	0	4	0	-0.020889	-0.074604	0	0	612.000000	-9.984145	-10.157719
290	9570	0	0	0	4	0	-7.386370	-5.420898	0	0	611.000000	-9.984145	-10.157719
291	9603	0	0	0	4	0	-9.975461	-8.679550	0	0	599.000000	-9.984145	-10.157719
292	9636	0	0	0	4	0	-10.120129	-9.101914	0	0	588.000000	-9.984145	-10.157719
293	9669	0	0	0	4	0	-10.108559	-9.128098	0	0	592.000000	-9.984145	-10.157719
294	9702	0	0	0	4	0	-9.937828	-9.066998	0	0	609.000000	-9.984145	-10.157719
295	9735	0	0	0	4	0	-10.056491	-8.970941	0	0	598.000000	-9.984145	-10.157719
296	9768	0	0	0	4	0	-10.209755	-8.956382	0	0	584.000000	-9.984145	-10.157719
297	9801	0	0	0	4	0	-10.267551	-9.000054	0	0	580.000000	-9.984145	-10.157719
298	9834	0	0	0	4	0	-10.198193	-9.093186	0	0	580.000000	-9.984145	-10.157719
299	9867	0	0	0	4	0	-9.978354	-9.040806	0	0	588.000000	-9.984145	-10.157719
300	9900	0	0	0	4	0	-10.033344	-8.994233	0	0	589.000000	-9.984145	-10.157719
301	9933	0	0	0	4	0	-10.117234	-9.002966	0	0	576.000000	-9.984145	-10.157719
302	9966	0	0	0	4	0	-10.221315	-9.020432	0	0	573.000000	-9.984145	-10.157719
303	9999	0	0	0	4	0	-10.172175	-9.040806	0	0	577.000000	-9.984145	-10.157719
304	10032	0	0	0	4	0	-10.007298	-9.000054	0	0	589.000000	-9.984145	-10.157719
305	10065	0	0	0	4	0	-9.972566	-8.906875	0	0	595.000000	-9.984145	-10.157719
306	10098	0	0	0	4	0	-7.142645	-7.254263	0	0	581.000000	-9.984145	-10.157719
307	10131	0	0	0	4	0	-7.251325	-6.933952	0	0	572.000000	-9.984145	-10.157719
308	10164	0	0	0	4	0	-7.233706	-6.928070	0	0	587.000000	-9.984145	-10.157719
309	10197	0	0	0	4	0	-7.045670	-6.939833	0	0	594.000000	-9.984145	-10.157719
310	10230	0	0	0	4	0	-7.013337	-6.854540	0	0	600.000000	-9.984145	-10.157719
311	10263	0	0	0	4	0	-7.110324	-6.707412	0	0	592.000000	-9.984145	-10.157719
312	10296	0	0	0	4	0	-7.233706	-6.710357	0	0	583.000000	-9.984145	-10.157719
313	10329	0	0	0	4	0	-7.248390	-6.760388	0	0	587.000000	0.000000	0.000000
314	10362	0	0	0	4	0	-7.048610	-6.854540	0	0	610.000000	0.000000	0.000000
315	10395	0	0	0	4	0	-7.095632	-6.698583	0	0	607.000000	0.000000	0.000000
316	10428	0	0	0	4	0	-7.166148	-6.607316	0	0	612.000000	0.000000	0.000000
317	10461	0	0	0	4	0	-7.233706	-6.660314	0	0	617.000000	0.000000	0.000000
318	10494	0	0	0	4	0	-7.230768	-6.698583	0	0	623.000000	0.000000	0.000000
319	10527	0	0	0	4	0	-7.080938	-6.675033	0	0	636.000000	0.000000	0.000000
320	10560	0	0	0	4	0	-0.668421	-0.522213	0	0	697.000000	0.000000	0.000000
321	10593	0	0	0	4	0	-0.196953	2.135665	0	0	673.000000	0.000000	0.000000
322	10626	0	0	0	4	0	-0.185017	2.335299	0	0	659.000000	0.000000	0.000000
323	10659	0	0	0	4	0	-0.122349	1.891267	0	0	650.000000	0.000000	0.000000
324	10692	0	0	0	4	0	-0.083556	0.930975	0	0	666.000000	0.000000	0.000000
325	10725	0	0	0	4	0	-0.053714	0.686323	0	0	678.000000	0.000000	0.000000
326	10758	0	0	0	4	0	0.017905	0.850422	0	0	669.000000	0.000000	0.000000
327	10791	0	0	0	4	0	0.211874	0.370030	0	0	661.000000	0.000000	0.000000
328	10824	0	0	0	4	0	0.044762	0.513261	0	0	656.000000	0.000000	0.000000
329	10857	0	0	0	4	0	0.041778	0.229779	0	0	666.000000	0.000000	0.000000
330	10890	0	0	0	4	0	0.068635	0.137271	0	0	673.000000	0.000000	0.000000
331	10923	0	0	0	4	0	0.086540	0.337205	0	0	669.000000	0.000000	0.000000
332	10956	0	0	0	4	0	0.053714	0.474470	0	0	662.000000	0.000000	0.000000
333	10989	0	0	0	4	0	0.023873	0.489389	0	0	655.000000	0.000000	0.000000
334	11022	0	0	0	4	0	0.038794	0.289461	0	0	654.000000	0.000000	0.000000
335	11055	0	0	0	4	0	0.038794	0.032826	0	0	661.000000	0.000000	0.000000
336	11088	0	0	0	4	0	-0.179049	0.011936	0	0	644.000000	0.000000	0.000000
337	11121	0	0	0	4	0	-0.110414	0.298413	0	0	628.000000	0.000000	0.000000
338	11154	0	0	0	4	0	-0.134287	0.367046	0	0	617.000000	0.000000	0.000000
339	11187	0	0	0	4	0	-0.134287	0.131302	0	0	625.000000	0.000000	0.000000
340	11220	0	0	0	4	0	-0.104445	-0.185017	0	0	630.000000	0.000000	0.000000
341	11253	0	0	0	4	0	-0.062667	0.101461	0	0	625.000000	0.000000	0.000000
342	11286	0	0	0	4	0	-0.071620	0.170097	0	0	617.000000	0.000000	0.000000
343	11319	0	0	0	4	0	-0.062667	0.179049	0	0	616.000000	0.070476	-0.071702
344	11352	0	0	0	4	0	-0.077587	0.122350	0	0	613.000000	0.845716	-0.860418
345	11385	0	0	0	4	0	-0.101462	-0.071620	0	0	627.000000	1.620955	-1.649135
346	11418	0	0	0	4	0	-0.041779	-0.011936	0	0	622.000000	2.396195	-2.437852
347	11451	0	0	0	4	0	-0.032825	0.286477	0	0	614.000000	3.171434	-3.226569
348	11484	0	0	0	4	0	-0.026858	0.208890	0	0	614.000000	3.946674	-4.015286
349	11517	0	0	0	4	0	0.005969	0.116382	0	0	618.000000	4.721913	-4.804003
350	11550	0	0	0	4	0	0.059683	-0.313333	0	0	631.000000	5.497153	-5.592721
351	11583	0	0	0	4	0	5.169405	-4.431564	0	0	641.000000	6.272392	-6.381437
352	11616	0	0	0	4	0	6.253710	-6.091479	0	0	628.000000	7.047632	-7.170155
353	11649	0	0	0	4	0	6.589646	-6.863364	0	0	632.000000	7.822871	-7.958871
354	11682	0	0	0	4	0	6.919248	-7.304179	0	0	629.000000	8.598111	-8.747588
355	11715	0	0	0	4	0	7.028034	-7.527196	0	0	653.000000	9.373350	-9.536305
356	11748	0	0	0	4	0	7.782211	-7.934485	0	0	658.000000	9.984145	-10.157719
357	11781	0	0	0	4	0	9.987040	-9.241516	0	0	667.000000	9.984145	-10.157719
358	11814	0	0	0	4	0	10.310886	-9.624841	0	0	665.000000	9.984145	-10.157719
359	11847	0	0	0	4	0	10.371533	-9.758223	0	0	669.000000	9.984145	-10.157719
360	11880	0	0	0	4	0	10.177957	-9.874119	0	0	687.000000	9.984145	-10.157719
361	11913	0	0	0	4	0	10.229987	-9.798795	0	0	692.000000	9.984145	-10.157719
362	11946	0	0	0	4	0	11.856920	-10.622538	0	0	686.000000	9.984145	-10.157719
363	11979	0	0	0	4	0	11.559350	-10.484103	0	0	679.000000	9.984145	-10.157719
364	12012	0	0	0	4	0	11.522109	-10.547568	0	0	682.000000	9.984145	-10.157719
365	12045	0	0	0	4	0	11.281236	-10.556220	0	0	691.000000	9.984145	-10.157719
366	12078	0	0	0	4	0	11.272625	-10.585057	0	0	690.000000	9.984145	-10.157719
367	12111	0	0	0	4	0	11.335754	-10.481218	0	0	680.000000	9.984145	-10.157719
368	12144	0	0	0	4	0	11.459063	-10.538916	0	0	678.000000	9.984145	-10.157719
369	12177	0	0	0	4	0	11.416060	-10.613890	0	0	677.000000	9.984145	-10.157719
370	12210	0	0	0	4	0	11.338623	-10.596591	0	0	688.000000	9.984145	-10.157719
371	12243	0	0	0	4	0	11.209469	-10.593707	0	0	691.000000	9.984145	-10.157719
372	12276	0	0	0	4	0	11.321410	-10.518723	0	0	689.000000	9.984145	-10.157719
373	12309	0	0	0	4	0	11.459063	-10.605241	0	0	685.000000	9.984145	-10.157719
374	12342	0	0	0	4	0	11.390252	-10.691709	0	0	684.000000	9.984145	-10.157719
375	12375	0	0	0	4	0	11.318541	-10.677300	0	0	695.000000	9.984145	-10.157719
376	12408	0	0	0	4	0	11.206597	-10.717639	0	0	703.000000	9.984145	-10.157719
377	12441	0	0	0	4	0	11.289845	-10.536031	0	0	696.000000	9.984145	-10.157719
378	12474	0	0	0	4	0	11.358704	-10.576407	0	0	699.000000	9.984145	-10.157719
379	12507	0	0	0	4	0	11.384517	-10.564871	0	0	696.000000	9.984145	-10.157719
380	12540	0	0	0	4	0	11.232438	-10.608123	0	0	710.000000	9.984145	-10.157719
381	12573	0	0	0	4	0	11.051457	-10.593707	0	0	717.000000	9.984145	-10.157719
382	12606	0	0	0	4	0	11.051457	-10.391745	0	0	710.000000	9.984145	-10.157719
383	12639	0	0	0	4	0	11.016959	-10.339769	0	0	699.000000	9.984145	-10.157719
384	12672	0	0	0	4	0	11.057205	-10.255995	0	0	696.000000	9.984145	-10.157719
385	12705	0	0	0	4	0	10.734923	-10.221315	0	0	698.000000	9.984145	-10.157719
386	12738	0	0	0	4	0	10.495645	-10.050704	0	0	703.000000	9.984145	-10.157719
387	12771	0	0	0	4	0	10.342657	-9.743731	0	0	707.000000	9.208176	-9.368258
388	12804	0	0	0	4	0	10.212645	-9.700244	0	0	695.000000	8.354609	-8.499853
389	12837	0	0	0	4	0	10.088312	-9.563915	0	0	694.000000	7.501042	-7.631447
390	12870	0	0	0	4	0	9.972567	-9.441996	0	0	698.000000	6.647475	-6.763041
391	12903	0	0	0	4	0	9.627742	-9.250237	0	0	705.000000	5.793908	-5.894635
392	12936	0	0	0	4	0	9.238607	-8.845699	0	0	699.000000	4.940341	-5.026228
393	12969	0	0	0	4	0	8.831132	-8.340970	0	0	695.000000	4.086774	-4.157823
394	13002	0	0	0	4	0	6.100331	-5.485957	0	0	687.000000	3.233208	-3.289417
395	13035	0	0	0	4	0	4.256510	-3.977445	0	0	700.000000	2.379641	-2.421011
396	13068	0	0	0	4	0	3.412816	-3.299807	0	0	707.000000	1.526074	-1.552605
397	13101	0	0	0	4	0	2.826683	-2.609330	0	0	705.000000	0.672507	-0.684199
398	13134	0	0	0	4	0	2.338279	-2.076063	0	0	694.000000	0.000000	0.000000
399	13167	0	0	0	4	0	1.721340	-1.411219	0	0	686.000000	0.000000	0.000000
400	13200	0	0	0	4	0	1.044339	-0.486405	0	0	685.000000	0.000000	0.000000
401	13233	0	0	0	4	0	-0.647534	0.558020	0	0	694.000000	0.000000	0.000000
402	13266	0	0	0	4	0	-0.993624	1.115933	0	0	688.000000	0.000000	0.000000
403	13299	0	0	0	4	0	-1.133831	1.637855	0	0	683.000000	0.000000	0.000000
404	13332	0	0	0	4	0	-1.279990	1.757116	0	0	671.000000	0.000000	0.000000
405	13365	0	0	0	4	0	-1.384379	1.772023	0	0	669.000000	0.000000	0.000000
406	13398	0	0	0	4	0	-1.408238	1.554364	0	0	683.000000	0.000000	0.000000
407	13431	0	0	0	4	0	-0.790751	0.555036	0	0	678.000000	0.000000	0.000000
408	13464	0	0	0	4	0	-0.110414	0.441646	0	0	671.000000	0.000000	0.000000
409	13497	0	0	0	4	0	-0.101462	0.483422	0	0	652.000000	0.000000	0.000000
410	13530	0	0	0	4	0	-0.122349	0.370030	0	0	645.000000	0.000000	0.000000
411	13563	0	0	0	4	0	-0.137270	0.152192	0	0	651.000000	0.000000	0.000000
412	13596	0	0	0	4	0	-0.080573	0.065652	0	0	652.000000	0.000000	0.000000
413	13629	0	0	0	4	0	-0.050731	0.373014	0	0	641.000000	0.000000	0.000000
414	13662	0	0	0	4	0	-0.122349	0.381966	0	0	634.000000	0.000000	0.000000
415	13695	0	0	0	4	0	-0.095493	0.325269	0	0	624.000000	0.000000	0.000000
416	13728	0	0	0	4	0	0.196954	0.014921	0	0	633.000000	0.000000	0.000000
417	13761	0	0	0	4	0	0.110414	-0.125335	0	0	646.000000	0.000000	0.000000
418	13794	0	0	0	4	0	0.188001	0.125335	0	0	632.000000	0.000000	0.000000
419	13827	0	0	0	4	0	0.176064	0.346158	0	0	629.000000	0.000000	0.000000
420	13860	0	0	0	4	0	0.134287	0.253652	0	0	624.000000	0.000000	0.000000
421	13893	0	0	0	4	0	0.113397	0.056699	0	0	636.000000	0.000000	0.000000
422	13926	0	0	0	4	0	0.137271	-0.161144	0	0	644.000000	0.000000	0.000000
423	13959	0	0	0	4	0	0.140255	-0.014921	0	0	640.000000	0.000000	0.000000
424	13992	0	0	0	4	0	0.176064	0.226795	0	0	626.000000	0.000000	0.000000
425	14025	0	0	0	4	0	0.098477	0.319302	0	0	626.000000	0.000000	0.000000
426	14058	0	0	0	4	0	0.140255	0.029842	0	0	629.000000	0.000000	0.000000
427	14091	0	0	0	4	0	0.119366	-0.223811	0	0	641.000000	0.000000	0.000000
428	14124	0	0	0	4	0	0.125335	-0.083556	0	0	648.000000	0.000000	0.000000
429	14157	0	0	0	4	0	0.092509	0.188001	0	0	636.000000	9.984145	-10.157719
430	14190	0	0	0	4	0	0.113397	0.250667	0	0	630.000000	9.984145	-10.157719
431	14223	0	0	0	4	0	0.098477	0.074604	0	0	637.000000	9.984145	-10.157719
432	14256	0	0	0	4	0	0.137271	-0.116382	0	0	649.000000	9.984145	-10.157719
433	14289	0	0	0	4	0	1.363502	-0.919041	0	0	651.000000	9.984145	-10.157719
434	14322	0	0	0	4	0	8.580374	-7.919848	0	0	659.000000	9.984145	-10.157719
435	14355	0	0	0	4	0	10.492760	-11.137667	0	0	666.000000	9.984145	-10.157719
436	14388	0	0	0	4	0	10.564872	-11.048583	0	0	657.000000	9.984145	-10.157719
437	14421	0	0	0	4	0	10.391746	-11.022709	0	0	671.000000	9.984145	-10.157719
438	14454	0	0	0	4	0	10.281998	-10.881763	0	0	679.000000	9.984145	-10.157719
439	14487	0	0	0	4	0	10.420613	-10.835711	0	0	668.000000	9.984145	-10.157719
440	14520	0	0	0	4	0	11.344361	-10.904785	0	0	680.000000	9.984145	-10.157719
441	14553	0	0	0	4	0	11.344361	-10.991081	0	0	676.000000	9.984145	-10.157719
442	14586	0	0	0	4	0	11.146285	-11.106064	0	0	687.000000	9.984145	-10.157719
443	14619	0	0	0	4	0	11.028459	-11.103189	0	0	693.000000	9.984145	-10.157719
444	14652	0	0	0	4	0	11.120429	-11.083073	0	0	679.000000	9.984145	-10.157719
445	14685	0	0	0	4	0	11.169265	-11.166392	0	0	669.000000	9.984145	-10.157719
446	14718	0	0	0	4	0	11.200854	-11.215213	0	0	664.000000	9.984145	-10.157719
447	14751	0	0	0	4	0	10.959444	-11.062956	0	0	675.000000	9.984145	-10.157719
448	14784	0	0	0	4	0	10.893275	-11.103189	0	0	671.000000	9.984145	-10.157719
449	14817	0	0	0	4	0	11.014084	-10.970948	0	0	662.000000	9.984145	-10.157719
450	14850	0	0	0	4	0	11.137667	-11.037084	0	0	646.000000	9.984145	-10.157719
451	14883	0	0	0	4	0	11.100315	-11.019835	0	0	649.000000	9.984145	-10.157719
452	14916	0	0	0	4	0	10.979577	-11.097442	0	0	657.000000	9.984145	-10.157719
453	14949	0	0	0	4	0	10.965196	-10.968072	0	0	655.000000	9.984145	-10.157719
454	14982	0	0	0	4	0	11.002583	-10.844347	0	0	653.000000	9.984145	-10.157719
455	15015	0	0	0	4	0	11.226697	-10.867373	0	0	652.000000	9.984145	-10.157719
456	15048	0	0	0	4	0	11.281236	-10.878886	0	0	647.000000	9.984145	-10.157719
457	15081	0	0	0	4	0	11.062955	-10.945062	0	0	664.000000	9.984145	-10.157719
458	15114	0	0	0	4	0	11.011209	-10.884643	0	0	671.000000	9.984145	-10.157719
459	15147	0	0	0	4	0	11.048582	-10.781005	0	0	674.000000	0.000000	0.000000
460	15180	0	0	0	4	0	11.192239	-10.829954	0	0	663.000000	0.000000	0.000000
461	15213	0	0	0	4	0	11.200854	-10.881763	0	0	674.000000	0.000000	0.000000
462	15246	0	0	0	4	0	11.085947	-10.864497	0	0	686.000000	0.000000	0.000000
463	15279	0	0	0	4	0	11.091695	-10.801164	0	0	693.000000	0.000000	0.000000
464	15312	0	0	0	4	0	11.117557	-10.708996	0	0	691.000000	0.000000	0.000000
465	15345	0	0	0	4	0	3.686306	-3.784364	0	0	692.000000	0.000000	0.000000
466	15378	0	0	0	4	0	0.701241	0.930975	0	0	682.000000	0.000000	0.000000
467	15411	0	0	0	4	0	0.408823	1.047322	0	0	690.000000	0.000000	0.000000
468	15444	0	0	0	4	0	0.519229	0.059683	0	0	692.000000	0.000000	0.000000
469	15477	0	0	0	4	0	0.572939	0.131302	0	0	689.000000	0.000000	0.000000
470	15510	0	0	0	4	0	0.546084	0.429710	0	0	678.000000	0.000000	0.000000
471	15543	0	0	0	4	0	0.522213	0.474470	0	0	668.000000	0.000000	0.000000
472	15576	0	0	0	4	0	-0.092508	0.563987	0	0	664.000000	0.000000	0.000000
473	15609	0	0	0	4	0	0.107430	0.223811	0	0	677.000000	0.000000	0.000000
474	15642	0	0	0	4	0	0.104445	0.346158	0	0	673.000000	0.000000	0.000000
475	15675	0	0	0	4	0	0.062667	0.543100	0	0	652.000000	0.000000	0.000000
476	15708	0	0	0	4	0	0.038794	0.641567	0	0	649.000000	0.000000	0.000000
477	15741	0	0	0	4	0	-0.402854	0.581890	0	0	624.000000	0.000000	0.000000
478	15774	0	0	0	4	0	-90.000000	-90.000000	0	4	0.000000	0.000000	0.000000
479	15807	0	0	0	4	0	-90.000000	-90.000000	0	4	0.000000	0.000000	0.000000
480	15840	0	0	0	4	0	-90.000000	-90.000000	0	4	0.000000	0.000000	0.000000
481	15873	0	0	0	4	0	-90.000000	-90.000000	0	4	0.000000	0.000000	0.000000
482	15906	0	0	0	4	0	-90.000000	-90.000000	0	4	0.000000	0.000000	0.000000
483	15939	0	0	0	4	0	-1.751154	-6.651482	0	0	391.000000	0.000000	0.000000
484	15972	0	0	0	4	0	-0.754947	-1.828665	0	0	541.000000	0.000000	0.000000
485	16005	0	0	0	4	0	-0.343174	1.247180	0	0	605.000000	0.000000	0.000000
486	16038	0	0	0	4	0	-0.185017	0.659469	0	0	578.000000	0.000000	0.000000
487	16071	0	0	0	4	0	-0.056700	0.587858	0	0	580.000000	0.000000	0.000000
488	16104	0	0	0	4	0	-0.071620	0.498342	0	0	587.000000	0.000000	0.000000
489	16137	0	0	0	4	0	-0.035810	0.402854	0	0	599.000000	0.282837	0.287754
490	16170	0	0	0	4	0	0.110414	0.572939	0	0	605.000000	1.216199	1.237342
491	16203	0	0	0	4	0	0.310349	0.635599	0	0	602.000000	2.149561	2.186931
492	16236	0	0	0	4	0	0.295429	0.644551	0	0	607.000000	3.082923	3.136519
493	16269	0	0	0	4	0	0.277524	0.423743	0	0	632.000000	4.016285	4.086108
494	16302	0	0	0	4	0	0.381966	0.182033	0	0	655.000000	4.949647	5.035696
495	16335	0	0	0	4	0	0.423743	0.572939	0	0	634.000000	5.883009	5.985285
496	16368	0	0	0	4	0	0.471486	0.877273	0	0	617.000000	6.816371	6.934873
497	16401	0	0	0	4	0	6.061972	7.714822	0	0	522.000000	7.749733	7.884461
498	16434	0	0	0	4	0	6.704470	8.165610	0	0	504.000000	8.683095	8.834050
499	16467	0	0	0	4	0	6.980998	8.335128	0	0	505.000000	9.616457	9.783638
500	16500	0	0	0	4	0	7.107387	8.492821	0	0	523.000000	9.984145	10.157719
501	16533	0	0	0	4	0	7.307115	8.886485	0	0	517.000000	9.984145	10.157719
502	16566	0	0	0	4	0	7.512531	9.203717	0	0	514.000000	9.984145	10.157719
503	16599	0	0	0	4	0	9.671247	10.495645	0	0	512.000000	9.984145	10.157719
504	16632	0	0	0	4	0	10.582174	11.261145	0	0	517.000000	9.984145	10.157719
505	16665	0	0	0	4	0	10.463905	11.218082	0	0	540.000000	9.984145	10.157719
506	16698	0	0	0	4	0	10.432158	11.154902	0	0	544.000000	9.984145	10.157719
507	16731	0	0	0	4	0	10.507185	11.232438	0	0	542.000000	9.984145	10.157719
508	16764	0	0	0	4	0	10.587940	11.289845	0	0	530.000000	9.984145	10.157719
509	16797	0	0	0	4	0	9.960987	11.192239	0	0	526.000000	9.984145	10.157719
510	16830	0	0	0	4	0	9.769815	11.042833	0	0	529.000000	9.984145	10.157719
511	16863	0	0	0	4	0	9.720538	10.988204	0	0	529.000000	9.984145	10.157719
512	16896	0	0	0	4	0	9.677046	11.103189	0	0	516.000000	9.984145	10.157719
513	16929	0	0	0	4	0	9.752425	11.140540	0	0	510.000000	9.984145	10.157719
514	16962	0	0	0	4	0	9.874119	11.166392	0	0	502.000000	9.984145	10.157719
515	16995	0	0	0	4	0	9.726336	11.077326	0	0	515.000000	9.984145	10.157719
516	17028	0	0	0	4	0	9.648046	10.996831	0	0	525.000000	9.984145	10.157719
517	17061	0	0	0	4	0	9.633542	11.060081	0	0	516.000000	9.984145	10.157719
518	17094	0	0	0	4	0	9.685745	11.031334	0	0	517.000000	9.984145	10.157719
519	17127	0	0	0	4	0	9.737932	10.870252	0	0	510.000000	9.984145	10.157719
520	17160	0	0	0	4	0	9.668347	10.533146	0	0	523.000000	9.984145	10.157719
521	17193	0	0	0	4	0	9.534895	10.302220	0	0	529.000000	9.984145	10.157719
522	17226	0	0	0	4	0	9.508773	10.383083	0	0	524.000000	9.984145	10.157719
523	17259	0	0	0	4	0	9.526187	10.492760	0	0	515.000000	9.984145	10.157719
524	17292	0	0	0	4	0	9.500064	10.449475	0	0	511.000000	9.984145	10.157719
525	17325	0	0	0	4	0	9.357764	10.270441	0	0	522.000000	9.984145	10.157719
526	17358	0	0	0	4	0	9.206625	10.247325	0	0	531.000000	9.984145	10.157719
527	17391	0	0	0	4	0	9.157187	10.296444	0	0	522.000000	9.984145	10.157719
528	17424	0	0	0	4	0	9.136826	10.287776	0	0	520.000000	9.984145	10.157719
529	17457	0	0	0	4	0	9.761121	10.313774	0	0	526.000000	9.984145	10.157719
530	17490	0	0	0	4	0	9.679947	10.293553	0	0	532.000000	9.678352	9.846609
531	17523	0	0	0	4	0	9.401338	10.105666	0	0	558.000000	8.669235	8.819948
532	17556	0	0	0	4	0	9.311275	10.123019	0	0	558.000000	7.660118	7.793288
533	17589	0	0	0	4	0	9.267679	10.261773	0	0	546.000000	6.651000	6.766627
534	17622	0	0	0	4	0	9.154278	10.307998	0	0	546.000000	5.641883	5.739966
535	17655	0	0	0	4	0	8.909788	10.143261	0	0	547.000000	4.632766	4.713306
536	17688	0	0	0	4	0	8.431512	9.920454	0	0	563.000000	3.623648	3.686645
537	17721	0	0	0	4	0	8.060321	9.787204	0	0	558.000000	2.614531	2.659985
538	17754	0	0	0	4	0	3.879431	5.666270	0	0	576.000000	1.605414	1.633324
539	17787	0	0	0	4	0	2.969557	5.178285	0	0	583.000000	0.596297	0.606663
540	17820	0	0	0	4	0	2.353174	4.274316	0	0	610.000000	-0.412821	-0.419998
541	17853	0	0	0	4	0	1.769041	3.612004	0	0	627.000000	-1.421938	-1.446658
542	17886	0	0	0	4	0	1.202438	3.305755	0	0	627.000000	-2.431055	-2.473319
543	17919	0	0	0	4	0	0.987658	2.972533	0	0	623.000000	-3.440172	-3.499980
544	17952	0	0	0	4	0	0.614713	2.302528	0	0	630.000000	-4.449290	-4.526640
545	17985	0	0	0	4	0	-1.294904	-1.256128	0	0	656.000000	-5.458407	-5.553301
546	18018	0	0	0	4	0	-1.712396	-1.375432	0	0	647.000000	-6.467525	-6.579962
547	18051	0	0	0	4	0	-1.834628	-1.315781	0	0	639.000000	-7.476642	-7.606622
548	18084	0	0	0	4	0	-1.900210	-1.318764	0	0	633.000000	-8.485759	-8.633283
549	18117	0	0	0	4	0	-1.971747	-1.455954	0	0	633.000000	-9.494876	-9.659944
550	18150	0	0	0	4	0	-1.956844	-1.798854	0	0	642.000000	-9.984145	-10.157719
551	18183	0	0	0	4	0	-9.296743	-7.142645	0	0	618.000000	-9.984145	-10.157719
552	18216	0	0	0	4	0	-9.856738	-7.749984	0	0	611.000000	-9.984145	-10.157719
553	18249	0	0	0	4	0	-9.775612	-7.711892	0	0	601.000000	-9.984145	-10.157719
554	18282	0	0	0	4	0	-9.790101	-7.823218	0	0	606.000000	-9.984145	-10.157719
555	18315	0	0	0	4	0	-9.685746	-7.755844	0	0	611.000000	-9.984145	-10.157719
556	18348	0	0	0	4	0	-9.648046	-7.779281	0	0	630.000000	-9.984145	-10.157719
557	18381	0	0	0	4	0	-11.206598	-10.708996	0	0	619.000000	-9.984145	-10.157719
558	18414	0	0	0	4	0	-10.674419	-9.804589	0	0	618.000000	-9.984145	-10.157719
559	18447	0	0	0	4	0	-10.645598	-9.842255	0	0	621.000000	-9.984145	-10.157719
560	18480	0	0	0	4	0	-10.524493	-9.732134	0	0	637.000000	-9.984145	-10.157719
561	18513	0	0	0	4	0	-10.481218	-9.746627	0	0	643.000000	-9.984145	-10.157719
562	18546	0	0	0	4	0	-10.685945	-9.714740	0	0	635.000000	-9.984145	-10.157719
563	18579	0	0	0	4	0	-10.680182	-9.833564	0	0	637.000000	-9.984145	-10.157719
564	18612	0	0	0	4	0	-10.757967	-9.897288	0	0	629.000000	-9.984145	-10.157719
565	18645	0	0	0	4	0	-10.550451	-9.853842	0	0	637.000000	-9.984145	-10.157719
566	18678	0	0	0	4	0	-10.521608	-9.830667	0	0	636.000000	-9.984145	-10.157719
567	18711	0	0	0	4	0	-10.642716	-9.769814	0	0	621.000000	-9.984145	-10.157719
568	18744	0	0	0	4	0	-10.674419	-9.914662	0	0	623.000000	-9.984145	-10.157719
569	18777	0	0	0	4	0	-10.570639	-10.001510	0	0	619.000000	-9.984145	-10.157719
570	18810	0	0	0	4	0	-10.458134	-9.879912	0	0	625.000000	-9.984145	-10.157719
571	18843	0	0	0	4	0	-10.406178	-9.848048	0	0	627.000000	-9.984145	-10.157719
572	18876	0	0	0	4	0	-10.541800	-9.784305	0	0	623.000000	-9.984145	-10.157719
573	18909	0	0	0	4	0	-10.521608	-9.908873	0	0	622.000000	-9.984145	-10.157719
574	18942	0	0	0	4	0	-10.504300	-9.926246	0	0	632.000000	-9.984145	-10.157719
575	18975	0	0	0	4	0	-10.305108	-9.920454	0	0	641.000000	-9.984145	-10.157719
576	19008	0	0	0	4	0	-10.238656	-9.706043	0	0	644.000000	-9.984145	-10.157719
577	19041	0	0	0	4	0	-10.267551	-9.691545	0	0	642.000000	-9.984145	-10.157719
578	19074	0	0	0	4	0	-10.221315	-9.610336	0	0	650.000000	-9.984145	-10.157719
579	19107	0	0	0	4	0	-10.154828	-9.552306	0	0	648.000000	-9.984145	-10.157719
580	19140	0	0	0	4	0	-9.972566	-9.386815	0	0	653.000000	-9.753868	-9.923438
581	19173	0	0	0	4	0	-9.784305	-9.229886	0	0	670.000000	-8.668278	-8.818974
582	19206	0	0	0	4	0	-9.743731	-9.011699	0	0	671.000000	-7.582687	-7.714511
583	19239	0	0	0	4	0	-9.706043	-8.825302	0	0	667.000000	-6.497096	-6.610047
584	19272	0	0	0	4	0	-10.486990	-9.401339	0	0	656.000000	-5.411505	-5.505584
585	19305	0	0	0	4	0	-10.169284	-9.078638	0	0	674.000000	-4.325915	-4.401120
586	19338	0	0	0	4	0	-9.816180	-8.688299	0	0	680.000000	-3.240324	-3.296657
587	19371	0	0	0	4	0	-4.630255	-4.642115	0	0	701.000000	-2.154733	-2.192193
588	19404	0	0	0	4	0	-3.296832	-0.793735	0	0	712.000000	-1.069142	-1.087729
589	19437	0	0	0	4	0	-2.517007	-0.113397	0	0	696.000000	0.016448	0.016734
590	19470	0	0	0	4	0	-1.766061	-0.226795	0	0	698.000000	1.102039	1.121198
591	19503	0	0	0	4	0	-1.044339	0.182033	0	0	699.000000	2.187630	2.225662
592	19536	0	0	0	4	0	-0.507293	0.719144	0	0	702.000000	3.273221	3.330125
593	19569	0	0	0	4	0	-0.035810	1.157694	0	0	682.000000	4.358811	4.434589
594	19602	0	0	0	4	0	0.182033	1.527526	0	0	677.000000	5.444402	5.539052
595	19635	0	0	0	4	0	4.570956	6.014753	0	0	611.000000	6.529993	6.643516
596	19668	0	0	0	4	0	4.692509	6.957476	0	0	600.000000	7.615583	7.747980
597	19701	0	0	0	4	0	4.828835	7.274817	0	0	617.000000	8.701175	8.852444
598	19734	0	0	0	4	0	4.991761	7.521330	0	0	613.000000	9.786765	9.956907
599	19767	0	0	0	4	0	5.181245	7.697240	0	0	614.000000	9.984145	10.157719
600	19800	0	0	0	4	0	5.533262	8.031064	0	0	611.000000	9.984145	10.157719
601	19833	0	0	0	4	0	9.714740	10.752207	0	0	598.000000	9.984145	10.157719
602	19866	0	0	0	4	0	9.795897	10.812680	0	0	613.000000	9.984145	10.157719
603	19899	0	0	0	4	0	9.700243	10.757967	0	0	613.000000	9.984145	10.157719
604	19932	0	0	0	4	0	9.778509	10.775248	0	0	598.000000	9.984145	10.157719
605	19965	0	0	0	4	0	9.850945	10.781006	0	0	582.000000	9.984145	10.157719
606	19998	0	0	0	4	0	9.891496	10.835711	0	0	572.000000	9.984145	10.157719
607	20031	0	0	0	4	0	9.845152	10.734923	0	0	567.000000	9.984145	10.157719
608	20064	0	0	0	4	0	9.708941	10.674418	0	0	572.000000	9.984145	10.157719
609	20097	0	0	0	4	0	9.792999	10.703234	0	0	559.000000	9.984145	10.157719
610	20130	0	0	0	4	0	9.856739	10.714758	0	0	550.000000	9.984145	10.157719
611	20163	0	0	0	4	0	9.920454	10.737804	0	0	544.000000	9.984145	10.157719
612	20196	0	0	0	4	0	9.885704	10.608124	0	0	553.000000	9.984145	10.157719
613	20229	0	0	0	4	0	9.778509	10.429272	0	0	564.000000	9.984145	10.157719
614	20262	0	0	0	4	0	9.784306	10.478333	0	0	559.000000	9.984145	10.157719
615	20295	0	0	0	4	0	9.874119	10.544683	0	0	554.000000	9.984145	10.157719
616	20328	0	0	0	4	0	9.923349	10.556220	0	0	548.000000	9.984145	10.157719
617	20361	0	0	0	4	0	9.865430	10.489875	0	0	559.000000	9.984145	10.157719
618	20394	0	0	0	4	0	9.726336	10.319551	0	0	576.000000	9.984145	10.157719
619	20427	0	0	0	4	0	9.743730	10.348433	0	0	569.000000	9.984145	10.157719
620	20460	0	0	0	4	0	9.801692	10.411953	0	0	564.000000	9.984145	10.157719
621	20493	0	0	0	4	0	9.874119	10.411953	0	0	559.000000	9.984145	10.157719
622	20526	0	0	0	4	0	9.850945	10.388858	0	0	558.000000	9.984145	10.157719
623	20559	0	0	0	4	0	9.691545	10.284887	0	0	576.000000	9.984145	10.157719
624	20592	0	0	0	4	0	9.714740	10.235765	0	0	573.000000	9.984145	10.157719
625	20625	0	0	0	4	0	9.781408	10.307998	0	0	567.000000	9.984145	10.157719
626	20658	0	0	0	4	0	9.827769	10.316663	0	0	562.000000	9.984145	10.157719
627	20691	0	0	0	4	0	9.743730	10.305108	0	0	564.000000	9.984145	10.157719
628	20724	0	0	0	4	0	9.572619	10.105666	0	0	585.000000	9.984145	10.157719
629	20757	0	0	0	4	0	9.488452	10.114343	0	0	585.000000	-9.984145	-10.157719
630	20790	0	0	0	4	0	9.497161	10.154827	0	0	580.000000	-9.984145	-10.157719
631	20823	0	0	0	4	0	9.511675	10.172175	0	0	577.000000	-9.984145	-10.157719
632	20856	0	0	0	4	0	9.520383	10.137479	0	0	582.000000	-9.984145	-10.157719
633	20889	0	0	0	4	0	9.273491	9.955198	0	0	604.000000	-9.984145	-10.157719
634	20922	0	0	0	4	0	9.177546	9.874119	0	0	606.000000	-9.984145	-10.157719
635	20955	0	0	0	4	0	9.136826	9.929141	0	0	604.000000	-9.984145	-10.157719
636	20988	0	0	0	4	0	0.713176	5.335117	0	0	656.000000	-9.984145	-10.157719
637	21021	0	0	0	4	0	-7.562390	-3.231394	0	0	687.000000	-9.984145	-10.157719
638	21054	0	0	0	4	0	-8.714541	-7.386370	0	0	673.000000	-9.984145	-10.157719
639	21087	0	0	0	4	0	-8.720372	-7.266008	0	0	664.000000	-9.984145	-10.157719
640	21120	0	0	0	4	0	-8.799076	-7.351149	0	0	665.000000	-9.984145	-10.157719
641	21153	0	0	0	4	0	-8.793247	-7.571186	0	0	655.000000	-9.984145	-10.157719
642	21186	0	0	0	4	0	-8.711626	-7.741195	0	0	665.000000	-9.984145	-10.157719
643	21219	0	0	0	4	0	-8.801991	-7.928632	0	0	675.000000	-9.984145	-10.157719
644	21252	0	0	0	4	0	-10.371534	-9.244423	0	0	661.000000	-9.984145	-10.157719
645	21285	0	0	0	4	0	-10.723400	-9.821976	0	0	653.000000	-9.984145	-10.157719
646	21318	0	0	0	4	0	-10.772367	-9.929141	0	0	653.000000	-9.984145	-10.157719
647	21351	0	0	0	4	0	-10.671536	-9.960988	0	0	658.000000	-9.984145	-10.157719
648	21384	0	0	0	4	0	-10.587941	-9.833564	0	0	665.000000	-9.984145	-10.157719
649	21417	0	0	0	4	0	-10.622538	-9.862532	0	0	662.000000	-9.984145	-10.157719
650	21450	0	0	0	4	0	-10.694589	-9.905975	0	0	644.000000	-9.984145	-10.157719
651	21483	0	0	0	4	0	-10.013087	-10.134587	0	0	639.000000	-9.984145	-10.157719
652	21516	0	0	0	4	0	-10.177958	-10.021769	0	0	631.000000	-9.984145	-10.157719
653	21549	0	0	0	4	0	-9.992828	-10.015980	0	0	648.000000	-9.984145	-10.157719
654	21582	0	0	0	4	0	-9.989934	-9.984144	0	0	634.000000	-9.984145	-10.157719
655	21615	0	0	0	4	0	-10.102774	-10.001510	0	0	625.000000	-9.984145	-10.157719
656	21648	0	0	0	4	0	-10.070955	-10.085419	0	0	619.000000	-9.984145	-10.157719
657	21681	0	0	0	4	0	-10.007298	-10.076741	0	0	618.000000	-9.984145	-10.157719
658	21714	0	0	0	4	0	-9.874119	-9.888600	0	0	630.000000	-9.984145	-10.157719
659	21747	0	0	0	4	0	-9.932036	-9.821976	0	0	620.000000	9.984145	10.157719
660	21780	0	0	0	4	0	-10.015980	-9.865431	0	0	608.000000	9.984145	10.157719
661	21813	0	0	0	4	0	-10.082527	-9.932036	0	0	605.000000	9.984145	10.157719
662	21846	0	0	0	4	0	-10.024664	-9.929141	0	0	611.000000	9.984145	10.157719
663	21879	0	0	0	4	0	-9.845153	-9.842255	0	0	623.000000	9.984145	10.157719
664	21912	0	0	0	4	0	-9.824872	-9.905975	0	0	626.000000	9.984145	10.157719
665	21945	0	0	0	4	0	-9.987039	-9.874119	0	0	615.000000	9.984145	10.157719
666	21978	0	0	0	4	0	-10.027556	-9.758223	0	0	607.000000	9.984145	10.157719
667	22011	0	0	0	4	0	1.697487	1.124882	0	0	647.000000	9.984145	10.157719
668	22044	0	0	0	4	0	8.387706	9.952303	0	0	584.000000	9.984145	10.157719
669	22077	0	0	0	4	0	8.921437	9.833564	0	0	578.000000	9.984145	10.157719
670	22110	0	0	0	4	0	8.734950	9.981250	0	0	582.000000	9.984145	10.157719
671	22143	0	0	0	4	0	8.828217	10.250216	0	0	577.000000	9.984145	10.157719
672	22176	0	0	0	4	0	8.901050	10.371533	0	0	577.000000	9.984145	10.157719
673	22209	0	0	0	4	0	8.950559	10.365760	0	0	577.000000	9.984145	10.157719
674	22242	0	0	0	4	0	8.775760	10.201083	0	0	594.000000	9.984145	10.157719
675	22275	0	0	0	4	0	9.163004	10.357097	0	0	591.000000	9.984145	10.157719
676	22308	0	0	0	4	0	9.386814	10.440817	0	0	589.000000	9.984145	10.157719
677	22341	0	0	0	4	0	9.468128	10.541800	0	0	583.000000	9.984145	10.157719
678	22374	0	0	0	4	0	9.540698	10.547568	0	0	579.000000	9.984145	10.157719
679	22407	0	0	0	4	0	9.401338	10.394631	0	0	588.000000	9.984145	10.157719
680	22440	0	0	0	4	0	9.317086	10.455248	0	0	587.000000	9.984145	10.157719
681	22473	0	0	0	4	0	9.378100	10.573524	0	0	573.000000	9.984145	10.157719
682	22506	0	0	0	4	0	9.412955	10.662891	0	0	558.000000	9.984145	10.157719
683	22539	0	0	0	4	0	9.441997	10.729162	0	0	556.000000	9.984145	10.157719
684	22572	0	0	0	4	0	9.383910	10.541800	0	0	563.000000	9.984145	10.157719
685	22605	0	0	0	4	0	9.282211	10.518723	0	0	566.000000	9.984145	10.157719
686	22638	0	0	0	4	0	9.331615	10.651363	0	0	556.000000	9.984145	10.157719
687	22671	0	0	0	4	0	9.436189	10.694590	0	0	553.000000	9.984145	10.157719
688	22704	0	0	0	4	0	9.500064	10.732043	0	0	547.000000	9.984145	10.157719
689	22737	0	0	0	4	0	9.415860	10.651363	0	0	559.000000	9.984145	10.157719
690	22770	0	0	0	4	0	9.372290	10.561989	0	0	566.000000	8.486524	10.157719
691	22803	0	0	0	4	0	9.389719	10.685946	0	0	563.000000	6.839139	10.157719
692	22836	0	0	0	4	0	9.485549	10.737804	0	0	556.000000	5.191755	10.157719
693	22869	0	0	0	4	0	9.543601	10.786767	0	0	560.000000	3.544372	10.157719
694	22902	0	0	0	4	0	9.479742	10.688827	0	0	563.000000	1.896988	10.157719
695	22935	0	0	0	4	0	9.317086	10.590824	0	0	577.000000	0.249604	10.157719
696	22968	0	0	0	4	0	2.963604	10.440817	0	0	567.000000	-1.397780	10.157719
697	23001	0	0	0	4	0	1.953864	10.608124	0	0	566.000000	-3.045164	10.157719
698	23034	0	0	0	4	0	-0.373014	10.602357	0	0	560.000000	-4.692548	10.157719
699	23067	0	0	0	4	0	-3.442550	10.757967	0	0	565.000000	-6.339932	10.157719
700	23100	0	0	0	4	0	-3.932896	10.582174	0	0	572.000000	-7.987316	10.157719
701	23133	0	0	0	4	0	-4.321793	10.654244	0	0	562.000000	-9.634700	10.157719
702	23166	0	0	0	4	0	-4.579851	10.720520	0	0	554.000000	-9.984145	10.157719
703	23199	0	0	0	4	0	-4.796239	10.786767	0	0	547.000000	-9.984145	10.157719
704	23232	0	0	0	4	0	-5.500741	10.781006	0	0	558.000000	-9.984145	10.157719
705	23265	0	0	0	4	0	-10.475447	10.484103	0	0	558.000000	-9.984145	10.157719
706	23298	0	0	0	4	0	-10.919170	10.365760	0	0	558.000000	-9.984145	10.157719
707	23331	0	0	0	4	0	-10.956569	10.397518	0	0	554.000000	-9.984145	10.157719
708	23364	0	0	0	4	0	-11.025583	10.414840	0	0	549.000000	-9.984145	10.157719
709	23397	0	0	0	4	0	-11.077326	10.385971	0	0	555.000000	-9.984145	10.157719
710	23430	0	0	0	4	0	-10.913416	10.313774	0	0	556.000000	-9.984145	10.157719
711	23463	0	0	0	4	0	-10.224206	10.443705	0	0	554.000000	-9.984145	10.157719
712	23496	0	0	0	4	0	-10.085419	10.495645	0	0	543.000000	-9.984145	10.157719
713	23529	0	0	0	4	0	-10.146152	10.533146	0	0	530.000000	-9.984145	10.157719
714	23562	0	0	0	4	0	-10.160610	10.544683	0	0	538.000000	-9.984145	10.157719
715	23595	0	0	0	4	0	-10.044917	10.449475	0	0	543.000000	-9.984145	10.157719
716	23628	0	0	0	4	0	-9.969672	10.478333	0	0	542.000000	-9.984145	10.157719
717	23661	0	0	0	4	0	-10.007298	10.501415	0	0	530.000000	-9.984145	10.157719
718	23694	0	0	0	4	0	-10.062278	10.533146	0	0	529.000000	-9.984145	10.157719
719	23727	0	0	0	4	0	-10.033344	10.585057	0	0	520.000000	-9.984145	10.157719
720	23760	0	0	0	4	0	-9.911767	10.489875	0	0	534.000000	-9.984145	10.157719
721	23793	0	0	0	4	0	-9.848048	10.452361	0	0	537.000000	-9.984145	10.157719
722	23826	0	0	0	4	0	-9.879912	10.510069	0	0	530.000000	-9.984145	10.157719
723	23859	0	0	0	4	0	-9.920454	10.530262	0	0	527.000000	-9.984145	10.157719
724	23892	0	0	0	4	0	-9.952303	10.495645	0	0	526.000000	-9.984145	10.157719
725	23925	0	0	0	4	0	-9.868325	10.400406	0	0	542.000000	-9.984145	10.157719
726	23958	0	0	0	4	0	-9.737932	10.348433	0	0	543.000000	-9.984145	10.157719
727	23991	0	0	0	4	0	-9.769814	10.383083	0	0	543.000000	-9.984145	10.157719
728	24024	0	0	0	4	0	-9.819077	10.440817	0	0	542.000000	-9.984145	10.157719
729	24057	0	0	0	4	0	-9.853842	10.446589	0	0	542.000000	-9.984145	10.157719
730	24090	0	0	0	4	0	-9.735034	10.348433	0	0	549.000000	-9.984145	10.157719
731	24123	0	0	0	4	0	-9.610336	10.313774	0	0	560.000000	-9.984145	10.157719
732	24156	0	0	0	4	0	-9.653846	10.377309	0	0	551.000000	-9.419670	9.583430
733	24189	0	0	0	4	0	-9.714740	10.426385	0	0	547.000000	-8.255442	8.398962
734	24222	0	0	0	4	0	-9.769814	10.486989	0	0	551.000000	-7.091213	7.214493
735	24255	0	0	0	4	0	-9.697343	10.481218	0	0	558.000000	-5.926984	6.030024
736	24288	0	0	0	4	0	-9.447803	10.426385	0	0	564.000000	-4.762755	4.845555
737	24321	0	0	0	4	0	-9.433285	10.316663	0	0	562.000000	-3.598526	3.661086
738	24354	0	0	0	4	0	-9.421667	10.215536	0	0	556.000000	-2.434297	2.476617
739	24387	0	0	0	4	0	-7.823218	9.131007	0	0	553.000000	-1.270068	1.292148
740	24420	0	0	0	4	0	-2.558703	2.180365	0	0	663.000000	-0.105839	0.107679
741	24453	0	0	0	4	0	2.007514	-3.115368	0	0	661.000000	1.058390	-1.076790
742	24486	0	0	0	4	0	4.636185	-4.659901	0	0	659.000000	2.222619	-2.261259
743	24519	0	0	0	4	0	5.287780	-5.592385	0	0	666.000000	3.386848	-3.445728
744	24552	0	0	0	4	0	5.749000	-6.029510	0	0	671.000000	4.551077	-4.630197
745	24585	0	0	0	4	0	6.224220	-6.365738	0	0	672.000000	5.715306	-5.814666
746	24618	0	0	0	4	0	6.666201	-6.324469	0	0	676.000000	6.879535	-6.999135
747	24651	0	0	0	4	0	7.286563	-6.663257	0	0	689.000000	8.043763	-8.183603
748	24684	0	0	0	4	0	7.817361	-6.936892	0	0	682.000000	9.207993	-9.368073
749	24717	0	0	0	4	0	8.265000	-7.274817	0	0	682.000000	9.984145	-10.157719
750	24750	0	0	0	4	0	8.393548	-7.442124	0	0	698.000000	9.984145	-10.157719
751	24783	0	0	0	4	0	8.522010	-7.395174	0	0	699.000000	9.984145	-10.157719
752	24816	0	0	0	4	0	9.090277	-7.676723	0	0	686.000000	9.984145	-10.157719
753	24849	0	0	0	4	0	11.805465	-10.518723	0	0	685.000000	9.984145	-10.157719
754	24882	0	0	0	4	0	12.159549	-10.956569	0	0	682.000000	9.984145	-10.157719
755	24915	0	0	0	4	0	12.002609	-10.876008	0	0	687.000000	9.984145	-10.157719
756	24948	0	0	0	4	0	11.982622	-10.804044	0	0	695.000000	9.984145	-10.157719
757	24981	0	0	0	4	0	12.096794	-10.703235	0	0	685.000000	9.984145	-10.157719
758	25014	0	0	0	4	0	11.134794	-10.443705	0	0	683.000000	9.984145	-10.157719
759	25047	0	0	0	4	0	11.149157	-10.536031	0	0	687.000000	9.984145	-10.157719
760	25080	0	0	0	4	0	10.982453	-10.573524	0	0	703.000000	9.984145	-10.157719
761	25113	0	0	0	4	0	11.028459	-10.481218	0	0	706.000000	9.984145	-10.157719
762	25146	0	0	0	4	0	11.166392	-10.530263	0	0	703.000000	9.984145	-10.157719
763	25179	0	0	0	4	0	11.275496	-10.622538	0	0	693.000000	9.984145	-10.157719
764	25212	0	0	0	4	0	11.172136	-10.645598	0	0	702.000000	9.984145	-10.157719
765	25245	0	0	0	4	0	11.025584	-10.657127	0	0	713.000000	9.984145	-10.157719
766	25278	0	0	0	4	0	11.005458	-10.536031	0	0	718.000000	9.984145	-10.157719
767	25311	0	0	0	4	0	11.103189	-10.536031	0	0	712.000000	9.984145	-10.157719
768	25344	0	0	0	4	0	11.258274	-10.576407	0	0	707.000000	9.984145	-10.157719
769	25377	0	0	0	4	0	11.252534	-10.625422	0	0	706.000000	9.984145	-10.157719
770	25410	0	0	0	4	0	11.103189	-10.625422	0	0	719.000000	9.984145	-10.157719
771	25443	0	0	0	4	0	11.057205	-10.564871	0	0	723.000000	9.984145	-10.157719
772	25476	0	0	0	4	0	11.051457	-10.527376	0	0	715.000000	9.984145	-10.157719
773	25509	0	0	0	4	0	11.220954	-10.559105	0	0	696.000000	9.984145	-10.157719
774	25542	0	0	0	4	0	11.258274	-10.616774	0	0	694.000000	9.984145	-10.157719
775	25575	0	0	0	4	0	11.042833	-10.625422	0	0	706.000000	9.984145	-10.157719
776	25608	0	0	0	4	0	10.930677	-10.556220	0	0	709.000000	9.984145	-10.157719
777	25641	0	0	0	4	0	11.022709	-10.426385	0	0	697.000000	9.984145	-10.157719
778	25674	0	0	0	4	0	11.065828	-10.478333	0	0	695.000000	9.984145	-10.157719
779	25707	0	0	0	4	0	11.146285	-10.449475	0	0	686.000000	9.946540	-10.119460
780	25740	0	0	0	4	0	10.979577	-10.380197	0	0	694.000000	8.705573	-8.856918
781	25773	0	0	0	4	0	10.881763	-10.186629	0	0	697.000000	7.464606	-7.594377
782	25806	0	0	0	4	0	10.873130	-10.059382	0	0	704.000000	6.223639	-6.331836
783	25839	0	0	0	4	0	10.910539	-9.972566	0	0	696.000000	4.982671	-5.069294
784	25872	0	0	0	4	0	10.893275	-9.845153	0	0	695.000000	3.741704	-3.806753
785	25905	0	0	0	4	0	10.772367	-9.529090	0	0	705.000000	2.500737	-2.544212
786	25938	0	0	0	4	0	6.942773	-6.032462	0	0	727.000000	1.259770	-1.281671
787	25971	0	0	0	4	0	2.573593	-2.129705	0	0	706.000000	0.018803	-0.019129
788	26004	0	0	0	4	0	1.897229	-0.939925	0	0	705.000000	-1.222165	1.243412
789	26037	0	0	0	4	0	1.259111	-0.259620	0	0	690.000000	-2.463132	2.505953
790	26070	0	0	0	4	0	0.680355	0.089525	0	0	696.000000	-3.704099	3.768495
791	26103	0	0	0	4	0	0.259620	0.862356	0	0	712.000000	-4.945066	5.031036
792	26136	0	0	0	4	0	-4.861425	6.569032	0	0	610.000000	-6.186033	6.293577
793	26169	0	0	0	4	0	-5.574650	7.351148	0	0	597.000000	-7.427001	7.556118
794	26202	0	0	0	4	0	-6.044265	7.761704	0	0	592.000000	-8.667968	8.818660
795	26235	0	0	0	4	0	-6.318573	7.954976	0	0	593.000000	-9.908935	10.081201
796	26268	0	0	0	4	0	-6.554305	8.004729	0	0	596.000000	-9.984145	10.157719
797	26301	0	0	0	4	0	-6.536633	8.069097	0	0	598.000000	-9.984145	10.157719
798	26334	0	0	0	4	0	-6.592592	8.130521	0	0	594.000000	-9.984145	10.157719
799	26367	0	0	0	4	0	-10.333993	9.433285	0	0	568.000000	-9.984145	10.157719
800	26400	0	0	0	4	0	-10.781005	10.024663	0	0	558.000000	-9.984145	10.157719
801	26433	0	0	0	4	0	-10.789646	10.001511	0	0	548.000000	-9.984145	10.157719
802	26466	0	0	0	4	0	-10.697472	9.960987	0	0	551.000000	-9.984145	10.157719
803	26499	0	0	0	4	0	-10.711878	9.987039	0	0	548.000000	-9.984145	10.157719
804	26532	0	0	0	4	0	-9.972566	10.224206	0	0	541.000000	-9.984145	10.157719
805	26565	0	0	0	4	0	-10.018875	10.276220	0	0	528.000000	-9.984145	10.157719
806	26598	0	0	0	4	0	-10.068063	10.313774	0	0	521.000000	-9.984145	10.157719
807	26631	0	0	0	4	0	-9.920454	10.177957	0	0	524.000000	-9.984145	10.157719
808	26664	0	0	0	4	0	-9.845153	10.192412	0	0	523.000000	-9.984145	10.157719
809	26697	0	0	0	4	0	-9.879912	10.244436	0	0	516.000000	-9.984145	10.157719
810	26730	0	0	0	4	0	-9.923350	10.316663	0	0	514.000000	-9.984145	10.157719
811	26763	0	0	0	4	0	-9.940722	10.310886	0	0	515.000000	-9.984145	10.157719
812	26796	0	0	0	4	0	-9.865431	10.250216	0	0	522.000000	-9.984145	10.157719
813	26829	0	0	0	4	0	-9.784305	10.186629	0	0	530.000000	-9.984145	10.157719
814	26862	0	0	0	4	0	-9.810385	10.250216	0	0	523.000000	-9.984145	10.157719
815	26895	0	0	0	4	0	-9.871222	10.305108	0	0	522.000000	-9.984145	10.157719
816	26928	0	0	0	4	0	-9.917560	10.310886	0	0	521.000000	-9.984145	10.157719
817	26961	0	0	0	4	0	-9.830667	10.270441	0	0	530.000000	-9.984145	10.157719
818	26994	0	0	0	4	0	-9.706043	10.206864	0	0	542.000000	-9.984145	10.157719
819	27027	0	0	0	4	0	-9.714740	10.279109	0	0	536.000000	-9.984145	10.157719
820	27060	0	0	0	4	0	-9.720539	10.336881	0	0	531.000000	-9.984145	10.157719
821	27093	0	0	0	4	0	-9.755322	10.328216	0	0	533.000000	-9.984145	10.157719
822	27126	0	0	0	4	0	-9.706043	10.276220	0	0	538.000000	-9.984145	10.157719
823	27159	0	0	0	4	0	-9.569718	10.218426	0	0	552.000000	-9.984145	10.157719
824	27192	0	0	0	4	0	-9.563915	10.235765	0	0	546.000000	-9.984145	10.157719
825	27225	0	0	0	4	0	-9.616138	10.322440	0	0	540.000000	-9.984145	10.157719
826	27258	0	0	0	4	0	-9.650946	10.333993	0	0	540.000000	9.984145	-10.157719
827	27291	0	0	0	4	0	-9.630642	10.351320	0	0	542.000000	9.984145	-10.157719
828	27324	0	0	0	4	0	-9.523284	10.235765	0	0	552.000000	9.984145	-10.157719
829	27357	0	0	0	4	0	-9.561013	10.319551	0	0	554.000000	9.984145	-10.157719
830	27390	0	0	0	4	0	-9.627743	10.351320	0	0	550.000000	9.984145	-10.157719
831	27423	0	0	0	4	0	-9.639343	10.417727	0	0	543.000000	9.984145	-10.157719
832	27456	0	0	0	4	0	-9.668346	10.339769	0	0	547.000000	9.984145	-10.157719
833	27489	0	0	0	4	0	-2.278693	6.053119	0	0	612.000000	9.984145	-10.157719
834	27522	0	0	0	4	0	7.832006	-3.389027	0	0	674.000000	9.984145	-10.157719
835	27555	0	0	0	4	0	9.816179	-9.531994	0	0	662.000000	9.984145	-10.157719
836	27588	0	0	0	4	0	9.891496	-9.859636	0	0	663.000000	9.984145	-10.157719
837	27621	0	0	0	4	0	9.865430	-9.865431	0	0	673.000000	9.984145	-10.157719
838	27654	0	0	0	4	0	9.888600	-9.587127	0	0	674.000000	9.984145	-10.157719
839	27687	0	0	0	4	0	9.981250	-9.639343	0	0	674.000000	9.984145	-10.157719
840	27720	0	0	0	4	0	10.004404	-9.706043	0	0	677.000000	9.984145	-10.157719
841	27753	0	0	0	4	0	11.120429	-10.417727	0	0	682.000000	9.984145	-10.157719
842	27786	0	0	0	4	0	11.249662	-10.550451	0	0	684.000000	9.984145	-10.157719
843	27819	0	0	0	4	0	11.068704	-10.406178	0	0	693.000000	9.984145	-10.157719
844	27852	0	0	0	4	0	11.157775	-10.348432	0	0	678.000000	9.984145	-10.157719
845	27885	0	0	0	4	0	11.157775	-10.461019	0	0	675.000000	9.984145	-10.157719
846	27918	0	0	0	4	0	11.289845	-10.536031	0	0	664.000000	9.984145	-10.157719
847	27951	0	0	0	4	0	11.100315	-10.527376	0	0	666.000000	9.984145	-10.157719
848	27984	0	0	0	4	0	10.993957	-10.414841	0	0	672.000000	9.984145	-10.157719
849	28017	0	0	0	4	0	11.048582	-10.264663	0	0	673.000000	9.984145	-10.157719
850	28050	0	0	0	4	0	11.048582	-10.310885	0	0	663.000000	9.984145	-10.157719
851	28083	0	0	0	4	0	11.160647	-10.409066	0	0	664.000000	9.984145	-10.157719
852	28116	0	0	0	4	0	11.031334	-10.432158	0	0	671.000000	9.984145	-10.157719
853	28149	0	0	0	4	0	10.896152	-10.229987	0	0	684.000000	9.984145	-10.157719
854	28182	0	0	0	4	0	10.962320	-10.157718	0	0	685.000000	9.984145	-10.157719
855	28215	0	0	0	4	0	11.048582	-10.203973	0	0	679.000000	9.984145	-10.157719
856	28248	0	0	0	4	0	11.062955	-10.284887	0	0	686.000000	-9.984145	10.157719
857	28281	0	0	0	4	0	11.045709	-10.319551	0	0	690.000000	-9.984145	10.157719
858	28314	0	0	0	4	0	10.890397	-10.166392	0	0	700.000000	-9.984145	10.157719
859	28347	0	0	0	4	0	10.922048	-10.134587	0	0	698.000000	-9.984145	10.157719
860	28380	0	0	0	4	0	11.068704	-10.195301	0	0	698.000000	-9.984145	10.157719
861	28413	0	0	0	4	0	10.991079	-10.270442	0	0	694.000000	-9.984145	10.157719
862	28446	0	0	0	4	0	10.890397	-10.143261	0	0	696.000000	-9.984145	10.157719
863	28479	0	0	0	4	0	-2.165464	2.478286	0	0	695.000000	-9.984145	10.157719
864	28512	0	0	0	4	0	-9.064088	9.133916	0	0	605.000000	-9.984145	10.157719
865	28545	0	0	0	4	0	-9.221165	9.142644	0	0	598.000000	-9.984145	10.157719
866	28578	0	0	0	4	0	-9.232793	9.229886	0	0	594.000000	-9.984145	10.157719
867	28611	0	0	0	4	0	-9.311274	9.290932	0	0	594.000000	-9.984145	10.157719
868	28644	0	0	0	4	0	-9.314181	9.229886	0	0	595.000000	-9.984145	10.157719
869	28677	0	0	0	4	0	-9.232793	9.288024	0	0	602.000000	-9.984145	10.157719
870	28710	0	0	0	4	0	-9.691545	9.937827	0	0	578.000000	-9.984145	10.157719
871	28743	0	0	0	4	0	-9.810385	10.079634	0	0	564.000000	-9.984145	10.157719
872	28776	0	0	0	4	0	-9.949408	10.134586	0	0	558.000000	-9.984145	10.157719
873	28809	0	0	0	4	0	-9.905975	10.120128	0	0	558.000000	-9.984145	10.157719
874	28842	0	0	0	4	0	-9.764019	10.065169	0	0	564.000000	-9.984145	10.157719
875	28875	0	0	0	4	0	-9.807489	10.068063	0	0	556.000000	-9.984145	10.157719
876	28908	0	0	0	4	0	-9.856738	10.177957	0	0	548.000000	-9.984145	10.157719
877	28941	0	0	0	4	0	-9.917560	10.232876	0	0	540.000000	-9.984145	10.157719
878	28974	0	0	0	4	0	-9.995723	10.218426	0	0	537.000000	-9.984145	10.157719
879	29007	0	0	0	4	0	-9.934932	10.175066	0	0	541.000000	-9.984145	10.157719
880	29040	0	0	0	4	0	-9.888600	10.189521	0	0	537.000000	-9.984145	10.157719
881	29073	0	0	0	4	0	-9.900184	10.261773	0	0	526.000000	-9.984145	10.157719
882	29106	0	0	0	4	0	-9.987039	10.322440	0	0	524.000000	-9.984145	10.157719
883	29139	0	0	0	4	0	-9.984144	10.305108	0	0	523.000000	-9.984145	10.157719
884	29172	0	0	0	4	0	-9.897288	10.215536	0	0	536.000000	-9.984145	10.157719
885	29205	0	0	0	4	0	-9.845153	10.244436	0	0	535.000000	-9.984145	10.157719
886	29238	0	0	0	4	0	-9.905975	10.276220	0	0	528.000000	-9.984145	-10.157719
887	29271	0	0	0	4	0	-9.926246	10.293553	0	0	525.000000	-9.984145	-10.157719
888	29304	0	0	0	4	0	-9.992828	10.299332	0	0	526.000000	-9.984145	-10.157719
889	29337	0	0	0	4	0	-9.891496	10.235765	0	0	533.000000	-9.984145	-10.157719
890	29370	0	0	0	4	0	-9.798795	10.215536	0	0	538.000000	-9.984145	-10.157719
891	29403	0	0	0	4	0	-9.787204	10.270441	0	0	538.000000	-9.984145	-10.157719
892	29436	0	0	0	4	0	-9.749527	9.989934	0	0	530.000000	-9.984145	-10.157719
893	29469	0	0	0	4	0	-11.605171	-2.570616	0	0	630.000000	-9.984145	-10.157719
894	29502	0	0	0	4	0	-10.939308	-7.116201	0	0	633.000000	-9.984145	-10.157719
895	29535	0	0	0	4	0	-10.697472	-7.216083	0	0	631.000000	-9.984145	-10.157719
896	29568	0	0	0	4	0	-10.769488	-7.280690	0	0	630.000000	-9.984145	-10.157719
897	29601	0	0	0	4	0	-10.746447	-7.301242	0	0	623.000000	-9.984145	-10.157719
898	29634	0	0	0	4	0	-10.717639	-7.398108	0	0	630.000000	-9.984145	-10.157719
899	29667	0	0	0	4	0	-10.772367	-7.829077	0	0	629.000000	-9.984145	-10.157719
900	29700	0	0	0	4	0	-10.313775	-9.002966	0	0	627.000000	-9.984145	-10.157719
901	29733	0	0	0	4	0	-10.339769	-9.441996	0	0	617.000000	-9.984145	-10.157719
902	29766	0	0	0	4	0	-10.463903	-9.485548	0	0	610.000000	-9.984145	-10.157719
903	29799	0	0	0	4	0	-10.371534	-9.566815	0	0	612.000000	-9.984145	-10.157719
904	29832	0	0	0	4	0	-10.299333	-9.511675	0	0	614.000000	-9.984145	-10.157719
905	29865	0	0	0	4	0	-10.322440	-9.421667	0	0	619.000000	-9.984145	-10.157719
906	29898	0	0	0	4	0	-10.374421	-9.505869	0	0	609.000000	-9.984145	-10.157719
907	29931	0	0	0	4	0	-10.437931	-9.590030	0	0	603.000000	-9.984145	-10.157719
908	29964	0	0	0	4	0	-10.426385	-9.630642	0	0	604.000000	-9.984145	-10.157719
909	29997	0	0	0	4	0	-10.287776	-9.607435	0	0	609.000000	-9.984145	-10.157719
910	30030	0	0	0	4	0	-10.198193	-9.561013	0	0	612.000000	-9.984145	-10.157719
911	30063	0	0	0	4	0	-10.284887	-9.549405	0	0	605.000000	-9.984145	-10.157719
912	30096	0	0	0	4	0	-10.357098	-9.529090	0	0	595.000000	-9.984145	-10.157719
913	30129	0	0	0	4	0	-10.293554	-9.549405	0	0	591.000000	-9.984145	-10.157719
914	30162	0	0	0	4	0	-10.085419	-9.590030	0	0	604.000000	-9.984145	-10.157719
915	30195	0	0	0	4	0	-10.073847	-9.485548	0	0	600.000000	-9.984145	-10.157719
916	30228	0	0	0	4	0	-10.209755	-9.531994	0	0	596.000000	-9.984145	-10.157719
917	30261	0	0	0	4	0	-10.284887	-9.531994	0	0	588.000000	9.984145	-10.157719
918	30294	0	0	0	4	0	-10.244436	-9.587127	0	0	588.000000	9.984145	-10.157719
919	30327	0	0	0	4	0	-10.024664	-9.630642	0	0	598.000000	9.984145	-10.157719
920	30360	0	0	0	4	0	-10.033344	-9.482646	0	0	600.000000	9.984145	-10.157719
921	30393	0	0	0	4	0	-10.166392	-9.471032	0	0	595.000000	9.984145	-10.157719
922	30426	0	0	0	4	0	-10.238656	-9.450707	0	0	596.000000	9.984145	-10.157719
923	30459	0	0	0	4	0	-10.198193	-9.488453	0	0	601.000000	9.984145	-10.157719
924	30492	0	0	0	4	0	-5.651495	-9.694445	0	0	604.000000	9.984145	-10.157719
925	30525	0	0	0	4	0	7.406912	-10.466791	0	0	653.000000	9.984145	-10.157719
926	30558	0	0	0	4	0	9.627742	-10.417727	0	0	651.000000	9.984145	-10.157719
927	30591	0	0	0	4	0	9.708941	-10.446589	0	0	638.000000	9.984145	-10.157719
928	30624	0	0	0	4	0	9.874119	-10.538916	0	0	643.000000	9.984145	-10.157719
929	30657	0	0	0	4	0	9.732134	-10.437931	0	0	654.000000	9.984145	-10.157719
930	30690	0	0	0	4	0	9.584226	-10.385971	0	0	664.000000	9.984145	-10.157719
931	30723	0	0	0	4	0	9.764018	-10.368647	0	0	656.000000	9.984145	-10.157719
932	30756	0	0	0	4	0	9.871222	-10.411952	0	0	654.000000	9.984145	-10.157719
933	30789	0	0	0	4	0	9.830667	-10.495646	0	0	657.000000	9.984145	-10.157719
934	30822	0	0	0	4	0	9.717639	-10.417727	0	0	665.000000	9.984145	-10.157719
935	30855	0	0	0	4	0	9.616138	-9.520383	0	0	673.000000	9.984145	-10.157719
936	30888	0	0	0	4	0	10.518723	-11.381649	0	0	569.000000	9.984145	-10.157719
937	30921	0	0	0	4	0	11.536433	-13.636731	0	0	483.000000	9.984145	-10.157719
938	30954	0	0	0	4	0	11.186497	-12.450109	0	0	525.000000	9.984145	-10.157719
939	30987	0	0	0	4	0	11.226697	-11.022709	0	0	595.000000	9.984145	-10.157719
940	31020	0	0	0	4	0	11.152030	-9.955198	0	0	640.000000	9.984145	-10.157719
941	31053	0	0	0	4	0	10.798284	-9.598733	0	0	650.000000	9.984145	-10.157719
942	31086	0	0	0	4	0	10.700353	-9.148461	0	0	661.000000	9.984145	-10.157719
943	31119	0	0	0	4	0	10.458133	-9.224071	0	0	672.000000	9.984145	-10.157719
944	31152	0	0	0	4	0	10.201083	-9.749527	0	0	669.000000	9.984145	-10.157719
945	31185	0	0	0	4	0	10.021769	-9.934932	0	0	681.000000	9.984145	-10.157719
946	31218	0	0	0	4	0	10.010192	-9.920454	0	0	679.000000	9.984145	-10.157719
947	31251	0	0	0	4	0	10.146153	-9.960988	0	0	679.000000	9.984145	10.157719
948	31284	0	0	0	4	0	10.065169	-10.039131	0	0	689.000000	9.984145	10.157719
949	31317	0	0	0	4	0	10.013087	-10.042024	0	0	696.000000	9.984145	10.157719
950	31350	0	0	0	4	0	9.966778	-10.001510	0	0	701.000000	9.984145	10.157719
951	31383	0	0	0	4	0	9.958093	-9.871222	0	0	695.000000	9.984145	10.157719
952	31416	0	0	0	4	0	10.036237	-9.952303	0	0	686.000000	9.984145	10.157719
953	31449	0	0	0	4	0	10.047811	-9.926246	0	0	683.000000	9.984145	10.157719
954	31482	0	0	0	4	0	11.622351	-2.400839	0	0	721.000000	9.984145	10.157719
955	31515	0	0	0	4	0	10.996831	7.186711	0	0	582.000000	9.984145	10.157719
956	31548	0	0	0	4	0	10.082526	9.456514	0	0	599.000000	9.984145	10.157719
957	31581	0	0	0	4	0	9.920454	9.604534	0	0	601.000000	9.984145	10.157719
958	31614	0	0	0	4	0	9.940722	9.804590	0	0	598.000000	9.984145	10.157719
959	31647	0	0	0	4	0	10.073848	9.903080	0	0	591.000000	9.984145	10.157719
960	31680	0	0	0	4	0	10.076740	9.946512	0	0	598.000000	9.984145	10.157719
961	31713	0	0	0	4	0	9.482645	10.443705	0	0	603.000000	9.984145	10.157719
962	31746	0	0	0	4	0	9.412955	10.452361	0	0	602.000000	9.984145	10.157719
963	31779	0	0	0	4	0	9.441997	10.613890	0	0	591.000000	9.984145	10.157719
964	31812	0	0	0	4	0	9.491355	10.703234	0	0	580.000000	9.984145	10.157719
965	31845	0	0	0	4	0	9.575521	10.737804	0	0	572.000000	9.984145	10.157719
966	31878	0	0	0	4	0	9.424573	10.567756	0	0	583.000000	9.984145	10.157719
967	31911	0	0	0	4	0	9.381004	10.590824	0	0	579.000000	9.984145	10.157719
968	31944	0	0	0	4	0	9.447803	10.720520	0	0	558.000000	9.984145	10.157719
969	31977	0	0	0	4	0	7.365825	10.599474	0	0	547.000000	9.984145	10.157719
970	32010	0	0	0	4	0	2.153546	9.040806	0	0	540.000000	9.984145	10.157719
971	32043	0	0	0	4	0	2.076063	9.058268	0	0	548.000000	9.984145	10.157719
972	32076	0	0	0	4	0	2.073083	9.104824	0	0	540.000000	9.984145	10.157719
973	32109	0	0	0	4	0	2.028378	9.177546	0	0	531.000000	9.984145	10.157719
974	32142	0	0	0	4	0	2.055201	9.253144	0	0	525.000000	9.984145	10.157719
975	32175	0	0	0	4	0	1.992611	9.224072	0	0	519.000000	9.984145	10.157719
976	32208	0	0	0	4	0	1.971748	9.084458	0	0	532.000000	9.984145	10.157719
977	32241	0	0	0	4	0	1.968767	9.093187	0	0	536.000000	-9.984145	10.157719
978	32274	0	0	0	4	0	1.986651	9.186271	0	0	529.000000	-9.984145	10.157719
979	32307	0	0	0	4	0	1.989632	9.273491	0	0	522.000000	-9.984145	10.157719
980	32340	0	0	0	4	0	2.034339	9.270585	0	0	520.000000	-9.984145	10.157719
981	32373	0	0	0	4	0	2.117785	9.107735	0	0	539.000000	-9.984145	10.157719
982	32406	0	0	0	4	0	2.087984	9.034986	0	0	544.000000	-9.984145	10.157719
983	32439	0	0	0	4	0	1.023456	9.066998	0	0	541.000000	-9.984145	10.157719
984	32472	0	0	0	4	0	-9.107734	10.186629	0	0	515.000000	-9.984145	10.157719
985	32505	0	0	0	4	0	-9.546504	10.267551	0	0	512.000000	-9.984145	10.157719
986	32538	0	0	0	4	0	-9.491355	10.166392	0	0	519.000000	-9.984145	10.157719
987	32571	0	0	0	4	0	-9.456514	10.140370	0	0	532.000000	-9.984145	10.157719
988	32604	0	0	0	4	0	-9.462322	10.169284	0	0	527.000000	-9.984145	10.157719
989	32637	0	0	0	4	0	-9.581324	10.258883	0	0	524.000000	-9.984145	10.157719
990	32670	0	0	0	4	0	-9.955198	10.484103	0	0	522.000000	-9.984145	10.157719
991	32703	0	0	0	4	0	-10.042024	10.423500	0	0	526.000000	-9.984145	10.157719
992	32736	0	0	0	4	0	-9.827769	10.351320	0	0	533.000000	-9.984145	10.157719
993	32769	0	0	0	4	0	-9.879912	10.400406	0	0	529.000000	-9.984145	10.157719
994	32802	0	0	0	4	0	-9.920454	10.449475	0	0	525.000000	-9.984145	10.157719
995	32835	0	0	0	4	0	-9.975461	10.515840	0	0	524.000000	-9.984145	10.157719
996	32868	0	0	0	4	0	-9.937828	10.426385	0	0	520.000000	-9.984145	10.157719
997	32901	0	0	0	4	0	-9.813282	10.388858	0	0	534.000000	-9.984145	10.157719
998	32934	0	0	0	4	0	-9.810385	10.411953	0	0	533.000000	-9.984145	10.157719
999	32967	0	0	0	4	0	-9.862532	10.486989	0	0	528.000000	-9.984145	10.157719
1000	33000	0	0	0	4	0	-9.882808	10.512955	0	0	523.000000	-9.984145	10.157719
1001	33033	0	0	0	4	0	-9.923350	10.518723	0	0	524.000000	-9.984145	10.157719
1002	33066	0	0	0	4	0	-9.749527	10.420613	0	0	527.000000	-9.984145	10.157719
1003	33099	0	0	0	4	0	-9.737932	10.409066	0	0	533.000000	-9.984145	10.157719
1004	33132	0	0	0	4	0	-9.804589	10.461019	0	0	532.000000	-9.984145	10.157719
1005	33165	0	0	0	4	0	-9.850946	10.536032	0	0	530.000000	-9.984145	10.157719
1006	33198	0	0	0	4	0	-9.871222	10.524493	0	0	531.000000	-9.984145	10.157719
1007	33231	0	0	0	4	0	-9.752425	10.388858	0	0	547.000000	-9.984145	10.157719
1008	33264	0	0	0	4	0	-9.677047	10.377309	0	0	550.000000	0.000000	0.000000
1009	33297	0	0	0	4	0	-9.679947	10.397518	0	0	546.000000	0.000000	0.000000
1010	33330	0	0	0	4	0	-9.714740	10.452361	0	0	544.000000	0.000000	0.000000
1011	33363	0	0	0	4	0	-9.737932	10.432158	0	0	545.000000	0.000000	0.000000
1012	33396	0	0	0	4	0	-9.653846	10.365760	0	0	556.000000	0.000000	0.000000
1013	33429	0	0	0	4	0	-9.584227	10.345545	0	0	565.000000	0.000000	0.000000
1014	33462	0	0	0	4	0	-9.630642	10.383083	0	0	565.000000	0.000000	0.000000
1015	33495	0	0	0	4	0	-0.743014	4.965105	0	0	641.000000	0.000000	0.000000
1016	33528	0	0	0	4	0	0.322285	1.324729	0	0	693.000000	0.000000	0.000000
1017	33561	0	0	0	4	0	0.265588	0.936941	0	0	705.000000	0.000000	0.000000
1018	33594	0	0	0	4	0	0.307365	1.142780	0	0	702.000000	0.000000	0.000000
1019	33627	0	0	0	4	0	0.259620	1.187523	0	0	691.000000	0.000000	0.000000
1020	33660	0	0	0	4	0	0.280508	1.184541	0	0	704.000000	0.000000	0.000000
1021	33693	0	0	0	4	0	0.298413	0.817603	0	0	715.000000	0.000000	0.000000
1022	33726	0	0	0	4	0	0.214859	0.247683	0	0	723.000000	0.000000	0.000000
1023	33759	0	0	0	4	0	0.223811	0.480438	0	0	708.000000	0.000000	0.000000
1024	33792	0	0	0	4	0	0.214859	0.474470	0	0	698.000000	0.000000	0.000000
1025	33825	0	0	0	4	0	0.155176	0.381966	0	0	695.000000	0.000000	0.000000
1026	33858	0	0	0	4	0	0.202921	0.193969	0	0	703.000000	0.000000	0.000000
1027	33891	0	0	0	4	0	0.149207	0.122350	0	0	696.000000	0.000000	0.000000
1028	33924	0	0	0	4	0	0.229779	0.277524	0	0	689.000000	0.000000	0.000000
1029	33957	0	0	0	4	0	0.179049	0.274541	0	0	673.000000	0.000000	0.000000
1030	33990	0	0	0	4	0	0.161144	0.334222	0	0	666.000000	0.000000	0.000000
1031	34023	0	0	0	4	0	0.116382	0.143239	0	0	668.000000	0.000000	0.000000
1032	34056	0	0	0	4	0	0.143239	-0.038794	0	0	682.000000	0.000000	0.000000
1033	34089	0	0	0	4	0	0.190985	0.143239	0	0	672.000000	0.000000	0.000000
1034	34122	0	0	0	4	0	0.164128	0.214859	0	0	661.000000	0.000000	0.000000
1035	34155	0	0	0	4	0	0.137271	0.292444	0	0	651.000000	0.000000	0.000000
1036	34188	0	0	0	4	0	0.176064	0.080573	0	0	661.000000	0.000000	0.000000
1037	34221	0	0	0	4	0	0.188001	-0.044762	0	0	671.000000	0.000000	0.000000
1038	34254	0	0	0	4	0	0.223811	0.155176	0	0	664.000000	0.000000	0.000000
1039	34287	0	0	0	4	0	0.217842	0.256636	0	0	661.000000	0.000000	0.000000
1040	34320	0	0	0	4	0	0.173080	0.343174	0	0	652.000000	0.000000	0.000000
1041	34353	0	0	0	4	0	0.182033	0.155176	0	0	663.000000	0.000000	0.000000
1042	34386	0	0	0	4	0	0.188001	-0.110414	0	0	686.000000	0.000000	0.000000
1043	34419	0	0	0	4	0	0.256636	0.023873	0	0	687.000000	0.000000	0.000000
1044	34452	0	0	0	4	0	0.214859	0.301397	0	0	675.000000	0.000000	0.000000
1045	34485	0	0	0	4	0	0.149207	0.393903	0	0	667.000000	0.000000	0.000000
1046	34518	0	0	0	4	0	0.182033	0.259620	0	0	669.000000	0.000000	0.000000
1047	34551	0	0	0	4	0	0.173080	-0.089525	0	0	697.000000	0.000000	0.000000
1048	34584	0	0	0	4	0	0.205906	-0.008952	0	0	691.000000	0.000000	0.000000
1049	34617	0	0	0	4	0	0.179049	0.193969	0	0	677.000000	0.000000	0.000000
1050	34650	0	0	0	4	0	0.119366	0.199938	0	0	670.000000	0.000000	0.000000
1051	34683	0	0	0	4	0	0.089525	0.035810	0	0	674.000000	0.000000	0.000000
1052	34716	0	0	0	4	0	0.032826	-0.268572	0	0	684.000000	0.000000	0.000000
1053	34749	0	0	0	4	0	0.092509	-0.343174	0	0	680.000000	0.000000	0.000000
1054	34782	0	0	0	4	0	0.047747	-0.095493	0	0	661.000000	0.000000	0.000000
1055	34815	0	0	0	4	0	-0.041779	0.143239	0	0	642.000000	0.000000	0.000000
1056	34848	0	0	0	4	0	-0.850422	-3.915076	0	0	513.000000	0.000000	0.000000
1057	34881	0	0	0	4	0	-1.038372	-6.064923	0	0	456.000000	0.000000	0.000000
1058	34914	0	0	0	4	0	-0.534149	-2.719506	0	0	545.000000	0.000000	0.000000
1059	34947	0	0	0	4	0	-0.435678	-0.381966	0	0	608.000000	0.000000	0.000000
1060	34980	0	0	0	4	0	-0.098477	0.844454	0	0	621.000000	0.000000	0.000000
1061	35013	0	0	0	4	0	0.086540	0.489389	0	0	638.000000	0.000000	0.000000
1062	35046	0	0	0	4	0	0.205906	0.199938	0	0	645.000000	0.000000	0.000000
1063	35079	0	0	0	4	0	0.307365	0.071620	0	0	652.000000	0.000000	0.000000
1064	35112	0	0	0	4	0	0.295429	0.307365	0	0	640.000000	0.000000	0.000000
1065	35145	0	0	0	4	0	0.235747	0.250667	0	0	634.000000	0.000000	0.000000
1066	35178	0	0	0	4	0	0.226795	0.068635	0	0	639.000000	0.000000	0.000000
1067	35211	0	0	0	4	0	0.235747	-0.289461	0	0	656.000000	0.000000	0.000000
