RowNumber	TimeStamp	X_Position_Degree_Right_Eye	Y_Position_Degree_Right_Eye	Distance_From_RightEye	Validity_Right_Eye	Pupil_Diameter_RightEye	X_Position_Degree_Left_Eye	Y_Position_Degree_Left_Eye	Distance_From_LeftEye	Validity_Left_Eye	Pupil_Diameter_LeftEye	Target X	Target Y
0	0	0	0	0	4	0	2.841568	5.323283	0	0	460.000000	0.000000	0.000000
1	33	0	0	0	4	0	3.290884	4.235735	0	0	526.000000	0.000000	0.000000
2	66	0	0	0	4	0	3.359289	4.217928	0	0	552.000000	0.000000	0.000000
3	99	0	0	0	4	0	3.249242	4.926599	0	0	508.000000	0.000000	0.000000
4	132	0	0	0	4	0	3.073712	5.187164	0	0	463.000000	0.000000	0.000000
5	165	0	0	0	4	0	2.823707	5.255231	0	0	438.000000	0.000000	0.000000
6	198	0	0	0	4	0	3.109417	4.630255	0	0	476.000000	0.000000	0.000000
7	231	0	0	0	4	0	0.164128	0.668420	0	0	556.000000	0.000000	0.000000
8	264	0	0	0	4	0	-0.208890	1.109967	0	0	517.000000	0.000000	0.000000
9	297	0	0	0	4	0	-0.498342	1.399290	0	0	502.000000	0.000000	0.000000
10	330	0	0	0	4	0	-0.593826	1.318764	0	0	506.000000	0.000000	0.000000
11	363	0	0	0	4	0	-0.176065	0.435678	0	0	557.000000	0.000000	0.000000
12	396	0	0	0	4	0	-0.029842	0.522213	0	0	591.000000	0.000000	0.000000
13	429	0	0	0	4	0	-0.331237	1.342624	0	0	564.000000	0.000000	0.000000
14	462	0	0	0	4	0	-0.653502	1.748172	0	0	543.000000	0.000000	0.000000
15	495	0	0	0	4	0	-0.737046	1.605055	0	0	539.000000	0.000000	0.000000
16	528	0	0	0	4	0	-0.361077	0.775833	0	0	587.000000	0.000000	0.000000
17	561	0	0	0	4	0	-0.137270	0.704225	0	0	600.000000	0.000000	0.000000
18	594	0	0	0	4	0	-0.304381	1.339641	0	0	560.000000	0.000000	0.000000
19	627	0	0	0	4	0	-0.701241	1.918095	0	0	503.000000	0.000000	0.000000
20	660	0	0	0	4	0	-0.671404	1.754135	0	0	496.000000	0.000000	0.000000
21	693	0	0	0	4	0	-0.468502	1.336659	0	0	505.000000	0.000000	0.000000
22	726	0	0	0	4	0	-0.101462	0.829537	0	0	547.000000	0.000000	0.000000
23	759	0	0	0	4	0	-0.271555	1.345607	0	0	525.000000	0.000000	0.000000
24	792	0	0	0	4	0	-0.632616	1.801835	0	0	487.000000	0.000000	0.000000
25	825	0	0	0	4	0	-0.722128	1.906172	0	0	481.000000	0.000000	0.000000
26	858	0	0	0	4	0	-0.504310	1.291920	0	0	497.000000	0.000000	0.000000
27	891	0	0	0	4	0	-0.002983	0.665436	0	0	539.000000	0.000000	0.000000
28	924	0	0	0	4	0	-0.185017	1.309816	0	0	518.000000	0.000000	0.000000
29	957	0	0	0	4	0	-0.623664	1.986651	0	0	471.000000	0.000000	0.000000
30	990	0	0	0	4	0	-0.760915	2.278692	0	0	459.000000	0.000000	0.000000
31	1023	0	0	0	4	0	-0.566971	1.664690	0	0	467.000000	-0.310681	0.316082
32	1056	0	0	0	4	0	-0.050731	0.907107	0	0	509.000000	-0.776702	0.790204
33	1089	0	0	0	4	0	-0.032825	1.330694	0	0	517.000000	-1.242723	1.264327
34	1122	0	0	0	4	0	-0.534149	2.105865	0	0	482.000000	-1.708743	1.738450
35	1155	0	0	0	4	0	-0.620680	2.308486	0	0	457.000000	-2.174764	2.212572
36	1188	0	0	0	4	0	-0.587858	1.947902	0	0	475.000000	-2.640785	2.686695
37	1221	0	0	0	4	0	-0.337205	1.339641	0	0	514.000000	-3.106806	3.160818
38	1254	0	0	0	4	0	-0.032825	1.411219	0	0	534.000000	-3.572827	3.634940
39	1287	0	0	0	4	0	-2.820729	2.859428	0	0	527.000000	-4.038848	4.109063
40	1320	0	0	0	4	0	-4.054653	4.490887	0	0	505.000000	-4.504869	4.583186
41	1353	0	0	0	4	0	-4.615431	4.896976	0	0	498.000000	-4.970890	5.057308
42	1386	0	0	0	4	0	-4.179341	4.182310	0	0	552.000000	-5.436911	5.531431
43	1419	0	0	0	4	0	-4.099188	4.226831	0	0	604.000000	-5.902932	6.005554
44	1452	0	0	0	4	0	-6.722129	7.007456	0	0	609.000000	-6.368953	6.479676
45	1485	0	0	0	4	0	-8.016435	8.586208	0	0	604.000000	-6.834973	6.953799
46	1518	0	0	0	4	0	-8.340970	8.635802	0	0	588.000000	-7.300994	7.427922
47	1551	0	0	0	4	0	-8.530766	8.659136	0	0	574.000000	-7.767015	7.902044
48	1584	0	0	0	4	0	-8.314675	8.597879	0	0	624.000000	-8.233036	8.376167
49	1617	0	0	0	4	0	-8.659137	8.988409	0	0	619.000000	-8.699058	8.850289
50	1650	0	0	0	4	0	-10.073847	9.795897	0	0	621.000000	-9.165078	9.324412
51	1683	0	0	0	4	0	-10.383083	10.919169	0	0	623.000000	-9.631099	9.798534
52	1716	0	0	0	4	0	-10.313775	10.847226	0	0	624.000000	-9.984145	10.157719
53	1749	0	0	0	4	0	-10.137478	10.608124	0	0	641.000000	-9.984145	10.157719
54	1782	0	0	0	4	0	-10.270442	10.648481	0	0	643.000000	-9.984145	10.157719
55	1815	0	0	0	4	0	-10.616774	10.766607	0	0	628.000000	-9.984145	10.157719
56	1848	0	0	0	4	0	-11.836912	11.524974	0	0	643.000000	-9.984145	10.157719
57	1881	0	0	0	4	0	-11.753988	11.610898	0	0	650.000000	-9.984145	10.157719
58	1914	0	0	0	4	0	-11.579399	11.384517	0	0	656.000000	-9.984145	10.157719
59	1947	0	0	0	4	0	-11.542162	11.467661	0	0	664.000000	-9.984145	10.157719
60	1980	0	0	0	4	0	-10.821318	11.335754	0	0	629.000000	-9.984145	10.157719
61	2013	0	0	0	4	0	-10.775249	11.126175	0	0	637.000000	-9.984145	10.157719
62	2046	0	0	0	4	0	-10.729161	10.985329	0	0	648.000000	-9.984145	10.157719
63	2079	0	0	0	4	0	-10.556220	10.904784	0	0	660.000000	-9.984145	10.157719
64	2112	0	0	0	4	0	-10.325329	10.818439	0	0	681.000000	-9.984145	10.157719
65	2145	0	0	0	4	0	-10.605241	11.103189	0	0	656.000000	-9.984145	10.157719
66	2178	0	0	0	4	0	-10.559105	11.008333	0	0	675.000000	-9.984145	10.157719
67	2211	0	0	0	4	0	-10.478333	10.852983	0	0	693.000000	-9.984145	10.157719
68	2244	0	0	0	4	0	-10.331105	10.674418	0	0	725.000000	-9.984145	10.157719
69	2277	0	0	0	4	0	-10.255995	10.726281	0	0	754.000000	-9.984145	10.157719
70	2310	0	0	0	4	0	-10.536031	10.896152	0	0	747.000000	-9.984145	10.157719
71	2343	0	0	0	4	0	-10.466791	10.778128	0	0	764.000000	-9.984145	10.157719
72	2376	0	0	0	4	0	-10.354208	10.553336	0	0	786.000000	-9.984145	10.157719
73	2409	0	0	0	4	0	-10.293554	10.328216	0	0	796.000000	-9.984145	10.157719
74	2442	0	0	0	4	0	-10.105666	10.203973	0	0	839.000000	-9.984145	10.157719
75	2475	0	0	0	4	0	-10.388858	10.515840	0	0	820.000000	-9.984145	10.157719
76	2508	0	0	0	4	0	-10.354208	10.333993	0	0	826.000000	-9.984145	10.157719
77	2541	0	0	0	4	0	-10.432158	10.212645	0	0	824.000000	-9.984145	10.157719
78	2574	0	0	0	4	0	-10.255995	10.073848	0	0	843.000000	-9.984145	10.157719
79	2607	0	0	0	4	0	-10.102774	9.926246	0	0	858.000000	-9.984145	10.157719
80	2640	0	0	0	4	0	-10.458134	10.336881	0	0	821.000000	-9.984145	10.157719
81	2673	0	0	0	4	0	-10.458134	10.281998	0	0	819.000000	-9.984145	10.157719
82	2706	0	0	0	4	0	-10.714758	10.636951	0	0	836.000000	-9.984145	10.157719
83	2739	0	0	0	4	0	-10.864497	10.657127	0	0	829.000000	-9.473405	9.638100
84	2772	0	0	0	4	0	-10.685945	10.550452	0	0	848.000000	-8.929714	9.084956
85	2805	0	0	0	4	0	-10.824196	10.783886	0	0	824.000000	-8.386023	8.531814
86	2838	0	0	0	4	0	-11.037084	11.008333	0	0	796.000000	-7.842332	7.978670
87	2871	0	0	0	4	0	-10.835711	10.691709	0	0	799.000000	-7.298641	7.425527
88	2904	0	0	0	4	0	-10.769488	10.420613	0	0	803.000000	-6.754950	6.872384
89	2937	0	0	0	4	0	-8.708709	9.816180	0	0	776.000000	-6.211258	6.319241
90	2970	0	0	0	4	0	-8.944736	9.827769	0	0	764.000000	-5.667568	5.766098
91	3003	0	0	0	4	0	-8.807819	9.775612	0	0	759.000000	-5.123877	5.212955
92	3036	0	0	0	4	0	-8.822389	9.885704	0	0	716.000000	-4.580185	4.659811
93	3069	0	0	0	4	0	-8.431511	9.157187	0	0	667.000000	-4.036494	4.106668
94	3102	0	0	0	4	0	-3.629837	3.582280	0	0	711.000000	-3.492803	3.553525
95	3135	0	0	0	4	0	-3.246268	3.921016	0	0	678.000000	-2.949112	3.000382
96	3168	0	0	0	4	0	-3.287909	4.250575	0	0	620.000000	-2.405421	2.447239
97	3201	0	0	0	4	0	-3.064785	4.131846	0	0	592.000000	-1.861730	1.894096
98	3234	0	0	0	4	0	-2.356153	3.157021	0	0	612.000000	-1.318039	1.340953
99	3267	0	0	0	4	0	-1.312799	2.180365	0	0	688.000000	-0.774348	0.787810
100	3300	0	0	0	4	0	-1.223318	2.829660	0	0	648.000000	-0.230657	0.234667
101	3333	0	0	0	4	0	-1.599091	3.475257	0	0	580.000000	0.000000	0.000000
102	3366	0	0	0	4	0	-1.670653	3.567417	0	0	548.000000	0.000000	0.000000
103	3399	0	0	0	4	0	-1.106983	2.874312	0	0	569.000000	0.000000	0.000000
104	3432	0	0	0	4	0	1.229284	1.124882	0	0	641.000000	0.000000	0.000000
105	3465	0	0	0	4	0	0.695274	2.004534	0	0	591.000000	0.000000	0.000000
106	3498	0	0	0	4	0	0.268572	2.391902	0	0	536.000000	0.000000	0.000000
107	3531	0	0	0	4	0	-0.008952	2.817753	0	0	495.000000	0.000000	0.000000
108	3564	0	0	0	4	0	-1.694506	2.868359	0	0	545.000000	0.000000	0.000000
109	3597	0	0	0	4	0	-0.152191	1.408238	0	0	630.000000	0.000000	0.000000
110	3630	0	0	0	4	0	-0.367046	1.930018	0	0	641.000000	0.000000	0.000000
111	3663	0	0	0	4	0	-1.020474	3.055858	0	0	566.000000	0.000000	0.000000
112	3696	0	0	0	4	0	-1.211386	3.011221	0	0	547.000000	0.000000	0.000000
113	3729	0	0	0	4	0	-1.104001	2.716528	0	0	541.000000	0.000000	0.000000
114	3762	0	0	0	4	0	-0.313333	1.479812	0	0	612.000000	0.000000	0.000000
115	3795	0	0	0	4	0	-0.256635	1.807798	0	0	614.000000	0.000000	0.000000
116	3828	0	0	0	4	0	-1.083119	2.927890	0	0	532.000000	0.000000	0.000000
117	3861	0	0	0	4	0	-1.199455	3.171896	0	0	509.000000	0.000000	0.000000
118	3894	0	0	0	4	0	-0.927990	2.662931	0	0	515.000000	0.000000	0.000000
119	3927	0	0	0	4	0	-0.662453	2.087984	0	0	553.000000	0.000000	0.000000
120	3960	0	0	0	4	0	-0.256635	1.950883	0	0	581.000000	0.000000	0.000000
121	3993	0	0	0	4	0	-0.769865	2.755234	0	0	547.000000	0.000000	0.000000
122	4026	0	0	0	4	0	-1.330693	3.323600	0	0	501.000000	0.000000	0.000000
123	4059	0	0	0	4	0	-1.593129	3.365236	0	0	487.000000	0.000000	0.000000
124	4092	0	0	0	4	0	-1.130849	2.519985	0	0	533.000000	0.000000	0.000000
125	4125	0	0	0	4	0	-0.420758	1.962806	0	0	599.000000	0.000000	0.000000
126	4158	0	0	0	4	0	-1.062237	2.927890	0	0	533.000000	0.000000	0.000000
127	4191	0	0	0	4	0	-1.444026	3.374158	0	0	490.000000	0.000000	0.000000
128	4224	0	0	0	4	0	-1.721340	3.389027	0	0	484.000000	0.000000	0.000000
129	4257	0	0	0	4	0	-1.512616	2.779052	0	0	486.000000	0.000000	0.000000
130	4290	0	0	0	4	0	-0.638583	1.989632	0	0	588.000000	0.000000	0.000000
131	4323	0	0	0	4	0	-1.053288	3.032053	0	0	542.000000	-9.984145	10.157719
132	4356	0	0	0	4	0	-1.464900	3.882401	0	0	506.000000	-9.984145	10.157719
133	4389	0	0	0	4	0	-1.721340	4.090283	0	0	500.000000	-9.984145	10.157719
134	4422	0	0	0	4	0	-1.503670	4.013082	0	0	500.000000	-9.984145	10.157719
135	4455	0	0	0	4	0	-0.868322	3.168921	0	0	609.000000	-9.984145	10.157719
136	4488	0	0	0	4	0	-1.265077	3.935867	0	0	587.000000	-9.984145	10.157719
137	4521	0	0	0	4	0	-2.630176	5.042102	0	0	542.000000	-9.984145	10.157719
138	4554	0	0	0	4	0	-10.654244	10.936432	0	0	661.000000	-9.984145	10.157719
139	4587	0	0	0	4	0	-11.085947	12.799623	0	0	675.000000	-9.984145	10.157719
140	4620	0	0	0	4	0	-10.671536	12.384645	0	0	696.000000	-9.984145	10.157719
141	4653	0	0	0	4	0	-10.694589	12.518380	0	0	689.000000	-9.984145	10.157719
142	4686	0	0	0	4	0	-10.976702	12.788272	0	0	660.000000	-9.984145	10.157719
143	4719	0	0	0	4	0	-10.991081	12.705945	0	0	657.000000	-9.984145	10.157719
144	4752	0	0	0	4	0	-11.126174	12.208019	0	0	682.000000	-9.984145	10.157719
145	4785	0	0	0	4	0	-11.034209	12.022593	0	0	706.000000	-9.984145	10.157719
146	4818	0	0	0	4	0	-10.930677	12.019739	0	0	714.000000	-9.984145	10.157719
147	4851	0	0	0	4	0	-11.258275	12.319150	0	0	695.000000	-9.984145	10.157719
148	4884	0	0	0	4	0	-11.307063	12.324847	0	0	698.000000	-9.984145	10.157719
149	4917	0	0	0	4	0	-11.140539	12.051137	0	0	729.000000	-9.984145	10.157719
150	4950	0	0	0	4	0	-10.936432	11.905501	0	0	754.000000	-9.984145	10.157719
151	4983	0	0	0	4	0	-10.806922	11.865495	0	0	775.000000	-9.984145	10.157719
152	5016	0	0	0	4	0	-11.126174	12.245073	0	0	757.000000	-9.984145	10.157719
153	5049	0	0	0	4	0	-11.295585	12.296362	0	0	751.000000	-9.984145	10.157719
154	5082	0	0	0	4	0	-11.068703	11.988334	0	0	777.000000	-9.984145	10.157719
155	5115	0	0	0	4	0	-10.965196	11.836911	0	0	798.000000	-9.984145	10.157719
156	5148	0	0	0	4	0	-10.867373	11.862638	0	0	820.000000	-9.984145	10.157719
157	5181	0	0	0	4	0	-11.278367	12.239374	0	0	786.000000	-9.984145	10.157719
158	5214	0	0	0	4	0	-10.440817	11.682462	0	0	771.000000	-9.984145	10.157719
159	5247	0	0	0	4	0	-10.357098	11.307063	0	0	772.000000	-9.984145	10.157719
160	5280	0	0	0	4	0	-10.435044	11.200854	0	0	784.000000	-9.984145	10.157719
161	5313	0	0	0	4	0	-10.082527	11.060081	0	0	815.000000	-9.984145	10.157719
162	5346	0	0	0	4	0	-10.394632	11.301324	0	0	792.000000	0.000000	0.000000
163	5379	0	0	0	4	0	-10.414841	11.068704	0	0	793.000000	0.000000	0.000000
164	5412	0	0	0	4	0	-10.432158	10.942185	0	0	793.000000	0.000000	0.000000
165	5445	0	0	0	4	0	-10.605241	10.927801	0	0	791.000000	0.000000	0.000000
166	5478	0	0	0	4	0	-10.068063	10.541800	0	0	834.000000	0.000000	0.000000
167	5511	0	0	0	4	0	-1.622947	3.745738	0	0	737.000000	0.000000	0.000000
168	5544	0	0	0	4	0	-0.969758	3.142145	0	0	645.000000	0.000000	0.000000
169	5577	0	0	0	4	0	-1.220336	3.383079	0	0	615.000000	0.000000	0.000000
170	5610	0	0	0	4	0	-0.751964	2.576572	0	0	641.000000	0.000000	0.000000
171	5643	0	0	0	4	0	-0.056700	1.783948	0	0	737.000000	0.000000	0.000000
172	5676	0	0	0	4	0	-0.277524	1.959825	0	0	699.000000	0.000000	0.000000
173	5709	0	0	0	4	0	-90.000000	-90.000000	0	4	0.000000	0.000000	0.000000
174	5742	0	0	0	4	0	-90.000000	-90.000000	0	4	0.000000	0.000000	0.000000
175	5775	0	0	0	4	0	-90.000000	-90.000000	0	4	0.000000	0.000000	0.000000
176	5808	0	0	0	4	0	-90.000000	-90.000000	0	4	0.000000	0.000000	0.000000
177	5841	0	0	0	4	0	-90.000000	-90.000000	0	4	0.000000	0.000000	0.000000
178	5874	0	0	0	4	0	-1.748172	0.877273	0	0	850.000000	0.000000	0.000000
179	5907	0	0	0	4	0	-1.706432	0.528181	0	0	846.000000	0.000000	0.000000
180	5940	0	0	0	4	0	-1.473848	0.325269	0	0	883.000000	0.000000	0.000000
181	5973	0	0	0	4	0	-1.357536	0.319302	0	0	870.000000	0.000000	0.000000
182	6006	0	0	0	4	0	-1.268059	0.399870	0	0	858.000000	0.000000	0.000000
183	6039	0	0	0	4	0	-1.458937	0.626648	0	0	819.000000	0.000000	0.000000
184	6072	0	0	0	4	0	-1.327711	0.459550	0	0	829.000000	0.000000	0.000000
185	6105	0	0	0	4	0	-1.032405	0.086540	0	0	897.000000	0.000000	0.000000
186	6138	0	0	0	4	0	-0.975725	0.074604	0	0	911.000000	0.000000	0.000000
187	6171	0	0	0	4	0	-1.109967	0.373014	0	0	889.000000	0.000000	0.000000
188	6204	0	0	0	4	0	-1.339642	0.563987	0	0	843.000000	0.000000	0.000000
189	6237	0	0	0	4	0	-1.417185	0.608745	0	0	811.000000	0.000000	0.000000
190	6270	0	0	0	4	0	-4.490886	1.742209	0	0	842.000000	0.000000	0.000000
191	6303	0	0	0	4	0	-4.514612	3.234368	0	0	826.000000	0.000000	0.000000
192	6336	0	0	0	4	0	-4.648042	3.724937	0	0	787.000000	-0.413656	-0.420847
193	6369	0	0	0	4	0	-4.982876	4.137783	0	0	749.000000	-1.034139	-1.052118
194	6402	0	0	0	4	0	-5.568738	4.775496	0	0	692.000000	-1.654623	-1.683388
195	6435	0	0	0	4	0	-5.607163	4.636185	0	0	687.000000	-2.275106	-2.314659
196	6468	0	0	0	4	0	-4.894015	3.846754	0	0	732.000000	-2.895590	-2.945930
197	6501	0	0	0	4	0	-4.772532	3.876461	0	0	732.000000	-3.516074	-3.577200
198	6534	0	0	0	4	0	-4.926599	3.787336	0	0	722.000000	-4.136557	-4.208471
199	6567	0	0	0	4	0	-5.341034	4.209023	0	0	679.000000	-4.757041	-4.839742
200	6600	0	0	0	4	0	-4.161532	-3.157021	0	0	772.000000	-5.377524	-5.471012
201	6633	0	0	0	4	0	-5.027297	-3.724937	0	0	753.000000	-5.998008	-6.102283
202	6666	0	0	0	4	0	-5.503696	-3.332522	0	0	747.000000	-6.618492	-6.733553
203	6699	0	0	0	4	0	-6.038363	-3.415790	0	0	741.000000	-7.238976	-7.364824
204	6732	0	0	0	4	0	-6.309730	-3.775451	0	0	732.000000	-7.859459	-7.996095
205	6765	0	0	0	4	0	-6.212424	-4.985837	0	0	783.000000	-8.479942	-8.627365
206	6798	0	0	0	4	0	-7.902283	-9.084458	0	0	819.000000	-9.100426	-9.258636
207	6831	0	0	0	4	0	-8.124671	-8.991321	0	0	831.000000	-9.720910	-9.889907
208	6864	0	0	0	4	0	-8.539521	-9.046627	0	0	817.000000	-9.984145	-10.157719
209	6897	0	0	0	4	0	-8.912700	-9.157187	0	0	797.000000	-9.984145	-10.157719
210	6930	0	0	0	4	0	-9.005876	-9.418764	0	0	827.000000	-9.984145	-10.157719
211	6963	0	0	0	4	0	-10.850104	-11.587991	0	0	830.000000	-9.984145	-10.157719
212	6996	0	0	0	4	0	-11.120430	-11.791167	0	0	820.000000	-9.984145	-10.157719
213	7029	0	0	0	4	0	-11.238180	-11.848346	0	0	797.000000	-9.984145	-10.157719
214	7062	0	0	0	4	0	-11.307063	-11.859780	0	0	779.000000	-9.984145	-10.157719
215	7095	0	0	0	4	0	-10.015980	-10.887519	0	0	797.000000	-9.984145	-10.157719
216	7128	0	0	0	4	0	-9.911767	-10.999707	0	0	799.000000	-9.984145	-10.157719
217	7161	0	0	0	4	0	-9.850946	-10.904785	0	0	801.000000	-9.984145	-10.157719
218	7194	0	0	0	4	0	-10.123019	-10.726282	0	0	792.000000	-9.984145	-10.157719
219	7227	0	0	0	4	0	-10.229987	-10.852983	0	0	775.000000	-9.984145	-10.157719
220	7260	0	0	0	4	0	-10.461019	-11.137667	0	0	787.000000	-9.984145	-10.157719
221	7293	0	0	0	4	0	-10.409066	-11.134794	0	0	783.000000	-9.984145	-10.157719
222	7326	0	0	0	4	0	-10.354208	-11.068703	0	0	779.000000	-9.984145	-10.157719
223	7359	0	0	0	4	0	-10.550451	-11.002582	0	0	759.000000	-9.984145	-10.157719
224	7392	0	0	0	4	0	-10.660009	-11.154902	0	0	742.000000	-9.984145	-10.157719
225	7425	0	0	0	4	0	-10.550451	-11.212339	0	0	743.000000	-9.984145	-10.157719
226	7458	0	0	0	4	0	-10.403293	-11.212339	0	0	759.000000	-9.984145	-10.157719
227	7491	0	0	0	4	0	-10.261773	-11.088820	0	0	779.000000	-9.984145	-10.157719
228	7524	0	0	0	4	0	-10.426385	-10.924924	0	0	773.000000	-9.984145	-10.157719
229	7557	0	0	0	4	0	-10.585057	-10.962321	0	0	763.000000	-9.984145	-10.157719
230	7590	0	0	0	4	0	-10.616774	-10.922048	0	0	767.000000	-9.984145	-10.157719
231	7623	0	0	0	4	0	-10.371534	-11.071577	0	0	796.000000	-9.984145	-10.157719
232	7656	0	0	0	4	0	-10.368647	-10.922048	0	0	804.000000	-9.984145	-10.157719
233	7689	0	0	0	4	0	-10.432158	-10.804044	0	0	804.000000	-9.984145	-10.157719
234	7722	0	0	0	4	0	-10.593707	-10.850104	0	0	785.000000	-9.984145	-10.157719
235	7755	0	0	0	4	0	-10.489875	-10.916293	0	0	798.000000	-9.984145	-10.157719
236	7788	0	0	0	4	0	-10.333993	-10.993957	0	0	804.000000	-9.984145	-10.157719
237	7821	0	0	0	4	0	-10.224206	-10.922048	0	0	818.000000	-9.984145	-10.157719
238	7854	0	0	0	4	0	-10.270442	-10.772367	0	0	818.000000	-9.793365	-9.963622
239	7887	0	0	0	4	0	-10.406178	-10.809800	0	0	796.000000	-9.093840	-9.251935
240	7920	0	0	0	4	0	-10.429273	-10.769488	0	0	796.000000	-8.394313	-8.540248
241	7953	0	0	0	4	0	-10.232875	-10.852983	0	0	812.000000	-7.694787	-7.828560
242	7986	0	0	0	4	0	-10.056491	-10.818439	0	0	832.000000	-6.995261	-7.116873
243	8019	0	0	0	4	0	-10.070955	-10.605241	0	0	817.000000	-6.295735	-6.405186
244	8052	0	0	0	4	0	-7.984243	-8.796161	0	0	809.000000	-5.596209	-5.693498
245	8085	0	0	0	4	0	-6.023607	-6.221272	0	0	820.000000	-4.896683	-4.981811
246	8118	0	0	0	4	0	-5.669225	-5.852378	0	0	822.000000	-4.197156	-4.270124
247	8151	0	0	0	4	0	-5.157565	-5.287780	0	0	820.000000	-3.497630	-3.558436
248	8184	0	0	0	4	0	-4.665830	-4.226832	0	0	806.000000	-2.798104	-2.846749
249	8217	0	0	0	4	0	-4.173404	-3.326575	0	0	782.000000	-2.098578	-2.135062
250	8250	0	0	0	4	0	-2.239958	-1.777986	0	0	787.000000	-1.399052	-1.423375
251	8283	0	0	0	4	0	-1.455954	-1.551381	0	0	807.000000	-0.699526	-0.711687
252	8316	0	0	0	4	0	-0.865339	-1.253145	0	0	817.000000	0.000000	0.000000
253	8349	0	0	0	4	0	-0.417774	-0.772849	0	0	788.000000	0.000000	0.000000
254	8382	0	0	0	4	0	-0.250668	-0.226795	0	0	753.000000	0.000000	0.000000
255	8415	0	0	0	4	0	-0.107429	0.280508	0	0	692.000000	0.000000	0.000000
256	8448	0	0	0	4	0	1.977709	1.515597	0	0	697.000000	0.000000	0.000000
257	8481	0	0	0	4	0	2.320403	1.345607	0	0	724.000000	0.000000	0.000000
258	8514	0	0	0	4	0	2.514028	1.360519	0	0	723.000000	0.000000	0.000000
259	8547	0	0	0	4	0	-0.020889	0.459550	0	0	676.000000	0.000000	0.000000
260	8580	0	0	0	4	0	-0.104445	0.528181	0	0	632.000000	0.000000	0.000000
261	8613	0	0	0	4	0	0.056699	0.044762	0	0	659.000000	0.000000	0.000000
262	8646	0	0	0	4	0	0.196954	-0.420759	0	0	697.000000	0.000000	0.000000
263	8679	0	0	0	4	0	0.280508	-0.310349	0	0	697.000000	0.000000	0.000000
264	8712	0	0	0	4	0	0.140255	0.167112	0	0	650.000000	0.000000	0.000000
265	8745	0	0	0	4	0	-0.080573	0.405838	0	0	634.000000	0.000000	0.000000
266	8778	0	0	0	4	0	0.244700	-0.211874	0	0	655.000000	0.000000	0.000000
267	8811	0	0	0	4	0	0.378983	-0.590841	0	0	721.000000	0.000000	0.000000
268	8844	0	0	0	4	0	0.444630	-0.432694	0	0	725.000000	0.000000	0.000000
269	8877	0	0	0	4	0	0.298413	-0.038794	0	0	711.000000	0.000000	0.000000
270	8910	0	0	0	4	0	0.107430	0.253652	0	0	681.000000	0.000000	0.000000
271	8943	0	0	0	4	0	0.158159	-0.131302	0	0	701.000000	0.000000	0.000000
272	8976	0	0	0	4	0	0.310349	-0.519229	0	0	735.000000	0.000000	0.000000
273	9009	0	0	0	4	0	0.337205	-0.501325	0	0	743.000000	0.000000	0.000000
274	9042	0	0	0	4	0	0.232762	0.011936	0	0	716.000000	0.000000	0.000000
275	9075	0	0	0	4	0	0.122350	-0.152192	0	0	703.000000	0.000000	0.000000
276	9108	0	0	0	4	0	0.674388	-7.136770	0	0	512.000000	0.000000	0.000000
277	9141	0	0	0	4	0	-90.000000	-90.000000	0	4	0.000000	0.000000	0.000000
278	9174	0	0	0	4	0	-90.000000	-90.000000	0	4	0.000000	0.000000	0.000000
279	9207	0	0	0	4	0	-90.000000	-90.000000	0	4	0.000000	0.000000	0.000000
280	9240	0	0	0	4	0	-90.000000	-90.000000	0	4	0.000000	0.000000	0.000000
281	9273	0	0	0	4	0	-0.453582	-1.402273	0	0	677.000000	0.000000	0.000000
282	9306	0	0	0	4	0	-0.292444	-0.913074	0	0	739.000000	0.000000	0.000000
283	9339	0	0	0	4	0	-0.167111	-0.748980	0	0	749.000000	-9.984145	-10.157719
284	9372	0	0	0	4	0	-0.134287	-0.337205	0	0	736.000000	-9.984145	-10.157719
285	9405	0	0	0	4	0	-0.226794	-0.062667	0	0	708.000000	-9.984145	-10.157719
286	9438	0	0	0	4	0	-0.241714	-0.161144	0	0	686.000000	-9.984145	-10.157719
287	9471	0	0	0	4	0	-0.110414	-0.581890	0	0	742.000000	-9.984145	-10.157719
288	9504	0	0	0	4	0	-0.104445	-0.692291	0	0	766.000000	-9.984145	-10.157719
289	9537	0	0	0	4	0	-3.754652	-3.745738	0	0	807.000000	-9.984145	-10.157719
290	9570	0	0	0	4	0	-8.457789	-10.189520	0	0	769.000000	-9.984145	-10.157719
291	9603	0	0	0	4	0	-8.720372	-9.874119	0	0	742.000000	-9.984145	-10.157719
292	9636	0	0	0	4	0	-8.659137	-10.024664	0	0	755.000000	-9.984145	-10.157719
293	9669	0	0	0	4	0	-8.612466	-10.088311	0	0	756.000000	-9.984145	-10.157719
294	9702	0	0	0	4	0	-8.697046	-10.056491	0	0	749.000000	-9.984145	-10.157719
295	9735	0	0	0	4	0	-10.235766	-10.922048	0	0	721.000000	-9.984145	-10.157719
296	9768	0	0	0	4	0	-10.576407	-11.042834	0	0	709.000000	-9.984145	-10.157719
297	9801	0	0	0	4	0	-10.397518	-11.177881	0	0	730.000000	-9.984145	-10.157719
298	9834	0	0	0	4	0	-10.325329	-11.068703	0	0	739.000000	-9.984145	-10.157719
299	9867	0	0	0	4	0	-10.258883	-10.927802	0	0	746.000000	-9.984145	-10.157719
300	9900	0	0	0	4	0	-10.507184	-10.884643	0	0	726.000000	-9.984145	-10.157719
301	9933	0	0	0	4	0	-10.700353	-10.867373	0	0	713.000000	-9.984145	-10.157719
302	9966	0	0	0	4	0	-10.512954	-11.048583	0	0	742.000000	-9.984145	-10.157719
303	9999	0	0	0	4	0	-10.322440	-11.016959	0	0	753.000000	-9.984145	-10.157719
304	10032	0	0	0	4	0	-10.328217	-11.022709	0	0	750.000000	-9.984145	-10.157719
305	10065	0	0	0	4	0	-10.527376	-10.904785	0	0	731.000000	-9.984145	-10.157719
306	10098	0	0	0	4	0	-10.654244	-11.051457	0	0	720.000000	-9.984145	-10.157719
307	10131	0	0	0	4	0	-10.469675	-11.129048	0	0	726.000000	-9.984145	-10.157719
308	10164	0	0	0	4	0	-10.368647	-11.085947	0	0	734.000000	-9.984145	-10.157719
309	10197	0	0	0	4	0	-10.307998	-10.968072	0	0	741.000000	-9.984145	-10.157719
310	10230	0	0	0	4	0	-10.423500	-10.919170	0	0	714.000000	-9.984145	-10.157719
311	10263	0	0	0	4	0	-10.665772	-10.890398	0	0	703.000000	-9.984145	-10.157719
312	10296	0	0	0	4	0	-10.469675	-11.016959	0	0	716.000000	-9.984145	-10.157719
313	10329	0	0	0	4	0	-10.227097	-11.034209	0	0	734.000000	0.000000	0.000000
314	10362	0	0	0	4	0	-10.212646	-10.887519	0	0	737.000000	0.000000	0.000000
315	10395	0	0	0	4	0	-10.313775	-10.697472	0	0	717.000000	0.000000	0.000000
316	10428	0	0	0	4	0	-10.495646	-10.757967	0	0	695.000000	0.000000	0.000000
317	10461	0	0	0	4	0	-10.400407	-10.732044	0	0	696.000000	0.000000	0.000000
318	10494	0	0	0	4	0	-10.186629	-10.694589	0	0	706.000000	0.000000	0.000000
319	10527	0	0	0	4	0	-3.918045	-2.079044	0	0	741.000000	0.000000	0.000000
320	10560	0	0	0	4	0	-0.429711	0.322285	0	0	721.000000	0.000000	0.000000
321	10593	0	0	0	4	0	-0.468502	0.563987	0	0	696.000000	0.000000	0.000000
322	10626	0	0	0	4	0	-0.569954	0.772849	0	0	660.000000	0.000000	0.000000
323	10659	0	0	0	4	0	-0.238731	0.217842	0	0	707.000000	0.000000	0.000000
324	10692	0	0	0	4	0	0.241715	-0.602777	0	0	729.000000	0.000000	0.000000
325	10725	0	0	0	4	0	0.304381	-0.504309	0	0	722.000000	0.000000	0.000000
326	10758	0	0	0	4	0	0.101461	-0.146223	0	0	685.000000	0.000000	0.000000
327	10791	0	0	0	4	0	0.116382	-0.259620	0	0	680.000000	0.000000	0.000000
328	10824	0	0	0	4	0	0.217842	-0.617697	0	0	715.000000	0.000000	0.000000
329	10857	0	0	0	4	0	0.214859	-0.760915	0	0	726.000000	0.000000	0.000000
330	10890	0	0	0	4	0	0.322285	-0.528181	0	0	721.000000	0.000000	0.000000
331	10923	0	0	0	4	0	0.190985	-0.190985	0	0	693.000000	0.000000	0.000000
332	10956	0	0	0	4	0	0.005969	-0.173080	0	0	680.000000	0.000000	0.000000
333	10989	0	0	0	4	0	0.205906	-0.602777	0	0	729.000000	0.000000	0.000000
334	11022	0	0	0	4	0	0.268572	-0.754947	0	0	752.000000	0.000000	0.000000
335	11055	0	0	0	4	0	0.584874	-0.701241	0	0	743.000000	0.000000	0.000000
336	11088	0	0	0	4	0	0.262603	-0.340189	0	0	717.000000	0.000000	0.000000
337	11121	0	0	0	4	0	0.176064	-0.390918	0	0	706.000000	0.000000	0.000000
338	11154	0	0	0	4	0	0.319302	-0.698258	0	0	757.000000	0.000000	0.000000
339	11187	0	0	0	4	0	0.355110	-0.778817	0	0	769.000000	0.000000	0.000000
340	11220	0	0	0	4	0	0.349142	-0.713176	0	0	780.000000	0.000000	0.000000
341	11253	0	0	0	4	0	0.235747	-0.328253	0	0	757.000000	0.000000	0.000000
342	11286	0	0	0	4	0	0.071620	-0.289461	0	0	745.000000	0.000000	0.000000
343	11319	0	0	0	4	0	0.244700	-0.662453	0	0	792.000000	0.070476	-0.071702
344	11352	0	0	0	4	0	0.337205	-0.838488	0	0	821.000000	0.845716	-0.860418
345	11385	0	0	0	4	0	0.390918	-0.677372	0	0	818.000000	1.620955	-1.649135
346	11418	0	0	0	4	0	0.286477	-0.334222	0	0	794.000000	2.396195	-2.437852
347	11451	0	0	0	4	0	0.110414	-0.155176	0	0	775.000000	3.171434	-3.226569
348	11484	0	0	0	4	0	0.325269	-0.543100	0	0	820.000000	3.946674	-4.015286
349	11517	0	0	0	4	0	0.373014	-0.692291	0	0	852.000000	4.721913	-4.804003
350	11550	0	0	0	4	0	3.558499	-2.859428	0	0	854.000000	5.497153	-5.592721
351	11583	0	0	0	4	0	3.790307	-2.436585	0	0	815.000000	6.272392	-6.381437
352	11616	0	0	0	4	0	4.117002	-2.892172	0	0	822.000000	7.047632	-7.170155
353	11649	0	0	0	4	0	4.369267	-3.350366	0	0	839.000000	7.822871	-7.958871
354	11682	0	0	0	4	0	5.704684	-5.116123	0	0	840.000000	8.598111	-8.747588
355	11715	0	0	0	4	0	9.447803	-9.276398	0	0	891.000000	9.373350	-9.536305
356	11748	0	0	0	4	0	10.339770	-9.296743	0	0	864.000000	9.984145	-10.157719
357	11781	0	0	0	4	0	10.579291	-9.494258	0	0	829.000000	9.984145	-10.157719
358	11814	0	0	0	4	0	10.576407	-9.694445	0	0	848.000000	9.984145	-10.157719
359	11847	0	0	0	4	0	10.602357	-9.775612	0	0	872.000000	9.984145	-10.157719
360	11880	0	0	0	4	0	10.639833	-9.810385	0	0	882.000000	9.984145	-10.157719
361	11913	0	0	0	4	0	10.832833	-9.555209	0	0	859.000000	9.984145	-10.157719
362	11946	0	0	0	4	0	9.975461	-9.946512	0	0	834.000000	9.984145	-10.157719
363	11979	0	0	0	4	0	9.743730	-10.050704	0	0	842.000000	9.984145	-10.157719
364	12012	0	0	0	4	0	9.668347	-10.102774	0	0	854.000000	9.984145	-10.157719
365	12045	0	0	0	4	0	9.555209	-10.149045	0	0	865.000000	9.984145	-10.157719
366	12078	0	0	0	4	0	9.656746	-9.879912	0	0	841.000000	9.984145	-10.157719
367	12111	0	0	0	4	0	9.735033	-9.955198	0	0	820.000000	9.984145	-10.157719
368	12144	0	0	0	4	0	9.610337	-10.056491	0	0	841.000000	9.984145	-10.157719
369	12177	0	0	0	4	0	9.537797	-10.201083	0	0	876.000000	9.984145	-10.157719
370	12210	0	0	0	4	0	9.494258	-10.218425	0	0	884.000000	9.984145	-10.157719
371	12243	0	0	0	4	0	9.659646	-9.897288	0	0	861.000000	9.984145	-10.157719
372	12276	0	0	0	4	0	9.627742	-9.987039	0	0	829.000000	9.984145	-10.157719
373	12309	0	0	0	4	0	9.630642	-10.105666	0	0	830.000000	9.984145	-10.157719
374	12342	0	0	0	4	0	9.592930	-10.264663	0	0	855.000000	9.984145	-10.157719
375	12375	0	0	0	4	0	9.610337	-10.342658	0	0	863.000000	9.984145	-10.157719
376	12408	0	0	0	4	0	9.575521	-10.099881	0	0	850.000000	9.984145	-10.157719
377	12441	0	0	0	4	0	9.691545	-10.154828	0	0	812.000000	9.984145	-10.157719
378	12474	0	0	0	4	0	9.656746	-10.244436	0	0	813.000000	9.984145	-10.157719
379	12507	0	0	0	4	0	9.575521	-10.339769	0	0	845.000000	9.984145	-10.157719
380	12540	0	0	0	4	0	10.201083	-10.657127	0	0	862.000000	9.984145	-10.157719
381	12573	0	0	0	4	0	9.952302	-10.253104	0	0	847.000000	9.984145	-10.157719
382	12606	0	0	0	4	0	10.007298	-10.105666	0	0	816.000000	9.984145	-10.157719
383	12639	0	0	0	4	0	9.943618	-10.247324	0	0	806.000000	9.984145	-10.157719
384	12672	0	0	0	4	0	9.853842	-10.238656	0	0	831.000000	9.984145	-10.157719
385	12705	0	0	0	4	0	9.813284	-10.157718	0	0	836.000000	9.984145	-10.157719
386	12738	0	0	0	4	0	9.711841	-10.027556	0	0	825.000000	9.984145	-10.157719
387	12771	0	0	0	4	0	9.810385	-9.810385	0	0	800.000000	9.208176	-9.368258
388	12804	0	0	0	4	0	9.784306	-9.998616	0	0	775.000000	8.354609	-8.499853
389	12837	0	0	0	4	0	9.648046	-10.099881	0	0	806.000000	7.501042	-7.631447
390	12870	0	0	0	4	0	9.590029	-10.183741	0	0	827.000000	6.647475	-6.763041
391	12903	0	0	0	4	0	9.578424	-9.923350	0	0	819.000000	5.793908	-5.894635
392	12936	0	0	0	4	0	9.688645	-9.645144	0	0	778.000000	4.940341	-5.026228
393	12969	0	0	0	4	0	5.890767	-5.946863	0	0	765.000000	4.086774	-4.157823
394	13002	0	0	0	4	0	5.133884	-4.378167	0	0	764.000000	3.233208	-3.289417
395	13035	0	0	0	4	0	4.734005	-4.001203	0	0	764.000000	2.379641	-2.421011
396	13068	0	0	0	4	0	2.829660	-1.888286	0	0	769.000000	1.526074	-1.552605
397	13101	0	0	0	4	0	2.049241	-0.811636	0	0	731.000000	0.672507	-0.684199
398	13134	0	0	0	4	0	1.458936	-0.190985	0	0	690.000000	0.000000	0.000000
399	13167	0	0	0	4	0	1.133831	-0.256636	0	0	709.000000	0.000000	0.000000
400	13200	0	0	0	4	0	0.793735	-0.322285	0	0	728.000000	0.000000	0.000000
401	13233	0	0	0	4	0	0.590841	-0.277524	0	0	749.000000	0.000000	0.000000
402	13266	0	0	0	4	0	-0.796718	0.611729	0	0	719.000000	0.000000	0.000000
403	13299	0	0	0	4	0	-1.384379	1.101017	0	0	680.000000	0.000000	0.000000
404	13332	0	0	0	4	0	-1.649781	1.157694	0	0	658.000000	0.000000	0.000000
405	13365	0	0	0	4	0	-0.077587	-0.498342	0	0	699.000000	0.000000	0.000000
406	13398	0	0	0	4	0	0.193969	-0.686323	0	0	700.000000	0.000000	0.000000
407	13431	0	0	0	4	0	0.208890	-0.408823	0	0	684.000000	0.000000	0.000000
408	13464	0	0	0	4	0	0.017905	-0.089525	0	0	640.000000	0.000000	0.000000
409	13497	0	0	0	4	0	-0.029842	-0.080573	0	0	616.000000	0.000000	0.000000
410	13530	0	0	0	4	0	0.170097	-0.596809	0	0	665.000000	0.000000	0.000000
411	13563	0	0	0	4	0	0.196954	-0.775833	0	0	693.000000	0.000000	0.000000
412	13596	0	0	0	4	0	0.238731	-0.447614	0	0	697.000000	0.000000	0.000000
413	13629	0	0	0	4	0	0.080573	-0.071620	0	0	671.000000	0.000000	0.000000
414	13662	0	0	0	4	0	-0.053714	0.008952	0	0	665.000000	0.000000	0.000000
415	13695	0	0	0	4	0	0.116382	-0.426726	0	0	694.000000	0.000000	0.000000
416	13728	0	0	0	4	0	0.411806	-0.632616	0	0	720.000000	0.000000	0.000000
417	13761	0	0	0	4	0	0.456566	-0.417774	0	0	724.000000	0.000000	0.000000
418	13794	0	0	0	4	0	0.301397	-0.035810	0	0	685.000000	0.000000	0.000000
419	13827	0	0	0	4	0	0.196954	-0.050731	0	0	668.000000	0.000000	0.000000
420	13860	0	0	0	4	0	0.319302	-0.438663	0	0	689.000000	0.000000	0.000000
421	13893	0	0	0	4	0	0.364062	-0.653501	0	0	727.000000	0.000000	0.000000
422	13926	0	0	0	4	0	0.423743	-0.537132	0	0	711.000000	0.000000	0.000000
423	13959	0	0	0	4	0	0.244700	-0.128318	0	0	695.000000	0.000000	0.000000
424	13992	0	0	0	4	0	0.125335	0.089525	0	0	671.000000	0.000000	0.000000
425	14025	0	0	0	4	0	0.244700	-0.208890	0	0	690.000000	0.000000	0.000000
426	14058	0	0	0	4	0	0.420759	-0.561003	0	0	735.000000	0.000000	0.000000
427	14091	0	0	0	4	0	0.381966	-0.396886	0	0	712.000000	0.000000	0.000000
428	14124	0	0	0	4	0	0.002984	-0.059683	0	0	704.000000	0.000000	0.000000
429	14157	0	0	0	4	0	-0.056700	0.032826	0	0	683.000000	9.984145	-10.157719
430	14190	0	0	0	4	0	-0.044762	-0.185017	0	0	707.000000	9.984145	-10.157719
431	14223	0	0	0	4	0	0.041778	-0.465518	0	0	733.000000	9.984145	-10.157719
432	14256	0	0	0	4	0	0.134287	-0.501325	0	0	757.000000	9.984145	-10.157719
433	14289	0	0	0	4	0	-0.005969	-0.065652	0	0	727.000000	9.984145	-10.157719
434	14322	0	0	0	4	0	-0.173080	0.071620	0	0	699.000000	9.984145	-10.157719
435	14355	0	0	0	4	0	8.323441	-6.907484	0	0	717.000000	9.984145	-10.157719
436	14388	0	0	0	4	0	8.244542	-7.998876	0	0	719.000000	9.984145	-10.157719
437	14421	0	0	0	4	0	8.089573	-7.875931	0	0	738.000000	9.984145	-10.157719
438	14454	0	0	0	4	0	8.250387	-7.568253	0	0	702.000000	9.984145	-10.157719
439	14487	0	0	0	4	0	8.346813	-7.770493	0	0	676.000000	9.984145	-10.157719
440	14520	0	0	0	4	0	8.297145	-8.221159	0	0	692.000000	9.984145	-10.157719
441	14553	0	0	0	4	0	9.008787	-9.668346	0	0	742.000000	9.984145	-10.157719
442	14586	0	0	0	4	0	9.235701	-9.743731	0	0	734.000000	9.984145	-10.157719
443	14619	0	0	0	4	0	9.444900	-9.401339	0	0	712.000000	9.984145	-10.157719
444	14652	0	0	0	4	0	9.566816	-9.549405	0	0	685.000000	9.984145	-10.157719
445	14685	0	0	0	4	0	9.407147	-9.807489	0	0	714.000000	9.984145	-10.157719
446	14718	0	0	0	4	0	9.392624	-9.848048	0	0	746.000000	9.984145	-10.157719
447	14751	0	0	0	4	0	9.308368	-9.850946	0	0	762.000000	9.984145	-10.157719
448	14784	0	0	0	4	0	9.540698	-9.511675	0	0	737.000000	9.984145	-10.157719
449	14817	0	0	0	4	0	9.607435	-9.340332	0	0	719.000000	9.984145	-10.157719
450	14850	0	0	0	4	0	9.563915	-9.752425	0	0	712.000000	9.984145	-10.157719
451	14883	0	0	0	4	0	9.534895	-9.842255	0	0	737.000000	9.984145	-10.157719
452	14916	0	0	0	4	0	9.534895	-9.882808	0	0	729.000000	9.984145	-10.157719
453	14949	0	0	0	4	0	9.685745	-9.578424	0	0	701.000000	9.984145	-10.157719
454	14982	0	0	0	4	0	9.819078	-9.421667	0	0	663.000000	9.984145	-10.157719
455	15015	0	0	0	4	0	9.653847	-9.871222	0	0	698.000000	9.984145	-10.157719
456	15048	0	0	0	4	0	9.575521	-9.958093	0	0	688.000000	9.984145	-10.157719
457	15081	0	0	0	4	0	9.572619	-9.914662	0	0	692.000000	9.984145	-10.157719
458	15114	0	0	0	4	0	9.662546	-9.592930	0	0	672.000000	9.984145	-10.157719
459	15147	0	0	0	4	0	9.897288	-9.479742	0	0	617.000000	0.000000	0.000000
460	15180	0	0	0	4	0	9.946512	-9.375196	0	0	605.000000	0.000000	0.000000
461	15213	0	0	0	4	0	9.772714	-9.856738	0	0	644.000000	0.000000	0.000000
462	15246	0	0	0	4	0	9.688645	-9.816180	0	0	661.000000	0.000000	0.000000
463	15279	0	0	0	4	0	9.720538	-9.587127	0	0	659.000000	0.000000	0.000000
464	15312	0	0	0	4	0	9.558111	-9.061178	0	0	655.000000	0.000000	0.000000
465	15345	0	0	0	4	0	0.939925	-0.596809	0	0	614.000000	0.000000	0.000000
466	15378	0	0	0	4	0	0.468502	0.352126	0	0	614.000000	0.000000	0.000000
467	15411	0	0	0	4	0	0.805669	-0.244700	0	0	653.000000	0.000000	0.000000
468	15444	0	0	0	4	0	0.847438	-0.128318	0	0	647.000000	0.000000	0.000000
469	15477	0	0	0	4	0	0.686323	0.444630	0	0	622.000000	0.000000	0.000000
470	15510	0	0	0	4	0	0.396886	0.826554	0	0	579.000000	0.000000	0.000000
471	15543	0	0	0	4	0	0.298413	0.707209	0	0	574.000000	0.000000	0.000000
472	15576	0	0	0	4	0	0.546084	0.011936	0	0	628.000000	0.000000	0.000000
473	15609	0	0	0	4	0	0.641567	0.023873	0	0	648.000000	0.000000	0.000000
474	15642	0	0	0	4	0	0.519229	0.555036	0	0	626.000000	0.000000	0.000000
475	15675	0	0	0	4	0	0.047747	0.784783	0	0	591.000000	0.000000	0.000000
476	15708	0	0	0	4	0	-0.017904	0.725111	0	0	587.000000	0.000000	0.000000
477	15741	0	0	0	4	0	0.307365	0.011936	0	0	647.000000	0.000000	0.000000
478	15774	0	0	0	4	0	0.426726	-0.146223	0	0	682.000000	0.000000	0.000000
479	15807	0	0	0	4	0	0.337205	0.381966	0	0	663.000000	0.000000	0.000000
480	15840	0	0	0	4	0	0.017905	0.683339	0	0	624.000000	0.000000	0.000000
481	15873	0	0	0	4	0	-0.053714	0.784783	0	0	619.000000	0.000000	0.000000
482	15906	0	0	0	4	0	0.223811	0.173080	0	0	654.000000	0.000000	0.000000
483	15939	0	0	0	4	0	0.405838	-0.074604	0	0	705.000000	0.000000	0.000000
484	15972	0	0	0	4	0	0.289461	0.331238	0	0	704.000000	0.000000	0.000000
485	16005	0	0	0	4	0	0.005969	0.805669	0	0	669.000000	0.000000	0.000000
486	16038	0	0	0	4	0	-0.193969	0.963791	0	0	653.000000	0.000000	0.000000
487	16071	0	0	0	4	0	0.125335	0.384950	0	0	698.000000	0.000000	0.000000
488	16104	0	0	0	4	0	0.283492	0.113397	0	0	758.000000	0.000000	0.000000
489	16137	0	0	0	4	0	0.217842	0.549068	0	0	741.000000	0.282837	0.287754
490	16170	0	0	0	4	0	-0.020889	0.945892	0	0	698.000000	1.216199	1.237342
491	16203	0	0	0	4	0	-0.238731	0.886224	0	0	688.000000	2.149561	2.186931
492	16236	0	0	0	4	0	0.020889	0.531164	0	0	710.000000	3.082923	3.136519
493	16269	0	0	0	4	0	0.149207	0.176064	0	0	743.000000	4.016285	4.086108
494	16302	0	0	0	4	0	0.220826	0.432694	0	0	730.000000	4.949647	5.035696
495	16335	0	0	0	4	0	-0.065652	0.927991	0	0	679.000000	5.883009	5.985285
496	16368	0	0	0	4	0	-0.143239	1.145763	0	0	641.000000	6.816371	6.934873
497	16401	0	0	0	4	0	5.077634	6.230119	0	0	577.000000	7.749733	7.884461
498	16434	0	0	0	4	0	5.961624	6.545470	0	0	585.000000	8.683095	8.834050
499	16467	0	0	0	4	0	6.241914	6.786873	0	0	645.000000	9.616457	9.783638
500	16500	0	0	0	4	0	6.465932	7.127954	0	0	616.000000	9.984145	10.157719
501	16533	0	0	0	4	0	8.743695	8.536603	0	0	618.000000	9.984145	10.157719
502	16566	0	0	0	4	0	10.218426	10.907661	0	0	613.000000	9.984145	10.157719
503	16599	0	0	0	4	0	10.374421	11.705355	0	0	569.000000	9.984145	10.157719
504	16632	0	0	0	4	0	10.053596	11.146285	0	0	648.000000	9.984145	10.157719
505	16665	0	0	0	4	0	10.004404	11.129048	0	0	637.000000	9.984145	10.157719
506	16698	0	0	0	4	0	9.966778	11.200854	0	0	608.000000	9.984145	10.157719
507	16731	0	0	0	4	0	9.369386	12.073968	0	0	552.000000	9.984145	10.157719
508	16764	0	0	0	4	0	9.706042	11.996900	0	0	514.000000	9.984145	10.157719
509	16797	0	0	0	4	0	9.511675	11.447596	0	0	594.000000	9.984145	10.157719
510	16830	0	0	0	4	0	9.305462	11.416060	0	0	610.000000	9.984145	10.157719
511	16863	0	0	0	4	0	9.381004	11.645253	0	0	570.000000	9.984145	10.157719
512	16896	0	0	0	4	0	9.453612	11.845488	0	0	540.000000	9.984145	10.157719
513	16929	0	0	0	4	0	9.792999	12.008321	0	0	502.000000	9.984145	10.157719
514	16962	0	0	0	4	0	9.592930	11.467661	0	0	578.000000	9.984145	10.157719
515	16995	0	0	0	4	0	9.285118	11.364441	0	0	614.000000	9.984145	10.157719
516	17028	0	0	0	4	0	9.366480	11.685324	0	0	590.000000	9.984145	10.157719
517	17061	0	0	0	4	0	9.459418	11.776868	0	0	556.000000	9.984145	10.157719
518	17094	0	0	0	4	0	9.563915	11.939783	0	0	523.000000	9.984145	10.157719
519	17127	0	0	0	4	0	9.549405	11.487722	0	0	577.000000	9.984145	10.157719
520	17160	0	0	0	4	0	9.288024	11.131921	0	0	627.000000	9.984145	10.157719
521	17193	0	0	0	4	0	9.317086	11.407457	0	0	607.000000	9.984145	10.157719
522	17226	0	0	0	4	0	9.395529	11.570807	0	0	585.000000	9.984145	10.157719
523	17259	0	0	0	4	0	9.665446	11.791167	0	0	542.000000	9.984145	10.157719
524	17292	0	0	0	4	0	9.534895	11.398856	0	0	583.000000	9.984145	10.157719
525	17325	0	0	0	4	0	9.296743	10.945063	0	0	673.000000	9.984145	10.157719
526	17358	0	0	0	4	0	9.238607	11.235310	0	0	644.000000	9.984145	10.157719
527	17391	0	0	0	4	0	9.372290	11.335754	0	0	609.000000	9.984145	10.157719
528	17424	0	0	0	4	0	9.955198	11.051457	0	0	563.000000	9.984145	10.157719
529	17457	0	0	0	4	0	9.984144	10.651363	0	0	595.000000	9.984145	10.157719
530	17490	0	0	0	4	0	9.590029	10.331105	0	0	677.000000	9.678352	9.846609
531	17523	0	0	0	4	0	9.645144	10.585057	0	0	642.000000	8.669235	8.819948
532	17556	0	0	0	4	0	9.737932	10.783886	0	0	608.000000	7.660118	7.793288
533	17589	0	0	0	4	0	9.984144	11.108935	0	0	567.000000	6.651000	6.766627
534	17622	0	0	0	4	0	9.850945	10.685946	0	0	577.000000	5.641883	5.739966
535	17655	0	0	0	4	0	9.575521	10.059383	0	0	676.000000	4.632766	4.713306
536	17688	0	0	0	4	0	9.648046	10.082526	0	0	640.000000	3.623648	3.686645
537	17721	0	0	0	4	0	9.453612	9.833564	0	0	610.000000	2.614531	2.659985
538	17754	0	0	0	4	0	5.376532	8.440271	0	0	531.000000	1.605414	1.633324
539	17787	0	0	0	4	0	1.637855	4.170436	0	0	569.000000	0.596297	0.606663
540	17820	0	0	0	4	0	0.041778	1.864439	0	0	623.000000	-0.412821	-0.419998
541	17853	0	0	0	4	0	-0.734061	1.697487	0	0	548.000000	-1.421938	-1.446658
542	17886	0	0	0	4	0	-1.482794	1.885306	0	0	505.000000	-2.431055	-2.473319
543	17919	0	0	0	4	0	-2.025398	1.852515	0	0	470.000000	-3.440172	-3.499980
544	17952	0	0	0	4	0	-1.789911	0.883240	0	0	516.000000	-4.449290	-4.526640
545	17985	0	0	0	4	0	-1.682580	0.531164	0	0	563.000000	-5.458407	-5.553301
546	18018	0	0	0	4	0	-3.962597	-0.850422	0	0	525.000000	-6.467525	-6.579962
547	18051	0	0	0	4	0	-4.923638	-0.668420	0	0	495.000000	-7.476642	-7.606622
548	18084	0	0	0	4	0	-5.275944	-0.919041	0	0	487.000000	-8.485759	-8.633283
549	18117	0	0	0	4	0	-5.042103	-1.602074	0	0	509.000000	-9.494876	-9.659944
550	18150	0	0	0	4	0	-5.154605	-2.734393	0	0	573.000000	-9.984145	-10.157719
551	18183	0	0	0	4	0	-10.861619	-8.451949	0	0	575.000000	-9.984145	-10.157719
552	18216	0	0	0	4	0	-11.991189	-9.801693	0	0	565.000000	-9.984145	-10.157719
553	18249	0	0	0	4	0	-12.361868	-9.813282	0	0	554.000000	-9.984145	-10.157719
554	18282	0	0	0	4	0	-12.273571	-10.018875	0	0	566.000000	-9.984145	-10.157719
555	18315	0	0	0	4	0	-12.170954	-10.056491	0	0	585.000000	-9.984145	-10.157719
556	18348	0	0	0	4	0	-12.410265	-9.923350	0	0	578.000000	-9.984145	-10.157719
557	18381	0	0	0	4	0	-12.592302	-10.004404	0	0	583.000000	-9.984145	-10.157719
558	18414	0	0	0	4	0	-12.620723	-10.027556	0	0	577.000000	-9.984145	-10.157719
559	18447	0	0	0	4	0	-12.464334	-10.143261	0	0	585.000000	-9.984145	-10.157719
560	18480	0	0	0	4	0	-12.053992	-9.914662	0	0	594.000000	-9.984145	-10.157719
561	18513	0	0	0	4	0	-12.196616	-9.697343	0	0	582.000000	-9.984145	-10.157719
562	18546	0	0	0	4	0	-12.393187	-9.720539	0	0	567.000000	-9.984145	-10.157719
563	18579	0	0	0	4	0	-12.504159	-9.903081	0	0	559.000000	-9.984145	-10.157719
564	18612	0	0	0	4	0	-12.433034	-9.929141	0	0	563.000000	-9.984145	-10.157719
565	18645	0	0	0	4	0	-12.142436	-9.853842	0	0	573.000000	-9.984145	-10.157719
566	18678	0	0	0	4	0	-12.193766	-9.662547	0	0	556.000000	-9.984145	-10.157719
567	18711	0	0	0	4	0	-12.470023	-9.624841	0	0	545.000000	-9.984145	-10.157719
568	18744	0	0	0	4	0	-12.683224	-9.561013	0	0	516.000000	-9.984145	-10.157719
569	18777	0	0	0	4	0	-12.563876	-9.708941	0	0	518.000000	-9.984145	-10.157719
570	18810	0	0	0	4	0	-12.316302	-9.674146	0	0	533.000000	-9.984145	-10.157719
571	18843	0	0	0	4	0	-12.467178	-9.351954	0	0	510.000000	-9.984145	-10.157719
572	18876	0	0	0	4	0	-12.546816	-9.407146	0	0	501.000000	-9.984145	-10.157719
573	18909	0	0	0	4	0	-12.677544	-9.325803	0	0	489.000000	-9.984145	-10.157719
574	18942	0	0	0	4	0	-12.595144	-9.349048	0	0	494.000000	-9.984145	-10.157719
575	18975	0	0	0	4	0	-12.233673	-9.299650	0	0	512.000000	-9.984145	-10.157719
576	19008	0	0	0	4	0	-12.142436	-9.043715	0	0	511.000000	-9.984145	-10.157719
577	19041	0	0	0	4	0	-12.396032	-8.764101	0	0	490.000000	-9.984145	-10.157719
578	19074	0	0	0	4	0	-12.711622	-8.615384	0	0	470.000000	-9.984145	-10.157719
579	19107	0	0	0	4	0	-12.498470	-8.825302	0	0	487.000000	-9.984145	-10.157719
580	19140	0	0	0	4	0	-12.270720	-8.761186	0	0	498.000000	-9.753868	-9.923438
581	19173	0	0	0	4	0	-12.105353	-8.428592	0	0	489.000000	-8.668278	-8.818974
582	19206	0	0	0	4	0	-12.935758	-9.104825	0	0	490.000000	-7.582687	-7.714511
583	19239	0	0	0	4	0	-12.972602	-8.694130	0	0	465.000000	-6.497096	-6.610047
584	19272	0	0	0	4	0	-12.930088	-8.697046	0	0	460.000000	-5.411505	-5.505584
585	19305	0	0	0	4	0	-12.597986	-8.781589	0	0	478.000000	-4.325915	-4.401120
586	19338	0	0	0	4	0	-12.390339	-8.539521	0	0	480.000000	-3.240324	-3.296657
587	19371	0	0	0	4	0	-7.154397	-2.281672	0	0	472.000000	-2.154733	-2.192193
588	19404	0	0	0	4	0	-5.595340	0.713176	0	0	406.000000	-1.069142	-1.087729
589	19437	0	0	0	4	0	-5.332159	0.725111	0	0	397.000000	0.016448	0.016734
590	19470	0	0	0	4	0	-4.979913	0.907107	0	0	392.000000	1.102039	1.121198
591	19503	0	0	0	4	0	-3.097517	0.170097	0	0	475.000000	2.187630	2.225662
592	19536	0	0	0	4	0	1.291920	4.069499	0	0	497.000000	3.273221	3.330125
593	19569	0	0	0	4	0	1.849533	4.932523	0	0	451.000000	4.358811	4.434589
594	19602	0	0	0	4	0	1.941941	5.426812	0	0	394.000000	5.444402	5.539052
595	19635	0	0	0	4	0	2.180365	5.332159	0	0	377.000000	6.529993	6.643516
596	19668	0	0	0	4	0	2.868359	5.142765	0	0	455.000000	7.615583	7.747980
597	19701	0	0	0	4	0	6.415840	7.227832	0	0	505.000000	8.701175	8.852444
598	19734	0	0	0	4	0	6.710356	8.101273	0	0	475.000000	9.786765	9.956907
599	19767	0	0	0	4	0	6.945714	8.650386	0	0	432.000000	9.984145	10.157719
600	19800	0	0	0	4	0	7.189649	9.189178	0	0	376.000000	9.984145	10.157719
601	19833	0	0	0	4	0	9.072819	8.609549	0	0	476.000000	9.984145	10.157719
602	19866	0	0	0	4	0	8.801991	8.352655	0	0	557.000000	9.984145	10.157719
603	19899	0	0	0	4	0	9.955198	12.347631	0	0	546.000000	9.984145	10.157719
604	19932	0	0	0	4	0	10.501414	12.759889	0	0	508.000000	9.984145	10.157719
605	19965	0	0	0	4	0	10.746446	13.165150	0	0	447.000000	9.984145	10.157719
606	19998	0	0	0	4	0	10.677300	12.669022	0	0	503.000000	9.984145	10.157719
607	20031	0	0	0	4	0	9.595832	11.671014	0	0	573.000000	9.984145	10.157719
608	20064	0	0	0	4	0	9.821975	11.999755	0	0	536.000000	9.984145	10.157719
609	20097	0	0	0	4	0	9.932036	12.168103	0	0	515.000000	9.984145	10.157719
610	20130	0	0	0	4	0	10.125911	12.509849	0	0	474.000000	9.984145	10.157719
611	20163	0	0	0	4	0	10.146153	12.276419	0	0	492.000000	9.984145	10.157719
612	20196	0	0	0	4	0	9.717639	11.559350	0	0	604.000000	9.984145	10.157719
613	20229	0	0	0	4	0	9.688645	11.959776	0	0	587.000000	9.984145	10.157719
614	20262	0	0	0	4	0	9.853842	12.250773	0	0	559.000000	9.984145	10.157719
615	20295	0	0	0	4	0	10.137479	12.609355	0	0	512.000000	9.984145	10.157719
616	20328	0	0	0	4	0	10.273331	12.623564	0	0	520.000000	9.984145	10.157719
617	20361	0	0	0	4	0	9.717639	11.745407	0	0	668.000000	9.984145	10.157719
618	20394	0	0	0	4	0	9.703142	12.091088	0	0	647.000000	9.984145	10.157719
619	20427	0	0	0	4	0	9.790101	12.458644	0	0	616.000000	9.984145	10.157719
620	20460	0	0	0	4	0	9.917559	12.765566	0	0	581.000000	9.984145	10.157719
621	20493	0	0	0	4	0	10.198193	12.785434	0	0	563.000000	9.984145	10.157719
622	20526	0	0	0	4	0	9.677046	11.856920	0	0	687.000000	9.984145	10.157719
623	20559	0	0	0	4	0	9.581325	12.128175	0	0	678.000000	9.984145	10.157719
624	20592	0	0	0	4	0	9.592930	12.444416	0	0	644.000000	9.984145	10.157719
625	20625	0	0	0	4	0	9.700243	12.830834	0	0	590.000000	9.984145	10.157719
626	20658	0	0	0	4	0	9.992828	12.918750	0	0	558.000000	9.984145	10.157719
627	20691	0	0	0	4	0	9.679947	12.082529	0	0	655.000000	9.984145	10.157719
628	20724	0	0	0	4	0	9.473935	12.056846	0	0	684.000000	9.984145	10.157719
629	20757	0	0	0	4	0	9.459418	12.319150	0	0	631.000000	-9.984145	-10.157719
630	20790	0	0	0	4	0	9.650946	12.552503	0	0	577.000000	-9.984145	-10.157719
631	20823	0	0	0	4	0	9.877015	12.802461	0	0	531.000000	-9.984145	-10.157719
632	20856	0	0	0	4	0	9.505869	11.934070	0	0	627.000000	-9.984145	-10.157719
633	20889	0	0	0	4	0	9.244423	11.885500	0	0	655.000000	-9.984145	-10.157719
634	20922	0	0	0	4	0	9.273491	12.042576	0	0	615.000000	-9.984145	-10.157719
635	20955	0	0	0	4	0	0.719144	7.665000	0	0	558.000000	-9.984145	-10.157719
636	20988	0	0	0	4	0	-8.941821	6.286144	0	0	611.000000	-9.984145	-10.157719
637	21021	0	0	0	4	0	-10.293554	2.120765	0	0	644.000000	-9.984145	-10.157719
638	21054	0	0	0	4	0	-11.713938	-4.354433	0	0	593.000000	-9.984145	-10.157719
639	21087	0	0	0	4	0	-12.495627	-6.648537	0	0	510.000000	-9.984145	-10.157719
640	21120	0	0	0	4	0	-12.711622	-7.931559	0	0	497.000000	-9.984145	-10.157719
641	21153	0	0	0	4	0	-12.717302	-8.072021	0	0	494.000000	-9.984145	-10.157719
642	21186	0	0	0	4	0	-12.296362	-8.194847	0	0	533.000000	-9.984145	-10.157719
643	21219	0	0	0	4	0	-12.222273	-7.902283	0	0	528.000000	-9.984145	-10.157719
644	21252	0	0	0	4	0	-13.546512	-9.154279	0	0	522.000000	-9.984145	-10.157719
645	21285	0	0	0	4	0	-13.619821	-9.046627	0	0	516.000000	-9.984145	-10.157719
646	21318	0	0	0	4	0	-13.594449	-9.226979	0	0	524.000000	-9.984145	-10.157719
647	21351	0	0	0	4	0	-13.218895	-9.221165	0	0	538.000000	-9.984145	-10.157719
648	21384	0	0	0	4	0	-13.323490	-9.064088	0	0	526.000000	-9.984145	-10.157719
649	21417	0	0	0	4	0	-13.656458	-9.005876	0	0	498.000000	-9.984145	-10.157719
650	21450	0	0	0	4	0	-13.963197	-9.032075	0	0	472.000000	-9.984145	-10.157719
651	21483	0	0	0	4	0	-13.853539	-9.096098	0	0	478.000000	-9.984145	-10.157719
652	21516	0	0	0	4	0	-13.453401	-9.014609	0	0	499.000000	-9.984145	-10.157719
653	21549	0	0	0	4	0	-13.193439	-9.069908	0	0	506.000000	-9.984145	-10.157719
654	21582	0	0	0	4	0	-13.631094	-8.927261	0	0	480.000000	-9.984145	-10.157719
655	21615	0	0	0	4	0	-13.887291	-8.860267	0	0	464.000000	-9.984145	-10.157719
656	21648	0	0	0	4	0	-13.881665	-9.058268	0	0	468.000000	-9.984145	-10.157719
657	21681	0	0	0	4	0	-13.495733	-9.131006	0	0	481.000000	-9.984145	-10.157719
658	21714	0	0	0	4	0	-13.396935	-8.903962	0	0	481.000000	-9.984145	-10.157719
659	21747	0	0	0	4	0	-13.673362	-8.909788	0	0	471.000000	9.984145	10.157719
660	21780	0	0	0	4	0	-14.008154	-8.834045	0	0	446.000000	9.984145	10.157719
661	21813	0	0	0	4	0	-13.988486	-9.020432	0	0	458.000000	9.984145	10.157719
662	21846	0	0	0	4	0	-13.402583	-9.247329	0	0	486.000000	9.984145	10.157719
663	21879	0	0	0	4	0	-13.281098	-9.066998	0	0	489.000000	9.984145	10.157719
664	21912	0	0	0	4	0	-13.662093	-8.828218	0	0	459.000000	9.984145	10.157719
665	21945	0	0	0	4	0	-11.232438	-6.094429	0	0	459.000000	9.984145	10.157719
666	21978	0	0	0	4	0	3.049906	6.677977	0	0	494.000000	9.984145	10.157719
667	22011	0	0	0	4	0	7.738265	8.600797	0	0	493.000000	9.984145	10.157719
668	22044	0	0	0	4	0	7.878860	7.870075	0	0	595.000000	9.984145	10.157719
669	22077	0	0	0	4	0	7.902283	8.221158	0	0	594.000000	9.984145	10.157719
670	22110	0	0	0	4	0	8.013508	8.583291	0	0	543.000000	9.984145	10.157719
671	22143	0	0	0	4	0	9.439093	12.333391	0	0	536.000000	9.984145	10.157719
672	22176	0	0	0	4	0	9.911767	12.492783	0	0	492.000000	9.984145	10.157719
673	22209	0	0	0	4	0	9.616138	11.668151	0	0	575.000000	9.984145	10.157719
674	22242	0	0	0	4	0	9.471033	11.573670	0	0	591.000000	9.984145	10.157719
675	22275	0	0	0	4	0	9.479742	11.885500	0	0	545.000000	9.984145	10.157719
676	22308	0	0	0	4	0	9.636444	12.245073	0	0	485.000000	9.984145	10.157719
677	22341	0	0	0	4	0	10.027556	12.441570	0	0	442.000000	9.984145	10.157719
678	22374	0	0	0	4	0	9.708941	11.553620	0	0	527.000000	9.984145	10.157719
679	22407	0	0	0	4	0	9.497161	11.355835	0	0	574.000000	9.984145	10.157719
680	22440	0	0	0	4	0	9.540698	11.587990	0	0	551.000000	9.984145	10.157719
681	22473	0	0	0	4	0	9.653847	11.916930	0	0	511.000000	9.984145	10.157719
682	22506	0	0	0	4	0	9.882808	12.256474	0	0	473.000000	9.984145	10.157719
683	22539	0	0	0	4	0	9.981250	11.539298	0	0	544.000000	9.984145	10.157719
684	22572	0	0	0	4	0	9.520383	11.272626	0	0	599.000000	9.984145	10.157719
685	22605	0	0	0	4	0	9.845152	11.582263	0	0	581.000000	9.984145	10.157719
686	22638	0	0	0	4	0	9.995723	11.996900	0	0	539.000000	9.984145	10.157719
687	22671	0	0	0	4	0	10.241546	12.250773	0	0	496.000000	9.984145	10.157719
688	22704	0	0	0	4	0	10.244436	11.711077	0	0	554.000000	9.984145	10.157719
689	22737	0	0	0	4	0	9.813284	11.192239	0	0	620.000000	9.984145	10.157719
690	22770	0	0	0	4	0	9.839358	11.507782	0	0	578.000000	8.486524	10.157719
691	22803	0	0	0	4	0	9.648046	11.905501	0	0	546.000000	6.839139	10.157719
692	22836	0	0	0	4	0	9.943618	12.313454	0	0	490.000000	5.191755	10.157719
693	22869	0	0	0	4	0	9.920454	12.076822	0	0	516.000000	3.544372	10.157719
694	22902	0	0	0	4	0	9.473935	11.249662	0	0	606.000000	1.896988	10.157719
695	22935	0	0	0	4	0	9.473935	11.453329	0	0	576.000000	0.249604	10.157719
696	22968	0	0	0	4	0	9.392624	11.742547	0	0	536.000000	-1.397780	10.157719
697	23001	0	0	0	4	0	5.175325	11.854063	0	0	517.000000	-3.045164	10.157719
698	23034	0	0	0	4	0	-4.947334	12.036866	0	0	563.000000	-4.692548	10.157719
699	23067	0	0	0	4	0	-5.098359	11.774009	0	0	607.000000	-6.339932	10.157719
700	23100	0	0	0	4	0	-6.038363	12.296362	0	0	585.000000	-7.987316	10.157719
701	23133	0	0	0	4	0	-6.889837	12.697425	0	0	578.000000	-9.634700	10.157719
702	23166	0	0	0	4	0	-7.708962	12.856363	0	0	575.000000	-9.984145	10.157719
703	23199	0	0	0	4	0	-8.112973	12.754211	0	0	586.000000	-9.984145	10.157719
704	23232	0	0	0	4	0	-7.934485	12.455797	0	0	646.000000	-9.984145	10.157719
705	23265	0	0	0	4	0	-13.102888	11.556485	0	0	663.000000	-9.984145	10.157719
706	23298	0	0	0	4	0	-13.365869	11.596581	0	0	678.000000	-9.984145	10.157719
707	23331	0	0	0	4	0	-13.151002	11.464794	0	0	672.000000	-9.984145	10.157719
708	23364	0	0	0	4	0	-13.128362	11.433263	0	0	688.000000	-9.984145	10.157719
709	23397	0	0	0	4	0	-11.261145	11.753988	0	0	720.000000	-9.984145	10.157719
710	23430	0	0	0	4	0	-11.097442	11.785448	0	0	708.000000	-9.984145	10.157719
711	23463	0	0	0	4	0	-11.241050	11.954064	0	0	691.000000	-9.984145	10.157719
712	23496	0	0	0	4	0	-11.401724	11.931213	0	0	687.000000	-9.984145	10.157719
713	23529	0	0	0	4	0	-11.424662	11.902643	0	0	687.000000	-9.984145	10.157719
714	23562	0	0	0	4	0	-11.068703	11.659566	0	0	719.000000	-9.984145	10.157719
715	23595	0	0	0	4	0	-11.103189	11.822618	0	0	725.000000	-9.984145	10.157719
716	23628	0	0	0	4	0	-11.344361	12.068261	0	0	703.000000	-9.984145	10.157719
717	23661	0	0	0	4	0	-11.375913	12.031157	0	0	697.000000	-9.984145	10.157719
718	23694	0	0	0	4	0	-11.464795	12.036866	0	0	709.000000	-9.984145	10.157719
719	23727	0	0	0	4	0	-11.103189	11.779729	0	0	747.000000	-9.984145	10.157719
720	23760	0	0	0	4	0	-11.077326	11.836911	0	0	755.000000	-9.984145	10.157719
721	23793	0	0	0	4	0	-11.272626	12.051137	0	0	736.000000	-9.984145	10.157719
722	23826	0	0	0	4	0	-11.393121	12.085382	0	0	733.000000	-9.984145	10.157719
723	23859	0	0	0	4	0	-11.378782	11.968344	0	0	755.000000	-9.984145	10.157719
724	23892	0	0	0	4	0	-11.172136	11.888357	0	0	784.000000	-9.984145	10.157719
725	23925	0	0	0	4	0	-11.008333	11.885500	0	0	790.000000	-9.984145	10.157719
726	23958	0	0	0	4	0	-11.281236	12.165253	0	0	778.000000	-9.984145	10.157719
727	23991	0	0	0	4	0	-11.344361	12.190914	0	0	770.000000	-9.984145	10.157719
728	24024	0	0	0	4	0	-11.476259	12.148141	0	0	787.000000	-9.984145	10.157719
729	24057	0	0	0	4	0	-11.642389	11.851205	0	0	801.000000	-9.984145	10.157719
730	24090	0	0	0	4	0	-11.200855	11.785448	0	0	829.000000	-9.984145	10.157719
731	24123	0	0	0	4	0	-11.513513	12.039721	0	0	804.000000	-9.984145	10.157719
732	24156	0	0	0	4	0	-11.507783	12.022593	0	0	777.000000	-9.419670	9.583430
733	24189	0	0	0	4	0	-11.650979	11.959776	0	0	767.000000	-8.255442	8.398962
734	24222	0	0	0	4	0	-11.476259	11.791167	0	0	775.000000	-7.091213	7.214493
735	24255	0	0	0	4	0	-11.186497	11.662428	0	0	801.000000	-5.926984	6.030024
736	24288	0	0	0	4	0	-11.430396	11.931213	0	0	757.000000	-4.762755	4.845555
737	24321	0	0	0	4	0	-11.550757	12.059700	0	0	732.000000	-3.598526	3.661086
738	24354	0	0	0	4	0	-8.685382	9.200810	0	0	655.000000	-2.434297	2.476617
739	24387	0	0	0	4	0	-8.232850	8.361419	0	0	607.000000	-1.270068	1.292148
740	24420	0	0	0	4	0	-7.224895	7.925704	0	0	662.000000	-0.105839	0.107679
741	24453	0	0	0	4	0	-6.892777	7.744124	0	0	629.000000	1.058390	-1.076790
742	24486	0	0	0	4	0	-3.504987	6.312678	0	0	563.000000	2.222619	-2.261259
743	24519	0	0	0	4	0	2.823707	3.290884	0	0	388.000000	3.386848	-3.445728
744	24552	0	0	0	4	0	5.465257	-0.316317	0	0	512.000000	4.551077	-4.630197
745	24585	0	0	0	4	0	-90.000000	-90.000000	0	4	0.000000	5.715306	-5.814666
746	24618	0	0	0	4	0	-90.000000	-90.000000	0	4	0.000000	6.879535	-6.999135
747	24651	0	0	0	4	0	-90.000000	-90.000000	0	4	0.000000	8.043763	-8.183603
748	24684	0	0	0	4	0	-90.000000	-90.000000	0	4	0.000000	9.207993	-9.368073
749	24717	0	0	0	4	0	4.950295	-1.420167	0	0	472.000000	9.984145	-10.157719
750	24750	0	0	0	4	0	-90.000000	-90.000000	0	4	0.000000	9.984145	-10.157719
751	24783	0	0	0	4	0	-90.000000	-90.000000	0	4	0.000000	9.984145	-10.157719
752	24816	0	0	0	4	0	-90.000000	-90.000000	0	4	0.000000	9.984145	-10.157719
753	24849	0	0	0	4	0	-90.000000	-90.000000	0	4	0.000000	9.984145	-10.157719
754	24882	0	0	0	4	0	-90.000000	-90.000000	0	4	0.000000	9.984145	-10.157719
755	24915	0	0	0	4	0	-90.000000	-90.000000	0	4	0.000000	9.984145	-10.157719
756	24948	0	0	0	4	0	-90.000000	-90.000000	0	4	0.000000	9.984145	-10.157719
757	24981	0	0	0	4	0	-90.000000	-90.000000	0	4	0.000000	9.984145	-10.157719
758	25014	0	0	0	4	0	-90.000000	-90.000000	0	4	0.000000	9.984145	-10.157719
759	25047	0	0	0	4	0	18.120146	-7.280690	0	0	200.000000	9.984145	-10.157719
760	25080	0	0	0	4	0	-90.000000	-90.000000	0	4	0.000000	9.984145	-10.157719
761	25113	0	0	0	4	0	-90.000000	-90.000000	0	4	0.000000	9.984145	-10.157719
762	25146	0	0	0	4	0	-90.000000	-90.000000	0	4	0.000000	9.984145	-10.157719
763	25179	0	0	0	4	0	-90.000000	-90.000000	0	4	0.000000	9.984145	-10.157719
764	25212	0	0	0	4	0	-90.000000	-90.000000	0	4	0.000000	9.984145	-10.157719
765	25245	0	0	0	4	0	-90.000000	-90.000000	0	4	0.000000	9.984145	-10.157719
766	25278	0	0	0	4	0	-90.000000	-90.000000	0	4	0.000000	9.984145	-10.157719
767	25311	0	0	0	4	0	-90.000000	-90.000000	0	4	0.000000	9.984145	-10.157719
768	25344	0	0	0	4	0	-90.000000	-90.000000	0	4	0.000000	9.984145	-10.157719
769	25377	0	0	0	4	0	-90.000000	-90.000000	0	4	0.000000	9.984145	-10.157719
770	25410	0	0	0	4	0	-90.000000	-90.000000	0	4	0.000000	9.984145	-10.157719
771	25443	0	0	0	4	0	-90.000000	-90.000000	0	4	0.000000	9.984145	-10.157719
772	25476	0	0	0	4	0	-90.000000	-90.000000	0	4	0.000000	9.984145	-10.157719
773	25509	0	0	0	4	0	-90.000000	-90.000000	0	4	0.000000	9.984145	-10.157719
774	25542	0	0	0	4	0	-90.000000	-90.000000	0	4	0.000000	9.984145	-10.157719
775	25575	0	0	0	4	0	-90.000000	-90.000000	0	4	0.000000	9.984145	-10.157719
776	25608	0	0	0	4	0	-90.000000	-90.000000	0	4	0.000000	9.984145	-10.157719
777	25641	0	0	0	4	0	-90.000000	-90.000000	0	4	0.000000	9.984145	-10.157719
778	25674	0	0	0	4	0	-90.000000	-90.000000	0	4	0.000000	9.984145	-10.157719
779	25707	0	0	0	4	0	17.996063	-7.535995	0	0	179.000000	9.946540	-10.119460
780	25740	0	0	0	4	0	-90.000000	-90.000000	0	4	0.000000	8.705573	-8.856918
781	25773	0	0	0	4	0	-90.000000	-90.000000	0	4	0.000000	7.464606	-7.594377
782	25806	0	0	0	4	0	-90.000000	-90.000000	0	4	0.000000	6.223639	-6.331836
783	25839	0	0	0	4	0	-90.000000	-90.000000	0	4	0.000000	4.982671	-5.069294
784	25872	0	0	0	4	0	-90.000000	-90.000000	0	4	0.000000	3.741704	-3.806753
785	25905	0	0	0	4	0	-90.000000	-90.000000	0	4	0.000000	2.500737	-2.544212
786	25938	0	0	0	4	0	-90.000000	-90.000000	0	4	0.000000	1.259770	-1.281671
787	25971	0	0	0	4	0	3.106443	2.138646	0	0	351.000000	0.018803	-0.019129
788	26004	0	0	0	4	0	-1.894248	3.243292	0	0	405.000000	-1.222165	1.243412
789	26037	0	0	0	4	0	-2.645066	4.105127	0	0	420.000000	-2.463132	2.505953
790	26070	0	0	0	4	0	-2.406797	4.757715	0	0	442.000000	-3.704099	3.768495
791	26103	0	0	0	4	0	-2.505093	5.116122	0	0	515.000000	-4.945066	5.031036
792	26136	0	0	0	4	0	-3.261140	5.973430	0	0	526.000000	-6.186033	6.293577
793	26169	0	0	0	4	0	-4.390035	6.736845	0	0	506.000000	-7.427001	7.556118
794	26202	0	0	0	4	0	-5.210841	7.327664	0	0	481.000000	-8.667968	8.818660
795	26235	0	0	0	4	0	-9.218256	8.828217	0	0	542.000000	-9.908935	10.081201
796	26268	0	0	0	4	0	-9.099006	9.151370	0	0	600.000000	-9.984145	10.157719
797	26301	0	0	0	4	0	-9.142644	9.456514	0	0	603.000000	-9.984145	10.157719
798	26334	0	0	0	4	0	-9.604535	9.891496	0	0	584.000000	-9.984145	10.157719
799	26367	0	0	0	4	0	-12.199467	12.478559	0	0	603.000000	-9.984145	10.157719
800	26400	0	0	0	4	0	-12.378952	11.622351	0	0	618.000000	-9.984145	10.157719
801	26433	0	0	0	4	0	-12.176658	11.556485	0	0	634.000000	-9.984145	10.157719
802	26466	0	0	0	4	0	-12.091088	11.510648	0	0	634.000000	-9.984145	10.157719
803	26499	0	0	0	4	0	-12.293514	11.748268	0	0	628.000000	-9.984145	10.157719
804	26532	0	0	0	4	0	-11.450464	12.085382	0	0	613.000000	-9.984145	10.157719
805	26565	0	0	0	4	0	-11.542162	12.039721	0	0	617.000000	-9.984145	10.157719
806	26598	0	0	0	4	0	-11.330017	11.851205	0	0	653.000000	-9.984145	10.157719
807	26631	0	0	0	4	0	-11.169264	11.874069	0	0	661.000000	-9.984145	10.157719
808	26664	0	0	0	4	0	-11.307063	12.065407	0	0	650.000000	-9.984145	10.157719
809	26697	0	0	0	4	0	-11.438996	12.139585	0	0	645.000000	-9.984145	10.157719
810	26730	0	0	0	4	0	-11.556484	12.190914	0	0	651.000000	-9.984145	10.157719
811	26763	0	0	0	4	0	-11.370175	12.036866	0	0	687.000000	-9.984145	10.157719
812	26796	0	0	0	4	0	-11.080199	11.925500	0	0	719.000000	-9.984145	10.157719
813	26829	0	0	0	4	0	-11.226696	12.176658	0	0	703.000000	-9.984145	10.157719
814	26862	0	0	0	4	0	-11.438996	12.290665	0	0	694.000000	-9.984145	10.157719
815	26895	0	0	0	4	0	-11.662428	12.424496	0	0	705.000000	-9.984145	10.157719
816	26928	0	0	0	4	0	-11.433262	11.639527	0	0	728.000000	-9.984145	10.157719
817	26961	0	0	0	4	0	-9.984144	1.912133	0	0	251.000000	-9.984145	10.157719
818	26994	0	0	0	4	0	-90.000000	-90.000000	0	4	0.000000	-9.984145	10.157719
819	27027	0	0	0	4	0	-90.000000	-90.000000	0	4	0.000000	-9.984145	10.157719
820	27060	0	0	0	4	0	-10.336882	-0.901141	0	0	171.000000	-9.984145	10.157719
821	27093	0	0	0	4	0	-9.813282	10.284887	0	0	746.000000	-9.984145	10.157719
822	27126	0	0	0	4	0	-9.833564	10.662891	0	0	751.000000	-9.984145	10.157719
823	27159	0	0	0	4	0	-9.821976	10.729162	0	0	743.000000	-9.984145	10.157719
824	27192	0	0	0	4	0	-9.827769	10.458133	0	0	731.000000	-9.984145	10.157719
825	27225	0	0	0	4	0	-9.813282	10.221315	0	0	719.000000	-9.984145	10.157719
826	27258	0	0	0	4	0	-9.807489	10.068063	0	0	728.000000	9.984145	-10.157719
827	27291	0	0	0	4	0	-9.764019	10.146152	0	0	740.000000	9.984145	-10.157719
828	27324	0	0	0	4	0	-10.397518	10.515840	0	0	742.000000	9.984145	-10.157719
829	27357	0	0	0	4	0	-10.608123	10.717639	0	0	736.000000	9.984145	-10.157719
830	27390	0	0	0	4	0	-10.631186	10.665773	0	0	749.000000	9.984145	-10.157719
831	27423	0	0	0	4	0	-10.628303	10.660009	0	0	756.000000	9.984145	-10.157719
832	27456	0	0	0	4	0	-10.062278	10.881763	0	0	752.000000	9.984145	-10.157719
833	27489	0	0	0	4	0	4.191215	0.217842	0	0	791.000000	9.984145	-10.157719
834	27522	0	0	0	4	0	10.475447	-6.041315	0	0	812.000000	9.984145	-10.157719
835	27555	0	0	0	4	0	10.307998	-6.925130	0	0	808.000000	9.984145	-10.157719
836	27588	0	0	0	4	0	10.149045	-6.992757	0	0	825.000000	9.984145	-10.157719
837	27621	0	0	0	4	0	10.143261	-6.825121	0	0	818.000000	9.984145	-10.157719
838	27654	0	0	0	4	0	10.316663	-6.707412	0	0	784.000000	9.984145	-10.157719
839	27687	0	0	0	4	0	8.976764	-9.410052	0	0	775.000000	9.984145	-10.157719
840	27720	0	0	0	4	0	9.116463	-9.706043	0	0	816.000000	9.984145	-10.157719
841	27753	0	0	0	4	0	9.055357	-9.824872	0	0	825.000000	9.984145	-10.157719
842	27786	0	0	0	4	0	9.145553	-9.595830	0	0	825.000000	9.984145	-10.157719
843	27819	0	0	0	4	0	9.215348	-9.444901	0	0	771.000000	9.984145	-10.157719
844	27852	0	0	0	4	0	9.235701	-9.526188	0	0	770.000000	9.984145	-10.157719
845	27885	0	0	0	4	0	9.133916	-9.784305	0	0	789.000000	9.984145	-10.157719
846	27918	0	0	0	4	0	9.136826	-9.937828	0	0	811.000000	9.984145	-10.157719
847	27951	0	0	0	4	0	9.197902	-9.737932	0	0	799.000000	9.984145	-10.157719
848	27984	0	0	0	4	0	9.349049	-9.476839	0	0	756.000000	9.984145	-10.157719
849	28017	0	0	0	4	0	9.299649	-9.561013	0	0	737.000000	9.984145	-10.157719
850	28050	0	0	0	4	0	9.250237	-9.703142	0	0	759.000000	9.984145	-10.157719
851	28083	0	0	0	4	0	9.215348	-9.824872	0	0	787.000000	9.984145	-10.157719
852	28116	0	0	0	4	0	9.209534	-9.668346	0	0	784.000000	9.984145	-10.157719
853	28149	0	0	0	4	0	10.310886	-9.711840	0	0	752.000000	9.984145	-10.157719
854	28182	0	0	0	4	0	10.024663	-9.708941	0	0	738.000000	9.984145	-10.157719
855	28215	0	0	0	4	0	9.862533	-9.888600	0	0	745.000000	9.984145	-10.157719
856	28248	0	0	0	4	0	9.798795	-9.879912	0	0	786.000000	-9.984145	10.157719
857	28281	0	0	0	4	0	9.830667	-9.755322	0	0	779.000000	-9.984145	10.157719
858	28314	0	0	0	4	0	9.934932	-9.427476	0	0	743.000000	-9.984145	10.157719
859	28347	0	0	0	4	0	9.987040	-9.520383	0	0	729.000000	-9.984145	10.157719
860	28380	0	0	0	4	0	9.891496	-9.587127	0	0	762.000000	-9.984145	10.157719
861	28413	0	0	0	4	0	9.836461	-9.665446	0	0	790.000000	-9.984145	10.157719
862	28446	0	0	0	4	0	8.799076	-8.973853	0	0	804.000000	-9.984145	10.157719
863	28479	0	0	0	4	0	-3.921015	4.140751	0	0	779.000000	-9.984145	10.157719
864	28512	0	0	0	4	0	-10.253104	11.602308	0	0	772.000000	-9.984145	10.157719
865	28545	0	0	0	4	0	-10.322440	11.579399	0	0	749.000000	-9.984145	10.157719
866	28578	0	0	0	4	0	-10.339769	11.522109	0	0	744.000000	-9.984145	10.157719
867	28611	0	0	0	4	0	-10.221315	11.370176	0	0	748.000000	-9.984145	10.157719
868	28644	0	0	0	4	0	-10.890398	11.527839	0	0	779.000000	-9.984145	10.157719
869	28677	0	0	0	4	0	-11.206598	11.693909	0	0	757.000000	-9.984145	10.157719
870	28710	0	0	0	4	0	-11.197983	11.676738	0	0	743.000000	-9.984145	10.157719
871	28743	0	0	0	4	0	-11.258275	11.665290	0	0	724.000000	-9.984145	10.157719
872	28776	0	0	0	4	0	-11.315672	11.565078	0	0	715.000000	-9.984145	10.157719
873	28809	0	0	0	4	0	-11.197983	11.536433	0	0	725.000000	-9.984145	10.157719
874	28842	0	0	0	4	0	-11.114683	11.504916	0	0	724.000000	-9.984145	10.157719
875	28875	0	0	0	4	0	-11.229568	11.622351	0	0	711.000000	-9.984145	10.157719
876	28908	0	0	0	4	0	-11.269754	11.625215	0	0	709.000000	-9.984145	10.157719
877	28941	0	0	0	4	0	-11.238180	11.496320	0	0	711.000000	-9.984145	10.157719
878	28974	0	0	0	4	0	-11.062956	11.410325	0	0	734.000000	-9.984145	10.157719
879	29007	0	0	0	4	0	-11.100316	11.527839	0	0	748.000000	-9.984145	10.157719
880	29040	0	0	0	4	0	-11.218082	11.633802	0	0	752.000000	-9.984145	10.157719
881	29073	0	0	0	4	0	-11.249663	11.682462	0	0	760.000000	-9.984145	10.157719
882	29106	0	0	0	4	0	-11.272626	11.622351	0	0	777.000000	-9.984145	10.157719
883	29139	0	0	0	4	0	-11.108935	11.582263	0	0	824.000000	-9.984145	10.157719
884	29172	0	0	0	4	0	-11.094568	11.645253	0	0	830.000000	-9.984145	10.157719
885	29205	0	0	0	4	0	-11.261145	11.859779	0	0	830.000000	-9.984145	10.157719
886	29238	0	0	0	4	0	-11.401724	11.916930	0	0	835.000000	-9.984145	-10.157719
887	29271	0	0	0	4	0	-11.370175	11.845488	0	0	871.000000	-9.984145	-10.157719
888	29304	0	0	0	4	0	-11.163521	11.731104	0	0	903.000000	-9.984145	-10.157719
889	29337	0	0	0	4	0	-11.177881	11.831195	0	0	913.000000	-9.984145	-10.157719
890	29370	0	0	0	4	0	-11.387385	12.042576	0	0	906.000000	-9.984145	-10.157719
891	29403	0	0	0	4	0	-11.407458	12.008321	0	0	907.000000	-9.984145	-10.157719
892	29436	0	0	0	4	0	-11.461928	11.968344	0	0	915.000000	-9.984145	-10.157719
893	29469	0	0	0	4	0	-12.413111	5.855331	0	0	936.000000	-9.984145	-10.157719
894	29502	0	0	0	4	0	-10.452362	-4.271349	0	0	942.000000	-9.984145	-10.157719
895	29535	0	0	0	4	0	-10.683064	-6.560196	0	0	932.000000	-9.984145	-10.157719
896	29568	0	0	0	4	0	-10.988204	-6.831006	0	0	885.000000	-9.984145	-10.157719
897	29601	0	0	0	4	0	-10.873130	-7.045670	0	0	883.000000	-9.984145	-10.157719
898	29634	0	0	0	4	0	-10.674419	-7.289497	0	0	899.000000	-9.984145	-10.157719
899	29667	0	0	0	4	0	-11.111808	-10.556220	0	0	872.000000	-9.984145	-10.157719
900	29700	0	0	0	4	0	-11.281236	-10.021769	0	0	860.000000	-9.984145	-10.157719
901	29733	0	0	0	4	0	-11.427528	-10.062278	0	0	850.000000	-9.984145	-10.157719
902	29766	0	0	0	4	0	-11.298453	-10.108559	0	0	851.000000	-9.984145	-10.157719
903	29799	0	0	0	4	0	-11.123302	-10.082527	0	0	867.000000	-9.984145	-10.157719
904	29832	0	0	0	4	0	-11.114683	-9.914662	0	0	853.000000	-9.984145	-10.157719
905	29865	0	0	0	4	0	-11.370175	-9.839358	0	0	837.000000	-9.984145	-10.157719
906	29898	0	0	0	4	0	-11.562214	-9.958093	0	0	819.000000	-9.984145	-10.157719
907	29931	0	0	0	4	0	-11.427528	-10.082527	0	0	812.000000	-9.984145	-10.157719
908	29964	0	0	0	4	0	-11.154902	-10.076741	0	0	828.000000	-9.984145	-10.157719
909	29997	0	0	0	4	0	-11.137667	-9.905975	0	0	799.000000	-9.984145	-10.157719
910	30030	0	0	0	4	0	-11.364441	-9.897288	0	0	779.000000	-9.984145	-10.157719
911	30063	0	0	0	4	0	-11.668151	-9.963881	0	0	748.000000	-9.984145	-10.157719
912	30096	0	0	0	4	0	-11.542162	-10.050704	0	0	758.000000	-9.984145	-10.157719
913	30129	0	0	0	4	0	-11.255403	-10.114343	0	0	770.000000	-9.984145	-10.157719
914	30162	0	0	0	4	0	-11.157776	-9.987039	0	0	767.000000	-9.984145	-10.157719
915	30195	0	0	0	4	0	-11.493456	-9.830667	0	0	743.000000	-9.984145	-10.157719
916	30228	0	0	0	4	0	-11.753988	-9.842255	0	0	730.000000	-9.984145	-10.157719
917	30261	0	0	0	4	0	-11.705354	-9.981251	0	0	727.000000	9.984145	-10.157719
918	30294	0	0	0	4	0	-11.441863	-9.920454	0	0	747.000000	9.984145	-10.157719
919	30327	0	0	0	4	0	-11.341492	-9.969672	0	0	763.000000	9.984145	-10.157719
920	30360	0	0	0	4	0	-11.570806	-9.778510	0	0	752.000000	9.984145	-10.157719
921	30393	0	0	0	4	0	-11.776868	-9.801693	0	0	737.000000	9.984145	-10.157719
922	30426	0	0	0	4	0	-11.565079	-9.900184	0	0	736.000000	9.984145	-10.157719
923	30459	0	0	0	4	0	-90.000000	-90.000000	0	4	0.000000	9.984145	-10.157719
924	30492	0	0	0	4	0	10.279109	-7.697240	0	0	817.000000	9.984145	-10.157719
925	30525	0	0	0	4	0	10.962320	-7.345278	0	0	772.000000	9.984145	-10.157719
926	30558	0	0	0	4	0	-90.000000	-90.000000	0	4	0.000000	9.984145	-10.157719
927	30591	0	0	0	4	0	-90.000000	-90.000000	0	4	0.000000	9.984145	-10.157719
928	30624	0	0	0	4	0	-90.000000	-90.000000	0	4	0.000000	9.984145	-10.157719
929	30657	0	0	0	4	0	9.937827	-7.703101	0	0	788.000000	9.984145	-10.157719
930	30690	0	0	0	4	0	-90.000000	-90.000000	0	4	0.000000	9.984145	-10.157719
931	30723	0	0	0	4	0	-90.000000	-90.000000	0	4	0.000000	9.984145	-10.157719
932	30756	0	0	0	4	0	-90.000000	-90.000000	0	4	0.000000	9.984145	-10.157719
933	30789	0	0	0	4	0	-90.000000	-90.000000	0	4	0.000000	9.984145	-10.157719
934	30822	0	0	0	4	0	-90.000000	-90.000000	0	4	0.000000	9.984145	-10.157719
935	30855	0	0	0	4	0	-90.000000	-90.000000	0	4	0.000000	9.984145	-10.157719
936	30888	0	0	0	4	0	-90.000000	-90.000000	0	4	0.000000	9.984145	-10.157719
937	30921	0	0	0	4	0	-90.000000	-90.000000	0	4	0.000000	9.984145	-10.157719
938	30954	0	0	0	4	0	-90.000000	-90.000000	0	4	0.000000	9.984145	-10.157719
939	30987	0	0	0	4	0	-90.000000	-90.000000	0	4	0.000000	9.984145	-10.157719
940	31020	0	0	0	4	0	-90.000000	-90.000000	0	4	0.000000	9.984145	-10.157719
941	31053	0	0	0	4	0	-90.000000	-90.000000	0	4	0.000000	9.984145	-10.157719
942	31086	0	0	0	4	0	-90.000000	-90.000000	0	4	0.000000	9.984145	-10.157719
943	31119	0	0	0	4	0	-90.000000	-90.000000	0	4	0.000000	9.984145	-10.157719
944	31152	0	0	0	4	0	-90.000000	-90.000000	0	4	0.000000	9.984145	-10.157719
945	31185	0	0	0	4	0	-90.000000	-90.000000	0	4	0.000000	9.984145	-10.157719
946	31218	0	0	0	4	0	-90.000000	-90.000000	0	4	0.000000	9.984145	-10.157719
947	31251	0	0	0	4	0	-90.000000	-90.000000	0	4	0.000000	9.984145	10.157719
948	31284	0	0	0	4	0	-90.000000	-90.000000	0	4	0.000000	9.984145	10.157719
949	31317	0	0	0	4	0	-90.000000	-90.000000	0	4	0.000000	9.984145	10.157719
950	31350	0	0	0	4	0	-90.000000	-90.000000	0	4	0.000000	9.984145	10.157719
951	31383	0	0	0	4	0	-90.000000	-90.000000	0	4	0.000000	9.984145	10.157719
952	31416	0	0	0	4	0	-90.000000	-90.000000	0	4	0.000000	9.984145	10.157719
953	31449	0	0	0	4	0	-90.000000	-90.000000	0	4	0.000000	9.984145	10.157719
954	31482	0	0	0	4	0	8.801991	9.526187	0	0	784.000000	9.984145	10.157719
955	31515	0	0	0	4	0	8.402309	10.835711	0	0	825.000000	9.984145	10.157719
956	31548	0	0	0	4	0	8.288378	11.733965	0	0	798.000000	9.984145	10.157719
957	31581	0	0	0	4	0	8.367260	12.125323	0	0	759.000000	9.984145	10.157719
958	31614	0	0	0	4	0	9.653847	12.344783	0	0	714.000000	9.984145	10.157719
959	31647	0	0	0	4	0	9.984144	12.438725	0	0	675.000000	9.984145	10.157719
960	31680	0	0	0	4	0	9.598732	11.811182	0	0	772.000000	9.984145	10.157719
961	31713	0	0	0	4	0	9.343237	11.791167	0	0	789.000000	9.984145	10.157719
962	31746	0	0	0	4	0	9.482645	11.959776	0	0	739.000000	9.984145	10.157719
963	31779	0	0	0	4	0	9.671247	12.108207	0	0	694.000000	9.984145	10.157719
964	31812	0	0	0	4	0	10.128803	12.011174	0	0	647.000000	9.984145	10.157719
965	31845	0	0	0	4	0	9.717639	11.281236	0	0	748.000000	9.984145	10.157719
966	31878	0	0	0	4	0	9.485549	11.307063	0	0	768.000000	9.984145	10.157719
967	31911	0	0	0	4	0	9.508773	11.587990	0	0	735.000000	9.984145	10.157719
968	31944	0	0	0	4	0	9.761121	11.802605	0	0	675.000000	9.984145	10.157719
969	31977	0	0	0	4	0	10.062277	12.068261	0	0	628.000000	9.984145	10.157719
970	32010	0	0	0	4	0	9.966778	11.318541	0	0	712.000000	9.984145	10.157719
971	32043	0	0	0	4	0	9.407147	11.180753	0	0	779.000000	9.984145	10.157719
972	32076	0	0	0	4	0	9.601634	11.338623	0	0	751.000000	9.984145	10.157719
973	32109	0	0	0	4	0	9.714740	11.613762	0	0	713.000000	9.984145	10.157719
974	32142	0	0	0	4	0	10.094097	11.711077	0	0	669.000000	9.984145	10.157719
975	32175	0	0	0	4	0	10.056491	11.077326	0	0	739.000000	9.984145	10.157719
976	32208	0	0	0	4	0	9.511675	10.970948	0	0	813.000000	9.984145	10.157719
977	32241	0	0	0	4	0	9.569718	11.258274	0	0	773.000000	-9.984145	10.157719
978	32274	0	0	0	4	0	9.619040	11.579399	0	0	728.000000	-9.984145	10.157719
979	32307	0	0	0	4	0	9.943618	11.562214	0	0	698.000000	-9.984145	10.157719
980	32340	0	0	0	4	0	10.001511	11.324279	0	0	715.000000	-9.984145	10.157719
981	32373	0	0	0	4	0	9.404243	11.025584	0	0	813.000000	-9.984145	10.157719
982	32406	0	0	0	4	0	9.462322	11.229568	0	0	779.000000	-9.984145	10.157719
983	32439	0	0	0	4	0	0.346158	11.123302	0	0	751.000000	-9.984145	10.157719
984	32472	0	0	0	4	0	-11.375913	12.563875	0	0	794.000000	-9.984145	10.157719
985	32505	0	0	0	4	0	-11.094568	12.322000	0	0	808.000000	-9.984145	10.157719
986	32538	0	0	0	4	0	-10.760848	12.128175	0	0	804.000000	-9.984145	10.157719
987	32571	0	0	0	4	0	-10.996830	12.276419	0	0	757.000000	-9.984145	10.157719
988	32604	0	0	0	4	0	-11.261145	12.373258	0	0	729.000000	-9.984145	10.157719
989	32637	0	0	0	4	0	-11.705354	11.959776	0	0	743.000000	-9.984145	10.157719
990	32670	0	0	0	4	0	-11.859780	11.814041	0	0	745.000000	-9.984145	10.157719
991	32703	0	0	0	4	0	-11.587991	11.662428	0	0	767.000000	-9.984145	10.157719
992	32736	0	0	0	4	0	-11.785447	11.854063	0	0	741.000000	-9.984145	10.157719
993	32769	0	0	0	4	0	-12.150993	11.996900	0	0	716.000000	-9.984145	10.157719
994	32802	0	0	0	4	0	-12.467178	11.879784	0	0	731.000000	-9.984145	10.157719
995	32835	0	0	0	4	0	-11.559350	11.902643	0	0	701.000000	-9.984145	10.157719
996	32868	0	0	0	4	0	-11.264016	11.134794	0	0	719.000000	-9.984145	10.157719
997	32901	0	0	0	4	0	-11.513513	11.091696	0	0	703.000000	-9.984145	10.157719
998	32934	0	0	0	4	0	-11.327147	11.304193	0	0	690.000000	-9.984145	10.157719
999	32967	0	0	0	4	0	-11.249663	11.269755	0	0	679.000000	-9.984145	10.157719
1000	33000	0	0	0	4	0	-11.255403	11.286976	0	0	686.000000	-9.984145	10.157719
1001	33033	0	0	0	4	0	-10.996830	11.186497	0	0	700.000000	-9.984145	10.157719
1002	33066	0	0	0	4	0	-10.996830	11.341493	0	0	706.000000	-9.984145	10.157719
1003	33099	0	0	0	4	0	-11.163521	11.516377	0	0	694.000000	-9.984145	10.157719
1004	33132	0	0	0	4	0	-11.272626	11.579399	0	0	692.000000	-9.984145	10.157719
1005	33165	0	0	0	4	0	-11.255403	11.565078	0	0	695.000000	-9.984145	10.157719
1006	33198	0	0	0	4	0	-11.034209	11.444730	0	0	738.000000	-9.984145	10.157719
1007	33231	0	0	0	4	0	-11.387385	11.556485	0	0	750.000000	-9.984145	10.157719
1008	33264	0	0	0	4	0	-11.888357	11.862638	0	0	744.000000	0.000000	0.000000
1009	33297	0	0	0	4	0	-90.000000	-90.000000	0	4	0.000000	0.000000	0.000000
1010	33330	0	0	0	4	0	-90.000000	-90.000000	0	4	0.000000	0.000000	0.000000
1011	33363	0	0	0	4	0	-90.000000	-90.000000	0	4	0.000000	0.000000	0.000000
1012	33396	0	0	0	4	0	-11.129048	10.850104	0	0	830.000000	0.000000	0.000000
1013	33429	0	0	0	4	0	-10.959443	10.890397	0	0	828.000000	0.000000	0.000000
1014	33462	0	0	0	4	0	-10.979577	11.022709	0	0	832.000000	0.000000	0.000000
1015	33495	0	0	0	4	0	-10.959443	10.999706	0	0	836.000000	0.000000	0.000000
1016	33528	0	0	0	4	0	-10.841470	10.778128	0	0	847.000000	0.000000	0.000000
1017	33561	0	0	0	4	0	-10.775249	10.657127	0	0	860.000000	0.000000	0.000000
1018	33594	0	0	0	4	0	-10.844347	10.573524	0	0	855.000000	0.000000	0.000000
1019	33627	0	0	0	4	0	-1.384379	1.575237	0	0	916.000000	0.000000	0.000000
1020	33660	0	0	0	4	0	-0.417774	-0.686323	0	0	960.000000	0.000000	0.000000
1021	33693	0	0	0	4	0	-0.489390	-0.495358	0	0	961.000000	0.000000	0.000000
1022	33726	0	0	0	4	0	-0.423743	-0.459550	0	0	925.000000	0.000000	0.000000
1023	33759	0	0	0	4	0	-0.519230	-0.358094	0	0	892.000000	0.000000	0.000000
1024	33792	0	0	0	4	0	-0.396886	-0.572939	0	0	879.000000	0.000000	0.000000
1025	33825	0	0	0	4	0	-0.080573	-0.549068	0	0	895.000000	0.000000	0.000000
1026	33858	0	0	0	4	0	-0.101462	-0.534148	0	0	881.000000	0.000000	0.000000
1027	33891	0	0	0	4	0	-0.143239	-0.375998	0	0	857.000000	0.000000	0.000000
1028	33924	0	0	0	4	0	-0.211873	-0.188001	0	0	812.000000	0.000000	0.000000
1029	33957	0	0	0	4	0	-0.202921	-0.373014	0	0	796.000000	0.000000	0.000000
1030	33990	0	0	0	4	0	-0.098477	-0.677372	0	0	809.000000	0.000000	0.000000
1031	34023	0	0	0	4	0	-0.107429	-0.737046	0	0	802.000000	0.000000	0.000000
1032	34056	0	0	0	4	0	-0.035810	-0.540116	0	0	765.000000	0.000000	0.000000
1033	34089	0	0	0	4	0	-0.202921	-0.304381	0	0	720.000000	0.000000	0.000000
1034	34122	0	0	0	4	0	-0.208890	-0.313333	0	0	700.000000	0.000000	0.000000
1035	34155	0	0	0	4	0	-0.077587	-0.757931	0	0	718.000000	0.000000	0.000000
1036	34188	0	0	0	4	0	0.008952	-0.913074	0	0	727.000000	0.000000	0.000000
1037	34221	0	0	0	4	0	0.077588	-0.713176	0	0	709.000000	0.000000	0.000000
1038	34254	0	0	0	4	0	-0.074604	-0.349142	0	0	670.000000	0.000000	0.000000
1039	34287	0	0	0	4	0	-0.202921	-0.247683	0	0	649.000000	0.000000	0.000000
1040	34320	0	0	0	4	0	-0.041779	-0.659469	0	0	661.000000	0.000000	0.000000
1041	34353	0	0	0	4	0	0.050731	-0.936941	0	0	681.000000	0.000000	0.000000
1042	34386	0	0	0	4	0	0.086540	-0.701241	0	0	657.000000	0.000000	0.000000
1043	34419	0	0	0	4	0	-0.044762	-0.328253	0	0	638.000000	0.000000	0.000000
1044	34452	0	0	0	4	0	-0.146224	-0.235747	0	0	616.000000	0.000000	0.000000
1045	34485	0	0	0	4	0	-0.086541	-0.561003	0	0	623.000000	0.000000	0.000000
1046	34518	0	0	0	4	0	0.023873	-0.847438	0	0	644.000000	0.000000	0.000000
1047	34551	0	0	0	4	0	0.143239	-0.775833	0	0	642.000000	0.000000	0.000000
1048	34584	0	0	0	4	0	0.047747	-0.337205	0	0	607.000000	0.000000	0.000000
1049	34617	0	0	0	4	0	-0.128318	-0.134287	0	0	591.000000	0.000000	0.000000
1050	34650	0	0	0	4	0	-0.140255	-0.271556	0	0	587.000000	0.000000	0.000000
1051	34683	0	0	0	4	0	0.065652	-0.751964	0	0	622.000000	0.000000	0.000000
1052	34716	0	0	0	4	0	0.119366	-0.650518	0	0	625.000000	0.000000	0.000000
1053	34749	0	0	0	4	0	0.032826	-0.119366	0	0	594.000000	0.000000	0.000000
1054	34782	0	0	0	4	0	-0.188001	0.083556	0	0	570.000000	0.000000	0.000000
1055	34815	0	0	0	4	0	0.355110	0.000000	0	0	572.000000	0.000000	0.000000
1056	34848	0	0	0	4	0	0.307365	-0.534148	0	0	613.000000	0.000000	0.000000
1057	34881	0	0	0	4	0	0.450598	-0.563987	0	0	643.000000	0.000000	0.000000
1058	34914	0	0	0	4	0	0.370030	-0.041778	0	0	621.000000	0.000000	0.000000
1059	34947	0	0	0	4	0	0.080573	0.378983	0	0	587.000000	0.000000	0.000000
1060	34980	0	0	0	4	0	0.065652	0.188001	0	0	587.000000	0.000000	0.000000
1061	35013	0	0	0	4	0	0.241715	-0.179049	0	0	625.000000	0.000000	0.000000
1062	35046	0	0	0	4	0	0.331238	-0.304381	0	0	664.000000	0.000000	0.000000
1063	35079	0	0	0	4	0	0.298413	0.080573	0	0	658.000000	0.000000	0.000000
1064	35112	0	0	0	4	0	0.104445	0.444630	0	0	627.000000	0.000000	0.000000
1065	35145	0	0	0	4	0	0.041778	0.393903	0	0	636.000000	0.000000	0.000000
1066	35178	0	0	0	4	0	0.146223	0.002984	0	0	681.000000	0.000000	0.000000
1067	35211	0	0	0	4	0	0.307365	-0.304381	0	0	723.000000	0.000000	0.000000
