RowNumber	TimeStamp	X_Position_Degree_Right_Eye	Y_Position_Degree_Right_Eye	Distance_From_RightEye	Validity_Right_Eye	Pupil_Diameter_RightEye	X_Position_Degree_Left_Eye	Y_Position_Degree_Left_Eye	Distance_From_LeftEye	Validity_Left_Eye	Pupil_Diameter_LeftEye	Target X	Target Y
0	0	0	0	0	4	0	-0.134287	0.110414	0	0	1017.000000	0.000000	0.000000
1	50	0	0	0	4	0	-0.167111	0.137271	0	0	1029.000000	0.000000	0.000000
2	100	0	0	0	4	0	-0.238731	-0.029842	0	0	1027.000000	0.000000	0.000000
3	150	0	0	0	4	0	-0.113397	-0.029842	0	0	1014.000000	0.000000	0.000000
4	200	0	0	0	4	0	-0.083556	-0.047747	0	0	1023.000000	0.000000	0.000000
5	250	0	0	0	4	0	-0.164128	-0.095493	0	0	1041.000000	0.000000	0.000000
6	300	0	0	0	4	0	0.134287	-0.020889	0	0	1046.000000	0.000000	0.000000
7	350	0	0	0	4	0	0.202921	0.047747	0	0	1039.000000	0.000000	0.000000
8	400	0	0	0	4	0	0.086540	0.050731	0	0	1035.000000	0.000000	0.000000
9	450	0	0	0	4	0	0.026857	0.050731	0	0	1052.000000	0.000000	0.000000
10	500	0	0	0	4	0	0.047747	0.053714	0	0	1064.000000	0.000000	0.000000
11	550	0	0	0	4	0	0.041778	-0.065652	0	0	1049.000000	0.000000	0.000000
12	600	0	0	0	4	0	-0.005969	0.101461	0	0	1054.000000	0.000000	0.000000
13	650	0	0	0	4	0	-0.032825	0.053714	0	0	1085.000000	0.000000	0.000000
14	700	0	0	0	4	0	0.011936	0.173080	0	0	1091.000000	0.000000	0.000000
15	750	0	0	0	4	0	-0.110414	0.113397	0	0	1092.000000	0.000000	0.000000
16	800	0	0	0	4	0	-0.199938	0.202921	0	0	1098.000000	0.000000	0.000000
17	850	0	0	0	4	0	-0.310350	0.092509	0	0	1105.000000	0.000000	0.000000
18	900	0	0	0	4	0	-0.361077	0.083556	0	0	1105.000000	0.000000	0.000000
19	950	0	0	0	4	0	-0.373014	0.020889	0	0	1100.000000	0.000000	0.000000
20	1000	0	0	0	4	0	-0.373014	-0.113397	0	0	1107.000000	0.000000	0.000000
21	1050	0	0	0	4	0	-0.474471	-0.104445	0	0	1114.000000	-0.691970	0.704000
22	1100	0	0	0	4	0	-0.498342	-0.199938	0	0	1130.000000	-1.398063	1.422368
23	1150	0	0	0	4	0	-0.468502	-0.259620	0	0	1116.000000	-2.104155	2.140736
24	1200	0	0	0	4	0	-0.480437	-0.196954	0	0	1113.000000	-2.810247	2.859103
25	1250	0	0	0	4	0	-2.180363	2.665909	0	0	1124.000000	-3.516340	3.577471
26	1300	0	0	0	4	0	-2.790959	2.621242	0	0	1119.000000	-4.222432	4.295838
27	1350	0	0	0	4	0	-3.222469	3.406868	0	0	1066.000000	-4.928524	5.014206
28	1400	0	0	0	4	0	-4.932524	5.213800	0	0	1078.000000	-5.634616	5.732574
29	1450	0	0	0	4	0	-5.326242	5.580561	0	0	1083.000000	-6.340709	6.450942
30	1500	0	0	0	4	0	-6.945714	6.751561	0	0	1078.000000	-7.046801	7.169309
31	1550	0	0	0	4	0	-7.107387	6.919248	0	0	1032.000000	-7.752893	7.887677
32	1600	0	0	0	4	0	-7.530129	7.424519	0	0	1000.000000	-8.458985	8.606045
33	1650	0	0	0	4	0	-9.040806	8.399388	0	0	1026.000000	-9.165078	9.324412
34	1700	0	0	0	4	0	-9.180454	8.434431	0	0	1009.000000	-9.871170	10.042780
35	1750	0	0	0	4	0	-10.160610	9.572619	0	0	949.000000	-9.984145	10.157719
36	1800	0	0	0	4	0	-10.371534	9.685745	0	0	946.000000	-9.984145	10.157719
37	1850	0	0	0	4	0	-10.374421	9.415860	0	0	961.000000	-9.984145	10.157719
38	1900	0	0	0	4	0	-10.388858	9.357764	0	0	947.000000	-9.984145	10.157719
39	1950	0	0	0	4	0	-10.244436	10.279109	0	0	877.000000	-9.984145	10.157719
40	2000	0	0	0	4	0	-10.180848	10.099881	0	0	913.000000	-9.984145	10.157719
41	2050	0	0	0	4	0	-10.079633	9.816180	0	0	942.000000	-9.984145	10.157719
42	2100	0	0	0	4	0	-10.120129	9.735034	0	0	942.000000	-9.984145	10.157719
43	2150	0	0	0	4	0	-10.198193	10.270441	0	0	893.000000	-9.984145	10.157719
44	2200	0	0	0	4	0	-10.192412	10.143261	0	0	923.000000	-9.984145	10.157719
45	2250	0	0	0	4	0	-10.099881	9.816180	0	0	955.000000	-9.984145	10.157719
46	2300	0	0	0	4	0	-10.137478	9.810385	0	0	960.000000	-9.984145	10.157719
47	2350	0	0	0	4	0	-10.183741	10.203973	0	0	922.000000	-9.984145	10.157719
48	2400	0	0	0	4	0	-10.120129	10.189521	0	0	954.000000	-9.984145	10.157719
49	2450	0	0	0	4	0	-10.053597	9.842255	0	0	998.000000	-9.984145	10.157719
50	2500	0	0	0	4	0	-9.955198	9.819078	0	0	1012.000000	-9.984145	10.157719
51	2550	0	0	0	4	0	-9.839358	10.172175	0	0	1006.000000	-9.984145	10.157719
52	2600	0	0	0	4	0	-9.685746	10.146152	0	0	1034.000000	-9.984145	10.157719
53	2650	0	0	0	4	0	-9.479742	9.885704	0	0	1077.000000	-9.984145	10.157719
54	2700	0	0	0	4	0	-9.972566	9.662546	0	0	1083.000000	-9.984145	10.157719
55	2750	0	0	0	4	0	-9.801693	9.958093	0	0	1067.000000	-9.292174	9.453718
56	2800	0	0	0	4	0	-9.685746	10.036237	0	0	1086.000000	-8.468400	8.615623
57	2850	0	0	0	4	0	-9.334520	9.555209	0	0	1116.000000	-7.644626	7.777527
58	2900	0	0	0	4	0	-9.072818	9.215348	0	0	1101.000000	-6.820852	6.939432
59	2950	0	0	0	4	0	-7.336472	7.981318	0	0	1065.000000	-5.997077	6.101336
60	3000	0	0	0	4	0	-6.654425	7.371694	0	0	1056.000000	-5.173303	5.263240
61	3050	0	0	0	4	0	-5.689909	6.530743	0	0	1090.000000	-4.349529	4.425145
62	3100	0	0	0	4	0	-4.185278	4.751787	0	0	1095.000000	-3.525754	3.587049
63	3150	0	0	0	4	0	-3.290884	4.134814	0	0	1078.000000	-2.701980	2.748954
64	3200	0	0	0	4	0	-2.558703	3.644697	0	0	1085.000000	-1.878206	1.910858
65	3250	0	0	0	4	0	-1.479811	1.414202	0	0	1151.000000	-1.054431	1.072762
66	3300	0	0	0	4	0	-0.763898	0.429710	0	0	1167.000000	-0.230657	0.234667
67	3350	0	0	0	4	0	-0.131303	-0.250667	0	0	1156.000000	0.000000	0.000000
68	3400	0	0	0	4	0	0.486405	-1.023456	0	0	1143.000000	0.000000	0.000000
69	3450	0	0	0	4	0	1.092069	-1.757116	0	0	1167.000000	0.000000	0.000000
70	3500	0	0	0	4	0	1.885306	-2.385944	0	0	1151.000000	0.000000	0.000000
71	3550	0	0	0	4	0	0.910091	-1.670653	0	0	1122.000000	0.000000	0.000000
72	3600	0	0	0	4	0	1.023456	-1.822704	0	0	1098.000000	0.000000	0.000000
73	3650	0	0	0	4	0	0.429710	-1.041355	0	0	1106.000000	0.000000	0.000000
74	3700	0	0	0	4	0	0.349142	-1.360519	0	0	1096.000000	0.000000	0.000000
75	3750	0	0	0	4	0	0.355110	-1.282972	0	0	1077.000000	0.000000	0.000000
76	3800	0	0	0	4	0	0.062667	-1.062238	0	0	1067.000000	0.000000	0.000000
77	3850	0	0	0	4	0	0.092509	-1.032406	0	0	1080.000000	0.000000	0.000000
78	3900	0	0	0	4	0	0.029842	-1.202438	0	0	1074.000000	0.000000	0.000000
79	3950	0	0	0	4	0	0.155176	-1.008540	0	0	1033.000000	0.000000	0.000000
80	4000	0	0	0	4	0	-0.170097	-0.596809	0	0	1012.000000	0.000000	0.000000
81	4050	0	0	0	4	0	-0.226794	-0.677372	0	0	1004.000000	0.000000	0.000000
82	4100	0	0	0	4	0	-0.265589	-0.623664	0	0	985.000000	0.000000	0.000000
83	4150	0	0	0	4	0	-0.173080	-0.510277	0	0	962.000000	0.000000	0.000000
84	4200	0	0	0	4	0	-0.190986	-0.474470	0	0	951.000000	0.000000	0.000000
85	4250	0	0	0	4	0	-0.253652	-0.513261	0	0	958.000000	0.000000	0.000000
86	4300	0	0	0	4	0	-0.262603	-0.590841	0	0	965.000000	0.000000	0.000000
87	4350	0	0	0	4	0	-0.137270	-0.396886	0	0	943.000000	-9.984145	10.157719
88	4400	0	0	0	4	0	-0.193969	-0.438663	0	0	943.000000	-9.984145	10.157719
89	4450	0	0	0	4	0	-0.173080	-0.426726	0	0	962.000000	-9.984145	10.157719
90	4500	0	0	0	4	0	-0.301396	-0.501325	0	0	979.000000	-9.984145	10.157719
91	4550	0	0	0	4	0	-0.304381	-0.441646	0	0	962.000000	-9.984145	10.157719
92	4600	0	0	0	4	0	-4.206056	5.358783	0	0	953.000000	-9.984145	10.157719
93	4650	0	0	0	4	0	-8.057395	9.037896	0	0	955.000000	-9.984145	10.157719
94	4700	0	0	0	4	0	-8.130520	8.927262	0	0	952.000000	-9.984145	10.157719
95	4750	0	0	0	4	0	-9.897288	10.059383	0	0	950.000000	-9.984145	10.157719
96	4800	0	0	0	4	0	-10.039131	10.446589	0	0	962.000000	-9.984145	10.157719
97	4850	0	0	0	4	0	-9.992828	10.111450	0	0	1000.000000	-9.984145	10.157719
98	4900	0	0	0	4	0	-10.042024	9.940722	0	0	1000.000000	-9.984145	10.157719
99	4950	0	0	0	4	0	-10.094096	10.359984	0	0	973.000000	-9.984145	10.157719
100	5000	0	0	0	4	0	-10.160610	10.388858	0	0	964.000000	-9.984145	10.157719
101	5050	0	0	0	4	0	-10.099881	10.088311	0	0	985.000000	-9.984145	10.157719
102	5100	0	0	0	4	0	-10.099881	9.932036	0	0	977.000000	-9.984145	10.157719
103	5150	0	0	0	4	0	-10.175065	10.342657	0	0	940.000000	-9.984145	10.157719
104	5200	0	0	0	4	0	-10.241547	10.449475	0	0	926.000000	-9.984145	10.157719
105	5250	0	0	0	4	0	-10.160610	10.030450	0	0	941.000000	-9.984145	10.157719
106	5300	0	0	0	4	0	-10.186629	9.937827	0	0	938.000000	-9.984145	10.157719
107	5350	0	0	0	4	0	-10.232875	10.255995	0	0	920.000000	0.000000	0.000000
108	5400	0	0	0	4	0	-10.232875	10.423500	0	0	920.000000	0.000000	0.000000
109	5450	0	0	0	4	0	-10.047811	10.128803	0	0	949.000000	0.000000	0.000000
110	5500	0	0	0	4	0	-10.013087	10.004404	0	0	982.000000	0.000000	0.000000
111	5550	0	0	0	4	0	-2.082023	1.932998	0	0	1042.000000	0.000000	0.000000
112	5600	0	0	0	4	0	-1.894248	0.713176	0	0	1071.000000	0.000000	0.000000
113	5650	0	0	0	4	0	-2.123746	0.537132	0	0	1127.000000	0.000000	0.000000
114	5700	0	0	0	4	0	-0.149207	-0.701241	0	0	1198.000000	0.000000	0.000000
115	5750	0	0	0	4	0	-0.214859	-0.835504	0	0	1219.000000	0.000000	0.000000
116	5800	0	0	0	4	0	-0.328253	-0.853405	0	0	1252.000000	0.000000	0.000000
117	5850	0	0	0	4	0	-0.295429	-0.883240	0	0	1278.000000	0.000000	0.000000
118	5900	0	0	0	4	0	-0.250668	-0.954841	0	0	1258.000000	0.000000	0.000000
119	5950	0	0	0	4	0	-0.131303	-0.295429	0	0	1183.000000	0.000000	0.000000
120	6000	0	0	0	4	0	0.029842	-0.265588	0	0	1137.000000	0.000000	0.000000
121	6050	0	0	0	4	0	-0.002983	-0.134287	0	0	1121.000000	0.000000	0.000000
122	6100	0	0	0	4	0	-0.011937	-0.188001	0	0	1083.000000	0.000000	0.000000
123	6150	0	0	0	4	0	0.068635	-0.101461	0	0	1044.000000	0.000000	0.000000
124	6200	0	0	0	4	0	0.086540	0.005969	0	0	1017.000000	0.000000	0.000000
125	6250	0	0	0	4	0	-0.119366	-0.074604	0	0	1020.000000	0.000000	0.000000
126	6300	0	0	0	4	0	-0.140255	-0.032826	0	0	1025.000000	0.000000	0.000000
127	6350	0	0	0	4	0	-0.104445	-0.035810	0	0	1006.000000	-0.676891	-0.688659
128	6400	0	0	0	4	0	-0.193969	0.020889	0	0	1013.000000	-1.617018	-1.645130
129	6450	0	0	0	4	0	-0.190986	0.077588	0	0	1041.000000	-2.557145	-2.601600
130	6500	0	0	0	4	0	-0.295429	-0.155176	0	0	1065.000000	-3.497271	-3.558071
131	6550	0	0	0	4	0	-3.552554	-2.123746	0	0	1081.000000	-4.437398	-4.514542
132	6600	0	0	0	4	0	-4.200119	-3.201646	0	0	1101.000000	-5.377524	-5.471012
133	6650	0	0	0	4	0	-4.896976	-3.647670	0	0	1124.000000	-6.317651	-6.427483
134	6700	0	0	0	4	0	-6.866307	-5.976383	0	0	1144.000000	-7.257778	-7.383954
135	6750	0	0	0	4	0	-7.688447	-6.783931	0	0	1129.000000	-8.197905	-8.340425
136	6800	0	0	0	4	0	-7.940340	-7.166148	0	0	1145.000000	-9.138031	-9.296895
137	6850	0	0	0	4	0	-9.772714	-8.548275	0	0	1155.000000	-9.984145	-10.157719
138	6900	0	0	0	4	0	-9.662547	-8.767015	0	0	1154.000000	-9.984145	-10.157719
139	6950	0	0	0	4	0	-9.819077	-8.936000	0	0	1149.000000	-9.984145	-10.157719
140	7000	0	0	0	4	0	-9.975461	-8.930175	0	0	1131.000000	-9.984145	-10.157719
141	7050	0	0	0	4	0	-10.215536	-9.900184	0	0	1118.000000	-9.984145	-10.157719
142	7100	0	0	0	4	0	-10.281998	-10.042024	0	0	1116.000000	-9.984145	-10.157719
143	7150	0	0	0	4	0	-10.310885	-10.013087	0	0	1104.000000	-9.984145	-10.157719
144	7200	0	0	0	4	0	-10.247324	-9.932036	0	0	1107.000000	-9.984145	-10.157719
145	7250	0	0	0	4	0	-10.279109	-9.946512	0	0	1123.000000	-9.984145	-10.157719
146	7300	0	0	0	4	0	-10.224206	-10.099881	0	0	1118.000000	-9.984145	-10.157719
147	7350	0	0	0	4	0	-10.192412	-10.068063	0	0	1116.000000	-9.984145	-10.157719
148	7400	0	0	0	4	0	-10.151937	-9.934932	0	0	1119.000000	-9.984145	-10.157719
149	7450	0	0	0	4	0	-10.183741	-9.897288	0	0	1129.000000	-9.984145	-10.157719
150	7500	0	0	0	4	0	-10.166392	-9.761120	0	0	1133.000000	-9.984145	-10.157719
151	7550	0	0	0	4	0	-10.053597	-9.354859	0	0	1131.000000	-9.984145	-10.157719
152	7600	0	0	0	4	0	-9.885703	-9.000054	0	0	1137.000000	-9.984145	-10.157719
153	7650	0	0	0	4	0	-9.540699	-8.594962	0	0	1166.000000	-9.984145	-10.157719
154	7700	0	0	0	4	0	-9.372291	-8.402308	0	0	1171.000000	-9.984145	-10.157719
155	7750	0	0	0	4	0	-9.084458	-8.165610	0	0	1180.000000	-9.984145	-10.157719
156	7800	0	0	0	4	0	-9.378099	-8.224081	0	0	1184.000000	-9.984145	-10.157719
157	7850	0	0	0	4	0	-9.488453	-8.381866	0	0	1193.000000	-9.878157	-10.049888
158	7900	0	0	0	4	0	-9.319991	-8.472387	0	0	1182.000000	-8.818269	-8.971573
159	7950	0	0	0	4	0	-9.157187	-8.519091	0	0	1152.000000	-7.758380	-7.893259
160	8000	0	0	0	4	0	-9.084458	-8.422751	0	0	1145.000000	-6.698493	-6.814945
161	8050	0	0	0	4	0	-8.705794	-8.422751	0	0	1157.000000	-5.638604	-5.736631
162	8100	0	0	0	4	0	-6.362790	-6.457093	0	0	1173.000000	-4.578716	-4.658317
163	8150	0	0	0	4	0	-5.846472	-6.103281	0	0	1147.000000	-3.518828	-3.580003
164	8200	0	0	0	4	0	-3.790307	-4.298055	0	0	1151.000000	-2.458940	-2.501689
165	8250	0	0	0	4	0	-2.990389	-3.516880	0	0	1155.000000	-1.399052	-1.423375
166	8300	0	0	0	4	0	-2.481265	-3.180822	0	0	1141.000000	-0.339164	-0.345060
167	8350	0	0	0	4	0	-1.921077	-2.534877	0	0	1102.000000	0.000000	0.000000
168	8400	0	0	0	4	0	-0.355111	-0.987658	0	0	1044.000000	0.000000	0.000000
169	8450	0	0	0	4	0	0.008952	-0.259620	0	0	1048.000000	0.000000	0.000000
170	8500	0	0	0	4	0	0.214859	0.196954	0	0	1040.000000	0.000000	0.000000
171	8550	0	0	0	4	0	0.307365	0.208890	0	0	1006.000000	0.000000	0.000000
172	8600	0	0	0	4	0	-0.220827	0.250667	0	0	981.000000	0.000000	0.000000
173	8650	0	0	0	4	0	-0.170097	0.214859	0	0	991.000000	0.000000	0.000000
174	8700	0	0	0	4	0	-0.226794	0.041778	0	0	973.000000	0.000000	0.000000
175	8750	0	0	0	4	0	-0.116383	0.179049	0	0	944.000000	0.000000	0.000000
176	8800	0	0	0	4	0	-0.241714	0.208890	0	0	936.000000	0.000000	0.000000
177	8850	0	0	0	4	0	-0.262603	0.232762	0	0	951.000000	0.000000	0.000000
178	8900	0	0	0	4	0	-0.277524	0.101461	0	0	946.000000	0.000000	0.000000
179	8950	0	0	0	4	0	-0.256635	0.110414	0	0	931.000000	0.000000	0.000000
180	9000	0	0	0	4	0	-0.161145	0.128318	0	0	943.000000	0.000000	0.000000
181	9050	0	0	0	4	0	-0.256635	0.044762	0	0	967.000000	0.000000	0.000000
182	9100	0	0	0	4	0	-0.277524	-0.059683	0	0	991.000000	0.000000	0.000000
183	9150	0	0	0	4	0	-0.116383	-0.008952	0	0	972.000000	0.000000	0.000000
184	9200	0	0	0	4	0	-0.086541	0.095493	0	0	981.000000	0.000000	0.000000
185	9250	0	0	0	4	0	-0.170097	-0.086540	0	0	1015.000000	0.000000	0.000000
186	9300	0	0	0	4	0	-0.217842	-0.089525	0	0	1028.000000	0.000000	0.000000
187	9350	0	0	0	4	0	-0.158159	-0.044762	0	0	1021.000000	-9.984145	-10.157719
188	9400	0	0	0	4	0	-0.256635	-0.146223	0	0	1036.000000	-9.984145	-10.157719
189	9450	0	0	0	4	0	-0.196953	0.002984	0	0	1071.000000	-9.984145	-10.157719
190	9500	0	0	0	4	0	-0.265589	-0.119366	0	0	1087.000000	-9.984145	-10.157719
191	9550	0	0	0	4	0	-0.331237	-0.229779	0	0	1089.000000	-9.984145	-10.157719
192	9600	0	0	0	4	0	-9.969672	-9.584227	0	0	1139.000000	-9.984145	-10.157719
193	9650	0	0	0	4	0	-9.923350	-9.694445	0	0	1151.000000	-9.984145	-10.157719
194	9700	0	0	0	4	0	-9.958093	-9.764019	0	0	1168.000000	-9.984145	-10.157719
195	9750	0	0	0	4	0	-9.946512	-9.700244	0	0	1157.000000	-9.984145	-10.157719
196	9800	0	0	0	4	0	-10.157718	-10.033344	0	0	1149.000000	-9.984145	-10.157719
197	9850	0	0	0	4	0	-10.151937	-9.987039	0	0	1150.000000	-9.984145	-10.157719
198	9900	0	0	0	4	0	-10.241547	-10.036237	0	0	1138.000000	-9.984145	-10.157719
199	9950	0	0	0	4	0	-10.255995	-10.013087	0	0	1123.000000	-9.984145	-10.157719
200	10000	0	0	0	4	0	-10.238656	-9.897288	0	0	1115.000000	-9.984145	-10.157719
201	10050	0	0	0	4	0	-10.325329	-9.879912	0	0	1121.000000	-9.984145	-10.157719
202	10100	0	0	0	4	0	-10.241547	-10.001510	0	0	1108.000000	-9.984145	-10.157719
203	10150	0	0	0	4	0	-10.322440	-9.984144	0	0	1083.000000	-9.984145	-10.157719
204	10200	0	0	0	4	0	-10.339769	-10.013087	0	0	1085.000000	-9.984145	-10.157719
205	10250	0	0	0	4	0	-10.325329	-9.969672	0	0	1109.000000	-9.984145	-10.157719
206	10300	0	0	0	4	0	-10.313775	-10.235766	0	0	1112.000000	-9.984145	-10.157719
207	10350	0	0	0	4	0	-10.368647	-10.149045	0	0	1118.000000	0.000000	0.000000
208	10400	0	0	0	4	0	-10.305108	-10.044917	0	0	1118.000000	0.000000	0.000000
209	10450	0	0	0	4	0	-10.276219	-9.975461	0	0	1158.000000	0.000000	0.000000
210	10500	0	0	0	4	0	-10.331105	-10.125913	0	0	1171.000000	0.000000	0.000000
211	10550	0	0	0	4	0	-3.855667	-4.075437	0	0	1247.000000	0.000000	0.000000
212	10600	0	0	0	4	0	-0.432694	-0.910091	0	0	1214.000000	0.000000	0.000000
213	10650	0	0	0	4	0	-0.480437	-0.865339	0	0	1231.000000	0.000000	0.000000
214	10700	0	0	0	4	0	-0.507293	-0.844454	0	0	1263.000000	0.000000	0.000000
215	10750	0	0	0	4	0	-0.373014	-0.910091	0	0	1236.000000	0.000000	0.000000
216	10800	0	0	0	4	0	-0.378983	-0.856389	0	0	1238.000000	0.000000	0.000000
217	10850	0	0	0	4	0	-0.387934	-0.823570	0	0	1225.000000	0.000000	0.000000
218	10900	0	0	0	4	0	-0.313333	-0.883240	0	0	1187.000000	0.000000	0.000000
219	10950	0	0	0	4	0	-0.283492	-0.829537	0	0	1119.000000	0.000000	0.000000
220	11000	0	0	0	4	0	-0.062667	-0.608745	0	0	1100.000000	0.000000	0.000000
221	11050	0	0	0	4	0	-0.014921	-0.623664	0	0	1082.000000	0.000000	0.000000
222	11100	0	0	0	4	0	-0.152191	-0.671404	0	0	1057.000000	0.000000	0.000000
223	11150	0	0	0	4	0	-0.116383	-0.617697	0	0	1009.000000	0.000000	0.000000
224	11200	0	0	0	4	0	-0.005969	-0.459550	0	0	999.000000	0.000000	0.000000
225	11250	0	0	0	4	0	-0.065652	-0.507293	0	0	1016.000000	0.000000	0.000000
226	11300	0	0	0	4	0	-0.113397	-0.501325	0	0	1020.000000	0.000000	0.000000
227	11350	0	0	0	4	0	-0.134287	-0.617697	0	0	1001.000000	0.798732	-0.812617
228	11400	0	0	0	4	0	-0.140255	-0.486405	0	0	1015.000000	1.973337	-2.007643
229	11450	0	0	0	4	0	-0.167111	-0.501325	0	0	1030.000000	3.147942	-3.202669
230	11500	0	0	0	4	0	-0.232762	-0.632616	0	0	1049.000000	4.322547	-4.397695
231	11550	0	0	0	4	0	3.365236	-3.733851	0	0	1067.000000	5.497153	-5.592721
232	11600	0	0	0	4	0	3.929926	-3.962597	0	0	1063.000000	6.671758	-6.787746
233	11650	0	0	0	4	0	4.265413	-4.384101	0	0	1087.000000	7.846364	-7.982772
234	11700	0	0	0	4	0	7.136769	-7.987171	0	0	1125.000000	9.020968	-9.177797
235	11750	0	0	0	4	0	7.621030	-8.259155	0	0	1119.000000	9.984145	-10.157719
236	11800	0	0	0	4	0	7.793928	-8.253310	0	0	1117.000000	9.984145	-10.157719
237	11850	0	0	0	4	0	10.039130	-9.842255	0	0	1145.000000	9.984145	-10.157719
238	11900	0	0	0	4	0	9.960987	-10.039131	0	0	1157.000000	9.984145	-10.157719
239	11950	0	0	0	4	0	10.125911	-9.955198	0	0	1134.000000	9.984145	-10.157719
240	12000	0	0	0	4	0	10.117235	-9.743731	0	0	1127.000000	9.984145	-10.157719
241	12050	0	0	0	4	0	9.972567	-9.842255	0	0	1112.000000	9.984145	-10.157719
242	12100	0	0	0	4	0	10.094097	-9.989934	0	0	1100.000000	9.984145	-10.157719
243	12150	0	0	0	4	0	10.166392	-9.903081	0	0	1093.000000	9.984145	-10.157719
244	12200	0	0	0	4	0	10.123020	-9.903081	0	0	1088.000000	9.984145	-10.157719
245	12250	0	0	0	4	0	10.030451	-9.848048	0	0	1089.000000	9.984145	-10.157719
246	12300	0	0	0	4	0	10.010192	-9.998616	0	0	1081.000000	9.984145	-10.157719
247	12350	0	0	0	4	0	10.114343	-10.013087	0	0	1064.000000	9.984145	-10.157719
248	12400	0	0	0	4	0	9.992828	-9.926246	0	0	1062.000000	9.984145	-10.157719
249	12450	0	0	0	4	0	9.891496	-9.943617	0	0	1063.000000	9.984145	-10.157719
250	12500	0	0	0	4	0	9.848048	-9.914662	0	0	1069.000000	9.984145	-10.157719
251	12550	0	0	0	4	0	9.932036	-9.706043	0	0	1072.000000	9.984145	-10.157719
252	12600	0	0	0	4	0	9.772714	-9.508772	0	0	1073.000000	9.984145	-10.157719
253	12650	0	0	0	4	0	9.514577	-9.244423	0	0	1102.000000	9.984145	-10.157719
254	12700	0	0	0	4	0	9.288024	-9.032075	0	0	1108.000000	9.984145	-10.157719
255	12750	0	0	0	4	0	9.008787	-8.697046	0	0	1088.000000	9.751354	-9.920880
256	12800	0	0	0	4	0	9.302556	-8.180230	0	0	1094.000000	8.458071	-8.605114
257	12850	0	0	0	4	0	8.831132	-7.922776	0	0	1107.000000	7.164788	-7.289347
258	12900	0	0	0	4	0	8.685382	-7.606372	0	0	1106.000000	5.871505	-5.973581
259	12950	0	0	0	4	0	6.315626	-5.846472	0	0	1107.000000	4.578222	-4.657814
260	13000	0	0	0	4	0	4.873277	-4.656938	0	0	1092.000000	3.284939	-3.342047
261	13050	0	0	0	4	0	2.600397	-2.344237	0	0	1083.000000	1.991656	-2.026281
262	13100	0	0	0	4	0	1.789911	-1.822704	0	0	1104.000000	0.698373	-0.710514
263	13150	0	0	0	4	0	1.274025	-1.247180	0	0	1082.000000	0.000000	0.000000
264	13200	0	0	0	4	0	0.913074	-0.922024	0	0	1072.000000	0.000000	0.000000
265	13250	0	0	0	4	0	-0.271555	-0.295429	0	0	1065.000000	0.000000	0.000000
266	13300	0	0	0	4	0	-0.358094	-0.244700	0	0	1054.000000	0.000000	0.000000
267	13350	0	0	0	4	0	-0.361077	-0.235747	0	0	1018.000000	0.000000	0.000000
268	13400	0	0	0	4	0	-0.340190	-0.223811	0	0	1011.000000	0.000000	0.000000
269	13450	0	0	0	4	0	-0.265589	-0.226795	0	0	1011.000000	0.000000	0.000000
270	13500	0	0	0	4	0	0.041778	-0.208890	0	0	1005.000000	0.000000	0.000000
271	13550	0	0	0	4	0	-0.020889	-0.402854	0	0	975.000000	0.000000	0.000000
272	13600	0	0	0	4	0	0.068635	-0.220826	0	0	971.000000	0.000000	0.000000
273	13650	0	0	0	4	0	-0.044762	-0.196954	0	0	977.000000	0.000000	0.000000
274	13700	0	0	0	4	0	-0.005969	-0.384950	0	0	974.000000	0.000000	0.000000
275	13750	0	0	0	4	0	-0.005969	-0.373014	0	0	945.000000	0.000000	0.000000
276	13800	0	0	0	4	0	-0.047746	-0.229779	0	0	939.000000	0.000000	0.000000
277	13850	0	0	0	4	0	-0.095493	-0.161144	0	0	950.000000	0.000000	0.000000
278	13900	0	0	0	4	0	-0.095493	-0.190985	0	0	962.000000	0.000000	0.000000
279	13950	0	0	0	4	0	-0.104445	-0.113397	0	0	946.000000	0.000000	0.000000
280	14000	0	0	0	4	0	-0.238731	-0.128318	0	0	948.000000	0.000000	0.000000
281	14050	0	0	0	4	0	-0.241714	-0.104445	0	0	970.000000	0.000000	0.000000
282	14100	0	0	0	4	0	-0.205907	-0.158159	0	0	1001.000000	0.000000	0.000000
283	14150	0	0	0	4	0	-0.196953	-0.065652	0	0	992.000000	9.984145	-10.157719
284	14200	0	0	0	4	0	-0.128318	0.002984	0	0	1020.000000	9.984145	-10.157719
285	14250	0	0	0	4	0	-0.185017	-0.044762	0	0	1053.000000	9.984145	-10.157719
286	14300	0	0	0	4	0	8.294223	-8.717459	0	0	1134.000000	9.984145	-10.157719
287	14350	0	0	0	4	0	8.851526	-9.485548	0	0	1117.000000	9.984145	-10.157719
288	14400	0	0	0	4	0	8.869006	-9.363574	0	0	1117.000000	9.984145	-10.157719
289	14450	0	0	0	4	0	9.642244	-9.830667	0	0	1131.000000	9.984145	-10.157719
290	14500	0	0	0	4	0	10.140370	-9.992828	0	0	1131.000000	9.984145	-10.157719
291	14550	0	0	0	4	0	10.284887	-9.874119	0	0	1125.000000	9.984145	-10.157719
292	14600	0	0	0	4	0	10.264663	-9.882808	0	0	1129.000000	9.984145	-10.157719
293	14650	0	0	0	4	0	10.163502	-9.958093	0	0	1141.000000	9.984145	-10.157719
294	14700	0	0	0	4	0	10.128803	-10.018875	0	0	1146.000000	9.984145	-10.157719
295	14750	0	0	0	4	0	10.253105	-10.044917	0	0	1126.000000	9.984145	-10.157719
296	14800	0	0	0	4	0	10.316663	-10.004404	0	0	1106.000000	9.984145	-10.157719
297	14850	0	0	0	4	0	10.215536	-9.960988	0	0	1103.000000	9.984145	-10.157719
298	14900	0	0	0	4	0	10.406179	-10.068063	0	0	1080.000000	9.984145	-10.157719
299	14950	0	0	0	4	0	10.345545	-10.021769	0	0	1072.000000	9.984145	-10.157719
300	15000	0	0	0	4	0	10.359984	-9.966779	0	0	1061.000000	9.984145	-10.157719
301	15050	0	0	0	4	0	10.192411	-9.978354	0	0	1075.000000	9.984145	-10.157719
302	15100	0	0	0	4	0	10.371533	-10.169284	0	0	1085.000000	9.984145	-10.157719
303	15150	0	0	0	4	0	1.828665	-3.386053	0	0	1087.000000	0.000000	0.000000
304	15200	0	0	0	4	0	1.622946	-3.222470	0	0	1086.000000	0.000000	0.000000
305	15250	0	0	0	4	0	1.515597	-3.222470	0	0	1109.000000	0.000000	0.000000
306	15300	0	0	0	4	0	0.101461	-0.468502	0	0	1122.000000	0.000000	0.000000
307	15350	0	0	0	4	0	-0.047746	-0.486405	0	0	1092.000000	0.000000	0.000000
308	15400	0	0	0	4	0	0.000000	-0.399870	0	0	1076.000000	0.000000	0.000000
309	15450	0	0	0	4	0	0.002984	-0.322285	0	0	1057.000000	0.000000	0.000000
310	15500	0	0	0	4	0	-0.050731	-0.334222	0	0	1047.000000	0.000000	0.000000
311	15550	0	0	0	4	0	0.041778	-0.307365	0	0	1012.000000	0.000000	0.000000
312	15600	0	0	0	4	0	0.146223	-0.250667	0	0	1000.000000	0.000000	0.000000
313	15650	0	0	0	4	0	0.155176	-0.277524	0	0	982.000000	0.000000	0.000000
314	15700	0	0	0	4	0	0.056699	-0.375998	0	0	982.000000	0.000000	0.000000
315	15750	0	0	0	4	0	0.176064	-0.196954	0	0	947.000000	0.000000	0.000000
316	15800	0	0	0	4	0	0.065652	-0.289461	0	0	935.000000	0.000000	0.000000
317	15850	0	0	0	4	0	-0.017904	-0.247683	0	0	933.000000	0.000000	0.000000
318	15900	0	0	0	4	0	-0.011937	-0.316317	0	0	934.000000	0.000000	0.000000
319	15950	0	0	0	4	0	-0.008952	-0.337205	0	0	919.000000	0.000000	0.000000
320	16000	0	0	0	4	0	0.080573	-0.232762	0	0	913.000000	0.000000	0.000000
321	16050	0	0	0	4	0	-0.095493	-0.274541	0	0	925.000000	0.000000	0.000000
322	16100	0	0	0	4	0	-0.086541	-0.384950	0	0	939.000000	0.000000	0.000000
323	16150	0	0	0	4	0	-0.014921	-0.316317	0	0	921.000000	0.650525	0.661834
324	16200	0	0	0	4	0	-0.107429	-0.280508	0	0	938.000000	2.064710	2.100605
325	16250	0	0	0	4	0	-0.044762	-0.226795	0	0	944.000000	3.478895	3.539375
326	16300	0	0	0	4	0	-0.104445	-0.247683	0	0	961.000000	4.893080	4.978146
327	16350	0	0	0	4	0	5.024335	5.689910	0	0	902.000000	6.307264	6.416916
328	16400	0	0	0	4	0	5.391321	6.132783	0	0	903.000000	7.721449	7.855686
329	16450	0	0	0	4	0	5.601252	6.457093	0	0	916.000000	9.135634	9.294456
330	16500	0	0	0	4	0	8.007655	8.796162	0	0	918.000000	9.984145	10.157719
331	16550	0	0	0	4	0	8.297145	9.168820	0	0	903.000000	9.984145	10.157719
332	16600	0	0	0	4	0	9.795897	10.757967	0	0	876.000000	9.984145	10.157719
333	16650	0	0	0	4	0	9.839358	10.507185	0	0	904.000000	9.984145	10.157719
334	16700	0	0	0	4	0	10.123020	10.443705	0	0	860.000000	9.984145	10.157719
335	16750	0	0	0	4	0	10.333993	11.261145	0	0	845.000000	9.984145	10.157719
336	16800	0	0	0	4	0	10.108559	11.243921	0	0	854.000000	9.984145	10.157719
337	16850	0	0	0	4	0	9.911767	10.956569	0	0	864.000000	9.984145	10.157719
338	16900	0	0	0	4	0	10.328216	11.025584	0	0	810.000000	9.984145	10.157719
339	16950	0	0	0	4	0	10.276220	11.065828	0	0	813.000000	9.984145	10.157719
340	17000	0	0	0	4	0	10.279109	11.223825	0	0	808.000000	9.984145	10.157719
341	17050	0	0	0	4	0	10.169283	11.088820	0	0	815.000000	9.984145	10.157719
342	17100	0	0	0	4	0	10.564872	11.091696	0	0	768.000000	9.984145	10.157719
343	17150	0	0	0	4	0	10.443704	11.209469	0	0	787.000000	9.984145	10.157719
344	17200	0	0	0	4	0	10.258883	11.352967	0	0	807.000000	9.984145	10.157719
345	17250	0	0	0	4	0	10.004404	10.881763	0	0	846.000000	9.984145	10.157719
346	17300	0	0	0	4	0	10.085419	10.683064	0	0	828.000000	9.984145	10.157719
347	17350	0	0	0	4	0	10.120128	10.968073	0	0	835.000000	9.984145	10.157719
348	17400	0	0	0	4	0	9.810385	10.783886	0	0	862.000000	9.984145	10.157719
349	17450	0	0	0	4	0	9.258958	10.362871	0	0	900.000000	9.984145	10.157719
350	17500	0	0	0	4	0	9.299649	9.897288	0	0	890.000000	9.372559	9.535501
351	17550	0	0	0	4	0	9.002966	9.885704	0	0	906.000000	7.843594	7.979954
352	17600	0	0	0	4	0	8.486983	9.735034	0	0	932.000000	6.314628	6.424407
353	17650	0	0	0	4	0	7.729474	8.991322	0	0	970.000000	4.785662	4.868861
354	17700	0	0	0	4	0	5.341034	5.763771	0	0	986.000000	3.256697	3.313314
355	17750	0	0	0	4	0	4.636185	5.270027	0	0	992.000000	1.727731	1.757768
356	17800	0	0	0	4	0	2.558703	3.638754	0	0	1021.000000	0.198766	0.202221
357	17850	0	0	0	4	0	0.790751	1.479812	0	0	1031.000000	-1.330200	-1.353325
358	17900	0	0	0	4	0	0.038794	0.731078	0	0	1033.000000	-2.859166	-2.908872
359	17950	0	0	0	4	0	-1.581201	-1.175592	0	0	1001.000000	-4.388131	-4.464418
360	18000	0	0	0	4	0	-1.447008	-1.336659	0	0	996.000000	-5.917097	-6.019965
361	18050	0	0	0	4	0	-1.616983	-1.327711	0	0	1001.000000	-7.446062	-7.575511
362	18100	0	0	0	4	0	-4.748824	-3.757623	0	0	1024.000000	-8.975028	-9.131058
363	18150	0	0	0	4	0	-4.870313	-3.879431	0	0	1001.000000	-9.984145	-10.157719
364	18200	0	0	0	4	0	-4.793276	-3.926956	0	0	997.000000	-9.984145	-10.157719
365	18250	0	0	0	4	0	-11.876927	-9.862532	0	0	1000.000000	-9.984145	-10.157719
366	18300	0	0	0	4	0	-12.190913	-10.221315	0	0	991.000000	-9.984145	-10.157719
367	18350	0	0	0	4	0	-12.276419	-10.120129	0	0	1001.000000	-9.984145	-10.157719
368	18400	0	0	0	4	0	-11.077326	-10.192412	0	0	1036.000000	-9.984145	-10.157719
369	18450	0	0	0	4	0	-10.789646	-10.111451	0	0	1056.000000	-9.984145	-10.157719
370	18500	0	0	0	4	0	-10.818439	-10.229987	0	0	1090.000000	-9.984145	-10.157719
371	18550	0	0	0	4	0	-10.783887	-10.244436	0	0	1086.000000	-9.984145	-10.157719
372	18600	0	0	0	4	0	-10.708996	-10.218425	0	0	1082.000000	-9.984145	-10.157719
373	18650	0	0	0	4	0	-10.642716	-10.111451	0	0	1084.000000	-9.984145	-10.157719
374	18700	0	0	0	4	0	-10.789646	-10.331105	0	0	1085.000000	-9.984145	-10.157719
375	18750	0	0	0	4	0	-10.755087	-10.310885	0	0	1072.000000	-9.984145	-10.157719
376	18800	0	0	0	4	0	-10.746447	-10.235766	0	0	1075.000000	-9.984145	-10.157719
377	18850	0	0	0	4	0	-10.740685	-10.079633	0	0	1083.000000	-9.984145	-10.157719
378	18900	0	0	0	4	0	-10.778128	-10.339769	0	0	1088.000000	-9.984145	-10.157719
379	18950	0	0	0	4	0	-10.290665	-9.932036	0	0	1090.000000	-9.984145	-10.157719
380	19000	0	0	0	4	0	-10.339769	-9.758223	0	0	1099.000000	-9.984145	-10.157719
381	19050	0	0	0	4	0	-10.255995	-9.679947	0	0	1114.000000	-9.984145	-10.157719
382	19100	0	0	0	4	0	-10.276219	-9.874119	0	0	1133.000000	-9.984145	-10.157719
383	19150	0	0	0	4	0	-10.235766	-9.694445	0	0	1126.000000	-9.424901	-9.588753
384	19200	0	0	0	4	0	-10.073847	-9.572619	0	0	1140.000000	-7.780067	-7.915323
385	19250	0	0	0	4	0	-9.900184	-9.314181	0	0	1164.000000	-6.135232	-6.241893
386	19300	0	0	0	4	0	-9.706043	-9.256052	0	0	1175.000000	-4.490398	-4.568463
387	19350	0	0	0	4	0	-6.088528	-4.822908	0	0	1193.000000	-2.845564	-2.895034
388	19400	0	0	0	4	0	-5.364699	-4.452328	0	0	1203.000000	-1.200729	-1.221604
389	19450	0	0	0	4	0	-2.472330	-2.597419	0	0	1211.000000	0.444105	0.451826
390	19500	0	0	0	4	0	-1.596110	-1.858476	0	0	1204.000000	2.088940	2.125256
391	19550	0	0	0	4	0	1.002574	1.381396	0	0	1165.000000	3.733774	3.798686
392	19600	0	0	0	4	0	1.530507	1.953864	0	0	1121.000000	5.378609	5.472116
393	19650	0	0	0	4	0	1.849533	2.174404	0	0	1108.000000	7.023443	7.145545
394	19700	0	0	0	4	0	5.639674	5.509610	0	0	1068.000000	8.668278	8.818974
395	19750	0	0	0	4	0	6.221272	5.740138	0	0	1007.000000	9.984145	10.157719
396	19800	0	0	0	4	0	8.662052	9.261865	0	0	974.000000	9.984145	10.157719
397	19850	0	0	0	4	0	8.790333	9.511675	0	0	960.000000	9.984145	10.157719
398	19900	0	0	0	4	0	10.570640	11.284106	0	0	926.000000	9.984145	10.157719
399	19950	0	0	0	4	0	10.838591	11.625215	0	0	874.000000	9.984145	10.157719
400	20000	0	0	0	4	0	10.674418	11.851205	0	0	868.000000	9.984145	10.157719
401	20050	0	0	0	4	0	10.475447	11.536433	0	0	875.000000	9.984145	10.157719
402	20100	0	0	0	4	0	10.166392	10.720520	0	0	894.000000	9.984145	10.157719
403	20150	0	0	0	4	0	10.409065	11.048582	0	0	867.000000	9.984145	10.157719
404	20200	0	0	0	4	0	10.255995	11.261145	0	0	889.000000	9.984145	10.157719
405	20250	0	0	0	4	0	9.914663	10.982453	0	0	943.000000	9.984145	10.157719
406	20300	0	0	0	4	0	9.874119	10.708997	0	0	955.000000	9.984145	10.157719
407	20350	0	0	0	4	0	9.978355	10.815559	0	0	939.000000	9.984145	10.157719
408	20400	0	0	0	4	0	9.824872	10.968073	0	0	969.000000	9.984145	10.157719
409	20450	0	0	0	4	0	9.766917	10.855862	0	0	995.000000	9.984145	10.157719
410	20500	0	0	0	4	0	9.813284	10.570640	0	0	1002.000000	9.984145	10.157719
411	20550	0	0	0	4	0	9.981250	10.789645	0	0	1002.000000	9.984145	10.157719
412	20600	0	0	0	4	0	9.743730	10.881763	0	0	1036.000000	9.984145	10.157719
413	20650	0	0	0	4	0	9.619040	10.864497	0	0	1064.000000	9.984145	10.157719
414	20700	0	0	0	4	0	9.523285	10.302220	0	0	1057.000000	9.984145	10.157719
415	20750	0	0	0	4	0	9.410051	10.163502	0	0	1069.000000	-9.984145	-10.157719
416	20800	0	0	0	4	0	8.793247	10.033344	0	0	1095.000000	-9.984145	-10.157719
417	20850	0	0	0	4	0	8.133445	9.720538	0	0	1131.000000	-9.984145	-10.157719
418	20900	0	0	0	4	0	7.767562	9.314180	0	0	1147.000000	-9.984145	-10.157719
419	20950	0	0	0	4	0	7.348213	9.090277	0	0	1152.000000	-9.984145	-10.157719
420	21000	0	0	0	4	0	6.807469	8.880659	0	0	1163.000000	-9.984145	-10.157719
421	21050	0	0	0	4	0	6.513069	8.918525	0	0	1180.000000	-9.984145	-10.157719
422	21100	0	0	0	4	0	-3.201647	8.373102	0	0	1214.000000	-9.984145	-10.157719
423	21150	0	0	0	4	0	-5.133884	8.048619	0	0	1125.000000	-9.984145	-10.157719
424	21200	0	0	0	4	0	-5.272986	8.186077	0	0	1109.000000	-9.984145	-10.157719
425	21250	0	0	0	4	0	-5.429770	8.300067	0	0	1116.000000	-9.984145	-10.157719
426	21300	0	0	0	4	0	-5.299614	7.741195	0	0	1137.000000	-9.984145	-10.157719
427	21350	0	0	0	4	0	2.519985	6.589647	0	0	1124.000000	-9.984145	-10.157719
428	21400	0	0	0	4	0	2.770120	6.786873	0	0	1072.000000	-9.984145	-10.157719
429	21450	0	0	0	4	0	2.659954	6.695639	0	0	1078.000000	-9.984145	-10.157719
430	21500	0	0	0	4	0	-1.375430	-1.876362	0	0	1214.000000	-9.984145	-10.157719
431	21550	0	0	0	4	0	-3.745738	-6.430574	0	0	1212.000000	-9.984145	-10.157719
432	21600	0	0	0	4	0	-3.692249	-6.309730	0	0	1184.000000	-9.984145	-10.157719
433	21650	0	0	0	4	0	-3.620921	-6.294988	0	0	1190.000000	-9.984145	-10.157719
434	21700	0	0	0	4	0	-3.707108	-6.300885	0	0	1204.000000	-9.984145	-10.157719
435	21750	0	0	0	4	0	-9.276398	-9.253143	0	0	1185.000000	9.984145	10.157719
436	21800	0	0	0	4	0	-9.830667	-9.363574	0	0	1191.000000	9.984145	10.157719
437	21850	0	0	0	4	0	-9.691545	-9.369385	0	0	1214.000000	9.984145	10.157719
438	21900	0	0	0	4	0	-9.775612	-9.456514	0	0	1236.000000	9.984145	10.157719
439	21950	0	0	0	4	0	-9.862532	-9.404243	0	0	1241.000000	9.984145	10.157719
440	22000	0	0	0	4	0	-9.842255	-9.386815	0	0	1232.000000	9.984145	10.157719
441	22050	0	0	0	4	0	4.395967	3.267089	0	0	1248.000000	9.984145	10.157719
442	22100	0	0	0	4	0	8.013508	7.998877	0	0	1200.000000	9.984145	10.157719
443	22150	0	0	0	4	0	8.098349	8.215311	0	0	1162.000000	9.984145	10.157719
444	22200	0	0	0	4	0	9.842255	10.163502	0	0	1154.000000	9.984145	10.157719
445	22250	0	0	0	4	0	9.627742	10.466791	0	0	1176.000000	9.984145	10.157719
446	22300	0	0	0	4	0	9.662546	10.094097	0	0	1181.000000	9.984145	10.157719
447	22350	0	0	0	4	0	10.099881	10.463904	0	0	1146.000000	9.984145	10.157719
448	22400	0	0	0	4	0	9.926246	10.547568	0	0	1136.000000	9.984145	10.157719
449	22450	0	0	0	4	0	9.879911	10.651363	0	0	1151.000000	9.984145	10.157719
450	22500	0	0	0	4	0	9.859636	10.221315	0	0	1172.000000	9.984145	10.157719
451	22550	0	0	0	4	0	10.111450	10.383083	0	0	1150.000000	9.984145	10.157719
452	22600	0	0	0	4	0	10.111450	10.437931	0	0	1157.000000	9.984145	10.157719
453	22650	0	0	0	4	0	9.989934	10.579290	0	0	1158.000000	9.984145	10.157719
454	22700	0	0	0	4	0	9.937827	10.169284	0	0	1158.000000	9.984145	10.157719
455	22750	0	0	0	4	0	10.088312	10.432158	0	0	1134.000000	9.484938	10.157719
456	22800	0	0	0	4	0	10.059383	10.631186	0	0	1140.000000	6.988902	10.157719
457	22850	0	0	0	4	0	9.775612	10.662891	0	0	1172.000000	4.492866	10.157719
458	22900	0	0	0	4	0	9.610337	10.400406	0	0	1186.000000	1.996829	10.157719
459	22950	0	0	0	4	0	4.069499	10.541800	0	0	1180.000000	-0.499207	10.157719
460	23000	0	0	0	4	0	0.653501	10.484103	0	0	1219.000000	-2.995244	10.157719
461	23050	0	0	0	4	0	-1.062237	10.651363	0	0	1235.000000	-5.491280	10.157719
462	23100	0	0	0	4	0	-2.427649	10.241546	0	0	1267.000000	-7.987316	10.157719
463	23150	0	0	0	4	0	-7.113262	10.795404	0	0	1223.000000	-9.984145	10.157719
464	23200	0	0	0	4	0	-10.896152	12.586617	0	0	1232.000000	-9.984145	10.157719
465	23250	0	0	0	4	0	-10.801164	11.665290	0	0	1228.000000	-9.984145	10.157719
466	23300	0	0	0	4	0	-11.054331	10.933556	0	0	1192.000000	-9.984145	10.157719
467	23350	0	0	0	4	0	-11.264016	11.232438	0	0	1102.000000	-9.984145	10.157719
468	23400	0	0	0	4	0	-11.542162	11.665290	0	0	1082.000000	-9.984145	10.157719
469	23450	0	0	0	4	0	-10.203973	11.613762	0	0	1100.000000	-9.984145	10.157719
470	23500	0	0	0	4	0	-10.018875	11.071577	0	0	1092.000000	-9.984145	10.157719
471	23550	0	0	0	4	0	-10.018875	11.516377	0	0	1034.000000	-9.984145	10.157719
472	23600	0	0	0	4	0	-10.079633	11.751128	0	0	1040.000000	-9.984145	10.157719
473	23650	0	0	0	4	0	-9.958093	11.459063	0	0	1081.000000	-9.984145	10.157719
474	23700	0	0	0	4	0	-9.749527	11.025584	0	0	1093.000000	-9.984145	10.157719
475	23750	0	0	0	4	0	-9.766917	11.281236	0	0	1044.000000	-9.984145	10.157719
476	23800	0	0	0	4	0	-9.937828	11.668151	0	0	1046.000000	-9.984145	10.157719
477	23850	0	0	0	4	0	-9.653846	11.315671	0	0	1095.000000	-9.984145	10.157719
478	23900	0	0	0	4	0	-9.337427	10.855862	0	0	1129.000000	-9.984145	10.157719
479	23950	0	0	0	4	0	-9.354859	11.266886	0	0	1089.000000	-9.984145	10.157719
480	24000	0	0	0	4	0	-9.270586	11.559350	0	0	1116.000000	-9.984145	10.157719
481	24050	0	0	0	4	0	-9.072818	11.456196	0	0	1169.000000	-9.984145	10.157719
482	24100	0	0	0	4	0	-8.723287	10.838591	0	0	1215.000000	-9.984145	10.157719
483	24150	0	0	0	4	0	-8.673718	11.169264	0	0	1176.000000	-9.631349	9.798789
484	24200	0	0	0	4	0	-8.685382	11.648116	0	0	1184.000000	-7.867365	8.004139
485	24250	0	0	0	4	0	-9.891496	11.335754	0	0	1238.000000	-6.103382	6.209489
486	24300	0	0	0	4	0	-9.630642	10.815559	0	0	1261.000000	-4.339399	4.414839
487	24350	0	0	0	4	0	-7.415717	9.764018	0	0	1259.000000	-2.575416	2.620189
488	24400	0	0	0	4	0	0.456566	0.731078	0	0	1399.000000	-0.811432	0.825539
489	24450	0	0	0	4	0	1.360519	-0.295429	0	0	1384.000000	0.952551	-0.969111
490	24500	0	0	0	4	0	2.451479	-1.262093	0	0	1378.000000	2.716534	-2.763761
491	24550	0	0	0	4	0	3.552554	-2.144605	0	0	1357.000000	4.480517	-4.558411
492	24600	0	0	0	4	0	4.624325	-3.073712	0	0	1363.000000	6.244501	-6.353061
493	24650	0	0	0	4	0	5.556912	-3.885372	0	0	1376.000000	8.008484	-8.147711
494	24700	0	0	0	4	0	7.884716	-8.051543	0	0	1407.000000	9.772468	-9.942361
495	24750	0	0	0	4	0	8.206541	-8.454871	0	0	1376.000000	9.984145	-10.157719
496	24800	0	0	0	4	0	8.460710	-8.624135	0	0	1354.000000	9.984145	-10.157719
497	24850	0	0	0	4	0	10.432158	-9.905975	0	0	1344.000000	9.984145	-10.157719
498	24900	0	0	0	4	0	10.423500	-10.073847	0	0	1345.000000	9.984145	-10.157719
499	24950	0	0	0	4	0	10.478333	-10.120129	0	0	1343.000000	9.984145	-10.157719
500	25000	0	0	0	4	0	10.397519	-10.149045	0	0	1338.000000	9.984145	-10.157719
501	25050	0	0	0	4	0	10.409065	-10.123019	0	0	1341.000000	9.984145	-10.157719
502	25100	0	0	0	4	0	10.394631	-10.149045	0	0	1342.000000	9.984145	-10.157719
503	25150	0	0	0	4	0	10.423500	-10.180848	0	0	1324.000000	9.984145	-10.157719
504	25200	0	0	0	4	0	10.510069	-10.255995	0	0	1295.000000	9.984145	-10.157719
505	25250	0	0	0	4	0	10.452361	-10.209755	0	0	1285.000000	9.984145	-10.157719
506	25300	0	0	0	4	0	10.466790	-10.328217	0	0	1281.000000	9.984145	-10.157719
507	25350	0	0	0	4	0	10.553336	-10.394632	0	0	1258.000000	9.984145	-10.157719
508	25400	0	0	0	4	0	10.547568	-10.305108	0	0	1251.000000	9.984145	-10.157719
509	25450	0	0	0	4	0	10.432158	-10.322440	0	0	1266.000000	9.984145	-10.157719
510	25500	0	0	0	4	0	10.420613	-10.354208	0	0	1276.000000	9.984145	-10.157719
511	25550	0	0	0	4	0	10.461019	-10.362871	0	0	1279.000000	9.984145	-10.157719
512	25600	0	0	0	4	0	10.466790	-10.299333	0	0	1289.000000	9.984145	-10.157719
513	25650	0	0	0	4	0	10.336881	-10.157718	0	0	1300.000000	9.984145	-10.157719
514	25700	0	0	0	4	0	10.229987	-10.195301	0	0	1318.000000	9.984145	-10.157719
515	25750	0	0	0	4	0	10.279109	-9.998616	0	0	1304.000000	8.329522	-8.474330
516	25800	0	0	0	4	0	10.114343	-9.853842	0	0	1302.000000	6.449269	-6.561389
517	25850	0	0	0	4	0	9.824872	-9.784305	0	0	1302.000000	4.569016	-4.648448
518	25900	0	0	0	4	0	9.447803	-9.668346	0	0	1318.000000	2.688762	-2.735506
519	25950	0	0	0	4	0	5.036180	-4.932524	0	0	1282.000000	0.808509	-0.822565
520	26000	0	0	0	4	0	1.497705	-1.646800	0	0	1238.000000	-1.071744	1.090377
521	26050	0	0	0	4	0	0.065652	-0.307365	0	0	1206.000000	-2.951998	3.003318
522	26100	0	0	0	4	0	-0.916058	0.841472	0	0	1197.000000	-4.832251	4.916259
523	26150	0	0	0	4	0	-4.188246	4.369267	0	0	1110.000000	-6.712504	6.829201
524	26200	0	0	0	4	0	-6.763332	8.098349	0	0	1024.000000	-8.592758	8.742142
525	26250	0	0	0	4	0	-7.506665	8.036916	0	0	1017.000000	-9.984145	10.157719
526	26300	0	0	0	4	0	-8.723287	9.116462	0	0	1022.000000	-9.984145	10.157719
527	26350	0	0	0	4	0	-9.392624	10.076740	0	0	942.000000	-9.984145	10.157719
528	26400	0	0	0	4	0	-9.621941	10.717639	0	0	904.000000	-9.984145	10.157719
529	26450	0	0	0	4	0	-9.575521	10.313774	0	0	931.000000	-9.984145	10.157719
530	26500	0	0	0	4	0	-9.436188	9.891496	0	0	932.000000	-9.984145	10.157719
531	26550	0	0	0	4	0	-9.665446	10.622539	0	0	853.000000	-9.984145	10.157719
532	26600	0	0	0	4	0	-10.270442	10.832833	0	0	865.000000	-9.984145	10.157719
533	26650	0	0	0	4	0	-9.981251	10.365760	0	0	914.000000	-9.984145	10.157719
534	26700	0	0	0	4	0	-9.839358	9.685745	0	0	929.000000	-9.984145	10.157719
535	26750	0	0	0	4	0	-10.062278	10.403293	0	0	862.000000	-9.984145	10.157719
536	26800	0	0	0	4	0	-10.137478	10.752207	0	0	876.000000	-9.984145	10.157719
537	26850	0	0	0	4	0	-9.920454	10.238656	0	0	921.000000	-9.984145	10.157719
538	26900	0	0	0	4	0	-9.934932	9.917559	0	0	944.000000	-9.984145	10.157719
539	26950	0	0	0	4	0	-10.079633	10.186629	0	0	896.000000	-9.984145	10.157719
540	27000	0	0	0	4	0	-10.140371	10.711877	0	0	912.000000	-9.984145	10.157719
541	27050	0	0	0	4	0	-9.894393	10.172175	0	0	965.000000	-9.984145	10.157719
542	27100	0	0	0	4	0	-9.761120	9.781408	0	0	1004.000000	-9.984145	10.157719
543	27150	0	0	0	4	0	-9.732134	9.960987	0	0	952.000000	-9.984145	10.157719
544	27200	0	0	0	4	0	-9.694445	10.305108	0	0	957.000000	-9.984145	10.157719
545	27250	0	0	0	4	0	-9.378099	10.085419	0	0	995.000000	9.984145	-10.157719
546	27300	0	0	0	4	0	-9.116462	9.372290	0	0	1026.000000	9.984145	-10.157719
547	27350	0	0	0	4	0	-9.093186	9.749526	0	0	987.000000	9.984145	-10.157719
548	27400	0	0	0	4	0	-9.136826	10.186629	0	0	973.000000	9.984145	-10.157719
549	27450	0	0	0	4	0	-8.717459	9.874119	0	0	1012.000000	9.984145	-10.157719
550	27500	0	0	0	4	0	3.157021	-4.387066	0	0	1160.000000	9.984145	-10.157719
551	27550	0	0	0	4	0	5.429770	-7.207272	0	0	1152.000000	9.984145	-10.157719
552	27600	0	0	0	4	0	5.302574	-7.312987	0	0	1132.000000	9.984145	-10.157719
553	27650	0	0	0	4	0	10.348433	-9.471032	0	0	1152.000000	9.984145	-10.157719
554	27700	0	0	0	4	0	10.293553	-9.842255	0	0	1165.000000	9.984145	-10.157719
555	27750	0	0	0	4	0	10.391746	-9.795897	0	0	1176.000000	9.984145	-10.157719
556	27800	0	0	0	4	0	10.357097	-9.682845	0	0	1194.000000	9.984145	-10.157719
557	27850	0	0	0	4	0	10.195302	-9.630642	0	0	1228.000000	9.984145	-10.157719
558	27900	0	0	0	4	0	10.172175	-9.772714	0	0	1243.000000	9.984145	-10.157719
559	27950	0	0	0	4	0	10.140370	-9.798795	0	0	1240.000000	9.984145	-10.157719
560	28000	0	0	0	4	0	10.151937	-9.766917	0	0	1218.000000	9.984145	-10.157719
561	28050	0	0	0	4	0	10.015981	-9.911767	0	0	1203.000000	9.984145	-10.157719
562	28100	0	0	0	4	0	9.940722	-9.937828	0	0	1186.000000	9.984145	-10.157719
563	28150	0	0	0	4	0	10.036237	-9.914662	0	0	1162.000000	9.984145	-10.157719
564	28200	0	0	0	4	0	9.894392	-9.821976	0	0	1147.000000	9.984145	-10.157719
565	28250	0	0	0	4	0	9.810385	-9.746627	0	0	1141.000000	-9.984145	10.157719
566	28300	0	0	0	4	0	9.662546	-9.877014	0	0	1154.000000	-9.984145	10.157719
567	28350	0	0	0	4	0	9.674146	-9.821976	0	0	1155.000000	-9.984145	10.157719
568	28400	0	0	0	4	0	9.624842	-9.827769	0	0	1165.000000	-9.984145	10.157719
569	28450	0	0	0	4	0	1.351571	0.680355	0	0	1218.000000	-9.984145	10.157719
570	28500	0	0	0	4	0	-7.993023	8.699962	0	0	1138.000000	-9.984145	10.157719
571	28550	0	0	0	4	0	-8.121746	8.761186	0	0	1119.000000	-9.984145	10.157719
572	28600	0	0	0	4	0	-9.351954	10.930677	0	0	1098.000000	-9.984145	10.157719
573	28650	0	0	0	4	0	-10.056491	10.976701	0	0	1100.000000	-9.984145	10.157719
574	28700	0	0	0	4	0	-9.848048	10.461019	0	0	1116.000000	-9.984145	10.157719
575	28750	0	0	0	4	0	-10.050704	10.864497	0	0	1033.000000	-9.984145	10.157719
576	28800	0	0	0	4	0	-10.189520	11.197984	0	0	1000.000000	-9.984145	10.157719
577	28850	0	0	0	4	0	-10.053597	10.827075	0	0	1030.000000	-9.984145	10.157719
578	28900	0	0	0	4	0	-9.920454	10.305108	0	0	1046.000000	-9.984145	10.157719
579	28950	0	0	0	4	0	-10.114343	10.449475	0	0	987.000000	-9.984145	10.157719
580	29000	0	0	0	4	0	-10.244436	11.060081	0	0	952.000000	-9.984145	10.157719
581	29050	0	0	0	4	0	-10.128803	10.700353	0	0	969.000000	-9.984145	10.157719
582	29100	0	0	0	4	0	-9.989934	10.267551	0	0	987.000000	-9.984145	10.157719
583	29150	0	0	0	4	0	-10.154828	10.763727	0	0	919.000000	-9.984145	10.157719
584	29200	0	0	0	4	0	-10.229987	10.988204	0	0	937.000000	-9.984145	10.157719
585	29250	0	0	0	4	0	-10.070955	10.749326	0	0	976.000000	-9.984145	-10.157719
586	29300	0	0	0	4	0	-9.929141	10.281998	0	0	1016.000000	-9.984145	-10.157719
587	29350	0	0	0	4	0	-10.044917	10.521608	0	0	982.000000	-9.984145	-10.157719
588	29400	0	0	0	4	0	-10.088311	11.042833	0	0	994.000000	-9.984145	-10.157719
589	29450	0	0	0	4	0	-9.688644	9.674146	0	0	1079.000000	-9.984145	-10.157719
590	29500	0	0	0	4	0	-9.636444	-9.952303	0	0	1236.000000	-9.984145	-10.157719
591	29550	0	0	0	4	0	-9.258958	-9.613237	0	0	1238.000000	-9.984145	-10.157719
592	29600	0	0	0	4	0	-9.157187	-9.662547	0	0	1269.000000	-9.984145	-10.157719
593	29650	0	0	0	4	0	-9.078638	-9.587127	0	0	1300.000000	-9.984145	-10.157719
594	29700	0	0	0	4	0	-10.021769	-9.885703	0	0	1317.000000	-9.984145	-10.157719
595	29750	0	0	0	4	0	-9.932036	-9.813282	0	0	1327.000000	-9.984145	-10.157719
596	29800	0	0	0	4	0	-10.062278	-9.813282	0	0	1330.000000	-9.984145	-10.157719
597	29850	0	0	0	4	0	-10.018875	-9.746627	0	0	1326.000000	-9.984145	-10.157719
598	29900	0	0	0	4	0	-10.065169	-9.882808	0	0	1335.000000	-9.984145	-10.157719
599	29950	0	0	0	4	0	-10.036237	-9.943617	0	0	1314.000000	-9.984145	-10.157719
600	30000	0	0	0	4	0	-9.981251	-9.949408	0	0	1279.000000	-9.984145	-10.157719
601	30050	0	0	0	4	0	-10.007298	-9.932036	0	0	1256.000000	-9.984145	-10.157719
602	30100	0	0	0	4	0	-9.975461	-9.975461	0	0	1243.000000	-9.984145	-10.157719
603	30150	0	0	0	4	0	-9.923350	-10.027556	0	0	1222.000000	-9.984145	-10.157719
604	30200	0	0	0	4	0	-9.978354	-9.998616	0	0	1209.000000	-9.984145	-10.157719
605	30250	0	0	0	4	0	-9.984144	-9.859636	0	0	1206.000000	9.984145	-10.157719
606	30300	0	0	0	4	0	-10.056491	-10.018875	0	0	1215.000000	9.984145	-10.157719
607	30350	0	0	0	4	0	-10.091205	-9.966779	0	0	1204.000000	9.984145	-10.157719
608	30400	0	0	0	4	0	-10.079633	-9.934932	0	0	1214.000000	9.984145	-10.157719
609	30450	0	0	0	4	0	6.683864	-9.813282	0	0	1299.000000	9.984145	-10.157719
610	30500	0	0	0	4	0	10.079634	-10.024664	0	0	1313.000000	9.984145	-10.157719
611	30550	0	0	0	4	0	9.934932	-10.120129	0	0	1311.000000	9.984145	-10.157719
612	30600	0	0	0	4	0	9.978355	-10.027556	0	0	1302.000000	9.984145	-10.157719
613	30650	0	0	0	4	0	9.874119	-9.989934	0	0	1314.000000	9.984145	-10.157719
614	30700	0	0	0	4	0	9.929142	-10.114343	0	0	1309.000000	9.984145	-10.157719
615	30750	0	0	0	4	0	10.466790	-10.264663	0	0	1292.000000	9.984145	-10.157719
616	30800	0	0	0	4	0	10.154827	-10.238656	0	0	1278.000000	9.984145	-10.157719
617	30850	0	0	0	4	0	9.978355	-10.247324	0	0	1277.000000	9.984145	-10.157719
618	30900	0	0	0	4	0	10.010192	-10.443705	0	0	1271.000000	9.984145	-10.157719
619	30950	0	0	0	4	0	9.989934	-10.524493	0	0	1254.000000	9.984145	-10.157719
620	31000	0	0	0	4	0	10.076740	-10.489875	0	0	1235.000000	9.984145	-10.157719
621	31050	0	0	0	4	0	9.972567	-10.527376	0	0	1232.000000	9.984145	-10.157719
622	31100	0	0	0	4	0	10.001511	-10.587941	0	0	1242.000000	9.984145	-10.157719
623	31150	0	0	0	4	0	10.059383	-10.564871	0	0	1228.000000	9.984145	-10.157719
624	31200	0	0	0	4	0	9.955198	-10.556220	0	0	1225.000000	9.984145	-10.157719
625	31250	0	0	0	4	0	9.879911	-10.466791	0	0	1239.000000	9.984145	10.157719
626	31300	0	0	0	4	0	9.775612	-10.599474	0	0	1252.000000	9.984145	10.157719
627	31350	0	0	0	4	0	9.772714	-10.530263	0	0	1252.000000	9.984145	10.157719
628	31400	0	0	0	4	0	9.958093	-10.406178	0	0	1251.000000	9.984145	10.157719
629	31450	0	0	0	4	0	9.197902	2.341258	0	0	1248.000000	9.984145	10.157719
630	31500	0	0	0	4	0	8.635802	6.851599	0	0	1199.000000	9.984145	10.157719
631	31550	0	0	0	4	0	9.485549	8.259155	0	0	1129.000000	9.984145	10.157719
632	31600	0	0	0	4	0	9.697344	9.706042	0	0	1103.000000	9.984145	10.157719
633	31650	0	0	0	4	0	9.482645	9.578424	0	0	1102.000000	9.984145	10.157719
634	31700	0	0	0	4	0	10.007298	10.775248	0	0	1085.000000	9.984145	10.157719
635	31750	0	0	0	4	0	10.096990	10.608124	0	0	1015.000000	9.984145	10.157719
636	31800	0	0	0	4	0	10.053596	10.708997	0	0	982.000000	9.984145	10.157719
637	31850	0	0	0	4	0	9.807488	10.769487	0	0	976.000000	9.984145	10.157719
638	31900	0	0	0	4	0	9.874119	10.365760	0	0	965.000000	9.984145	10.157719
639	31950	0	0	0	4	0	10.198193	10.691709	0	0	916.000000	9.984145	10.157719
640	32000	0	0	0	4	0	10.117235	10.870252	0	0	909.000000	9.984145	10.157719
641	32050	0	0	0	4	0	9.853842	10.746446	0	0	939.000000	9.984145	10.157719
642	32100	0	0	0	4	0	9.723436	9.943618	0	0	987.000000	9.984145	10.157719
643	32150	0	0	0	4	0	10.079634	10.281998	0	0	941.000000	9.984145	10.157719
644	32200	0	0	0	4	0	10.033343	10.455248	0	0	950.000000	9.984145	10.157719
645	32250	0	0	0	4	0	9.894392	10.486989	0	0	993.000000	-9.984145	10.157719
646	32300	0	0	0	4	0	9.700243	9.888600	0	0	1044.000000	-9.984145	10.157719
647	32350	0	0	0	4	0	9.960987	10.172175	0	0	1018.000000	-9.984145	10.157719
648	32400	0	0	0	4	0	9.845152	10.149045	0	0	1038.000000	-9.984145	10.157719
649	32450	0	0	0	4	0	-1.804817	9.758223	0	0	1097.000000	-9.984145	10.157719
650	32500	0	0	0	4	0	-5.976383	8.726203	0	0	1145.000000	-9.984145	10.157719
651	32550	0	0	0	4	0	-9.389719	10.587940	0	0	1118.000000	-9.984145	10.157719
652	32600	0	0	0	4	0	-9.497161	10.881763	0	0	1121.000000	-9.984145	10.157719
653	32650	0	0	0	4	0	-9.520383	11.011209	0	0	1135.000000	-9.984145	10.157719
654	32700	0	0	0	4	0	-9.401339	10.336881	0	0	1146.000000	-9.984145	10.157719
655	32750	0	0	0	4	0	-9.946512	10.582174	0	0	1050.000000	-9.984145	10.157719
656	32800	0	0	0	4	0	-10.099881	11.048582	0	0	1001.000000	-9.984145	10.157719
657	32850	0	0	0	4	0	-10.039131	10.890397	0	0	1024.000000	-9.984145	10.157719
658	32900	0	0	0	4	0	-9.929141	10.307998	0	0	1042.000000	-9.984145	10.157719
659	32950	0	0	0	4	0	-10.134587	10.775248	0	0	957.000000	-9.984145	10.157719
660	33000	0	0	0	4	0	-10.209755	11.048582	0	0	933.000000	-9.984145	10.157719
661	33050	0	0	0	4	0	-10.108559	10.901907	0	0	955.000000	-9.984145	10.157719
662	33100	0	0	0	4	0	-9.949408	10.146152	0	0	986.000000	-9.984145	10.157719
663	33150	0	0	0	4	0	-10.157718	10.657127	0	0	924.000000	-9.984145	10.157719
664	33200	0	0	0	4	0	-10.247324	11.106063	0	0	924.000000	-9.984145	10.157719
665	33250	0	0	0	4	0	-10.102774	10.706115	0	0	978.000000	0.000000	0.000000
666	33300	0	0	0	4	0	-10.059382	10.177957	0	0	1028.000000	0.000000	0.000000
667	33350	0	0	0	4	0	-10.154828	10.446589	0	0	982.000000	0.000000	0.000000
668	33400	0	0	0	4	0	-10.154828	10.904784	0	0	1005.000000	0.000000	0.000000
669	33450	0	0	0	4	0	-1.485776	1.646800	0	0	1138.000000	0.000000	0.000000
670	33500	0	0	0	4	0	-1.458937	1.190506	0	0	1175.000000	0.000000	0.000000
671	33550	0	0	0	4	0	-1.369467	1.098034	0	0	1171.000000	0.000000	0.000000
672	33600	0	0	0	4	0	-0.202921	0.250667	0	0	1184.000000	0.000000	0.000000
673	33650	0	0	0	4	0	-0.304381	0.283492	0	0	1207.000000	0.000000	0.000000
674	33700	0	0	0	4	0	-0.325270	0.310349	0	0	1243.000000	0.000000	0.000000
675	33750	0	0	0	4	0	-0.355111	0.310349	0	0	1230.000000	0.000000	0.000000
676	33800	0	0	0	4	0	0.035810	-0.161144	0	0	1199.000000	0.000000	0.000000
677	33850	0	0	0	4	0	-0.080573	-0.131302	0	0	1166.000000	0.000000	0.000000
678	33900	0	0	0	4	0	-0.095493	-0.068635	0	0	1147.000000	0.000000	0.000000
679	33950	0	0	0	4	0	-0.092508	-0.226795	0	0	1111.000000	0.000000	0.000000
680	34000	0	0	0	4	0	-0.029842	-0.217842	0	0	1063.000000	0.000000	0.000000
681	34050	0	0	0	4	0	-0.011937	-0.193969	0	0	1029.000000	0.000000	0.000000
682	34100	0	0	0	4	0	0.026857	-0.179049	0	0	1028.000000	0.000000	0.000000
683	34150	0	0	0	4	0	0.000000	-0.208890	0	0	1009.000000	0.000000	0.000000
684	34200	0	0	0	4	0	0.062667	-0.214859	0	0	982.000000	0.000000	0.000000
685	34250	0	0	0	4	0	0.146223	0.026857	0	0	976.000000	0.000000	0.000000
686	34300	0	0	0	4	0	0.119366	-0.005969	0	0	998.000000	0.000000	0.000000
687	34350	0	0	0	4	0	0.101461	-0.211874	0	0	997.000000	0.000000	0.000000
688	34400	0	0	0	4	0	0.101461	-0.110414	0	0	989.000000	0.000000	0.000000
689	34450	0	0	0	4	0	0.098477	0.000000	0	0	997.000000	0.000000	0.000000
690	34500	0	0	0	4	0	0.020889	-0.143239	0	0	1039.000000	0.000000	0.000000
691	34550	0	0	0	4	0	0.110414	-0.280508	0	0	1040.000000	0.000000	0.000000
692	34600	0	0	0	4	0	0.017905	-0.143239	0	0	1035.000000	0.000000	0.000000
693	34650	0	0	0	4	0	0.095493	-0.110414	0	0	1039.000000	0.000000	0.000000
694	34700	0	0	0	4	0	-0.119366	-0.280508	0	0	1073.000000	0.000000	0.000000
695	34750	0	0	0	4	0	-0.008952	-0.134287	0	0	1073.000000	0.000000	0.000000
696	34800	0	0	0	4	0	-0.005969	-0.208890	0	0	1057.000000	0.000000	0.000000
697	34850	0	0	0	4	0	0.029842	-0.098477	0	0	1056.000000	0.000000	0.000000
698	34900	0	0	0	4	0	-0.083556	-0.173080	0	0	1084.000000	0.000000	0.000000
699	34950	0	0	0	4	0	-0.104445	-0.158159	0	0	1087.000000	0.000000	0.000000
700	35000	0	0	0	4	0	-0.002983	-0.173080	0	0	1073.000000	0.000000	0.000000
701	35050	0	0	0	4	0	-0.041779	-0.098477	0	0	1085.000000	0.000000	0.000000
702	35100	0	0	0	4	0	-0.119366	-0.170097	0	0	1115.000000	0.000000	0.000000
703	35150	0	0	0	4	0	-0.083556	-0.158159	0	0	1126.000000	0.000000	0.000000
704	35200	0	0	0	4	0	-0.011937	-0.182033	0	0	1119.000000	0.000000	0.000000
