RowNumber	TimeStamp	X_Position_Degree_Right_Eye	Y_Position_Degree_Right_Eye	Distance_From_RightEye	Validity_Right_Eye	Pupil_Diameter_RightEye	X_Position_Degree_Left_Eye	Y_Position_Degree_Left_Eye	Distance_From_LeftEye	Validity_Left_Eye	Pupil_Diameter_LeftEye	Target X	Target Y
0	0	0	0	0	4	0	4.728077	7.788069	0	0	1345.000000	0.000000	0.000000
1	50	0	0	0	4	0	4.458261	7.321794	0	0	1345.000000	0.000000	0.000000
2	100	0	0	0	4	0	4.861425	7.430387	0	0	1286.000000	0.000000	0.000000
3	150	0	0	0	4	0	4.932524	7.562389	0	0	1306.000000	0.000000	0.000000
4	200	0	0	0	4	0	4.591712	7.263072	0	0	1364.000000	0.000000	0.000000
5	250	0	0	0	4	0	1.065221	2.776074	0	0	1496.000000	0.000000	0.000000
6	300	0	0	0	4	0	1.121899	1.715376	0	0	1471.000000	0.000000	0.000000
7	350	0	0	0	4	0	1.139797	1.786929	0	0	1481.000000	0.000000	0.000000
8	400	0	0	0	4	0	0.942908	1.655745	0	0	1504.000000	0.000000	0.000000
9	450	0	0	0	4	0	0.205906	0.933958	0	0	1547.000000	0.000000	0.000000
10	500	0	0	0	4	0	0.170097	0.844454	0	0	1519.000000	0.000000	0.000000
11	550	0	0	0	4	0	0.241715	0.960808	0	0	1520.000000	0.000000	0.000000
12	600	0	0	0	4	0	0.131302	0.853405	0	0	1551.000000	0.000000	0.000000
13	650	0	0	0	4	0	-0.686323	-0.716160	0	0	1534.000000	0.000000	0.000000
14	700	0	0	0	4	0	-90.000000	-90.000000	0	4	0.000000	0.000000	0.000000
15	750	0	0	0	4	0	-90.000000	-90.000000	0	4	0.000000	0.000000	0.000000
16	800	0	0	0	4	0	-0.602777	-3.834871	0	0	1278.000000	0.000000	0.000000
17	850	0	0	0	4	0	-0.047746	0.704225	0	0	1571.000000	0.000000	0.000000
18	900	0	0	0	4	0	-0.026858	0.698258	0	0	1541.000000	0.000000	0.000000
19	950	0	0	0	4	0	0.017905	0.534148	0	0	1514.000000	0.000000	0.000000
20	1000	0	0	0	4	0	0.002984	0.534148	0	0	1534.000000	-0.381290	0.387919
21	1050	0	0	0	4	0	-0.110414	0.569955	0	0	1558.000000	-1.087382	1.106286
22	1100	0	0	0	4	0	-0.146224	0.704225	0	0	1520.000000	-1.793474	1.824654
23	1150	0	0	0	4	0	-0.038794	0.593825	0	0	1489.000000	-2.499567	2.543021
24	1200	0	0	0	4	0	-0.167111	0.731078	0	0	1500.000000	-3.205659	3.261389
25	1250	0	0	0	4	0	-3.231395	4.143720	0	0	1426.000000	-3.911751	3.979757
26	1300	0	0	0	4	0	-3.406868	4.342564	0	0	1365.000000	-4.617844	4.698124
27	1350	0	0	0	4	0	-3.612004	4.642113	0	0	1361.000000	-5.323936	5.416492
28	1400	0	0	0	4	0	-3.834871	4.962142	0	0	1398.000000	-6.030028	6.134860
29	1450	0	0	0	4	0	-5.548044	6.406999	0	0	1406.000000	-6.736121	6.853228
30	1500	0	0	0	4	0	-5.763771	6.898661	0	0	1351.000000	-7.442213	7.571595
31	1550	0	0	0	4	0	-5.893720	7.280691	0	0	1372.000000	-8.148305	8.289963
32	1600	0	0	0	4	0	-6.070824	7.430387	0	0	1419.000000	-8.854398	9.008330
33	1650	0	0	0	4	0	-7.268945	8.399388	0	0	1407.000000	-9.560490	9.726698
34	1700	0	0	0	4	0	-8.519091	9.578424	0	0	1352.000000	-9.984145	10.157719
35	1750	0	0	0	4	0	-8.670800	9.798795	0	0	1380.000000	-9.984145	10.157719
36	1800	0	0	0	4	0	-8.720372	9.792999	0	0	1405.000000	-9.984145	10.157719
37	1850	0	0	0	4	0	-9.514577	10.582174	0	0	1408.000000	-9.984145	10.157719
38	1900	0	0	0	4	0	-9.563915	10.628304	0	0	1364.000000	-9.984145	10.157719
39	1950	0	0	0	4	0	-9.662547	10.999706	0	0	1372.000000	-9.984145	10.157719
40	2000	0	0	0	4	0	-9.740829	11.091696	0	0	1420.000000	-9.984145	10.157719
41	2050	0	0	0	4	0	-9.601633	10.512955	0	0	1444.000000	-9.984145	10.157719
42	2100	0	0	0	4	0	-9.645144	10.593708	0	0	1400.000000	-9.984145	10.157719
43	2150	0	0	0	4	0	-9.708941	10.942185	0	0	1381.000000	-9.984145	10.157719
44	2200	0	0	0	4	0	-9.746627	10.996831	0	0	1429.000000	-9.984145	10.157719
45	2250	0	0	0	4	0	-9.543600	10.345545	0	0	1468.000000	-9.984145	10.157719
46	2300	0	0	0	4	0	-9.549405	10.507185	0	0	1427.000000	-9.984145	10.157719
47	2350	0	0	0	4	0	-9.598733	10.648481	0	0	1427.000000	-9.984145	10.157719
48	2400	0	0	0	4	0	-9.616138	10.732043	0	0	1444.000000	-9.984145	10.157719
49	2450	0	0	0	4	0	-9.447803	10.108559	0	0	1493.000000	-9.984145	10.157719
50	2500	0	0	0	4	0	-9.331615	10.203973	0	0	1432.000000	-9.984145	10.157719
51	2550	0	0	0	4	0	-9.285119	10.258883	0	0	1446.000000	-9.984145	10.157719
52	2600	0	0	0	4	0	-9.241516	10.111450	0	0	1495.000000	-9.984145	10.157719
53	2650	0	0	0	4	0	-9.200810	9.842255	0	0	1515.000000	-9.984145	10.157719
54	2700	0	0	0	4	0	-9.096098	9.952303	0	0	1462.000000	-9.654635	9.822480
55	2750	0	0	0	4	0	-9.069908	10.065169	0	0	1469.000000	-8.830861	8.984385
56	2800	0	0	0	4	0	-9.110644	9.937827	0	0	1518.000000	-8.007087	8.146289
57	2850	0	0	0	4	0	-9.008788	9.566816	0	0	1523.000000	-7.183312	7.308194
58	2900	0	0	0	4	0	-8.880659	9.505869	0	0	1497.000000	-6.359538	6.470098
59	2950	0	0	0	4	0	-8.705794	9.366480	0	0	1490.000000	-5.535764	5.632002
60	3000	0	0	0	4	0	-3.808133	5.104280	0	0	1613.000000	-4.711989	4.793907
61	3050	0	0	0	4	0	-3.543636	4.565026	0	0	1604.000000	-3.888215	3.955811
62	3100	0	0	0	4	0	-3.222469	4.176373	0	0	1571.000000	-3.064440	3.117716
63	3150	0	0	0	4	0	-2.892172	3.858637	0	0	1589.000000	-2.240666	2.279620
64	3200	0	0	0	4	0	-2.496158	3.403895	0	0	1627.000000	-1.416892	1.441524
65	3250	0	0	0	4	0	-2.219102	2.814776	0	0	1674.000000	-0.593118	0.603429
66	3300	0	0	0	4	0	-0.963791	1.092069	0	0	1686.000000	0.000000	0.000000
67	3350	0	0	0	4	0	-0.689306	0.826554	0	0	1678.000000	0.000000	0.000000
68	3400	0	0	0	4	0	-0.483422	0.602777	0	0	1696.000000	0.000000	0.000000
69	3450	0	0	0	4	0	0.483422	-0.167112	0	0	1717.000000	0.000000	0.000000
70	3500	0	0	0	4	0	0.555036	-0.381966	0	0	1681.000000	0.000000	0.000000
71	3550	0	0	0	4	0	-0.340190	0.062667	0	0	1659.000000	0.000000	0.000000
72	3600	0	0	0	4	0	-0.373014	0.131302	0	0	1666.000000	0.000000	0.000000
73	3650	0	0	0	4	0	-0.456566	0.044762	0	0	1678.000000	0.000000	0.000000
74	3700	0	0	0	4	0	-0.295429	0.125335	0	0	1646.000000	0.000000	0.000000
75	3750	0	0	0	4	0	-0.217842	0.364062	0	0	1617.000000	0.000000	0.000000
76	3800	0	0	0	4	0	-0.301396	0.334222	0	0	1611.000000	0.000000	0.000000
77	3850	0	0	0	4	0	-0.289461	0.286477	0	0	1625.000000	0.000000	0.000000
78	3900	0	0	0	4	0	-0.271555	0.220826	0	0	1593.000000	0.000000	0.000000
79	3950	0	0	0	4	0	-0.199938	0.217842	0	0	1561.000000	0.000000	0.000000
80	4000	0	0	0	4	0	-0.137270	0.182033	0	0	1572.000000	0.000000	0.000000
81	4050	0	0	0	4	0	-0.188001	0.116382	0	0	1587.000000	0.000000	0.000000
82	4100	0	0	0	4	0	-0.047746	-0.005969	0	0	1563.000000	0.000000	0.000000
83	4150	0	0	0	4	0	-0.056700	-0.023873	0	0	1537.000000	0.000000	0.000000
84	4200	0	0	0	4	0	-0.119366	-0.065652	0	0	1544.000000	0.000000	0.000000
85	4250	0	0	0	4	0	-0.235748	-0.179049	0	0	1554.000000	0.000000	0.000000
86	4300	0	0	0	4	0	-0.196953	-0.286477	0	0	1524.000000	-9.984145	10.157719
87	4350	0	0	0	4	0	-0.283492	-0.098477	0	0	1500.000000	-9.984145	10.157719
88	4400	0	0	0	4	0	-0.247683	-0.140255	0	0	1507.000000	-9.984145	10.157719
89	4450	0	0	0	4	0	-0.364062	-0.107430	0	0	1519.000000	-9.984145	10.157719
90	4500	0	0	0	4	0	-0.405838	-0.089525	0	0	1480.000000	-9.984145	10.157719
91	4550	0	0	0	4	0	-0.307365	0.014921	0	0	1475.000000	-9.984145	10.157719
92	4600	0	0	0	4	0	-3.912104	3.775451	0	0	1436.000000	-9.984145	10.157719
93	4650	0	0	0	4	0	-10.501415	9.668347	0	0	1321.000000	-9.984145	10.157719
94	4700	0	0	0	4	0	-10.215536	9.752425	0	0	1251.000000	-9.984145	10.157719
95	4750	0	0	0	4	0	-10.108559	9.790101	0	0	1242.000000	-9.984145	10.157719
96	4800	0	0	0	4	0	-10.183741	9.969672	0	0	1280.000000	-9.984145	10.157719
97	4850	0	0	0	4	0	-9.874119	9.711840	0	0	1267.000000	-9.984145	10.157719
98	4900	0	0	0	4	0	-9.827769	9.819078	0	0	1228.000000	-9.984145	10.157719
99	4950	0	0	0	4	0	-9.995723	10.125912	0	0	1238.000000	-9.984145	10.157719
100	5000	0	0	0	4	0	-10.036237	10.166392	0	0	1273.000000	-9.984145	10.157719
101	5050	0	0	0	4	0	-9.908873	9.723436	0	0	1272.000000	-9.984145	10.157719
102	5100	0	0	0	4	0	-9.648046	10.050704	0	0	1231.000000	-9.984145	10.157719
103	5150	0	0	0	4	0	-9.790101	10.267551	0	0	1229.000000	-9.984145	10.157719
104	5200	0	0	0	4	0	-9.845153	10.351320	0	0	1270.000000	-9.984145	10.157719
105	5250	0	0	0	4	0	-9.714740	9.804590	0	0	1282.000000	-9.984145	10.157719
106	5300	0	0	0	4	0	-9.732134	10.096990	0	0	1227.000000	0.000000	0.000000
107	5350	0	0	0	4	0	-9.781408	10.154827	0	0	1217.000000	0.000000	0.000000
108	5400	0	0	0	4	0	-9.845153	10.137479	0	0	1260.000000	0.000000	0.000000
109	5450	0	0	0	4	0	-9.723436	9.737932	0	0	1274.000000	0.000000	0.000000
110	5500	0	0	0	4	0	-9.694445	9.732134	0	0	1232.000000	0.000000	0.000000
111	5550	0	0	0	4	0	-0.122349	1.315781	0	0	1425.000000	0.000000	0.000000
112	5600	0	0	0	4	0	0.474470	-0.543100	0	0	1467.000000	0.000000	0.000000
113	5650	0	0	0	4	0	0.295429	-0.662453	0	0	1477.000000	0.000000	0.000000
114	5700	0	0	0	4	0	0.238731	-0.811636	0	0	1456.000000	0.000000	0.000000
115	5750	0	0	0	4	0	0.038794	-0.214859	0	0	1425.000000	0.000000	0.000000
116	5800	0	0	0	4	0	-0.026858	-0.244700	0	0	1448.000000	0.000000	0.000000
117	5850	0	0	0	4	0	-0.077587	-0.253652	0	0	1461.000000	0.000000	0.000000
118	5900	0	0	0	4	0	0.038794	-0.155176	0	0	1436.000000	0.000000	0.000000
119	5950	0	0	0	4	0	0.134287	-0.137271	0	0	1404.000000	0.000000	0.000000
120	6000	0	0	0	4	0	0.131302	-0.232762	0	0	1396.000000	0.000000	0.000000
121	6050	0	0	0	4	0	0.065652	-0.244700	0	0	1421.000000	0.000000	0.000000
122	6100	0	0	0	4	0	0.023873	-0.322285	0	0	1372.000000	0.000000	0.000000
123	6150	0	0	0	4	0	0.223811	-0.131302	0	0	1354.000000	0.000000	0.000000
124	6200	0	0	0	4	0	0.247683	-0.185017	0	0	1358.000000	0.000000	0.000000
125	6250	0	0	0	4	0	0.086540	-0.259620	0	0	1385.000000	0.000000	0.000000
126	6300	0	0	0	4	0	0.065652	-0.349142	0	0	1362.000000	-0.263235	-0.267812
127	6350	0	0	0	4	0	0.098477	-0.331238	0	0	1338.000000	-1.203362	-1.224283
128	6400	0	0	0	4	0	-0.026858	-0.343174	0	0	1346.000000	-2.143489	-2.180753
129	6450	0	0	0	4	0	-0.140255	-0.352126	0	0	1377.000000	-3.083616	-3.137224
130	6500	0	0	0	4	0	-0.208890	-0.450598	0	0	1351.000000	-4.023742	-4.093695
131	6550	0	0	0	4	0	-3.249242	-3.923986	0	0	1364.000000	-4.963869	-5.050165
132	6600	0	0	0	4	0	-6.983938	-5.870098	0	0	1367.000000	-5.903996	-6.006636
133	6650	0	0	0	4	0	-7.268945	-6.336262	0	0	1374.000000	-6.844122	-6.963107
134	6700	0	0	0	4	0	-7.585847	-6.610260	0	0	1353.000000	-7.784249	-7.919577
135	6750	0	0	0	4	0	-7.911066	-6.966296	0	0	1341.000000	-8.724376	-8.876048
136	6800	0	0	0	4	0	-8.156839	-7.383434	0	0	1366.000000	-9.664502	-9.832519
137	6850	0	0	0	4	0	-8.489902	-8.997144	0	0	1371.000000	-9.984145	-10.157719
138	6900	0	0	0	4	0	-8.697046	-9.171729	0	0	1341.000000	-9.984145	-10.157719
139	6950	0	0	0	4	0	-10.039131	-9.798795	0	0	1327.000000	-9.984145	-10.157719
140	7000	0	0	0	4	0	-10.215536	-9.929141	0	0	1325.000000	-9.984145	-10.157719
141	7050	0	0	0	4	0	-10.357098	-10.134587	0	0	1348.000000	-9.984145	-10.157719
142	7100	0	0	0	4	0	-10.573524	-10.111451	0	0	1333.000000	-9.984145	-10.157719
143	7150	0	0	0	4	0	-10.186629	-10.149045	0	0	1318.000000	-9.984145	-10.157719
144	7200	0	0	0	4	0	-10.177958	-10.270442	0	0	1323.000000	-9.984145	-10.157719
145	7250	0	0	0	4	0	-10.154828	-10.250216	0	0	1332.000000	-9.984145	-10.157719
146	7300	0	0	0	4	0	-10.149045	-10.357098	0	0	1315.000000	-9.984145	-10.157719
147	7350	0	0	0	4	0	-10.125913	-10.426385	0	0	1303.000000	-9.984145	-10.157719
148	7400	0	0	0	4	0	-10.160610	-10.377309	0	0	1314.000000	-9.984145	-10.157719
149	7450	0	0	0	4	0	-9.989934	-10.305108	0	0	1320.000000	-9.984145	-10.157719
150	7500	0	0	0	4	0	-9.717639	-10.143261	0	0	1308.000000	-9.984145	-10.157719
151	7550	0	0	0	4	0	-9.816180	-10.157718	0	0	1295.000000	-9.984145	-10.157719
152	7600	0	0	0	4	0	-9.853842	-10.232875	0	0	1298.000000	-9.984145	-10.157719
153	7650	0	0	0	4	0	-9.995723	-10.313775	0	0	1293.000000	-9.984145	-10.157719
154	7700	0	0	0	4	0	-10.085419	-10.235766	0	0	1275.000000	-9.984145	-10.157719
155	7750	0	0	0	4	0	-9.005876	-8.139293	0	0	1251.000000	-9.984145	-10.157719
156	7800	0	0	0	4	0	-8.959294	-8.159762	0	0	1271.000000	-9.984145	-10.157719
157	7850	0	0	0	4	0	-9.171729	-8.384786	0	0	1279.000000	-9.284619	-9.446032
158	7900	0	0	0	4	0	-9.288024	-8.478226	0	0	1255.000000	-8.224731	-8.367718
159	7950	0	0	0	4	0	-9.273491	-8.565784	0	0	1231.000000	-7.164843	-7.289403
160	8000	0	0	0	4	0	-9.215348	-8.405230	0	0	1253.000000	-6.104955	-6.211089
161	8050	0	0	0	4	0	-8.326363	-7.834935	0	0	1276.000000	-5.045067	-5.132775
162	8100	0	0	0	4	0	-6.286144	-5.689909	0	0	1217.000000	-3.985179	-4.054461
163	8150	0	0	0	4	0	-3.448498	-2.564659	0	0	1210.000000	-2.925291	-2.976147
164	8200	0	0	0	4	0	-3.249242	-2.651020	0	0	1233.000000	-1.865403	-1.897833
165	8250	0	0	0	4	0	-2.948724	-2.484243	0	0	1243.000000	-0.805515	-0.819519
166	8300	0	0	0	4	0	-0.904124	-1.646800	0	0	1227.000000	0.000000	0.000000
167	8350	0	0	0	4	0	0.041778	-0.766882	0	0	1196.000000	0.000000	0.000000
168	8400	0	0	0	4	0	0.328253	-0.602777	0	0	1209.000000	0.000000	0.000000
169	8450	0	0	0	4	0	0.319302	0.495358	0	0	1238.000000	0.000000	0.000000
170	8500	0	0	0	4	0	0.399870	0.414790	0	0	1217.000000	0.000000	0.000000
171	8550	0	0	0	4	0	0.584874	0.325269	0	0	1184.000000	0.000000	0.000000
172	8600	0	0	0	4	0	0.751964	0.250667	0	0	1201.000000	0.000000	0.000000
173	8650	0	0	0	4	0	0.665436	0.071620	0	0	1229.000000	0.000000	0.000000
174	8700	0	0	0	4	0	-0.173080	-0.268572	0	0	1227.000000	0.000000	0.000000
175	8750	0	0	0	4	0	-0.110414	-0.259620	0	0	1220.000000	0.000000	0.000000
176	8800	0	0	0	4	0	-0.170097	-0.092509	0	0	1232.000000	0.000000	0.000000
177	8850	0	0	0	4	0	-0.107429	-0.005969	0	0	1263.000000	0.000000	0.000000
178	8900	0	0	0	4	0	-0.140255	-0.074604	0	0	1224.000000	0.000000	0.000000
179	8950	0	0	0	4	0	-0.092508	-0.092509	0	0	1231.000000	0.000000	0.000000
180	9000	0	0	0	4	0	-0.208890	-0.128318	0	0	1239.000000	0.000000	0.000000
181	9050	0	0	0	4	0	-0.301396	-0.193969	0	0	1272.000000	0.000000	0.000000
182	9100	0	0	0	4	0	-0.411806	-0.507293	0	0	1235.000000	0.000000	0.000000
183	9150	0	0	0	4	0	-0.370031	-0.513261	0	0	1219.000000	0.000000	0.000000
184	9200	0	0	0	4	0	-0.489390	-0.635599	0	0	1249.000000	0.000000	0.000000
185	9250	0	0	0	4	0	-0.507293	-0.525197	0	0	1266.000000	0.000000	0.000000
186	9300	0	0	0	4	0	-0.611729	-0.623664	0	0	1233.000000	-9.984145	-10.157719
187	9350	0	0	0	4	0	-0.402854	-0.593825	0	0	1228.000000	-9.984145	-10.157719
188	9400	0	0	0	4	0	-0.555035	-0.629632	0	0	1239.000000	-9.984145	-10.157719
189	9450	0	0	0	4	0	-0.620680	-0.775833	0	0	1261.000000	-9.984145	-10.157719
190	9500	0	0	0	4	0	-0.659468	-0.781801	0	0	1237.000000	-9.984145	-10.157719
191	9550	0	0	0	4	0	-0.728095	-1.223318	0	0	1236.000000	-9.984145	-10.157719
192	9600	0	0	0	4	0	-6.156383	-6.424681	0	0	1309.000000	-9.984145	-10.157719
193	9650	0	0	0	4	0	-10.593707	-10.296443	0	0	1330.000000	-9.984145	-10.157719
194	9700	0	0	0	4	0	-10.720520	-11.154902	0	0	1329.000000	-9.984145	-10.157719
195	9750	0	0	0	4	0	-10.512954	-10.927802	0	0	1328.000000	-9.984145	-10.157719
196	9800	0	0	0	4	0	-10.411952	-10.631186	0	0	1315.000000	-9.984145	-10.157719
197	9850	0	0	0	4	0	-10.832834	-10.189520	0	0	1326.000000	-9.984145	-10.157719
198	9900	0	0	0	4	0	-11.074450	-10.279109	0	0	1313.000000	-9.984145	-10.157719
199	9950	0	0	0	4	0	-10.547568	-10.342658	0	0	1293.000000	-9.984145	-10.157719
200	10000	0	0	0	4	0	-10.660009	-10.449475	0	0	1291.000000	-9.984145	-10.157719
201	10050	0	0	0	4	0	-10.654244	-10.504300	0	0	1275.000000	-9.984145	-10.157719
202	10100	0	0	0	4	0	-10.209755	-10.209755	0	0	1265.000000	-9.984145	-10.157719
203	10150	0	0	0	4	0	-10.166392	-10.325329	0	0	1253.000000	-9.984145	-10.157719
204	10200	0	0	0	4	0	-10.201083	-10.362871	0	0	1263.000000	-9.984145	-10.157719
205	10250	0	0	0	4	0	-10.250216	-10.440817	0	0	1274.000000	-9.984145	-10.157719
206	10300	0	0	0	4	0	-10.273331	-10.400407	0	0	1262.000000	0.000000	0.000000
207	10350	0	0	0	4	0	-9.975461	-10.140371	0	0	1256.000000	0.000000	0.000000
208	10400	0	0	0	4	0	-9.610336	-9.645144	0	0	1257.000000	0.000000	0.000000
209	10450	0	0	0	4	0	-9.621941	-9.743731	0	0	1282.000000	0.000000	0.000000
210	10500	0	0	0	4	0	-9.261864	-9.415860	0	0	1260.000000	0.000000	0.000000
211	10550	0	0	0	4	0	-2.591463	-1.634873	0	0	1204.000000	0.000000	0.000000
212	10600	0	0	0	4	0	-0.611729	0.933958	0	0	1202.000000	0.000000	0.000000
213	10650	0	0	0	4	0	-0.948874	0.319302	0	0	1206.000000	0.000000	0.000000
214	10700	0	0	0	4	0	-1.056272	-0.414790	0	0	1198.000000	0.000000	0.000000
215	10750	0	0	0	4	0	-0.444631	-0.808653	0	0	1194.000000	0.000000	0.000000
216	10800	0	0	0	4	0	-0.459551	-0.832520	0	0	1201.000000	0.000000	0.000000
217	10850	0	0	0	4	0	-0.477454	-0.453582	0	0	1224.000000	0.000000	0.000000
218	10900	0	0	0	4	0	-0.298413	-0.146223	0	0	1201.000000	0.000000	0.000000
219	10950	0	0	0	4	0	-0.095493	-0.161144	0	0	1183.000000	0.000000	0.000000
220	11000	0	0	0	4	0	-0.032825	-0.062667	0	0	1196.000000	0.000000	0.000000
221	11050	0	0	0	4	0	-0.185017	0.173080	0	0	1226.000000	0.000000	0.000000
222	11100	0	0	0	4	0	-0.113397	0.316317	0	0	1193.000000	0.000000	0.000000
223	11150	0	0	0	4	0	0.050731	0.220826	0	0	1191.000000	0.000000	0.000000
224	11200	0	0	0	4	0	0.217842	0.292444	0	0	1195.000000	0.000000	0.000000
225	11250	0	0	0	4	0	0.182033	0.271556	0	0	1247.000000	0.000000	0.000000
226	11300	0	0	0	4	0	0.002984	0.023873	0	0	1206.000000	0.281905	-0.286806
227	11350	0	0	0	4	0	-0.014921	-0.256636	0	0	1188.000000	1.456511	-1.481832
228	11400	0	0	0	4	0	-0.176065	-0.298413	0	0	1206.000000	2.631116	-2.676858
229	11450	0	0	0	4	0	-0.277524	-0.477454	0	0	1233.000000	3.805721	-3.871883
230	11500	0	0	0	4	0	0.751964	-1.011523	0	0	1220.000000	4.980327	-5.066909
231	11550	0	0	0	4	0	5.311449	-4.902902	0	0	1223.000000	6.154932	-6.261935
232	11600	0	0	0	4	0	7.110324	-6.969237	0	0	1244.000000	7.329537	-7.456961
233	11650	0	0	0	4	0	7.110324	-7.811504	0	0	1261.000000	8.504143	-8.651986
234	11700	0	0	0	4	0	8.115898	-8.524928	0	0	1261.000000	9.678748	-9.847012
235	11750	0	0	0	4	0	8.527847	-8.618300	0	0	1257.000000	9.984145	-10.157719
236	11800	0	0	0	4	0	8.871920	-8.691216	0	0	1269.000000	9.984145	-10.157719
237	11850	0	0	0	4	0	10.775247	-10.634068	0	0	1281.000000	9.984145	-10.157719
238	11900	0	0	0	4	0	11.177880	-11.057206	0	0	1275.000000	9.984145	-10.157719
239	11950	0	0	0	4	0	11.547893	-11.209469	0	0	1259.000000	9.984145	-10.157719
240	12000	0	0	0	4	0	10.296444	-10.763727	0	0	1271.000000	9.984145	-10.157719
241	12050	0	0	0	4	0	10.270441	-10.953691	0	0	1286.000000	9.984145	-10.157719
242	12100	0	0	0	4	0	10.357097	-10.959443	0	0	1277.000000	9.984145	-10.157719
243	12150	0	0	0	4	0	10.432158	-10.605241	0	0	1267.000000	9.984145	-10.157719
244	12200	0	0	0	4	0	10.221315	-10.631186	0	0	1282.000000	9.984145	-10.157719
245	12250	0	0	0	4	0	10.250215	-10.657127	0	0	1289.000000	9.984145	-10.157719
246	12300	0	0	0	4	0	10.435045	-10.798284	0	0	1280.000000	9.984145	-10.157719
247	12350	0	0	0	4	0	10.691709	-10.512954	0	0	1254.000000	9.984145	-10.157719
248	12400	0	0	0	4	0	10.481218	-10.495646	0	0	1273.000000	9.984145	-10.157719
249	12450	0	0	0	4	0	10.394631	-10.561989	0	0	1283.000000	9.984145	-10.157719
250	12500	0	0	0	4	0	10.587940	-10.495646	0	0	1272.000000	9.984145	-10.157719
251	12550	0	0	0	4	0	10.697472	-10.518723	0	0	1256.000000	9.984145	-10.157719
252	12600	0	0	0	4	0	10.212645	-9.914662	0	0	1257.000000	9.984145	-10.157719
253	12650	0	0	0	4	0	10.062277	-9.833564	0	0	1256.000000	9.984145	-10.157719
254	12700	0	0	0	4	0	10.169283	-9.790101	0	0	1245.000000	9.984145	-10.157719
255	12750	0	0	0	4	0	10.183740	-9.963881	0	0	1235.000000	9.027116	-9.184052
256	12800	0	0	0	4	0	10.149045	-9.868325	0	0	1245.000000	7.733833	-7.868285
257	12850	0	0	0	4	0	10.050704	-10.143261	0	0	1251.000000	6.440549	-6.552518
258	12900	0	0	0	4	0	10.420613	-10.192412	0	0	1233.000000	5.147266	-5.236752
259	12950	0	0	0	4	0	9.052447	-7.512531	0	0	1219.000000	3.853983	-3.920985
260	13000	0	0	0	4	0	6.070824	-3.855667	0	0	1193.000000	2.560700	-2.605218
261	13050	0	0	0	4	0	3.938837	-3.290884	0	0	1230.000000	1.267417	-1.289451
262	13100	0	0	0	4	0	2.040299	-2.871335	0	0	1184.000000	0.000000	0.000000
263	13150	0	0	0	4	0	0.331238	-2.031358	0	0	1143.000000	0.000000	0.000000
264	13200	0	0	0	4	0	-1.157694	-0.349142	0	0	1128.000000	0.000000	0.000000
265	13250	0	0	0	4	0	-1.777985	-0.262603	0	0	1126.000000	0.000000	0.000000
266	13300	0	0	0	4	0	-2.245917	-0.462534	0	0	1079.000000	0.000000	0.000000
267	13350	0	0	0	4	0	-90.000000	-90.000000	0	4	0.000000	0.000000	0.000000
268	13400	0	0	0	4	0	-90.000000	-90.000000	0	4	0.000000	0.000000	0.000000
269	13450	0	0	0	4	0	-90.000000	-90.000000	0	4	0.000000	0.000000	0.000000
270	13500	0	0	0	4	0	-90.000000	-90.000000	0	4	0.000000	0.000000	0.000000
271	13550	0	0	0	4	0	-90.000000	-90.000000	0	4	0.000000	0.000000	0.000000
272	13600	0	0	0	4	0	-90.000000	-90.000000	0	4	0.000000	0.000000	0.000000
273	13650	0	0	0	4	0	-90.000000	-90.000000	0	4	0.000000	0.000000	0.000000
274	13700	0	0	0	4	0	-90.000000	-90.000000	0	4	0.000000	0.000000	0.000000
275	13750	0	0	0	4	0	-90.000000	-90.000000	0	4	0.000000	0.000000	0.000000
276	13800	0	0	0	4	0	-0.581890	-1.071187	0	0	1124.000000	0.000000	0.000000
277	13850	0	0	0	4	0	-0.378983	-2.061162	0	0	1139.000000	0.000000	0.000000
278	13900	0	0	0	4	0	-0.489390	-2.040299	0	0	1146.000000	0.000000	0.000000
279	13950	0	0	0	4	0	-0.880257	0.256636	0	0	1142.000000	0.000000	0.000000
280	14000	0	0	0	4	0	-0.683340	0.149207	0	0	1151.000000	0.000000	0.000000
281	14050	0	0	0	4	0	-0.605761	-0.008952	0	0	1174.000000	0.000000	0.000000
282	14100	0	0	0	4	0	-0.280509	0.301397	0	0	1166.000000	9.984145	-10.157719
283	14150	0	0	0	4	0	-0.205907	0.280508	0	0	1139.000000	9.984145	-10.157719
284	14200	0	0	0	4	0	-0.199938	0.453582	0	0	1128.000000	9.984145	-10.157719
285	14250	0	0	0	4	0	-0.262603	0.265588	0	0	1159.000000	9.984145	-10.157719
286	14300	0	0	0	4	0	1.822704	-0.701241	0	0	1188.000000	9.984145	-10.157719
287	14350	0	0	0	4	0	10.073848	-11.361571	0	0	1245.000000	9.984145	-10.157719
288	14400	0	0	0	4	0	9.034986	-11.404591	0	0	1233.000000	9.984145	-10.157719
289	14450	0	0	0	4	0	8.574537	-11.416061	0	0	1244.000000	9.984145	-10.157719
290	14500	0	0	0	4	0	9.398434	-10.030449	0	0	1242.000000	9.984145	-10.157719
291	14550	0	0	0	4	0	9.491355	-10.062278	0	0	1248.000000	9.984145	-10.157719
292	14600	0	0	0	4	0	9.439093	-9.949408	0	0	1278.000000	9.984145	-10.157719
293	14650	0	0	0	4	0	9.992828	-10.068063	0	0	1290.000000	9.984145	-10.157719
294	14700	0	0	0	4	0	9.978355	-10.186629	0	0	1301.000000	9.984145	-10.157719
295	14750	0	0	0	4	0	10.079634	-10.105666	0	0	1298.000000	9.984145	-10.157719
296	14800	0	0	0	4	0	10.079634	-10.120129	0	0	1297.000000	9.984145	-10.157719
297	14850	0	0	0	4	0	9.845152	-10.221315	0	0	1335.000000	9.984145	-10.157719
298	14900	0	0	0	4	0	9.995723	-9.717639	0	0	1337.000000	9.984145	-10.157719
299	14950	0	0	0	4	0	10.102775	-9.531994	0	0	1335.000000	9.984145	-10.157719
300	15000	0	0	0	4	0	10.036237	-9.404243	0	0	1371.000000	9.984145	-10.157719
301	15050	0	0	0	4	0	9.981250	-9.322898	0	0	1408.000000	9.984145	-10.157719
302	15100	0	0	0	4	0	9.891496	-9.177546	0	0	1418.000000	0.000000	0.000000
303	15150	0	0	0	4	0	9.917559	-9.000054	0	0	1419.000000	0.000000	0.000000
304	15200	0	0	0	4	0	9.821975	-8.825302	0	0	1453.000000	0.000000	0.000000
305	15250	0	0	0	4	0	9.540698	-8.662052	0	0	1500.000000	0.000000	0.000000
306	15300	0	0	0	4	0	6.259607	-5.092437	0	0	1560.000000	0.000000	0.000000
307	15350	0	0	0	4	0	0.128318	1.697487	0	0	1520.000000	0.000000	0.000000
308	15400	0	0	0	4	0	0.214859	1.461919	0	0	1496.000000	0.000000	0.000000
309	15450	0	0	0	4	0	0.101461	1.256128	0	0	1530.000000	0.000000	0.000000
310	15500	0	0	0	4	0	0.017905	1.056271	0	0	1519.000000	0.000000	0.000000
311	15550	0	0	0	4	0	-3.403895	-10.605241	0	0	911.000000	0.000000	0.000000
312	15600	0	0	0	4	0	-90.000000	-90.000000	0	4	0.000000	0.000000	0.000000
313	15650	0	0	0	4	0	-90.000000	-90.000000	0	4	0.000000	0.000000	0.000000
314	15700	0	0	0	4	0	-90.000000	-90.000000	0	4	0.000000	0.000000	0.000000
315	15750	0	0	0	4	0	-0.122349	-0.734062	0	0	1435.000000	0.000000	0.000000
316	15800	0	0	0	4	0	-0.447614	0.223811	0	0	1481.000000	0.000000	0.000000
317	15850	0	0	0	4	0	-0.364062	0.817603	0	0	1522.000000	0.000000	0.000000
318	15900	0	0	0	4	0	-0.199938	0.784783	0	0	1507.000000	0.000000	0.000000
319	15950	0	0	0	4	0	-0.116383	0.895174	0	0	1488.000000	0.000000	0.000000
320	16000	0	0	0	4	0	0.002984	0.948874	0	0	1483.000000	0.000000	0.000000
321	16050	0	0	0	4	0	-0.083556	0.874289	0	0	1527.000000	0.000000	0.000000
322	16100	0	0	0	4	0	-0.164128	0.793735	0	0	1497.000000	0.028284	0.028775
323	16150	0	0	0	4	0	0.205906	0.814619	0	0	1457.000000	1.442469	1.467546
324	16200	0	0	0	4	0	0.208890	0.811636	0	0	1467.000000	2.856653	2.906316
325	16250	0	0	0	4	0	0.247683	0.817603	0	0	1509.000000	4.270838	4.345087
326	16300	0	0	0	4	0	0.253652	0.531164	0	0	1471.000000	5.685023	5.783857
327	16350	0	0	0	4	0	2.308486	3.094540	0	0	1408.000000	7.099208	7.222627
328	16400	0	0	0	4	0	7.477330	8.557030	0	0	1316.000000	8.513392	8.661398
329	16450	0	0	0	4	0	8.112972	8.746611	0	0	1354.000000	9.927578	10.100168
330	16500	0	0	0	4	0	8.650386	8.489902	0	0	1272.000000	9.984145	10.157719
331	16550	0	0	0	4	0	10.221315	9.331615	0	0	1250.000000	9.984145	10.157719
332	16600	0	0	0	4	0	10.561989	10.388858	0	0	1264.000000	9.984145	10.157719
333	16650	0	0	0	4	0	10.004404	9.537797	0	0	1326.000000	9.984145	10.157719
334	16700	0	0	0	4	0	10.910539	9.894392	0	0	1247.000000	9.984145	10.157719
335	16750	0	0	0	4	0	10.524493	10.527377	0	0	1222.000000	9.984145	10.157719
336	16800	0	0	0	4	0	9.969672	10.238656	0	0	1266.000000	9.984145	10.157719
337	16850	0	0	0	4	0	9.497161	9.621941	0	0	1290.000000	9.984145	10.157719
338	16900	0	0	0	4	0	10.570640	10.232876	0	0	1216.000000	9.984145	10.157719
339	16950	0	0	0	4	0	10.359984	10.287776	0	0	1230.000000	9.984145	10.157719
340	17000	0	0	0	4	0	9.995723	10.099881	0	0	1270.000000	9.984145	10.157719
341	17050	0	0	0	4	0	9.343237	9.743730	0	0	1302.000000	9.984145	10.157719
342	17100	0	0	0	4	0	10.409065	10.377309	0	0	1227.000000	9.984145	10.157719
343	17150	0	0	0	4	0	10.229987	10.440817	0	0	1236.000000	9.984145	10.157719
344	17200	0	0	0	4	0	9.917559	10.157718	0	0	1278.000000	9.984145	10.157719
345	17250	0	0	0	4	0	9.497161	9.584226	0	0	1319.000000	9.984145	10.157719
346	17300	0	0	0	4	0	10.169283	9.966778	0	0	1242.000000	9.984145	10.157719
347	17350	0	0	0	4	0	10.319551	10.128803	0	0	1244.000000	9.984145	10.157719
348	17400	0	0	0	4	0	9.868325	9.917559	0	0	1273.000000	9.984145	10.157719
349	17450	0	0	0	4	0	9.395529	9.337427	0	0	1319.000000	9.984145	10.157719
350	17500	0	0	0	4	0	10.137479	9.720538	0	0	1226.000000	8.516338	8.664394
351	17550	0	0	0	4	0	10.085419	9.819078	0	0	1241.000000	6.987373	7.108848
352	17600	0	0	0	4	0	9.642244	9.569718	0	0	1266.000000	5.458407	5.553301
353	17650	0	0	0	4	0	9.020432	9.032074	0	0	1314.000000	3.929441	3.997755
354	17700	0	0	0	4	0	7.805645	7.788069	0	0	1293.000000	2.400476	2.442208
355	17750	0	0	0	4	0	1.232266	1.807798	0	0	1399.000000	0.871510	0.886662
356	17800	0	0	0	4	0	-0.304381	-0.104445	0	0	1429.000000	-0.657455	-0.668885
357	17850	0	0	0	4	0	-0.620680	-0.408823	0	0	1453.000000	-2.186421	-2.224432
358	17900	0	0	0	4	0	-0.698258	-0.173080	0	0	1437.000000	-3.715386	-3.779978
359	17950	0	0	0	4	0	-0.865339	-0.146223	0	0	1393.000000	-5.244352	-5.335525
360	18000	0	0	0	4	0	-0.960808	-0.268572	0	0	1382.000000	-6.773317	-6.891071
361	18050	0	0	0	4	0	-1.017489	-0.569955	0	0	1404.000000	-8.302283	-8.446617
362	18100	0	0	0	4	0	-5.500741	-5.444557	0	0	1415.000000	-9.831248	-10.002164
363	18150	0	0	0	4	0	-6.014753	-6.259606	0	0	1375.000000	-9.984145	-10.157719
364	18200	0	0	0	4	0	-5.955719	-6.365738	0	0	1353.000000	-9.984145	-10.157719
365	18250	0	0	0	4	0	-5.976383	-6.495393	0	0	1393.000000	-9.984145	-10.157719
366	18300	0	0	0	4	0	-10.639833	-9.226979	0	0	1387.000000	-9.984145	-10.157719
367	18350	0	0	0	4	0	-10.596591	-9.447803	0	0	1376.000000	-9.984145	-10.157719
368	18400	0	0	0	4	0	-10.818439	-9.482646	0	0	1370.000000	-9.984145	-10.157719
369	18450	0	0	0	4	0	-11.011209	-9.758223	0	0	1380.000000	-9.984145	-10.157719
370	18500	0	0	0	4	0	-10.734923	-10.027556	0	0	1381.000000	-9.984145	-10.157719
371	18550	0	0	0	4	0	-10.827076	-10.088311	0	0	1369.000000	-9.984145	-10.157719
372	18600	0	0	0	4	0	-10.455247	-9.972566	0	0	1367.000000	-9.984145	-10.157719
373	18650	0	0	0	4	0	-10.221315	-9.830667	0	0	1377.000000	-9.984145	-10.157719
374	18700	0	0	0	4	0	-10.244436	-9.946512	0	0	1366.000000	-9.984145	-10.157719
375	18750	0	0	0	4	0	-10.209755	-10.039131	0	0	1346.000000	-9.984145	-10.157719
376	18800	0	0	0	4	0	-10.261773	-10.007298	0	0	1348.000000	-9.984145	-10.157719
377	18850	0	0	0	4	0	-10.163502	-9.755322	0	0	1351.000000	-9.984145	-10.157719
378	18900	0	0	0	4	0	-10.151937	-9.642244	0	0	1343.000000	-9.984145	-10.157719
379	18950	0	0	0	4	0	-10.134587	-9.624841	0	0	1318.000000	-9.984145	-10.157719
380	19000	0	0	0	4	0	-10.059382	-9.592930	0	0	1314.000000	-9.984145	-10.157719
381	19050	0	0	0	4	0	-10.059382	-9.662547	0	0	1341.000000	-9.984145	-10.157719
382	19100	0	0	0	4	0	-9.952303	-9.561013	0	0	1335.000000	-9.984145	-10.157719
383	19150	0	0	0	4	0	-9.868325	-9.502967	0	0	1323.000000	-8.503794	-8.651632
384	19200	0	0	0	4	0	-9.798795	-9.366481	0	0	1325.000000	-6.858960	-6.978202
385	19250	0	0	0	4	0	-9.801693	-9.357764	0	0	1355.000000	-5.214125	-5.304772
386	19300	0	0	0	4	0	-9.720539	-9.349048	0	0	1358.000000	-3.569291	-3.631343
387	19350	0	0	0	4	0	-5.607163	-4.309926	0	0	1349.000000	-1.924456	-1.957913
388	19400	0	0	0	4	0	0.176064	1.172609	0	0	1290.000000	-0.279622	-0.284483
389	19450	0	0	0	4	0	1.115933	1.795874	0	0	1321.000000	1.365213	1.388947
390	19500	0	0	0	4	0	3.466337	2.451479	0	0	1275.000000	3.010047	3.062376
391	19550	0	0	0	4	0	5.530305	4.428598	0	0	1204.000000	4.654881	4.735806
392	19600	0	0	0	4	0	6.303833	5.598296	0	0	1205.000000	6.299716	6.409236
393	19650	0	0	0	4	0	5.973430	5.613075	0	0	1260.000000	7.944551	8.082665
394	19700	0	0	0	4	0	7.374630	7.802715	0	0	1137.000000	9.589385	9.756096
395	19750	0	0	0	4	0	8.962206	9.386814	0	0	1108.000000	9.984145	10.157719
396	19800	0	0	0	4	0	8.650386	9.334520	0	0	1153.000000	9.984145	10.157719
397	19850	0	0	0	4	0	8.828217	8.950559	0	0	1166.000000	9.984145	10.157719
398	19900	0	0	0	4	0	10.870252	9.966778	0	0	1056.000000	9.984145	10.157719
399	19950	0	0	0	4	0	10.639833	9.775612	0	0	1097.000000	9.984145	10.157719
400	20000	0	0	0	4	0	9.926246	9.764018	0	0	1145.000000	9.984145	10.157719
401	20050	0	0	0	4	0	9.729235	9.494258	0	0	1150.000000	9.984145	10.157719
402	20100	0	0	0	4	0	11.025584	10.065169	0	0	1063.000000	9.984145	10.157719
403	20150	0	0	0	4	0	10.752207	10.030450	0	0	1088.000000	9.984145	10.157719
404	20200	0	0	0	4	0	9.700243	9.790101	0	0	1147.000000	9.984145	10.157719
405	20250	0	0	0	4	0	9.410051	9.308368	0	0	1184.000000	9.984145	10.157719
406	20300	0	0	0	4	0	10.530262	9.862533	0	0	1075.000000	9.984145	10.157719
407	20350	0	0	0	4	0	10.616773	10.047811	0	0	1089.000000	9.984145	10.157719
408	20400	0	0	0	4	0	9.877015	9.801692	0	0	1143.000000	9.984145	10.157719
409	20450	0	0	0	4	0	9.531993	9.383910	0	0	1173.000000	9.984145	10.157719
410	20500	0	0	0	4	0	10.778128	9.955198	0	0	1064.000000	9.984145	10.157719
411	20550	0	0	0	4	0	10.501414	10.177957	0	0	1089.000000	9.984145	10.157719
412	20600	0	0	0	4	0	9.679947	9.865430	0	0	1134.000000	9.984145	10.157719
413	20650	0	0	0	4	0	9.183362	9.334520	0	0	1170.000000	9.984145	10.157719
414	20700	0	0	0	4	0	9.914663	9.740830	0	0	1096.000000	9.984145	10.157719
415	20750	0	0	0	4	0	10.073848	10.010193	0	0	1076.000000	-9.984145	-10.157719
416	20800	0	0	0	4	0	9.340332	9.552306	0	0	1120.000000	-9.984145	-10.157719
417	20850	0	0	0	4	0	9.052447	9.221165	0	0	1142.000000	-9.984145	-10.157719
418	20900	0	0	0	4	0	9.871222	9.555209	0	0	1066.000000	-9.984145	-10.157719
419	20950	0	0	0	4	0	9.787204	9.761121	0	0	1054.000000	-9.984145	-10.157719
420	21000	0	0	0	4	0	-1.238232	0.217842	0	0	1257.000000	-9.984145	-10.157719
421	21050	0	0	0	4	0	-7.711892	-6.483610	0	0	1321.000000	-9.984145	-10.157719
422	21100	0	0	0	4	0	-8.536604	-7.641550	0	0	1321.000000	-9.984145	-10.157719
423	21150	0	0	0	4	0	-8.232850	-7.436255	0	0	1306.000000	-9.984145	-10.157719
424	21200	0	0	0	4	0	-8.489902	-7.506665	0	0	1293.000000	-9.984145	-10.157719
425	21250	0	0	0	4	0	-9.752425	-9.064088	0	0	1307.000000	-9.984145	-10.157719
426	21300	0	0	0	4	0	-9.923350	-9.154279	0	0	1295.000000	-9.984145	-10.157719
427	21350	0	0	0	4	0	-10.059382	-9.154279	0	0	1264.000000	-9.984145	-10.157719
428	21400	0	0	0	4	0	-10.325329	-9.972566	0	0	1268.000000	-9.984145	-10.157719
429	21450	0	0	0	4	0	-10.391745	-10.082527	0	0	1267.000000	-9.984145	-10.157719
430	21500	0	0	0	4	0	-10.461019	-10.091205	0	0	1252.000000	-9.984145	-10.157719
431	21550	0	0	0	4	0	-10.625422	-10.140371	0	0	1251.000000	-9.984145	-10.157719
432	21600	0	0	0	4	0	-10.062278	-10.091205	0	0	1238.000000	-9.984145	-10.157719
433	21650	0	0	0	4	0	-10.157718	-10.154828	0	0	1262.000000	-9.984145	-10.157719
434	21700	0	0	0	4	0	-10.192412	-10.195301	0	0	1251.000000	-9.984145	-10.157719
435	21750	0	0	0	4	0	-10.313775	-10.192412	0	0	1238.000000	9.984145	10.157719
436	21800	0	0	0	4	0	-10.475447	-10.070955	0	0	1251.000000	9.984145	10.157719
437	21850	0	0	0	4	0	-8.787417	-8.627051	0	0	1283.000000	9.984145	10.157719
438	21900	0	0	0	4	0	-8.866094	-8.618300	0	0	1276.000000	9.984145	10.157719
439	21950	0	0	0	4	0	-8.664968	-8.446110	0	0	1241.000000	9.984145	10.157719
440	22000	0	0	0	4	0	-3.507961	-3.713051	0	0	1252.000000	9.984145	10.157719
441	22050	0	0	0	4	0	3.885371	3.537690	0	0	1199.000000	9.984145	10.157719
442	22100	0	0	0	4	0	7.990097	7.248390	0	0	1110.000000	9.984145	10.157719
443	22150	0	0	0	4	0	10.140370	8.732034	0	0	1054.000000	9.984145	10.157719
444	22200	0	0	0	4	0	10.007298	8.970942	0	0	1085.000000	9.984145	10.157719
445	22250	0	0	0	4	0	9.200810	9.133916	0	0	1111.000000	9.984145	10.157719
446	22300	0	0	0	4	0	9.856739	9.639344	0	0	1049.000000	9.984145	10.157719
447	22350	0	0	0	4	0	10.250215	9.952303	0	0	1040.000000	9.984145	10.157719
448	22400	0	0	0	4	0	9.905976	9.587128	0	0	1090.000000	9.984145	10.157719
449	22450	0	0	0	4	0	9.943618	9.058268	0	0	1107.000000	9.984145	10.157719
450	22500	0	0	0	4	0	11.338623	9.700243	0	0	1011.000000	9.984145	10.157719
451	22550	0	0	0	4	0	10.711877	10.281998	0	0	1044.000000	9.984145	10.157719
452	22600	0	0	0	4	0	10.218426	9.943618	0	0	1084.000000	9.984145	10.157719
453	22650	0	0	0	4	0	9.952302	9.601634	0	0	1121.000000	9.984145	10.157719
454	22700	0	0	0	4	0	11.108935	10.131694	0	0	1026.000000	9.984145	10.157719
455	22750	0	0	0	4	0	10.703234	10.163502	0	0	1052.000000	8.087157	10.157719
456	22800	0	0	0	4	0	10.070955	9.952303	0	0	1089.000000	5.591121	10.157719
457	22850	0	0	0	4	0	9.624842	9.360670	0	0	1143.000000	3.095085	10.157719
458	22900	0	0	0	4	0	10.261773	9.517480	0	0	1078.000000	0.599049	10.157719
459	22950	0	0	0	4	0	9.247330	9.700243	0	0	1098.000000	-1.896988	10.157719
460	23000	0	0	0	4	0	1.351571	9.183362	0	0	1148.000000	-4.393024	10.157719
461	23050	0	0	0	4	0	-3.751681	8.965117	0	0	1170.000000	-6.889060	10.157719
462	23100	0	0	0	4	0	-4.965105	8.880659	0	0	1143.000000	-9.385097	10.157719
463	23150	0	0	0	4	0	-5.970479	9.549405	0	0	1111.000000	-9.984145	10.157719
464	23200	0	0	0	4	0	-8.854440	10.374421	0	0	1116.000000	-9.984145	10.157719
465	23250	0	0	0	4	0	-9.203716	9.882808	0	0	1164.000000	-9.984145	10.157719
466	23300	0	0	0	4	0	-10.521608	9.621941	0	0	1131.000000	-9.984145	10.157719
467	23350	0	0	0	4	0	-11.051457	9.932036	0	0	1084.000000	-9.984145	10.157719
468	23400	0	0	0	4	0	-11.264016	10.287776	0	0	1084.000000	-9.984145	10.157719
469	23450	0	0	0	4	0	-10.504300	9.949408	0	0	1136.000000	-9.984145	10.157719
470	23500	0	0	0	4	0	-10.440817	9.891496	0	0	1122.000000	-9.984145	10.157719
471	23550	0	0	0	4	0	-10.648481	10.435045	0	0	1079.000000	-9.984145	10.157719
472	23600	0	0	0	4	0	-10.806922	10.642716	0	0	1097.000000	-9.984145	10.157719
473	23650	0	0	0	4	0	-10.636950	10.007298	0	0	1148.000000	-9.984145	10.157719
474	23700	0	0	0	4	0	-10.068063	9.966778	0	0	1091.000000	-9.984145	10.157719
475	23750	0	0	0	4	0	-10.218425	10.319551	0	0	1069.000000	-9.984145	10.157719
476	23800	0	0	0	4	0	-10.287776	10.472562	0	0	1091.000000	-9.984145	10.157719
477	23850	0	0	0	4	0	-10.088311	9.804590	0	0	1165.000000	-9.984145	10.157719
478	23900	0	0	0	4	0	-9.949408	10.244436	0	0	1099.000000	-9.984145	10.157719
479	23950	0	0	0	4	0	-10.169284	10.852983	0	0	1067.000000	-9.984145	10.157719
480	24000	0	0	0	4	0	-10.244436	11.068704	0	0	1099.000000	-9.984145	10.157719
481	24050	0	0	0	4	0	-10.024664	10.394631	0	0	1155.000000	-9.984145	10.157719
482	24100	0	0	0	4	0	-9.923350	10.316663	0	0	1100.000000	-9.984145	10.157719
483	24150	0	0	0	4	0	-10.062278	10.861618	0	0	1080.000000	-8.643517	8.793785
484	24200	0	0	0	4	0	-10.151937	11.120429	0	0	1101.000000	-6.879535	6.999135
485	24250	0	0	0	4	0	-9.801693	10.270441	0	0	1178.000000	-5.115551	5.204485
486	24300	0	0	0	4	0	-9.645144	10.189521	0	0	1121.000000	-3.351568	3.409835
487	24350	0	0	0	4	0	-9.645144	10.700353	0	0	1088.000000	-1.587585	1.615185
488	24400	0	0	0	4	0	-7.219022	8.842787	0	0	1167.000000	0.176398	-0.179465
489	24450	0	0	0	4	0	2.403818	0.113397	0	0	1337.000000	1.940382	-1.974115
490	24500	0	0	0	4	0	2.338279	-1.127865	0	0	1364.000000	3.704365	-3.768765
491	24550	0	0	0	4	0	2.385944	-1.196472	0	0	1356.000000	5.468348	-5.563415
492	24600	0	0	0	4	0	2.659954	-1.423150	0	0	1367.000000	7.232331	-7.358065
493	24650	0	0	0	4	0	2.770120	-1.619964	0	0	1410.000000	8.996315	-9.152715
494	24700	0	0	0	4	0	2.942771	-1.968767	0	0	1429.000000	9.984145	-10.157719
495	24750	0	0	0	4	0	10.423500	-8.679550	0	0	1461.000000	9.984145	-10.157719
496	24800	0	0	0	4	0	10.414840	-9.984144	0	0	1475.000000	9.984145	-10.157719
497	24850	0	0	0	4	0	10.345545	-10.143261	0	0	1491.000000	9.984145	-10.157719
498	24900	0	0	0	4	0	10.492760	-10.091205	0	0	1498.000000	9.984145	-10.157719
499	24950	0	0	0	4	0	10.518723	-9.984144	0	0	1464.000000	9.984145	-10.157719
500	25000	0	0	0	4	0	10.484103	-10.154828	0	0	1469.000000	9.984145	-10.157719
501	25050	0	0	0	4	0	10.414840	-10.143261	0	0	1484.000000	9.984145	-10.157719
502	25100	0	0	0	4	0	9.862533	-9.940722	0	0	1485.000000	9.984145	-10.157719
503	25150	0	0	0	4	0	9.920454	-9.949408	0	0	1460.000000	9.984145	-10.157719
504	25200	0	0	0	4	0	10.010192	-9.914662	0	0	1454.000000	9.984145	-10.157719
505	25250	0	0	0	4	0	9.874119	-9.943617	0	0	1476.000000	9.984145	-10.157719
506	25300	0	0	0	4	0	9.824872	-9.882808	0	0	1474.000000	9.984145	-10.157719
507	25350	0	0	0	4	0	9.908872	-9.743731	0	0	1445.000000	9.984145	-10.157719
508	25400	0	0	0	4	0	10.004404	-9.766917	0	0	1458.000000	9.984145	-10.157719
509	25450	0	0	0	4	0	9.729235	-9.653846	0	0	1483.000000	9.984145	-10.157719
510	25500	0	0	0	4	0	9.784306	-9.679947	0	0	1488.000000	9.984145	-10.157719
511	25550	0	0	0	4	0	9.908872	-9.662547	0	0	1462.000000	9.984145	-10.157719
512	25600	0	0	0	4	0	10.290666	-9.839358	0	0	1458.000000	9.984145	-10.157719
513	25650	0	0	0	4	0	10.105666	-9.833564	0	0	1482.000000	9.984145	-10.157719
514	25700	0	0	0	4	0	10.094097	-9.781408	0	0	1482.000000	9.156834	-9.316025
515	25750	0	0	0	4	0	10.128803	-9.775612	0	0	1467.000000	7.276580	-7.403083
516	25800	0	0	0	4	0	10.157718	-9.772714	0	0	1472.000000	5.396327	-5.490142
517	25850	0	0	0	4	0	9.992828	-9.691545	0	0	1496.000000	3.516074	-3.577200
518	25900	0	0	0	4	0	9.891496	-9.563915	0	0	1493.000000	1.635820	-1.664259
519	25950	0	0	0	4	0	4.125908	-1.676617	0	0	1497.000000	-0.244433	0.248682
520	26000	0	0	0	4	0	-2.540834	2.677819	0	0	1364.000000	-2.124686	2.161624
521	26050	0	0	0	4	0	-2.972533	2.695685	0	0	1381.000000	-4.004940	4.074565
522	26100	0	0	0	4	0	-3.127270	2.442542	0	0	1362.000000	-5.885193	5.987506
523	26150	0	0	0	4	0	-4.484954	4.612466	0	0	1331.000000	-7.765446	7.900448
524	26200	0	0	0	4	0	-5.710593	7.307115	0	0	1300.000000	-9.645700	9.813389
525	26250	0	0	0	4	0	-5.911435	6.766274	0	0	1363.000000	-9.984145	10.157719
526	26300	0	0	0	4	0	-8.627051	7.726544	0	0	1296.000000	-9.984145	10.157719
527	26350	0	0	0	4	0	-8.816561	8.153914	0	0	1259.000000	-9.984145	10.157719
528	26400	0	0	0	4	0	-9.833564	10.432158	0	0	1208.000000	-9.984145	10.157719
529	26450	0	0	0	4	0	-9.882808	9.966778	0	0	1268.000000	-9.984145	10.157719
530	26500	0	0	0	4	0	-9.934932	9.801692	0	0	1224.000000	-9.984145	10.157719
531	26550	0	0	0	4	0	-10.175065	10.481218	0	0	1180.000000	-9.984145	10.157719
532	26600	0	0	0	4	0	-10.489875	10.688827	0	0	1204.000000	-9.984145	10.157719
533	26650	0	0	0	4	0	-10.443705	9.984144	0	0	1273.000000	-9.984145	10.157719
534	26700	0	0	0	4	0	-10.001510	9.688644	0	0	1237.000000	-9.984145	10.157719
535	26750	0	0	0	4	0	-10.183741	10.157718	0	0	1197.000000	-9.984145	10.157719
536	26800	0	0	0	4	0	-10.437931	10.333993	0	0	1211.000000	-9.984145	10.157719
537	26850	0	0	0	4	0	-10.096990	9.885704	0	0	1265.000000	-9.984145	10.157719
538	26900	0	0	0	4	0	-10.125913	9.766917	0	0	1242.000000	-9.984145	10.157719
539	26950	0	0	0	4	0	-10.348432	9.804590	0	0	1232.000000	-9.984145	10.157719
540	27000	0	0	0	4	0	-10.021769	9.963881	0	0	1218.000000	-9.984145	10.157719
541	27050	0	0	0	4	0	-9.946512	9.244423	0	0	1293.000000	-9.984145	10.157719
542	27100	0	0	0	4	0	-10.108559	9.002966	0	0	1254.000000	-9.984145	10.157719
543	27150	0	0	0	4	0	-10.143261	9.363575	0	0	1208.000000	-9.984145	10.157719
544	27200	0	0	0	4	0	-9.746627	10.111450	0	0	1182.000000	-9.984145	10.157719
545	27250	0	0	0	4	0	-9.592930	9.444900	0	0	1257.000000	9.984145	-10.157719
546	27300	0	0	0	4	0	-9.549405	9.197903	0	0	1209.000000	9.984145	-10.157719
547	27350	0	0	0	4	0	-9.357764	9.282211	0	0	1181.000000	9.984145	-10.157719
548	27400	0	0	0	4	0	-7.987171	8.839871	0	0	1197.000000	9.984145	-10.157719
549	27450	0	0	0	4	0	-1.378414	4.431565	0	0	1316.000000	9.984145	-10.157719
550	27500	0	0	0	4	0	6.106231	-2.782028	0	0	1367.000000	9.984145	-10.157719
551	27550	0	0	0	4	0	9.392624	-7.283628	0	0	1369.000000	9.984145	-10.157719
552	27600	0	0	0	4	0	9.952302	-9.107734	0	0	1362.000000	9.984145	-10.157719
553	27650	0	0	0	4	0	9.813284	-10.079633	0	0	1376.000000	9.984145	-10.157719
554	27700	0	0	0	4	0	9.662546	-10.169284	0	0	1371.000000	9.984145	-10.157719
555	27750	0	0	0	4	0	9.398434	-10.091205	0	0	1351.000000	9.984145	-10.157719
556	27800	0	0	0	4	0	9.848048	-9.877014	0	0	1346.000000	9.984145	-10.157719
557	27850	0	0	0	4	0	10.157718	-9.790101	0	0	1348.000000	9.984145	-10.157719
558	27900	0	0	0	4	0	10.507185	-9.688644	0	0	1336.000000	9.984145	-10.157719
559	27950	0	0	0	4	0	10.042024	-10.169284	0	0	1308.000000	9.984145	-10.157719
560	28000	0	0	0	4	0	9.888600	-10.149045	0	0	1300.000000	9.984145	-10.157719
561	28050	0	0	0	4	0	9.726336	-10.154828	0	0	1319.000000	9.984145	-10.157719
562	28100	0	0	0	4	0	9.645144	-9.784305	0	0	1309.000000	9.984145	-10.157719
563	28150	0	0	0	4	0	9.290932	-9.485548	0	0	1297.000000	9.984145	-10.157719
564	28200	0	0	0	4	0	9.209534	-9.549405	0	0	1286.000000	9.984145	-10.157719
565	28250	0	0	0	4	0	8.901050	-9.633543	0	0	1317.000000	-9.984145	10.157719
566	28300	0	0	0	4	0	8.950559	-9.775612	0	0	1310.000000	-9.984145	10.157719
567	28350	0	0	0	4	0	9.351954	-9.694445	0	0	1269.000000	-9.984145	10.157719
568	28400	0	0	0	4	0	9.378100	-9.642244	0	0	1282.000000	-9.984145	10.157719
569	28450	0	0	0	4	0	5.828753	-4.766604	0	0	1298.000000	-9.984145	10.157719
570	28500	0	0	0	4	0	-2.111825	2.767142	0	0	1211.000000	-9.984145	10.157719
571	28550	0	0	0	4	0	-7.861290	6.504231	0	0	1124.000000	-9.984145	10.157719
572	28600	0	0	0	4	0	-9.958093	8.784504	0	0	1078.000000	-9.984145	10.157719
573	28650	0	0	0	4	0	-10.357098	8.804904	0	0	1114.000000	-9.984145	10.157719
574	28700	0	0	0	4	0	-10.876008	9.319992	0	0	1072.000000	-9.984145	10.157719
575	28750	0	0	0	4	0	-11.470527	9.839358	0	0	1021.000000	-9.984145	10.157719
576	28800	0	0	0	4	0	-11.476259	10.258883	0	0	1033.000000	-9.984145	10.157719
577	28850	0	0	0	4	0	-11.487723	9.563915	0	0	1086.000000	-9.984145	10.157719
578	28900	0	0	0	4	0	-11.702494	9.290932	0	0	1043.000000	-9.984145	10.157719
579	28950	0	0	0	4	0	-11.722522	9.995723	0	0	1016.000000	-9.984145	10.157719
580	29000	0	0	0	4	0	-11.493456	10.319551	0	0	1042.000000	-9.984145	10.157719
581	29050	0	0	0	4	0	-11.476259	9.790101	0	0	1064.000000	-9.984145	10.157719
582	29100	0	0	0	4	0	-11.530704	9.674146	0	0	1051.000000	-9.984145	10.157719
583	29150	0	0	0	4	0	-10.979577	9.981250	0	0	1027.000000	-9.984145	10.157719
584	29200	0	0	0	4	0	-11.163521	10.186629	0	0	1056.000000	-9.984145	10.157719
585	29250	0	0	0	4	0	-11.157776	9.653846	0	0	1107.000000	-9.984145	-10.157719
586	29300	0	0	0	4	0	-11.324279	9.218256	0	0	1090.000000	-9.984145	-10.157719
587	29350	0	0	0	4	0	-10.792525	9.621941	0	0	1042.000000	-9.984145	-10.157719
588	29400	0	0	0	4	0	-10.599474	9.813283	0	0	1056.000000	-9.984145	-10.157719
589	29450	0	0	0	4	0	-9.462322	6.728016	0	0	1144.000000	-9.984145	-10.157719
590	29500	0	0	0	4	0	-9.726336	-1.342624	0	0	1197.000000	-9.984145	-10.157719
591	29550	0	0	0	4	0	-9.827769	-4.923638	0	0	1227.000000	-9.984145	-10.157719
592	29600	0	0	0	4	0	-10.319551	-6.209475	0	0	1228.000000	-9.984145	-10.157719
593	29650	0	0	0	4	0	-10.512954	-7.799787	0	0	1259.000000	-9.984145	-10.157719
594	29700	0	0	0	4	0	-10.769488	-8.524928	0	0	1252.000000	-9.984145	-10.157719
595	29750	0	0	0	4	0	-10.423500	-10.085419	0	0	1245.000000	-9.984145	-10.157719
596	29800	0	0	0	4	0	-10.475447	-10.250216	0	0	1237.000000	-9.984145	-10.157719
597	29850	0	0	0	4	0	-10.492759	-10.175065	0	0	1240.000000	-9.984145	-10.157719
598	29900	0	0	0	4	0	-10.550451	-9.917560	0	0	1230.000000	-9.984145	-10.157719
599	29950	0	0	0	4	0	-10.235766	-10.218425	0	0	1223.000000	-9.984145	-10.157719
600	30000	0	0	0	4	0	-10.047811	-10.339769	0	0	1212.000000	-9.984145	-10.157719
601	30050	0	0	0	4	0	-9.946512	-10.484103	0	0	1229.000000	-9.984145	-10.157719
602	30100	0	0	0	4	0	-9.900184	-10.538916	0	0	1232.000000	-9.984145	-10.157719
603	30150	0	0	0	4	0	-9.989934	-10.357098	0	0	1211.000000	-9.984145	-10.157719
604	30200	0	0	0	4	0	-10.073847	-10.394632	0	0	1203.000000	-9.984145	-10.157719
605	30250	0	0	0	4	0	-10.108559	-10.472563	0	0	1215.000000	9.984145	-10.157719
606	30300	0	0	0	4	0	-10.201083	-10.157718	0	0	1209.000000	9.984145	-10.157719
607	30350	0	0	0	4	0	-10.316663	-10.296443	0	0	1193.000000	9.984145	-10.157719
608	30400	0	0	0	4	0	-10.472563	-10.166392	0	0	1180.000000	9.984145	-10.157719
609	30450	0	0	0	4	0	-5.787402	-9.862532	0	0	1217.000000	9.984145	-10.157719
610	30500	0	0	0	4	0	5.326242	-9.903081	0	0	1220.000000	9.984145	-10.157719
611	30550	0	0	0	4	0	10.241546	-10.677300	0	0	1187.000000	9.984145	-10.157719
612	30600	0	0	0	4	0	11.149157	-10.970948	0	0	1168.000000	9.984145	-10.157719
613	30650	0	0	0	4	0	11.493455	-10.547568	0	0	1174.000000	9.984145	-10.157719
614	30700	0	0	0	4	0	11.246792	-10.186629	0	0	1186.000000	9.984145	-10.157719
615	30750	0	0	0	4	0	10.867374	-9.853842	0	0	1162.000000	9.984145	-10.157719
616	30800	0	0	0	4	0	11.137667	-9.543600	0	0	1173.000000	9.984145	-10.157719
617	30850	0	0	0	4	0	11.393120	-9.781408	0	0	1184.000000	9.984145	-10.157719
618	30900	0	0	0	4	0	11.108935	-10.388858	0	0	1186.000000	9.984145	-10.157719
619	30950	0	0	0	4	0	11.301324	-10.484103	0	0	1178.000000	9.984145	-10.157719
620	31000	0	0	0	4	0	11.433263	-10.446589	0	0	1181.000000	9.984145	-10.157719
621	31050	0	0	0	4	0	11.381649	-10.443705	0	0	1202.000000	9.984145	-10.157719
622	31100	0	0	0	4	0	11.384517	-10.443705	0	0	1196.000000	9.984145	-10.157719
623	31150	0	0	0	4	0	11.819760	-10.429273	0	0	1161.000000	9.984145	-10.157719
624	31200	0	0	0	4	0	11.971200	-10.394632	0	0	1176.000000	9.984145	-10.157719
625	31250	0	0	0	4	0	11.453329	-10.050704	0	0	1199.000000	9.984145	10.157719
626	31300	0	0	0	4	0	11.330016	-10.073847	0	0	1210.000000	9.984145	10.157719
627	31350	0	0	0	4	0	11.622351	-10.163502	0	0	1179.000000	9.984145	10.157719
628	31400	0	0	0	4	0	11.665290	-10.108559	0	0	1178.000000	9.984145	10.157719
629	31450	0	0	0	4	0	11.094568	-6.035413	0	0	1225.000000	9.984145	10.157719
630	31500	0	0	0	4	0	11.284106	3.858637	0	0	1097.000000	9.984145	10.157719
631	31550	0	0	0	4	0	11.562214	7.908139	0	0	1016.000000	9.984145	10.157719
632	31600	0	0	0	4	0	10.611006	8.994232	0	0	1006.000000	9.984145	10.157719
633	31650	0	0	0	4	0	9.697344	9.113552	0	0	1017.000000	9.984145	10.157719
634	31700	0	0	0	4	0	10.247326	9.624842	0	0	942.000000	9.984145	10.157719
635	31750	0	0	0	4	0	10.123020	9.891496	0	0	942.000000	9.984145	10.157719
636	31800	0	0	0	4	0	9.456514	9.636444	0	0	971.000000	9.984145	10.157719
637	31850	0	0	0	4	0	9.005877	9.636444	0	0	979.000000	9.984145	10.157719
638	31900	0	0	0	4	0	9.989934	9.914663	0	0	901.000000	9.984145	10.157719
639	31950	0	0	0	4	0	10.114343	10.105666	0	0	886.000000	9.984145	10.157719
640	32000	0	0	0	4	0	9.226978	9.192086	0	0	939.000000	9.984145	10.157719
641	32050	0	0	0	4	0	8.697046	8.323442	0	0	974.000000	9.984145	10.157719
642	32100	0	0	0	4	0	9.592930	8.685382	0	0	894.000000	9.984145	10.157719
643	32150	0	0	0	4	0	10.056491	9.363575	0	0	903.000000	9.984145	10.157719
644	32200	0	0	0	4	0	9.668347	9.128098	0	0	923.000000	9.984145	10.157719
645	32250	0	0	0	4	0	9.363575	8.694131	0	0	949.000000	-9.984145	10.157719
646	32300	0	0	0	4	0	10.325329	9.540699	0	0	873.000000	-9.984145	10.157719
647	32350	0	0	0	4	0	10.550452	9.801692	0	0	881.000000	-9.984145	10.157719
648	32400	0	0	0	4	0	9.891496	9.261865	0	0	929.000000	-9.984145	10.157719
649	32450	0	0	0	4	0	6.989817	7.840792	0	0	989.000000	-9.984145	10.157719
650	32500	0	0	0	4	0	-0.793734	7.268944	0	0	973.000000	-9.984145	10.157719
651	32550	0	0	0	4	0	-6.583756	8.104198	0	0	945.000000	-9.984145	10.157719
652	32600	0	0	0	4	0	-9.354859	8.758270	0	0	928.000000	-9.984145	10.157719
653	32650	0	0	0	4	0	-10.293554	8.028138	0	0	985.000000	-9.984145	10.157719
654	32700	0	0	0	4	0	-10.919170	7.858362	0	0	936.000000	-9.984145	10.157719
655	32750	0	0	0	4	0	-11.811182	8.209466	0	0	923.000000	-9.984145	10.157719
656	32800	0	0	0	4	0	-12.327695	8.510336	0	0	919.000000	-9.984145	10.157719
657	32850	0	0	0	4	0	-12.108208	8.063246	0	0	983.000000	-9.984145	10.157719
658	32900	0	0	0	4	0	-11.733965	7.626893	0	0	935.000000	-9.984145	10.157719
659	32950	0	0	0	4	0	-10.530263	7.706031	0	0	901.000000	-9.984145	10.157719
660	33000	0	0	0	4	0	-10.492759	7.899355	0	0	950.000000	-9.984145	10.157719
661	33050	0	0	0	4	0	-9.897288	8.224081	0	0	1008.000000	-9.984145	10.157719
662	33100	0	0	0	4	0	-9.694445	8.168534	0	0	996.000000	-9.984145	10.157719
663	33150	0	0	0	4	0	-9.775612	8.311754	0	0	965.000000	-9.984145	10.157719
664	33200	0	0	0	4	0	-10.114343	8.734950	0	0	974.000000	-9.984145	10.157719
665	33250	0	0	0	4	0	-10.062278	8.145142	0	0	1036.000000	0.000000	0.000000
666	33300	0	0	0	4	0	-9.520383	8.778675	0	0	984.000000	0.000000	0.000000
667	33350	0	0	0	4	0	-9.790101	9.450708	0	0	957.000000	0.000000	0.000000
668	33400	0	0	0	4	0	-10.111451	9.558111	0	0	958.000000	0.000000	0.000000
669	33450	0	0	0	4	0	-4.579851	4.808093	0	0	1067.000000	0.000000	0.000000
670	33500	0	0	0	4	0	-0.474471	1.080137	0	0	1118.000000	0.000000	0.000000
671	33550	0	0	0	4	0	-0.143239	0.167112	0	0	1099.000000	0.000000	0.000000
672	33600	0	0	0	4	0	-0.826554	-0.101461	0	0	1111.000000	0.000000	0.000000
673	33650	0	0	0	4	0	-1.262093	-0.232762	0	0	1129.000000	0.000000	0.000000
674	33700	0	0	0	4	0	-1.282972	-0.847438	0	0	1128.000000	0.000000	0.000000
675	33750	0	0	0	4	0	-1.202438	-1.077153	0	0	1145.000000	0.000000	0.000000
676	33800	0	0	0	4	0	-1.053288	-0.954841	0	0	1153.000000	0.000000	0.000000
677	33850	0	0	0	4	0	-0.498342	0.641567	0	0	1191.000000	0.000000	0.000000
678	33900	0	0	0	4	0	-0.361077	0.429710	0	0	1169.000000	0.000000	0.000000
679	33950	0	0	0	4	0	-0.110414	0.375998	0	0	1168.000000	0.000000	0.000000
680	34000	0	0	0	4	0	0.101461	0.340189	0	0	1179.000000	0.000000	0.000000
681	34050	0	0	0	4	0	-0.405838	0.304381	0	0	1203.000000	0.000000	0.000000
682	34100	0	0	0	4	0	-0.328253	0.119366	0	0	1190.000000	0.000000	0.000000
683	34150	0	0	0	4	0	-0.253652	0.188001	0	0	1179.000000	0.000000	0.000000
684	34200	0	0	0	4	0	-0.202921	0.065652	0	0	1194.000000	0.000000	0.000000
685	34250	0	0	0	4	0	-0.292444	-0.149207	0	0	1235.000000	0.000000	0.000000
686	34300	0	0	0	4	0	-0.265589	0.137271	0	0	1206.000000	0.000000	0.000000
687	34350	0	0	0	4	0	-0.185017	0.202921	0	0	1198.000000	0.000000	0.000000
688	34400	0	0	0	4	0	-0.086541	0.393903	0	0	1198.000000	0.000000	0.000000
689	34450	0	0	0	4	0	-0.161145	0.799701	0	0	1214.000000	0.000000	0.000000
690	34500	0	0	0	4	0	-0.250668	0.531164	0	0	1214.000000	0.000000	0.000000
691	34550	0	0	0	4	0	-0.343174	0.355110	0	0	1204.000000	0.000000	0.000000
692	34600	0	0	0	4	0	-0.337205	0.193969	0	0	1205.000000	0.000000	0.000000
693	34650	0	0	0	4	0	-0.414791	0.077588	0	0	1210.000000	0.000000	0.000000
694	34700	0	0	0	4	0	-0.364062	0.361078	0	0	1215.000000	0.000000	0.000000
695	34750	0	0	0	4	0	-0.349142	0.217842	0	0	1198.000000	0.000000	0.000000
696	34800	0	0	0	4	0	-0.250668	0.352126	0	0	1189.000000	0.000000	0.000000
697	34850	0	0	0	4	0	-0.271555	0.259620	0	0	1218.000000	0.000000	0.000000
698	34900	0	0	0	4	0	-0.310350	0.232762	0	0	1216.000000	0.000000	0.000000
699	34950	0	0	0	4	0	-0.286476	0.077588	0	0	1190.000000	0.000000	0.000000
700	35000	0	0	0	4	0	-0.131303	0.232762	0	0	1190.000000	0.000000	0.000000
701	35050	0	0	0	4	0	-0.223811	0.023873	0	0	1214.000000	0.000000	0.000000
702	35100	0	0	0	4	0	-0.313333	0.217842	0	0	1211.000000	0.000000	0.000000
703	35150	0	0	0	4	0	-0.217842	0.110414	0	0	1191.000000	0.000000	0.000000
704	35200	0	0	0	4	0	-0.125335	0.149207	0	0	1180.000000	0.000000	0.000000
