Version	1.08	gmtime	1440676111
index	timestamp	eyeroihoriz	eyeroivert	eyeroizoomx	eyeroizoomy	blendmode	blendfactor	onlinecalib	eye_valid	eye_x	eye_y	eye_w	eye_h	eye_a	field_x	field_y	displaymode	displayeyedetection	event
7847	11647815	0	0	0	0	1	128	0	1	390	348	44	48	2104	0	0	0	1	
7848	11647849	0	0	0	0	1	128	0	1	390	348	44	48	2112	0	0	0	1	
7849	11647882	0	0	0	0	1	128	0	1	390	348	44	48	2123	0	0	0	1	
7850	11647915	0	0	0	0	1	128	0	1	392	346	44	49	2135	0	0	0	1	
7851	11647949	0	0	0	0	1	128	0	1	398	344	44	48	2100	0	0	0	1	
7852	11647982	0	0	0	0	1	128	0	1	398	344	44	48	2098	0	0	0	1	
7853	11648015	0	0	0	0	1	128	0	1	398	344	43	48	2080	0	0	0	1	
7854	11648049	0	0	0	0	1	128	0	1	398	344	43	48	2071	0	0	0	1	
7855	11648082	0	0	0	0	1	128	0	1	398	344	43	47	2052	0	0	0	1	
7856	11648116	0	0	0	0	1	128	0	1	398	342	43	47	2050	0	0	0	1	
7857	11648149	0	0	0	0	1	128	0	1	398	342	43	47	2045	0	0	0	1	
7858	11648182	0	0	0	0	1	128	0	1	398	342	43	47	2044	0	0	0	1	
7859	11648216	0	0	0	0	1	128	0	1	398	342	43	47	2048	0	0	0	1	
7860	11648249	0	0	0	0	1	128	0	1	390	346	44	47	2085	0	0	0	1	
7861	11648282	0	0	0	0	1	128	0	1	390	346	44	48	2097	0	0	0	1	
7862	11648316	0	0	0	0	1	128	0	1	388	346	44	48	2106	0	0	0	1	
7863	11648349	0	0	0	0	1	128	0	1	388	346	44	48	2122	0	0	0	1	
7864	11648382	0	0	0	0	1	128	0	1	388	346	44	48	2136	0	0	0	1	
7865	11648416	0	0	0	0	1	128	0	1	388	346	44	48	2140	0	0	0	1	
7866	11648449	0	0	0	0	1	128	0	1	388	346	45	48	2156	0	0	0	1	
7867	11648482	0	0	0	0	1	128	0	1	388	346	45	49	2168	0	0	0	1	
7868	11648516	0	0	0	0	1	128	0	1	388	346	45	49	2179	0	0	0	1	
7869	11648549	0	0	0	0	1	128	0	1	388	346	45	49	2179	0	0	0	1	
7870	11648583	0	0	0	0	1	128	0	1	388	346	45	49	2185	0	0	0	1	
7871	11648616	0	0	0	0	1	128	0	1	388	346	45	49	2185	0	0	0	1	
7872	11648649	0	0	0	0	1	128	0	1	388	346	45	49	2186	0	0	0	1	
7873	11648683	0	0	0	0	1	128	0	1	388	346	45	49	2187	0	0	0	1	
7874	11648716	0	0	0	0	1	128	0	1	394	344	44	49	2153	0	0	0	1	
7875	11648749	0	0	0	0	1	128	0	1	396	344	44	49	2139	0	0	0	1	
7876	11648783	0	0	0	0	1	128	0	1	396	344	44	48	2134	0	0	0	1	
7877	11648816	0	0	0	0	1	128	0	1	396	344	44	49	2135	0	0	0	1	
7878	11648850	0	0	0	0	1	128	0	1	396	342	44	49	2144	0	0	0	1	
7879	11648883	0	0	0	0	1	128	0	1	396	344	44	48	2136	0	0	0	1	
7880	11648916	0	0	0	0	1	128	0	1	396	344	44	48	2127	0	0	0	1	
7881	11648950	0	0	0	0	1	128	0	1	396	344	44	48	2115	0	0	0	1	
7882	11648983	0	0	0	0	1	128	0	1	396	342	44	48	2095	0	0	0	1	
7883	11649016	0	0	0	0	1	128	0	1	396	342	44	48	2077	0	0	0	1	
7884	11649050	0	0	0	0	1	128	0	1	396	342	43	48	2059	0	0	0	1	
7885	11649083	0	0	0	0	1	128	0	1	396	342	43	47	2033	0	0	0	1	
7886	11649117	0	0	0	0	1	128	0	1	398	342	43	47	2021	0	0	0	1	
7887	11649150	0	0	0	0	1	128	0	1	398	342	43	47	2014	0	0	0	1	
7888	11649183	0	0	0	0	1	128	0	1	398	342	43	47	2011	0	0	0	1	
7889	11649217	0	0	0	0	1	128	0	1	398	342	43	47	2004	0	0	0	1	
7890	11649250	0	0	0	0	1	128	0	1	398	342	43	47	1990	0	0	0	1	
7891	11649283	0	0	0	0	1	128	0	1	398	342	42	47	1973	0	0	0	1	
7892	11649317	0	0	0	0	1	128	0	1	382	348	43	46	2014	0	0	0	1	
7893	11649350	0	0	0	0	1	128	0	1	380	348	43	47	2015	0	0	0	1	
7894	11649384	0	0	0	0	1	128	0	1	380	348	43	47	2008	0	0	0	1	
7895	11649417	0	0	0	0	1	128	0	1	380	348	43	46	2005	0	0	0	1	
7896	11649450	0	0	0	0	1	128	0	1	380	348	43	46	1998	0	0	0	1	
7897	11649484	0	0	0	0	1	128	0	1	380	348	43	46	1997	0	0	0	1	
7898	11649517	0	0	0	0	1	128	0	1	380	348	43	46	1991	0	0	0	1	
7899	11649550	0	0	0	0	1	128	0	1	380	348	43	46	1987	0	0	0	1	
7900	11649584	0	0	0	0	1	128	0	1	380	348	43	46	1973	0	0	0	1	
7901	11649617	0	0	0	0	1	128	0	1	380	348	43	46	1970	0	0	0	1	
7902	11649650	0	0	0	0	1	128	0	1	380	348	43	46	1961	0	0	0	1	
7903	11649684	0	0	0	0	1	128	0	1	380	348	42	46	1943	0	0	0	1	
7904	11649717	0	0	0	0	1	128	0	1	380	348	42	46	1930	0	0	0	1	
7905	11649751	0	0	0	0	1	128	0	1	380	348	42	46	1928	0	0	0	1	
7906	11649784	0	0	0	0	1	128	0	1	388	346	42	46	1899	0	0	0	1	
7907	11649817	0	0	0	0	1	128	0	1	388	346	42	45	1896	0	0	0	1	
7908	11649851	0	0	0	0	1	128	0	1	388	346	42	45	1883	0	0	0	1	
7909	11649884	0	0	0	0	1	128	0	1	388	346	42	45	1882	0	0	0	1	
7910	11649917	0	0	0	0	1	128	0	1	388	346	42	45	1876	0	0	0	1	
7911	11649951	0	0	0	0	1	128	0	1	388	346	42	45	1871	0	0	0	1	
7912	11649984	0	0	0	0	1	128	0	1	388	346	41	45	1858	0	0	0	1	
7913	11650017	0	0	0	0	1	128	0	1	388	346	41	45	1838	0	0	0	1	
7914	11650051	0	0	0	0	1	128	0	1	388	346	41	44	1820	0	0	0	1	
7915	11650084	0	0	0	0	1	128	0	1	388	346	41	44	1807	0	0	0	1	
7916	11650118	0	0	0	0	1	128	0	1	388	346	40	44	1787	0	0	0	1	
7917	11650151	0	0	0	0	1	128	0	1	362	370	38	44	1678	0	0	0	1	
7918	11650184	0	0	0	0	1	128	0	1	360	390	38	44	1672	0	0	0	1	
7919	11650218	0	0	0	0	1	128	0	1	358	390	39	44	1693	0	0	0	1	
7920	11650251	0	0	0	0	1	128	0	1	352	400	37	43	1612	0	0	0	1	
7921	11650284	0	0	0	0	1	128	0	1	352	404	37	43	1612	0	0	0	1	
7922	11650318	0	0	0	0	1	128	0	1	352	404	37	43	1612	0	0	0	1	
7923	11650351	0	0	0	0	1	128	0	1	352	404	37	43	1607	0	0	0	1	
7924	11650385	0	0	0	0	1	128	0	1	352	404	37	43	1601	0	0	0	1	
7925	11650418	0	0	0	0	1	128	0	1	352	404	37	43	1607	0	0	0	1	
7926	11650451	0	0	0	0	1	128	0	1	352	404	37	43	1607	0	0	0	1	
7927	11650485	0	0	0	0	1	128	0	1	350	404	37	44	1615	0	0	0	1	
7928	11650518	0	0	0	0	1	128	0	1	350	404	37	44	1617	0	0	0	1	
7929	11650551	0	0	0	0	1	128	0	1	350	404	37	44	1631	0	0	0	1	
7930	11650585	0	0	0	0	1	128	0	1	350	404	37	44	1635	0	0	0	1	
7931	11650618	0	0	0	0	1	128	0	1	380	398	38	59	2228	0	0	0	1	
7932	11650651	0	0	0	0	1	128	0	1	436	376	31	43	1352	0	0	0	1	
7933	11650685	0	0	0	0	1	128	0	1	444	372	32	43	1367	0	0	0	1	
7934	11650718	0	0	0	0	1	128	0	1	444	372	32	43	1380	0	0	0	1	
7935	11650752	0	0	0	0	1	128	0	1	444	372	32	43	1390	0	0	0	1	
7936	11650785	0	0	0	0	1	128	0	1	444	372	32	44	1414	0	0	0	1	
7937	11650818	0	0	0	0	1	128	0	1	444	374	32	44	1425	0	0	0	1	
7938	11650852	0	0	0	0	1	128	0	1	444	374	33	44	1442	0	0	0	1	
7939	11650885	0	0	0	0	1	128	0	1	444	374	33	44	1447	0	0	0	1	
7940	11650918	0	0	0	0	1	128	0	1	444	374	33	44	1454	0	0	0	1	
7941	11650952	0	0	0	0	1	128	0	1	444	374	33	44	1456	0	0	0	1	
7942	11650985	0	0	0	0	1	128	0	1	444	374	33	45	1464	0	0	0	1	
7943	11651018	0	0	0	0	1	128	0	1	444	374	33	45	1459	0	0	0	1	
7944	11651052	0	0	0	0	1	128	0	1	442	374	33	45	1473	0	0	0	1	
7945	11651085	0	0	0	0	1	128	0	1	442	374	33	45	1480	0	0	0	1	
7946	11651119	0	0	0	0	1	128	0	1	442	374	33	45	1482	0	0	0	1	
7947	11651152	0	0	0	0	1	128	0	1	442	374	33	45	1480	0	0	0	1	
7948	11651185	0	0	0	0	1	128	0	1	444	364	34	43	1439	0	0	0	1	
7949	11651219	0	0	0	0	1	128	0	1	426	308	45	49	2235	0	0	0	1	
7950	11651252	0	0	0	0	1	128	0	1	428	294	38	45	1733	0	0	0	1	
7951	11651285	0	0	0	0	1	128	0	1	426	296	38	46	1744	0	0	0	1	
7952	11651319	0	0	0	0	1	128	0	1	424	296	39	46	1759	0	0	0	1	
7953	11651352	0	0	0	0	1	128	0	1	424	296	38	46	1757	0	0	0	1	
7954	11651386	0	0	0	0	1	128	0	1	424	296	39	46	1789	0	0	0	1	
7955	11651419	0	0	0	0	1	128	0	1	426	286	38	46	1770	0	0	0	1	
7956	11651452	0	0	0	0	1	128	0	1	426	286	39	46	1779	0	0	0	1	
7957	11651486	0	0	0	0	1	128	0	1	426	286	39	46	1787	0	0	0	1	
7958	11651519	0	0	0	0	1	128	0	1	424	288	39	46	1789	0	0	0	1	
7959	11651552	0	0	0	0	1	128	0	1	424	288	39	46	1798	0	0	0	1	
7960	11651586	0	0	0	0	1	128	0	1	424	288	39	46	1791	0	0	0	1	
7961	11651619	0	0	0	0	1	128	0	0	0	0	0	0	0	0	0	0	1	
7962	11651653	0	0	0	0	1	128	0	1	332	310	45	48	2162	0	0	0	1	
7963	11651686	0	0	0	0	1	128	0	1	332	312	46	46	2113	0	0	0	1	
7964	11651719	0	0	0	0	1	128	0	1	330	312	46	46	2104	0	0	0	1	
7965	11651753	0	0	0	0	1	128	0	1	330	312	46	46	2089	0	0	0	1	
7966	11651786	0	0	0	0	1	128	0	1	330	312	46	46	2110	0	0	0	1	
7967	11651819	0	0	0	0	1	128	0	1	330	312	46	46	2109	0	0	0	1	
7968	11651853	0	0	0	0	1	128	0	1	328	314	46	46	2108	0	0	0	1	
7969	11651886	0	0	0	0	1	128	0	1	328	316	46	46	2120	0	0	0	1	
7970	11651919	0	0	0	0	1	128	0	1	328	314	46	46	2122	0	0	0	1	
7971	11651953	0	0	0	0	1	128	0	1	328	314	45	46	2108	0	0	0	1	
7972	11651986	0	0	0	0	1	128	0	1	328	314	45	46	2105	0	0	0	1	
7973	11652020	0	0	0	0	1	128	0	1	328	314	45	46	2086	0	0	0	1	
7974	11652053	0	0	0	0	1	128	0	1	326	314	45	46	2078	0	0	0	1	
7975	11652086	0	0	0	0	1	128	0	1	326	316	45	45	2034	0	0	0	1	
7976	11652120	0	0	0	0	1	128	0	1	328	316	44	45	1976	0	0	0	1	
7977	11652153	0	0	0	0	1	128	0	1	328	316	44	45	1949	0	0	0	1	
7978	11652186	0	0	0	0	1	128	0	0	0	0	0	0	0	0	0	0	1	
7979	11652220	0	0	0	0	1	128	0	1	406	290	37	43	1613	0	0	0	1	
7980	11652253	0	0	0	0	1	128	0	1	414	290	38	43	1634	0	0	0	1	
7981	11652287	0	0	0	0	1	128	0	1	414	288	38	43	1610	0	0	0	1	
7982	11652320	0	0	0	0	1	128	0	1	416	288	37	43	1596	0	0	0	1	
7983	11652353	0	0	0	0	1	128	0	1	420	288	37	42	1563	0	0	0	1	
7984	11652387	0	0	0	0	1	128	0	1	424	286	36	43	1533	0	0	0	1	
7985	11652420	0	0	0	0	1	128	0	1	424	286	36	43	1524	0	0	0	1	
7986	11652453	0	0	0	0	1	128	0	1	424	286	36	42	1518	0	0	0	1	
7987	11652487	0	0	0	0	1	128	0	1	422	286	36	42	1504	0	0	0	1	
7988	11652520	0	0	0	0	1	128	0	1	422	286	36	42	1513	0	0	0	1	
7989	11652553	0	0	0	0	1	128	0	1	422	286	36	42	1511	0	0	0	1	
7990	11652587	0	0	0	0	1	128	0	1	422	286	36	42	1519	0	0	0	1	
7991	11652620	0	0	0	0	1	128	0	1	422	286	36	42	1527	0	0	0	1	
7992	11652654	0	0	0	0	1	128	0	1	422	286	36	43	1533	0	0	0	1	
7993	11652687	0	0	0	0	1	128	0	1	422	286	36	43	1537	0	0	0	1	
7994	11652720	0	0	0	0	1	128	0	1	422	286	36	43	1548	0	0	0	1	
7995	11652754	0	0	0	0	1	128	0	1	422	286	36	43	1553	0	0	0	1	
7996	11652787	0	0	0	0	1	128	0	1	422	286	36	43	1557	0	0	0	1	
7997	11652820	0	0	0	0	1	128	0	1	422	284	36	41	1464	0	0	0	1	
7998	11652854	0	0	0	0	1	128	0	1	436	324	41	50	2046	0	0	0	1	
7999	11652887	0	0	0	0	1	128	0	1	434	360	33	40	1336	0	0	0	1	
8000	11652920	0	0	0	0	1	128	0	1	434	378	33	43	1395	0	0	0	1	
8001	11652954	0	0	0	0	1	128	0	1	434	378	33	43	1424	0	0	0	1	
8002	11652987	0	0	0	0	1	128	0	1	434	378	33	44	1436	0	0	0	1	
8003	11653021	0	0	0	0	1	128	0	1	434	378	33	43	1431	0	0	0	1	
8004	11653054	0	0	0	0	1	128	0	1	436	378	33	43	1427	0	0	0	1	
8005	11653087	0	0	0	0	1	128	0	1	442	378	32	44	1397	0	0	0	1	
8006	11653121	0	0	0	0	1	128	0	1	444	376	32	44	1398	0	0	0	1	
8007	11653154	0	0	0	0	1	128	0	1	444	376	32	44	1398	0	0	0	1	
8008	11653187	0	0	0	0	1	128	0	1	444	376	32	44	1401	0	0	0	1	
8009	11653221	0	0	0	0	1	128	0	1	442	376	32	44	1405	0	0	0	1	
8010	11653254	0	0	0	0	1	128	0	1	442	376	32	44	1404	0	0	0	1	
8011	11653288	0	0	0	0	1	128	0	1	442	376	32	44	1412	0	0	0	1	
8012	11653321	0	0	0	0	1	128	0	1	442	376	32	44	1423	0	0	0	1	
8013	11653354	0	0	0	0	1	128	0	1	442	376	32	44	1434	0	0	0	1	
8014	11653388	0	0	0	0	1	128	0	1	440	376	33	44	1435	0	0	0	1	
8015	11653421	0	0	0	0	1	128	0	1	380	396	38	53	2022	0	0	0	1	
8016	11653454	0	0	0	0	1	128	0	1	350	404	39	45	1779	0	0	0	1	
8017	11653488	0	0	0	0	1	128	0	1	350	404	39	46	1795	0	0	0	1	
8018	11653521	0	0	0	0	1	128	0	1	350	404	40	46	1820	0	0	0	1	
8019	11653554	0	0	0	0	1	128	0	1	350	404	40	46	1847	0	0	0	1	
8020	11653588	0	0	0	0	1	128	0	1	350	404	40	46	1867	0	0	0	1	
8021	11653621	0	0	0	0	1	128	0	1	350	404	40	47	1893	0	0	0	1	
8022	11653655	0	0	0	0	1	128	0	1	350	404	41	47	1912	0	0	0	1	
8023	11653688	0	0	0	0	1	128	0	1	350	404	41	47	1918	0	0	0	1	
8024	11653721	0	0	0	0	1	128	0	1	350	404	41	47	1925	0	0	0	1	
8025	11653755	0	0	0	0	1	128	0	1	350	404	41	47	1911	0	0	0	1	
8026	11653788	0	0	0	0	1	128	0	1	348	404	40	47	1884	0	0	0	1	
8027	11653821	0	0	0	0	1	128	0	1	348	404	40	46	1857	0	0	0	1	
8028	11653855	0	0	0	0	1	128	0	1	348	404	40	46	1833	0	0	0	1	
8029	11653888	0	0	0	0	1	128	0	1	348	404	40	46	1817	0	0	0	1	
8030	11653922	0	0	0	0	1	128	0	1	348	404	39	46	1794	0	0	0	1	
8031	11653955	0	0	0	0	1	128	0	1	348	404	39	45	1779	0	0	0	1	
8032	11653988	0	0	0	0	1	128	0	1	348	404	39	45	1760	0	0	0	1	
8033	11654022	0	0	0	0	1	128	0	1	348	404	39	45	1745	0	0	0	1	
8034	11654055	0	0	0	0	1	128	0	1	348	404	39	45	1732	0	0	0	1	
8035	11654088	0	0	0	0	1	128	0	1	348	402	39	44	1723	0	0	0	1	
8036	11654122	0	0	0	0	1	128	0	0	0	0	0	0	0	0	0	0	1	
8037	11654155	0	0	0	0	1	128	0	1	336	322	44	44	1931	0	0	0	1	
8038	11654189	0	0	0	0	1	128	0	1	334	318	43	44	1905	0	0	0	1	
8039	11654222	0	0	0	0	1	128	0	1	334	318	43	44	1901	0	0	0	1	
8040	11654255	0	0	0	0	1	128	0	1	332	318	43	44	1922	0	0	0	1	
8041	11654289	0	0	0	0	1	128	0	1	332	318	44	44	1927	0	0	0	1	
8042	11654322	0	0	0	0	1	128	0	1	332	312	43	44	1897	0	0	0	1	
8043	11654355	0	0	0	0	1	128	0	1	332	312	43	44	1894	0	0	0	1	
8044	11654389	0	0	0	0	1	128	0	1	332	312	43	44	1903	0	0	0	1	
8045	11654422	0	0	0	0	1	128	0	1	332	312	43	44	1885	0	0	0	1	
8046	11654455	0	0	0	0	1	128	0	1	332	312	43	44	1876	0	0	0	1	
8047	11654489	0	0	0	0	1	128	0	1	332	312	43	44	1853	0	0	0	1	
8048	11654522	0	0	0	0	1	128	0	1	330	312	43	44	1886	0	0	0	1	
8049	11654556	0	0	0	0	1	128	0	1	330	312	43	44	1893	0	0	0	1	
8050	11654589	0	0	0	0	1	128	0	1	330	312	43	44	1895	0	0	0	1	
8051	11654622	0	0	0	0	1	128	0	1	330	314	43	44	1884	0	0	0	1	
8052	11654656	0	0	0	0	1	128	0	1	330	314	43	44	1889	0	0	0	1	
8053	11654689	0	0	0	0	1	128	0	1	330	312	43	44	1908	0	0	0	1	
8054	11654722	0	0	0	0	1	128	0	1	330	312	43	44	1909	0	0	0	1	
8055	11654756	0	0	0	0	1	128	0	1	330	314	43	44	1878	0	0	0	1	
8056	11654789	0	0	0	0	1	128	0	1	330	314	43	44	1873	0	0	0	1	
8057	11654822	0	0	0	0	1	128	0	1	330	314	42	43	1845	0	0	0	1	
8058	11654856	0	0	0	0	1	128	0	1	312	320	39	54	2101	0	0	0	1	
8059	11654889	0	0	0	0	1	128	0	1	340	378	28	34	956	0	0	0	1	
8060	11654923	0	0	0	0	1	128	0	1	342	404	37	42	1542	0	0	0	1	
8061	11654956	0	0	0	0	1	128	0	1	344	404	37	42	1556	0	0	0	1	
8062	11654989	0	0	0	0	1	128	0	1	344	404	37	42	1564	0	0	0	1	
8063	11655023	0	0	0	0	1	128	0	1	344	406	37	42	1564	0	0	0	1	
8064	11655056	0	0	0	0	1	128	0	1	346	406	37	42	1557	0	0	0	1	
8065	11655089	0	0	0	0	1	128	0	1	346	406	37	42	1549	0	0	0	1	
8066	11655123	0	0	0	0	1	128	0	1	346	406	37	42	1544	0	0	0	1	
8067	11655156	0	0	0	0	1	128	0	1	346	406	37	42	1539	0	0	0	1	
8068	11655190	0	0	0	0	1	128	0	1	346	406	37	42	1534	0	0	0	1	
8069	11655223	0	0	0	0	1	128	0	1	368	378	33	57	1893	0	0	0	1	
8070	11655256	0	0	0	0	1	128	0	1	392	352	38	42	1613	0	0	0	1	
8071	11655290	0	0	0	0	1	128	0	1	392	350	38	41	1589	0	0	0	1	
8072	11655323	0	0	0	0	1	128	0	1	392	350	38	42	1599	0	0	0	1	
8073	11655356	0	0	0	0	1	128	0	1	390	352	38	42	1597	0	0	0	1	
8074	11655390	0	0	0	0	1	128	0	1	394	342	38	42	1592	0	0	0	1	
8075	11655423	0	0	0	0	1	128	0	1	394	342	39	42	1625	0	0	0	1	
8076	11655457	0	0	0	0	1	128	0	1	394	342	39	42	1645	0	0	0	1	
8077	11655490	0	0	0	0	1	128	0	1	394	342	39	42	1663	0	0	0	1	
8078	11655523	0	0	0	0	1	128	0	1	392	342	39	43	1688	0	0	0	1	
8079	11655557	0	0	0	0	1	128	0	1	394	342	40	43	1725	0	0	0	1	
8080	11655590	0	0	0	0	1	128	0	1	392	342	40	44	1768	0	0	0	1	
8081	11655623	0	0	0	0	1	128	0	1	392	342	41	44	1789	0	0	0	1	
8082	11655657	0	0	0	0	1	128	0	1	392	342	41	44	1805	0	0	0	1	
8083	11655690	0	0	0	0	1	128	0	1	392	342	41	45	1836	0	0	0	1	
8084	11655723	0	0	0	0	1	128	0	1	392	342	41	45	1844	0	0	0	1	
8085	11655757	0	0	0	0	1	128	0	1	392	342	41	45	1843	0	0	0	1	
8086	11655790	0	0	0	0	1	128	0	1	392	344	41	44	1810	0	0	0	1	
8087	11655824	0	0	0	0	1	128	0	1	392	344	41	44	1784	0	0	0	1	
8088	11655857	0	0	0	0	1	128	0	1	392	344	40	43	1741	0	0	0	1	
8089	11655890	0	0	0	0	1	128	0	1	392	344	40	43	1713	0	0	0	1	
8090	11655924	0	0	0	0	1	128	0	1	392	344	39	43	1684	0	0	0	1	
8091	11655957	0	0	0	0	1	128	0	1	392	344	39	42	1657	0	0	0	1	
8092	11655990	0	0	0	0	1	128	0	1	392	344	39	42	1635	0	0	0	1	
8093	11656024	0	0	0	0	1	128	0	1	392	344	39	41	1604	0	0	0	1	
8094	11656057	0	0	0	0	1	128	0	1	392	344	39	41	1592	0	0	0	1	
8095	11656090	0	0	0	0	1	128	0	1	392	344	38	41	1570	0	0	0	1	
8096	11656124	0	0	0	0	1	128	0	1	392	344	38	41	1547	0	0	0	1	
8097	11656157	0	0	0	0	1	128	0	1	392	344	38	41	1527	0	0	0	1	
8098	11656191	0	0	0	0	1	128	0	1	392	346	38	40	1516	0	0	0	1	
8099	11656224	0	0	0	0	1	128	0	1	392	344	37	40	1500	0	0	0	1	
8100	11656257	0	0	0	0	1	128	0	1	392	344	37	40	1491	0	0	0	1	
8101	11656291	0	0	0	0	1	128	0	1	392	344	37	40	1488	0	0	0	1	
8102	11656324	0	0	0	0	1	128	0	1	392	346	37	40	1483	0	0	0	1	
8103	11656357	0	0	0	0	1	128	0	1	392	346	37	40	1474	0	0	0	1	
8104	11656391	0	0	0	0	1	128	0	1	392	346	37	40	1474	0	0	0	1	
8105	11656424	0	0	0	0	1	128	0	1	392	346	37	40	1474	0	0	0	1	
8106	11656458	0	0	0	0	1	128	0	1	392	346	37	40	1480	0	0	0	1	
8107	11656491	0	0	0	0	1	128	0	1	392	346	37	40	1481	0	0	0	1	
8108	11656524	0	0	0	0	1	128	0	1	392	346	37	40	1484	0	0	0	1	
8109	11656558	0	0	0	0	1	128	0	1	392	346	37	40	1489	0	0	0	1	
8110	11656591	0	0	0	0	1	128	0	1	392	346	37	40	1487	0	0	0	1	
8111	11656624	0	0	0	0	1	128	0	1	392	346	37	40	1494	0	0	0	1	
8112	11656658	0	0	0	0	1	128	0	1	392	346	37	40	1499	0	0	0	1	
8113	11656691	0	0	0	0	1	128	0	1	392	346	37	40	1504	0	0	0	1	
8114	11656724	0	0	0	0	1	128	0	1	392	346	37	40	1511	0	0	0	1	
8115	11656758	0	0	0	0	1	128	0	1	392	346	37	40	1513	0	0	0	1	
8116	11656791	0	0	0	0	1	128	0	1	392	346	37	40	1514	0	0	0	1	
8117	11656825	0	0	0	0	1	128	0	1	392	346	37	41	1512	0	0	0	1	
8118	11656858	0	0	0	0	1	128	0	1	392	346	37	40	1515	0	0	0	1	
8119	11656891	0	0	0	0	1	128	0	1	392	344	37	41	1519	0	0	0	1	
8120	11656925	0	0	0	0	1	128	0	1	392	346	38	41	1525	0	0	0	1	
8121	11656958	0	0	0	0	1	128	0	1	392	346	38	41	1535	0	0	0	1	
8122	11656991	0	0	0	0	1	128	0	1	392	346	38	41	1535	0	0	0	1	
8123	11657025	0	0	0	0	1	128	0	1	392	346	38	41	1545	0	0	0	1	
8124	11657058	0	0	0	0	1	128	0	1	392	346	38	41	1544	0	0	0	1	
8125	11657091	0	0	0	0	1	128	0	1	392	346	38	41	1554	0	0	0	1	
8126	11657125	0	0	0	0	1	128	0	1	392	346	38	41	1556	0	0	0	1	
8127	11657158	0	0	0	0	1	128	0	1	392	346	38	41	1560	0	0	0	1	
8128	11657192	0	0	0	0	1	128	0	1	392	346	38	41	1566	0	0	0	1	
8129	11657225	0	0	0	0	1	128	0	1	392	344	38	42	1584	0	0	0	1	
8130	11657258	0	0	0	0	1	128	0	1	396	342	38	42	1601	0	0	0	1	
8131	11657292	0	0	0	0	1	128	0	1	426	316	35	41	1444	0	0	0	1	
8132	11657325	0	0	0	0	1	128	0	1	430	314	35	41	1441	0	0	0	1	
8133	11657358	0	0	0	0	1	128	0	1	428	314	35	41	1445	0	0	0	1	
8134	11657392	0	0	0	0	1	128	0	1	428	314	35	41	1452	0	0	0	1	
8135	11657425	0	0	0	0	1	128	0	1	430	314	35	42	1468	0	0	0	1	
8136	11657459	0	0	0	0	1	128	0	1	430	314	35	42	1478	0	0	0	1	
8137	11657492	0	0	0	0	1	128	0	1	428	314	35	42	1499	0	0	0	1	
8138	11657525	0	0	0	0	1	128	0	1	428	314	36	42	1522	0	0	0	1	
8139	11657559	0	0	0	0	1	128	0	1	428	314	36	43	1541	0	0	0	1	
8140	11657592	0	0	0	0	1	128	0	1	428	314	36	43	1554	0	0	0	1	
8141	11657625	0	0	0	0	1	128	0	1	428	314	37	43	1566	0	0	0	1	
8142	11657659	0	0	0	0	1	128	0	1	428	314	37	43	1589	0	0	0	1	
8143	11657692	0	0	0	0	1	128	0	1	428	314	37	44	1599	0	0	0	1	
8144	11657725	0	0	0	0	1	128	0	1	428	314	37	44	1615	0	0	0	1	
8145	11657759	0	0	0	0	1	128	0	1	428	314	37	44	1620	0	0	0	1	
8146	11657792	0	0	0	0	1	128	0	1	428	314	37	44	1625	0	0	0	1	
8147	11657826	0	0	0	0	1	128	0	1	428	314	37	44	1625	0	0	0	1	
8148	11657859	0	0	0	0	1	128	0	1	428	314	37	44	1629	0	0	0	1	
8149	11657892	0	0	0	0	1	128	0	1	428	314	37	44	1612	0	0	0	1	
8150	11657926	0	0	0	0	1	128	0	1	410	314	40	44	1733	0	0	0	1	
8151	11657959	0	0	0	0	1	128	0	1	410	314	39	44	1702	0	0	0	1	
8152	11657992	0	0	0	0	1	128	0	1	410	314	39	44	1702	0	0	0	1	
8153	11658026	0	0	0	0	1	128	0	1	408	314	39	44	1702	0	0	0	1	
8154	11658059	0	0	0	0	1	128	0	1	408	314	39	44	1704	0	0	0	1	
8155	11658093	0	0	0	0	1	128	0	1	408	314	39	44	1708	0	0	0	1	
8156	11658126	0	0	0	0	1	128	0	1	408	314	39	44	1706	0	0	0	1	
8157	11658159	0	0	0	0	1	128	0	1	408	314	39	44	1719	0	0	0	1	
8158	11658193	0	0	0	0	1	128	0	1	408	314	39	44	1741	0	0	0	1	
8159	11658226	0	0	0	0	1	128	0	1	408	314	40	44	1751	0	0	0	1	
8160	11658259	0	0	0	0	1	128	0	1	408	314	40	45	1769	0	0	0	1	
8161	11658293	0	0	0	0	1	128	0	1	408	314	40	45	1782	0	0	0	1	
8162	11658326	0	0	0	0	1	128	0	1	408	314	40	45	1792	0	0	0	1	
8163	11658360	0	0	0	0	1	128	0	1	408	314	40	45	1804	0	0	0	1	
8164	11658393	0	0	0	0	1	128	0	1	408	314	40	45	1815	0	0	0	1	
8165	11658426	0	0	0	0	1	128	0	1	408	314	40	45	1833	0	0	0	1	
8166	11658460	0	0	0	0	1	128	0	1	408	314	41	45	1841	0	0	0	1	
8167	11658493	0	0	0	0	1	128	0	1	408	314	41	45	1841	0	0	0	1	
8168	11658526	0	0	0	0	1	128	0	1	408	314	41	46	1859	0	0	0	1	
8169	11658560	0	0	0	0	1	128	0	1	408	314	41	46	1860	0	0	0	1	
8170	11658593	0	0	0	0	1	128	0	1	406	312	41	46	1865	0	0	0	1	
8171	11658626	0	0	0	0	1	128	0	1	404	314	40	46	1835	0	0	0	1	
8172	11658660	0	0	0	0	1	128	0	1	370	320	45	47	2075	0	0	0	1	
8173	11658693	0	0	0	0	1	128	0	1	370	320	44	47	2054	0	0	0	1	
8174	11658727	0	0	0	0	1	128	0	1	370	320	44	47	2075	0	0	0	1	
8175	11658760	0	0	0	0	1	128	0	1	370	320	44	47	2076	0	0	0	1	
8176	11658793	0	0	0	0	1	128	0	1	370	320	45	47	2089	0	0	0	1	
8177	11658827	0	0	0	0	1	128	0	1	370	320	44	47	2104	0	0	0	1	
8178	11658860	0	0	0	0	1	128	0	1	370	320	45	47	2111	0	0	0	1	
8179	11658893	0	0	0	0	1	128	0	1	370	320	45	47	2116	0	0	0	1	
8180	11658927	0	0	0	0	1	128	0	1	370	320	45	47	2119	0	0	0	1	
8181	11658960	0	0	0	0	1	128	0	1	370	320	45	47	2123	0	0	0	1	
8182	11658993	0	0	0	0	1	128	0	1	370	320	45	47	2110	0	0	0	1	
8183	11659027	0	0	0	0	1	128	0	1	370	320	45	47	2101	0	0	0	1	
8184	11659060	0	0	0	0	1	128	0	1	370	320	45	47	2096	0	0	0	1	
8185	11659094	0	0	0	0	1	128	0	1	370	320	45	47	2084	0	0	0	1	
8186	11659127	0	0	0	0	1	128	0	1	370	320	44	47	2068	0	0	0	1	
8187	11659160	0	0	0	0	1	128	0	1	370	320	44	46	2054	0	0	0	1	
8188	11659194	0	0	0	0	1	128	0	1	370	320	44	46	2032	0	0	0	1	
8189	11659227	0	0	0	0	1	128	0	1	370	320	44	46	2015	0	0	0	1	
8190	11659260	0	0	0	0	1	128	0	1	370	320	44	46	1998	0	0	0	1	
8191	11659294	0	0	0	0	1	128	0	1	370	320	43	46	1989	0	0	0	1	
8192	11659327	0	0	0	0	1	128	0	1	370	320	43	45	1972	0	0	0	1	
8193	11659360	0	0	0	0	1	128	0	1	370	322	43	45	1962	0	0	0	1	
8194	11659394	0	0	0	0	1	128	0	1	394	350	38	43	1641	0	0	0	1	
8195	11659427	0	0	0	0	1	128	0	1	398	354	40	44	1768	0	0	0	1	
8196	11659461	0	0	0	0	1	128	0	1	398	356	40	44	1770	0	0	0	1	
8197	11659494	0	0	0	0	1	128	0	1	398	354	40	45	1772	0	0	0	1	
8198	11659527	0	0	0	0	1	128	0	1	398	354	40	44	1763	0	0	0	1	
8199	11659561	0	0	0	0	1	128	0	1	398	354	40	44	1759	0	0	0	1	
8200	11659594	0	0	0	0	1	128	0	1	398	354	40	44	1754	0	0	0	1	
8201	11659628	0	0	0	0	1	128	0	1	398	354	39	44	1744	0	0	0	1	
8202	11659661	0	0	0	0	1	128	0	1	398	354	39	44	1730	0	0	0	1	
8203	11659694	0	0	0	0	1	128	0	1	398	354	39	44	1712	0	0	0	1	
8204	11659728	0	0	0	0	1	128	0	1	398	356	39	44	1696	0	0	0	1	
8205	11659761	0	0	0	0	1	128	0	1	400	356	39	44	1693	0	0	0	1	
8206	11659794	0	0	0	0	1	128	0	1	400	356	39	44	1683	0	0	0	1	
8207	11659828	0	0	0	0	1	128	0	1	400	356	38	44	1672	0	0	0	1	
8208	11659861	0	0	0	0	1	128	0	1	400	356	38	44	1662	0	0	0	1	
8209	11659894	0	0	0	0	1	128	0	1	400	356	38	44	1673	0	0	0	1	
8210	11659928	0	0	0	0	1	128	0	1	400	356	38	44	1684	0	0	0	1	
8211	11659961	0	0	0	0	1	128	0	1	400	356	38	44	1685	0	0	0	1	
8212	11659995	0	0	0	0	1	128	0	1	398	356	39	44	1687	0	0	0	1	
8213	11660028	0	0	0	0	1	128	0	1	398	356	39	44	1723	0	0	0	1	
8214	11660061	0	0	0	0	1	128	0	1	398	356	39	45	1736	0	0	0	1	
8215	11660095	0	0	0	0	1	128	0	1	398	356	39	45	1749	0	0	0	1	
8216	11660128	0	0	0	0	1	128	0	1	398	356	39	45	1756	0	0	0	1	
8217	11660161	0	0	0	0	1	128	0	1	398	356	40	45	1794	0	0	0	1	
8218	11660195	0	0	0	0	1	128	0	1	388	342	42	45	1889	0	0	0	1	
8219	11660228	0	0	0	0	1	128	0	1	388	342	42	45	1905	0	0	0	1	
8220	11660261	0	0	0	0	1	128	0	1	388	342	42	46	1928	0	0	0	1	
8221	11660295	0	0	0	0	1	128	0	1	388	342	43	46	1955	0	0	0	1	
8222	11660328	0	0	0	0	1	128	0	1	388	342	43	46	1974	0	0	0	1	
8223	11660362	0	0	0	0	1	128	0	1	386	338	43	46	2003	0	0	0	1	
8224	11660395	0	0	0	0	1	128	0	1	386	340	44	46	2022	0	0	0	1	
8225	11660428	0	0	0	0	1	128	0	1	386	340	44	47	2029	0	0	0	1	
8226	11660462	0	0	0	0	1	128	0	1	386	340	44	47	2042	0	0	0	1	
8227	11660495	0	0	0	0	1	128	0	1	386	340	44	47	2060	0	0	0	1	
8228	11660528	0	0	0	0	1	128	0	1	386	340	44	47	2069	0	0	0	1	
8229	11660562	0	0	0	0	1	128	0	1	386	340	44	47	2079	0	0	0	1	
8230	11660595	0	0	0	0	1	128	0	1	386	340	44	47	2088	0	0	0	1	
8231	11660629	0	0	0	0	1	128	0	1	386	340	44	47	2084	0	0	0	1	
8232	11660662	0	0	0	0	1	128	0	1	386	340	44	47	2082	0	0	0	1	
8233	11660695	0	0	0	0	1	128	0	1	386	340	44	47	2070	0	0	0	1	
8234	11660729	0	0	0	0	1	128	0	1	386	340	44	47	2064	0	0	0	1	
8235	11660762	0	0	0	0	1	128	0	1	386	340	44	47	2055	0	0	0	1	
8236	11660795	0	0	0	0	1	128	0	1	386	340	44	47	2046	0	0	0	1	
8237	11660829	0	0	0	0	1	128	0	1	386	340	44	47	2038	0	0	0	1	
8238	11660862	0	0	0	0	1	128	0	1	386	340	44	47	2036	0	0	0	1	
8239	11660895	0	0	0	0	1	128	0	1	386	340	43	47	2031	0	0	0	1	
8240	11660929	0	0	0	0	1	128	0	1	390	338	43	47	2014	0	0	0	1	
8241	11660962	0	0	0	0	1	128	0	1	396	336	43	47	1989	0	0	0	1	
8242	11660996	0	0	0	0	1	128	0	1	398	336	42	47	1984	0	0	0	1	
8243	11661029	0	0	0	0	1	128	0	1	400	336	42	47	1987	0	0	0	1	
8244	11661062	0	0	0	0	1	128	0	1	402	336	42	47	1984	0	0	0	1	
8245	11661096	0	0	0	0	1	128	0	1	404	334	42	47	1975	0	0	0	1	
8246	11661129	0	0	0	0	1	128	0	1	408	334	42	47	1956	0	0	0	1	
8247	11661162	0	0	0	0	1	128	0	1	410	332	41	47	1944	0	0	0	1	
8248	11661196	0	0	0	0	1	128	0	1	414	332	41	47	1924	0	0	0	1	
8249	11661229	0	0	0	0	1	128	0	1	414	330	41	47	1912	0	0	0	1	
8250	11661263	0	0	0	0	1	128	0	1	416	330	40	47	1882	0	0	0	1	
8251	11661296	0	0	0	0	1	128	0	1	418	330	40	46	1869	0	0	0	1	
8252	11661329	0	0	0	0	1	128	0	1	420	328	40	46	1848	0	0	0	1	
8253	11661363	0	0	0	0	1	128	0	1	422	328	40	46	1827	0	0	0	1	
8254	11661396	0	0	0	0	1	128	0	1	424	328	39	46	1801	0	0	0	1	
8255	11661429	0	0	0	0	1	128	0	1	426	326	39	46	1788	0	0	0	1	
8256	11661463	0	0	0	0	1	128	0	1	428	326	39	46	1778	0	0	0	1	
8257	11661496	0	0	0	0	1	128	0	1	428	326	39	46	1769	0	0	0	1	
8258	11661529	0	0	0	0	1	128	0	1	430	326	38	46	1760	0	0	0	1	
8259	11661563	0	0	0	0	1	128	0	1	430	326	38	46	1767	0	0	0	1	
8260	11661596	0	0	0	0	1	128	0	1	424	328	40	46	1828	0	0	0	1	
8261	11661630	0	0	0	0	1	128	0	1	426	328	40	46	1828	0	0	0	1	
8262	11661663	0	0	0	0	1	128	0	1	426	328	40	46	1835	0	0	0	1	
8263	11661696	0	0	0	0	1	128	0	1	426	328	40	46	1843	0	0	0	1	
8264	11661730	0	0	0	0	1	128	0	1	426	328	40	47	1861	0	0	0	1	
8265	11661763	0	0	0	0	1	128	0	1	426	328	40	46	1857	0	0	0	1	
8266	11661796	0	0	0	0	1	128	0	1	426	328	40	47	1874	0	0	0	1	
8267	11661830	0	0	0	0	1	128	0	1	426	328	40	47	1896	0	0	0	1	
8268	11661863	0	0	0	0	1	128	0	1	426	328	40	47	1907	0	0	0	1	
8269	11661897	0	0	0	0	1	128	0	1	426	328	41	47	1914	0	0	0	1	
8270	11661930	0	0	0	0	1	128	0	1	426	328	41	47	1913	0	0	0	1	
8271	11661963	0	0	0	0	1	128	0	1	426	328	41	47	1917	0	0	0	1	
8272	11661997	0	0	0	0	1	128	0	1	426	328	41	47	1912	0	0	0	1	
8273	11662030	0	0	0	0	1	128	0	1	426	328	41	47	1903	0	0	0	1	
8274	11662063	0	0	0	0	1	128	0	1	426	328	40	47	1889	0	0	0	1	
8275	11662097	0	0	0	0	1	128	0	1	426	328	40	47	1872	0	0	0	1	
8276	11662130	0	0	0	0	1	128	0	1	426	328	40	46	1854	0	0	0	1	
8277	11662163	0	0	0	0	1	128	0	1	426	328	40	46	1845	0	0	0	1	
8278	11662197	0	0	0	0	1	128	0	1	426	328	40	46	1826	0	0	0	1	
8279	11662230	0	0	0	0	1	128	0	1	426	328	40	46	1806	0	0	0	1	
8280	11662264	0	0	0	0	1	128	0	1	426	328	39	46	1788	0	0	0	1	
8281	11662297	0	0	0	0	1	128	0	1	426	328	39	45	1764	0	0	0	1	
8282	11662330	0	0	0	0	1	128	0	1	426	328	39	45	1730	0	0	0	1	
8283	11662364	0	0	0	0	1	128	0	1	426	328	38	45	1707	0	0	0	1	
8284	11662397	0	0	0	0	1	128	0	1	426	328	38	44	1694	0	0	0	1	
8285	11662430	0	0	0	0	1	128	0	1	426	328	38	44	1681	0	0	0	1	
8286	11662464	0	0	0	0	1	128	0	1	426	328	38	44	1673	0	0	0	1	
8287	11662497	0	0	0	0	1	128	0	1	426	328	38	44	1660	0	0	0	1	
8288	11662531	0	0	0	0	1	128	0	1	426	328	38	44	1651	0	0	0	1	
8289	11662564	0	0	0	0	1	128	0	1	418	312	39	44	1742	0	0	0	1	
8290	11662597	0	0	0	0	1	128	0	1	418	312	39	44	1714	0	0	0	1	
8291	11662631	0	0	0	0	1	128	0	1	416	312	39	44	1708	0	0	0	1	
8292	11662664	0	0	0	0	1	128	0	1	416	312	39	44	1709	0	0	0	1	
8293	11662697	0	0	0	0	1	128	0	1	416	312	39	44	1709	0	0	0	1	
8294	11662731	0	0	0	0	1	128	0	1	416	312	39	44	1724	0	0	0	1	
8295	11662764	0	0	0	0	1	128	0	1	416	312	39	44	1730	0	0	0	1	
8296	11662797	0	0	0	0	1	128	0	1	416	312	39	44	1747	0	0	0	1	
8297	11662831	0	0	0	0	1	128	0	1	416	312	39	45	1757	0	0	0	1	
8298	11662864	0	0	0	0	1	128	0	1	416	312	40	45	1771	0	0	0	1	
8299	11662898	0	0	0	0	1	128	0	1	416	312	40	45	1788	0	0	0	1	
8300	11662931	0	0	0	0	1	128	0	1	416	312	40	45	1802	0	0	0	1	
8301	11662964	0	0	0	0	1	128	0	1	416	312	40	45	1818	0	0	0	1	
8302	11662998	0	0	0	0	1	128	0	1	414	312	40	45	1829	0	0	0	1	
8303	11663031	0	0	0	0	1	128	0	1	414	312	40	46	1842	0	0	0	1	
8304	11663064	0	0	0	0	1	128	0	1	414	312	40	46	1842	0	0	0	1	
8305	11663098	0	0	0	0	1	128	0	1	414	312	40	46	1837	0	0	0	1	
8306	11663131	0	0	0	0	1	128	0	1	414	312	40	46	1838	0	0	0	1	
8307	11663164	0	0	0	0	1	128	0	1	414	312	40	45	1823	0	0	0	1	
8308	11663198	0	0	0	0	1	128	0	1	414	312	40	45	1818	0	0	0	1	
8309	11663231	0	0	0	0	1	128	0	1	414	312	40	45	1817	0	0	0	1	
8310	11663265	0	0	0	0	1	128	0	1	414	312	40	45	1807	0	0	0	1	
8311	11663298	0	0	0	0	1	128	0	1	414	312	40	45	1802	0	0	0	1	
8312	11663331	0	0	0	0	1	128	0	1	406	300	41	47	1901	0	0	0	1	
8313	11663365	0	0	0	0	1	128	0	1	404	298	41	46	1874	0	0	0	1	
8314	11663398	0	0	0	0	1	128	0	1	404	298	41	45	1863	0	0	0	1	
8315	11663431	0	0	0	0	1	128	0	1	404	298	41	46	1856	0	0	0	1	
8316	11663465	0	0	0	0	1	128	0	1	402	298	41	46	1872	0	0	0	1	
8317	11663498	0	0	0	0	1	128	0	1	402	298	41	46	1878	0	0	0	1	
8318	11663532	0	0	0	0	1	128	0	1	402	298	41	46	1880	0	0	0	1	
8319	11663565	0	0	0	0	1	128	0	1	402	298	41	46	1885	0	0	0	1	
8320	11663598	0	0	0	0	1	128	0	1	402	298	41	46	1892	0	0	0	1	
8321	11663632	0	0	0	0	1	128	0	1	402	298	41	46	1891	0	0	0	1	
8322	11663665	0	0	0	0	1	128	0	1	402	298	41	46	1889	0	0	0	1	
8323	11663698	0	0	0	0	1	128	0	1	402	298	41	46	1885	0	0	0	1	
8324	11663732	0	0	0	0	1	128	0	1	402	298	41	45	1864	0	0	0	1	
8325	11663765	0	0	0	0	1	128	0	1	402	298	41	45	1859	0	0	0	1	
8326	11663798	0	0	0	0	1	128	0	1	402	298	41	45	1840	0	0	0	1	
8327	11663832	0	0	0	0	1	128	0	1	402	298	41	45	1820	0	0	0	1	
8328	11663865	0	0	0	0	1	128	0	1	402	298	41	45	1814	0	0	0	1	
8329	11663899	0	0	0	0	1	128	0	1	402	298	41	44	1805	0	0	0	1	
8330	11663932	0	0	0	0	1	128	0	1	402	298	41	44	1808	0	0	0	1	
8331	11663965	0	0	0	0	1	128	0	1	400	298	41	45	1806	0	0	0	1	
8332	11663999	0	0	0	0	1	128	0	1	386	302	43	44	1889	0	0	0	1	
8333	11664032	0	0	0	0	1	128	0	1	384	302	42	45	1877	0	0	0	1	
8334	11664065	0	0	0	0	1	128	0	1	384	302	42	45	1886	0	0	0	1	
8335	11664099	0	0	0	0	1	128	0	1	384	302	42	45	1885	0	0	0	1	
8336	11664132	0	0	0	0	1	128	0	1	384	302	42	45	1893	0	0	0	1	
8337	11664165	0	0	0	0	1	128	0	1	384	302	42	45	1896	0	0	0	1	
8338	11664199	0	0	0	0	1	128	0	1	384	302	42	45	1901	0	0	0	1	
8339	11664232	0	0	0	0	1	128	0	1	384	302	42	45	1905	0	0	0	1	
8340	11664266	0	0	0	0	1	128	0	1	384	302	43	45	1903	0	0	0	1	
8341	11664299	0	0	0	0	1	128	0	1	384	302	43	45	1905	0	0	0	1	
8342	11664332	0	0	0	0	1	128	0	1	384	302	43	45	1906	0	0	0	1	
8343	11664366	0	0	0	0	1	128	0	1	384	302	43	45	1905	0	0	0	1	
8344	11664399	0	0	0	0	1	128	0	1	384	302	43	45	1900	0	0	0	1	
8345	11664433	0	0	0	0	1	128	0	1	384	302	42	45	1893	0	0	0	1	
8346	11664466	0	0	0	0	1	128	0	1	382	302	42	45	1882	0	0	0	1	
8347	11664499	0	0	0	0	1	128	0	1	382	302	42	44	1872	0	0	0	1	
8348	11664533	0	0	0	0	1	128	0	1	382	302	42	44	1863	0	0	0	1	
8349	11664566	0	0	0	0	1	128	0	1	382	304	42	44	1867	0	0	0	1	
8350	11664599	0	0	0	0	1	128	0	1	382	304	42	44	1859	0	0	0	1	
8351	11664633	0	0	0	0	1	128	0	1	382	304	42	44	1862	0	0	0	1	
8352	11664666	0	0	0	0	1	128	0	1	382	304	42	44	1860	0	0	0	1	
8353	11664699	0	0	0	0	1	128	0	1	382	304	42	44	1861	0	0	0	1	
8354	11664733	0	0	0	0	1	128	0	1	380	304	41	44	1819	0	0	0	1	
8355	11664766	0	0	0	0	1	128	0	1	364	338	43	44	1898	0	0	0	1	
8356	11664800	0	0	0	0	1	128	0	1	364	338	43	44	1901	0	0	0	1	
8357	11664833	0	0	0	0	1	128	0	1	362	340	43	44	1897	0	0	0	1	
8358	11664866	0	0	0	0	1	128	0	1	364	340	43	44	1908	0	0	0	1	
8359	11664900	0	0	0	0	1	128	0	1	362	338	44	44	1945	0	0	0	1	
8360	11664933	0	0	0	0	1	128	0	1	358	342	43	45	1932	0	0	0	1	
8361	11664966	0	0	0	0	1	128	0	1	358	344	44	44	1968	0	0	0	1	
8362	11665000	0	0	0	0	1	128	0	1	358	344	44	44	1959	0	0	0	1	
8363	11665033	0	0	0	0	1	128	0	1	358	344	44	44	1961	0	0	0	1	
8364	11665066	0	0	0	0	1	128	0	1	358	344	44	44	1957	0	0	0	1	
8365	11665100	0	0	0	0	1	128	0	1	358	344	43	44	1900	0	0	0	1	
8366	11665133	0	0	0	0	1	128	0	1	358	344	44	44	1927	0	0	0	1	
8367	11665167	0	0	0	0	1	128	0	1	360	344	43	44	1892	0	0	0	1	
8368	11665200	0	0	0	0	1	128	0	1	358	344	43	44	1914	0	0	0	1	
8369	11665233	0	0	0	0	1	128	0	1	360	344	42	44	1852	0	0	0	1	
8370	11665267	0	0	0	0	1	128	0	1	358	344	43	44	1894	0	0	0	1	
8371	11665300	0	0	0	0	1	128	0	1	360	346	40	43	1706	0	0	0	1	
8372	11665333	0	0	0	0	1	128	0	1	358	344	43	44	1912	0	0	0	1	
8373	11665367	0	0	0	0	1	128	0	1	358	344	43	44	1909	0	0	0	1	
8374	11665400	0	0	0	0	1	128	0	1	358	344	44	44	1931	0	0	0	1	
8375	11665434	0	0	0	0	1	128	0	1	358	344	44	45	1943	0	0	0	1	
8376	11665467	0	0	0	0	1	128	0	1	358	344	44	44	1958	0	0	0	1	
8377	11665500	0	0	0	0	1	128	0	1	362	344	43	45	1911	0	0	0	1	
8378	11665534	0	0	0	0	1	128	0	1	376	334	43	45	1921	0	0	0	1	
8379	11665567	0	0	0	0	1	128	0	1	378	332	43	45	1934	0	0	0	1	
8380	11665600	0	0	0	0	1	128	0	1	378	332	43	45	1946	0	0	0	1	
8381	11665634	0	0	0	0	1	128	0	1	378	332	44	45	1963	0	0	0	1	
8382	11665667	0	0	0	0	1	128	0	1	378	332	44	45	1972	0	0	0	1	
8383	11665701	0	0	0	0	1	128	0	1	378	332	44	45	1987	0	0	0	1	
8384	11665734	0	0	0	0	1	128	0	1	378	332	44	46	2002	0	0	0	1	
8385	11665767	0	0	0	0	1	128	0	1	378	332	44	46	2016	0	0	0	1	
8386	11665801	0	0	0	0	1	128	0	1	378	332	44	46	2023	0	0	0	1	
8387	11665834	0	0	0	0	1	128	0	1	378	332	44	46	2033	0	0	0	1	
8388	11665867	0	0	0	0	1	128	0	1	378	332	44	46	2044	0	0	0	1	
8389	11665901	0	0	0	0	1	128	0	1	378	332	44	46	2059	0	0	0	1	
8390	11665934	0	0	0	0	1	128	0	1	378	332	45	46	2072	0	0	0	1	
8391	11665967	0	0	0	0	1	128	0	1	378	332	45	47	2088	0	0	0	1	
8392	11666001	0	0	0	0	1	128	0	1	378	332	45	47	2104	0	0	0	1	
8393	11666034	0	0	0	0	1	128	0	1	378	330	45	47	2104	0	0	0	1	
8394	11666068	0	0	0	0	1	128	0	1	380	330	45	47	2110	0	0	0	1	
8395	11666101	0	0	0	0	1	128	0	1	380	330	45	47	2104	0	0	0	1	
8396	11666134	0	0	0	0	1	128	0	1	380	330	45	47	2098	0	0	0	1	
8397	11666168	0	0	0	0	1	128	0	1	380	330	44	47	2089	0	0	0	1	
8398	11666201	0	0	0	0	1	128	0	1	380	330	44	47	2082	0	0	0	1	
8399	11666234	0	0	0	0	1	128	0	1	382	330	44	47	2066	0	0	0	1	
8400	11666268	0	0	0	0	1	128	0	1	384	332	43	46	2003	0	0	0	1	
8401	11666301	0	0	0	0	1	128	0	1	394	348	42	46	1929	0	0	0	1	
8402	11666334	0	0	0	0	1	128	0	1	394	348	42	46	1926	0	0	0	1	
8403	11666368	0	0	0	0	1	128	0	1	394	348	42	46	1910	0	0	0	1	
8404	11666401	0	0	0	0	1	128	0	1	394	348	41	46	1901	0	0	0	1	
8405	11666435	0	0	0	0	1	128	0	1	394	348	41	46	1894	0	0	0	1	
8406	11666468	0	0	0	0	1	128	0	1	394	348	41	46	1883	0	0	0	1	
8407	11666501	0	0	0	0	1	128	0	1	394	346	41	46	1877	0	0	0	1	
8408	11666535	0	0	0	0	1	128	0	1	394	346	41	46	1871	0	0	0	1	
8409	11666568	0	0	0	0	1	128	0	1	394	346	41	45	1850	0	0	0	1	
8410	11666601	0	0	0	0	1	128	0	1	394	346	41	45	1840	0	0	0	1	
8411	11666635	0	0	0	0	1	128	0	1	394	346	41	45	1825	0	0	0	1	
8412	11666668	0	0	0	0	1	128	0	1	394	346	40	45	1810	0	0	0	1	
8413	11666702	0	0	0	0	1	128	0	1	394	346	40	45	1795	0	0	0	1	
8414	11666735	0	0	0	0	1	128	0	1	394	346	40	45	1794	0	0	0	1	
8415	11666768	0	0	0	0	1	128	0	1	394	346	40	44	1780	0	0	0	1	
8416	11666802	0	0	0	0	1	128	0	1	394	346	40	44	1778	0	0	0	1	
8417	11666835	0	0	0	0	1	128	0	1	394	346	40	44	1780	0	0	0	1	
8418	11666868	0	0	0	0	1	128	0	1	394	346	40	44	1776	0	0	0	1	
8419	11666902	0	0	0	0	1	128	0	1	394	346	40	44	1782	0	0	0	1	
8420	11666935	0	0	0	0	1	128	0	1	394	346	40	44	1777	0	0	0	1	
8421	11666968	0	0	0	0	1	128	0	1	394	346	40	44	1784	0	0	0	1	
8422	11667002	0	0	0	0	1	128	0	1	394	346	40	44	1778	0	0	0	1	
8423	11667035	0	0	0	0	1	128	0	1	394	346	40	44	1786	0	0	0	1	
8424	11667069	0	0	0	0	1	128	0	1	392	346	41	44	1798	0	0	0	1	
8425	11667102	0	0	0	0	1	128	0	1	390	340	41	44	1812	0	0	0	1	
8426	11667135	0	0	0	0	1	128	0	1	382	324	42	45	1893	0	0	0	1	
8427	11667169	0	0	0	0	1	128	0	1	380	322	42	45	1906	0	0	0	1	
8428	11667202	0	0	0	0	1	128	0	1	378	322	43	45	1950	0	0	0	1	
8429	11667235	0	0	0	0	1	128	0	1	376	322	43	46	1975	0	0	0	1	
8430	11667269	0	0	0	0	1	128	0	1	352	322	45	46	2063	0	0	0	1	
8431	11667302	0	0	0	0	1	128	0	1	350	322	45	46	2078	0	0	0	1	
8432	11667335	0	0	0	0	1	128	0	1	348	322	45	46	2095	0	0	0	1	
8433	11667369	0	0	0	0	1	128	0	1	346	324	46	47	2143	0	0	0	1	
8434	11667402	0	0	0	0	1	128	0	1	342	324	46	47	2189	0	0	0	1	
8435	11667436	0	0	0	0	1	128	0	1	340	326	47	47	2201	0	0	0	1	
8436	11667469	0	0	0	0	1	128	0	1	336	328	46	47	2187	0	0	0	1	
8437	11667502	0	0	0	0	1	128	0	1	332	330	46	47	2172	0	0	0	1	
8438	11667536	0	0	0	0	1	128	0	1	310	334	47	47	2235	0	0	0	1	
8439	11667569	0	0	0	0	1	128	0	1	306	336	47	47	2215	0	0	0	1	
8440	11667602	0	0	0	0	1	128	0	1	304	338	46	47	2169	0	0	0	1	
8441	11667636	0	0	0	0	1	128	0	1	304	340	46	47	2132	0	0	0	1	
8442	11667669	0	0	0	0	1	128	0	1	302	344	46	46	2111	0	0	0	1	
8443	11667703	0	0	0	0	1	128	0	1	300	346	45	45	2067	0	0	0	1	
8444	11667736	0	0	0	0	1	128	0	1	300	350	45	45	2028	0	0	0	1	
8445	11667769	0	0	0	0	1	128	0	1	300	352	44	45	1992	0	0	0	1	
8446	11667803	0	0	0	0	1	128	0	1	298	356	44	46	2028	0	0	0	1	
8447	11667836	0	0	0	0	1	128	0	1	300	360	44	45	1957	0	0	0	1	
8448	11667869	0	0	0	0	1	128	0	1	300	366	43	44	1916	0	0	0	1	
8449	11667903	0	0	0	0	1	128	0	1	298	372	43	44	1903	0	0	0	1	
8450	11667936	0	0	0	0	1	128	0	1	298	376	43	44	1884	0	0	0	1	
8451	11667970	0	0	0	0	1	128	0	1	300	380	42	44	1860	0	0	0	1	
8452	11668003	0	0	0	0	1	128	0	1	302	384	42	44	1846	0	0	0	1	
8453	11668036	0	0	0	0	1	128	0	1	304	388	42	44	1857	0	0	0	1	
8454	11668070	0	0	0	0	1	128	0	1	308	392	41	44	1829	0	0	0	1	
8455	11668103	0	0	0	0	1	128	0	1	310	394	41	44	1800	0	0	0	1	
8456	11668136	0	0	0	0	1	128	0	1	314	398	40	44	1778	0	0	0	1	
8457	11668170	0	0	0	0	1	128	0	1	320	400	40	44	1757	0	0	0	1	
8458	11668203	0	0	0	0	1	128	0	1	324	402	39	44	1739	0	0	0	1	
8459	11668236	0	0	0	0	1	128	0	1	330	402	39	44	1714	0	0	0	1	
8460	11668270	0	0	0	0	1	128	0	1	334	402	39	44	1715	0	0	0	1	
8461	11668303	0	0	0	0	1	128	0	1	340	402	39	44	1699	0	0	0	1	
8462	11668336	0	0	0	0	1	128	0	1	344	402	39	44	1694	0	0	0	1	
8463	11668370	0	0	0	0	1	128	0	1	350	400	39	44	1698	0	0	0	1	
8464	11668403	0	0	0	0	1	128	0	1	354	400	38	44	1697	0	0	0	1	
8465	11668437	0	0	0	0	1	128	0	1	360	398	38	45	1706	0	0	0	1	
8466	11668470	0	0	0	0	1	128	0	1	364	396	38	45	1710	0	0	0	1	
8467	11668503	0	0	0	0	1	128	0	1	370	394	38	45	1710	0	0	0	1	
8468	11668537	0	0	0	0	1	128	0	1	374	392	38	45	1727	0	0	0	1	
8469	11668570	0	0	0	0	1	128	0	1	378	388	39	46	1764	0	0	0	1	
8470	11668603	0	0	0	0	1	128	0	1	382	384	39	46	1795	0	0	0	1	
8471	11668637	0	0	0	0	1	128	0	1	384	380	40	46	1816	0	0	0	1	
8472	11668670	0	0	0	0	1	128	0	1	386	378	40	46	1843	0	0	0	1	
8473	11668704	0	0	0	0	1	128	0	1	388	374	40	46	1874	0	0	0	1	
8474	11668737	0	0	0	0	1	128	0	1	390	370	41	47	1905	0	0	0	1	
8475	11668770	0	0	0	0	1	128	0	1	392	368	41	47	1929	0	0	0	1	
8476	11668804	0	0	0	0	1	128	0	1	392	364	41	47	1943	0	0	0	1	
8477	11668837	0	0	0	0	1	128	0	1	392	360	42	48	1999	0	0	0	1	
8478	11668870	0	0	0	0	1	128	0	1	392	354	43	47	2010	0	0	0	1	
8479	11668904	0	0	0	0	1	128	0	1	392	352	43	48	2037	0	0	0	1	
8480	11668937	0	0	0	0	1	128	0	1	392	350	43	48	2057	0	0	0	1	
8481	11668971	0	0	0	0	1	128	0	1	390	348	43	48	2084	0	0	0	1	
8482	11669004	0	0	0	0	1	128	0	1	390	346	43	48	2088	0	0	0	1	
8483	11669037	0	0	0	0	1	128	0	1	390	346	43	48	2109	0	0	0	1	
8484	11669071	0	0	0	0	1	128	0	1	390	346	44	49	2118	0	0	0	1	
8485	11669104	0	0	0	0	1	128	0	1	390	346	44	49	2121	0	0	0	1	
8486	11669137	0	0	0	0	1	128	0	1	390	346	44	49	2128	0	0	0	1	
8487	11669171	0	0	0	0	1	128	0	1	390	346	44	49	2134	0	0	0	1	
8488	11669204	0	0	0	0	1	128	0	1	390	346	44	49	2137	0	0	0	1	
8489	11669237	0	0	0	0	1	128	0	1	390	346	44	49	2138	0	0	0	1	
8490	11669271	0	0	0	0	1	128	0	1	390	346	44	49	2135	0	0	0	1	
8491	11669304	0	0	0	0	1	128	0	1	390	346	44	49	2124	0	0	0	1	
8492	11669338	0	0	0	0	1	128	0	1	390	346	43	49	2110	0	0	0	1	
8493	11669371	0	0	0	0	1	128	0	1	394	346	43	48	2082	0	0	0	1	
8494	11669404	0	0	0	0	1	128	0	1	394	346	43	48	2060	0	0	0	1	
8495	11669438	0	0	0	0	1	128	0	1	394	346	43	48	2031	0	0	0	1	
8496	11669471	0	0	0	0	1	128	0	1	394	346	42	47	2012	0	0	0	1	
8497	11669504	0	0	0	0	1	128	0	1	394	346	42	47	1990	0	0	0	1	
8498	11669538	0	0	0	0	1	128	0	1	394	346	42	47	1975	0	0	0	1	
8499	11669571	0	0	0	0	1	128	0	1	394	344	42	47	1958	0	0	0	1	
8500	11669605	0	0	0	0	1	128	0	1	394	344	42	47	1947	0	0	0	1	
8501	11669638	0	0	0	0	1	128	0	1	394	344	41	47	1931	0	0	0	1	
8502	11669671	0	0	0	0	1	128	0	1	394	344	41	46	1918	0	0	0	1	
8503	11669705	0	0	0	0	1	128	0	1	394	346	41	46	1883	0	0	0	1	
8504	11669738	0	0	0	0	1	128	0	1	392	346	41	46	1899	0	0	0	1	
8505	11669771	0	0	0	0	1	128	0	1	392	346	41	46	1895	0	0	0	1	
8506	11669805	0	0	0	0	1	128	0	1	392	346	41	46	1886	0	0	0	1	
8507	11669838	0	0	0	0	1	128	0	1	392	346	41	46	1887	0	0	0	1	
8508	11669871	0	0	0	0	1	128	0	1	392	346	41	46	1885	0	0	0	1	
8509	11669905	0	0	0	0	1	128	0	1	392	346	41	46	1889	0	0	0	1	
8510	11669938	0	0	0	0	1	128	0	1	392	346	41	46	1894	0	0	0	1	
8511	11669972	0	0	0	0	1	128	0	1	392	346	41	46	1902	0	0	0	1	
8512	11670005	0	0	0	0	1	128	0	1	392	346	41	46	1906	0	0	0	1	
8513	11670038	0	0	0	0	1	128	0	1	392	346	41	46	1915	0	0	0	1	
8514	11670072	0	0	0	0	1	128	0	1	416	318	39	46	1775	0	0	0	1	
8515	11670105	0	0	0	0	1	128	0	1	416	318	40	46	1804	0	0	0	1	
8516	11670138	0	0	0	0	1	128	0	1	416	318	40	45	1800	0	0	0	1	
8517	11670172	0	0	0	0	1	128	0	1	416	318	40	45	1797	0	0	0	1	
8518	11670205	0	0	0	0	1	128	0	1	416	318	39	45	1792	0	0	0	1	
8519	11670238	0	0	0	0	1	128	0	1	414	318	40	45	1796	0	0	0	1	
8520	11670272	0	0	0	0	1	128	0	1	414	318	39	45	1788	0	0	0	1	
8521	11670305	0	0	0	0	1	128	0	1	414	318	39	46	1795	0	0	0	1	
8522	11670339	0	0	0	0	1	128	0	1	414	318	40	46	1804	0	0	0	1	
8523	11670372	0	0	0	0	1	128	0	1	414	318	40	46	1809	0	0	0	1	
8524	11670405	0	0	0	0	1	128	0	1	414	318	40	46	1819	0	0	0	1	
8525	11670439	0	0	0	0	1	128	0	1	414	318	40	46	1825	0	0	0	1	
8526	11670472	0	0	0	0	1	128	0	1	414	318	40	46	1834	0	0	0	1	
8527	11670505	0	0	0	0	1	128	0	1	414	318	40	46	1836	0	0	0	1	
8528	11670539	0	0	0	0	1	128	0	1	414	318	40	46	1838	0	0	0	1	
8529	11670572	0	0	0	0	1	128	0	1	414	318	40	46	1836	0	0	0	1	
8530	11670606	0	0	0	0	1	128	0	1	414	318	40	46	1822	0	0	0	1	
8531	11670639	0	0	0	0	1	128	0	1	414	318	40	46	1820	0	0	0	1	
8532	11670672	0	0	0	0	1	128	0	1	414	318	40	45	1797	0	0	0	1	
8533	11670706	0	0	0	0	1	128	0	1	414	318	40	45	1786	0	0	0	1	
8534	11670739	0	0	0	0	1	128	0	1	414	318	40	45	1782	0	0	0	1	
8535	11670772	0	0	0	0	1	128	0	1	414	318	40	45	1778	0	0	0	1	
8536	11670806	0	0	0	0	1	128	0	1	402	354	39	44	1703	0	0	0	1	
8537	11670839	0	0	0	0	1	128	0	1	404	358	39	45	1772	0	0	0	1	
8538	11670873	0	0	0	0	1	128	0	1	404	358	39	45	1776	0	0	0	1	
8539	11670906	0	0	0	0	1	128	0	1	404	358	39	45	1786	0	0	0	1	
8540	11670939	0	0	0	0	1	128	0	1	404	358	39	46	1795	0	0	0	1	
8541	11670973	0	0	0	0	1	128	0	1	404	358	39	46	1802	0	0	0	1	
8542	11671006	0	0	0	0	1	128	0	1	404	358	39	46	1802	0	0	0	1	
8543	11671039	0	0	0	0	1	128	0	1	404	358	40	46	1822	0	0	0	1	
8544	11671073	0	0	0	0	1	128	0	1	404	358	40	46	1824	0	0	0	1	
8545	11671106	0	0	0	0	1	128	0	1	404	358	40	46	1828	0	0	0	1	
8546	11671139	0	0	0	0	1	128	0	1	404	358	40	46	1840	0	0	0	1	
8547	11671173	0	0	0	0	1	128	0	1	404	358	40	46	1844	0	0	0	1	
8548	11671206	0	0	0	0	1	128	0	1	404	358	40	46	1853	0	0	0	1	
8549	11671240	0	0	0	0	1	128	0	1	404	358	40	47	1870	0	0	0	1	
8550	11671273	0	0	0	0	1	128	0	1	404	358	40	47	1876	0	0	0	1	
8551	11671306	0	0	0	0	1	128	0	1	404	358	40	47	1890	0	0	0	1	
8552	11671340	0	0	0	0	1	128	0	1	404	356	41	47	1916	0	0	0	1	
8553	11671373	0	0	0	0	1	128	0	1	404	356	41	47	1943	0	0	0	1	
8554	11671406	0	0	0	0	1	128	0	1	404	356	41	48	1972	0	0	0	1	
8555	11671440	0	0	0	0	1	128	0	1	404	356	42	48	1993	0	0	0	1	
8556	11671473	0	0	0	0	1	128	0	1	404	356	42	48	2014	0	0	0	1	
8557	11671507	0	0	0	0	1	128	0	1	404	356	42	48	2035	0	0	0	1	
8558	11671540	0	0	0	0	1	128	0	1	404	362	42	46	1921	0	0	0	1	
8559	11671573	0	0	0	0	1	128	0	1	408	378	40	49	1938	0	0	0	1	
8560	11671607	0	0	0	0	1	128	0	1	410	378	40	49	1971	0	0	0	1	
8561	11671640	0	0	0	0	1	128	0	1	408	378	41	49	1986	0	0	0	1	
8562	11671673	0	0	0	0	1	128	0	1	408	378	41	49	2009	0	0	0	1	
8563	11671707	0	0	0	0	1	128	0	1	408	378	41	49	2025	0	0	0	1	
8564	11671740	0	0	0	0	1	128	0	1	408	378	41	50	2038	0	0	0	1	
8565	11671773	0	0	0	0	1	128	0	1	408	378	41	50	2041	0	0	0	1	
8566	11671807	0	0	0	0	1	128	0	1	408	378	41	50	2044	0	0	0	1	
8567	11671840	0	0	0	0	1	128	0	1	408	378	41	50	2045	0	0	0	1	
8568	11671874	0	0	0	0	1	128	0	1	408	378	41	50	2048	0	0	0	1	
8569	11671907	0	0	0	0	1	128	0	1	408	378	41	50	2043	0	0	0	1	
8570	11671940	0	0	0	0	1	128	0	1	408	378	41	49	2036	0	0	0	1	
8571	11671974	0	0	0	0	1	128	0	1	408	378	41	49	2039	0	0	0	1	
8572	11672007	0	0	0	0	1	128	0	1	408	378	41	50	2045	0	0	0	1	
8573	11672040	0	0	0	0	1	128	0	1	408	378	41	50	2046	0	0	0	1	
8574	11672074	0	0	0	0	1	128	0	1	408	378	41	50	2059	0	0	0	1	
8575	11672107	0	0	0	0	1	128	0	1	408	378	42	50	2060	0	0	0	1	
8576	11672140	0	0	0	0	1	128	0	1	408	378	42	50	2072	0	0	0	1	
8577	11672174	0	0	0	0	1	128	0	1	408	378	42	50	2091	0	0	0	1	
8578	11672207	0	0	0	0	1	128	0	1	408	378	42	50	2108	0	0	0	1	
8579	11672241	0	0	0	0	1	128	0	1	406	378	42	50	2126	0	0	0	1	
8580	11672274	0	0	0	0	1	128	0	1	406	378	42	51	2145	0	0	0	1	
8581	11672307	0	0	0	0	1	128	0	1	408	372	36	53	1910	0	0	0	1	
8582	11672341	0	0	0	0	1	128	0	1	422	364	42	51	2125	0	0	0	1	
8583	11672374	0	0	0	0	1	128	0	1	422	364	42	51	2125	0	0	0	1	
8584	11672407	0	0	0	0	1	128	0	1	422	364	42	51	2151	0	0	0	1	
8585	11672441	0	0	0	0	1	128	0	1	422	364	42	51	2172	0	0	0	1	
8586	11672474	0	0	0	0	1	128	0	1	422	364	42	52	2189	0	0	0	1	
8587	11672508	0	0	0	0	1	128	0	1	422	364	43	52	2203	0	0	0	1	
8588	11672541	0	0	0	0	1	128	0	1	422	364	43	52	2213	0	0	0	1	
8589	11672574	0	0	0	0	1	128	0	1	422	364	43	52	2217	0	0	0	1	
8590	11672608	0	0	0	0	1	128	0	1	422	364	43	52	2223	0	0	0	1	
8591	11672641	0	0	0	0	1	128	0	1	422	364	43	52	2216	0	0	0	1	
8592	11672674	0	0	0	0	1	128	0	1	422	364	43	52	2207	0	0	0	1	
8593	11672708	0	0	0	0	1	128	0	1	422	364	42	52	2206	0	0	0	1	
8594	11672741	0	0	0	0	1	128	0	1	422	364	42	52	2190	0	0	0	1	
8595	11672774	0	0	0	0	1	128	0	1	422	364	42	52	2178	0	0	0	1	
8596	11672808	0	0	0	0	1	128	0	1	422	364	42	52	2167	0	0	0	1	
8597	11672841	0	0	0	0	1	128	0	1	422	364	42	51	2145	0	0	0	1	
8598	11672875	0	0	0	0	1	128	0	1	422	362	42	51	2129	0	0	0	1	
8599	11672908	0	0	0	0	1	128	0	1	422	362	42	51	2115	0	0	0	1	
8600	11672941	0	0	0	0	1	128	0	1	422	364	42	51	2112	0	0	0	1	
8601	11672975	0	0	0	0	1	128	0	1	422	362	42	51	2119	0	0	0	1	
8602	11673008	0	0	0	0	1	128	0	1	422	364	42	51	2120	0	0	0	1	
8603	11673041	0	0	0	0	1	128	0	1	422	364	42	51	2123	0	0	0	1	
8604	11673075	0	0	0	0	1	128	0	1	420	362	42	51	2127	0	0	0	1	
8605	11673108	0	0	0	0	1	128	0	1	396	356	46	51	2375	0	0	0	1	
8606	11673142	0	0	0	0	1	128	0	1	394	356	46	52	2374	0	0	0	1	
8607	11673175	0	0	0	0	1	128	0	1	394	356	46	52	2405	0	0	0	1	
8608	11673208	0	0	0	0	1	128	0	1	394	356	47	52	2420	0	0	0	1	
8609	11673242	0	0	0	0	1	128	0	1	382	348	49	52	2533	0	0	0	1	
8610	11673275	0	0	0	0	1	128	0	1	382	350	48	52	2525	0	0	0	1	
8611	11673308	0	0	0	0	1	128	0	1	382	350	48	52	2540	0	0	0	1	
8612	11673342	0	0	0	0	1	128	0	1	380	350	48	53	2552	0	0	0	1	
8613	11673375	0	0	0	0	1	128	0	1	380	350	48	53	2555	0	0	0	1	
8614	11673408	0	0	0	0	1	128	0	1	380	350	48	53	2559	0	0	0	1	
8615	11673442	0	0	0	0	1	128	0	1	380	350	49	53	2550	0	0	0	1	
8616	11673475	0	0	0	0	1	128	0	1	380	350	48	53	2539	0	0	0	1	
8617	11673509	0	0	0	0	1	128	0	1	380	350	48	52	2525	0	0	0	1	
8618	11673542	0	0	0	0	1	128	0	1	380	350	48	52	2508	0	0	0	1	
8619	11673575	0	0	0	0	1	128	0	1	380	350	48	52	2480	0	0	0	1	
8620	11673609	0	0	0	0	1	128	0	1	380	350	48	51	2441	0	0	0	1	
8621	11673642	0	0	0	0	1	128	0	1	380	350	47	51	2380	0	0	0	1	
8622	11673675	0	0	0	0	1	128	0	1	380	350	47	50	2349	0	0	0	1	
8623	11673709	0	0	0	0	1	128	0	1	382	350	46	50	2311	0	0	0	1	
8624	11673742	0	0	0	0	1	128	0	1	380	350	46	50	2263	0	0	0	1	
8625	11673776	0	0	0	0	1	128	0	1	380	350	45	49	2233	0	0	0	1	
8626	11673809	0	0	0	0	1	128	0	1	380	350	45	49	2202	0	0	0	1	
8627	11673842	0	0	0	0	1	128	0	1	380	350	45	49	2188	0	0	0	1	
8628	11673876	0	0	0	0	1	128	0	1	380	348	45	49	2182	0	0	0	1	
8629	11673909	0	0	0	0	1	128	0	1	378	338	46	48	2209	0	0	0	1	
8630	11673942	0	0	0	0	1	128	0	1	378	338	46	48	2209	0	0	0	1	
8631	11673976	0	0	0	0	1	128	0	1	376	336	46	49	2229	0	0	0	1	
8632	11674009	0	0	0	0	1	128	0	1	376	336	46	49	2245	0	0	0	1	
8633	11674042	0	0	0	0	1	128	0	1	374	334	46	49	2266	0	0	0	1	
8634	11674076	0	0	0	0	1	128	0	1	372	334	47	49	2290	0	0	0	1	
8635	11674109	0	0	0	0	1	128	0	1	368	322	48	49	2353	0	0	0	1	
8636	11674143	0	0	0	0	1	128	0	1	366	322	48	50	2368	0	0	0	1	
8637	11674176	0	0	0	0	1	128	0	1	366	320	48	50	2379	0	0	0	1	
8638	11674209	0	0	0	0	1	128	0	1	364	318	48	50	2402	0	0	0	1	
8639	11674243	0	0	0	0	1	128	0	1	364	318	48	50	2390	0	0	0	1	
8640	11674276	0	0	0	0	1	128	0	1	364	316	48	50	2396	0	0	0	1	
8641	11674309	0	0	0	0	1	128	0	1	362	314	48	49	2363	0	0	0	1	
8642	11674343	0	0	0	0	1	128	0	1	362	314	48	49	2343	0	0	0	1	
8643	11674376	0	0	0	0	1	128	0	1	360	312	47	48	2245	0	0	0	1	
8644	11674410	0	0	0	0	1	128	0	1	360	310	47	48	2226	0	0	0	1	
8645	11674443	0	0	0	0	1	128	0	1	360	310	46	47	2192	0	0	0	1	
8646	11674476	0	0	0	0	1	128	0	1	358	308	47	48	2243	0	0	0	1	
8647	11674510	0	0	0	0	1	128	0	1	356	306	47	48	2235	0	0	0	1	
8648	11674543	0	0	0	0	1	128	0	1	356	304	46	48	2214	0	0	0	1	
8649	11674576	0	0	0	0	1	128	0	1	354	302	47	48	2241	0	0	0	1	
8650	11674610	0	0	0	0	1	128	0	1	354	302	46	48	2196	0	0	0	1	
8651	11674643	0	0	0	0	1	128	0	1	354	300	46	48	2221	0	0	0	1	
8652	11674677	0	0	0	0	1	128	0	1	352	298	46	48	2213	0	0	0	1	
8653	11674710	0	0	0	0	1	128	0	1	352	296	47	48	2254	0	0	0	1	
8654	11674743	0	0	0	0	1	128	0	1	352	298	46	46	2138	0	0	0	1	
8655	11674777	0	0	0	0	1	128	0	1	350	294	46	48	2203	0	0	0	1	
8656	11674810	0	0	0	0	1	128	0	1	348	292	47	48	2236	0	0	0	1	
8657	11674843	0	0	0	0	1	128	0	1	348	292	47	48	2242	0	0	0	1	
8658	11674877	0	0	0	0	1	128	0	1	348	290	47	48	2268	0	0	0	1	
8659	11674910	0	0	0	0	1	128	0	1	346	288	47	49	2282	0	0	0	1	
8660	11674943	0	0	0	0	1	128	0	1	344	284	46	48	2224	0	0	0	1	
8661	11674977	0	0	0	0	1	128	0	1	342	282	47	49	2289	0	0	0	1	
8662	11675010	0	0	0	0	1	128	0	1	342	282	47	48	2270	0	0	0	1	
8663	11675044	0	0	0	0	1	128	0	1	340	280	47	49	2292	0	0	0	1	
8664	11675077	0	0	0	0	1	128	0	1	340	280	47	49	2280	0	0	0	1	
8665	11675110	0	0	0	0	1	128	0	1	340	278	47	50	2340	0	0	0	1	
8666	11675144	0	0	0	0	1	128	0	1	340	278	47	49	2329	0	0	0	1	
8667	11675177	0	0	0	0	1	128	0	1	338	276	47	50	2364	0	0	0	1	
8668	11675210	0	0	0	0	1	128	0	1	338	276	48	50	2376	0	0	0	1	
8669	11675244	0	0	0	0	1	128	0	1	338	276	48	50	2379	0	0	0	1	
8670	11675277	0	0	0	0	1	128	0	1	338	276	48	50	2395	0	0	0	1	
8671	11675311	0	0	0	0	1	128	0	1	340	280	49	50	2413	0	0	0	1	
8672	11675344	0	0	0	0	1	128	0	1	340	278	48	50	2425	0	0	0	1	
8673	11675377	0	0	0	0	1	128	0	1	342	278	49	50	2448	0	0	0	1	
8674	11675411	0	0	0	0	1	128	0	1	340	280	48	51	2469	0	0	0	1	
8675	11675444	0	0	0	0	1	128	0	1	340	278	49	51	2486	0	0	0	1	
8676	11675477	0	0	0	0	1	128	0	1	340	280	49	51	2508	0	0	0	1	
8677	11675511	0	0	0	0	1	128	0	1	340	278	49	52	2588	0	0	0	1	
8678	11675544	0	0	0	0	1	128	0	1	340	278	49	52	2575	0	0	0	1	
8679	11675577	0	0	0	0	1	128	0	1	342	280	49	51	2526	0	0	0	1	
8680	11675611	0	0	0	0	1	128	0	1	340	280	49	51	2519	0	0	0	1	
8681	11675644	0	0	0	0	1	128	0	1	340	280	49	51	2479	0	0	0	1	
8682	11675678	0	0	0	0	1	128	0	1	340	280	49	50	2444	0	0	0	1	
8683	11675711	0	0	0	0	1	128	0	1	338	280	48	50	2398	0	0	0	1	
8684	11675744	0	0	0	0	1	128	0	1	338	280	48	49	2376	0	0	0	1	
8685	11675778	0	0	0	0	1	128	0	1	338	280	48	51	2417	0	0	0	1	
8686	11675811	0	0	0	0	1	128	0	1	338	280	48	49	2314	0	0	0	1	
8687	11675844	0	0	0	0	1	128	0	1	338	280	47	49	2303	0	0	0	1	
8688	11675878	0	0	0	0	1	128	0	1	340	280	47	48	2263	0	0	0	1	
8689	11675911	0	0	0	0	1	128	0	1	340	280	46	48	2229	0	0	0	1	
8690	11675945	0	0	0	0	1	128	0	1	338	280	46	49	2282	0	0	0	1	
8691	11675978	0	0	0	0	1	128	0	1	340	280	46	47	2183	0	0	0	1	
8692	11676011	0	0	0	0	1	128	0	1	342	280	46	47	2141	0	0	0	1	
8693	11676045	0	0	0	0	1	128	0	1	342	280	45	47	2127	0	0	0	1	
8694	11676078	0	0	0	0	1	128	0	1	342	278	45	49	2213	0	0	0	1	
8695	11676111	0	0	0	0	1	128	0	1	344	280	44	47	2067	0	0	0	1	
8696	11676145	0	0	0	0	1	128	0	1	344	280	44	45	1981	0	0	0	1	
8697	11676178	0	0	0	0	1	128	0	1	342	280	45	48	2130	0	0	0	1	
8698	11676211	0	0	0	0	1	128	0	1	344	282	43	45	1955	0	0	0	1	
8699	11676245	0	0	0	0	1	128	0	1	346	282	42	44	1845	0	0	0	1	
8700	11676278	0	0	0	0	1	128	0	1	344	286	45	46	2099	0	0	0	1	
8701	11676312	0	0	0	0	1	128	0	1	348	290	43	44	1909	0	0	0	1	
8702	11676345	0	0	0	0	1	128	0	1	348	288	45	46	2087	0	0	0	1	
8703	11676378	0	0	0	0	1	128	0	1	352	290	45	45	2025	0	0	0	1	
8704	11676412	0	0	0	0	1	128	0	1	352	292	45	45	2034	0	0	0	1	
8705	11676445	0	0	0	0	1	128	0	1	356	296	43	44	1911	0	0	0	1	
8706	11676478	0	0	0	0	1	128	0	1	356	300	45	46	2057	0	0	0	1	
8707	11676512	0	0	0	0	1	128	0	1	358	302	45	46	2075	0	0	0	1	
8708	11676545	0	0	0	0	1	128	0	1	358	304	45	46	2059	0	0	0	1	
8709	11676579	0	0	0	0	1	128	0	1	360	304	45	46	2076	0	0	0	1	
8710	11676612	0	0	0	0	1	128	0	1	360	306	45	46	2084	0	0	0	1	
8711	11676645	0	0	0	0	1	128	0	1	362	306	45	47	2122	0	0	0	1	
8712	11676679	0	0	0	0	1	128	0	1	362	308	45	46	2094	0	0	0	1	
8713	11676712	0	0	0	0	1	128	0	1	364	310	45	46	2077	0	0	0	1	
8714	11676745	0	0	0	0	1	128	0	1	366	312	45	46	2074	0	0	0	1	
8715	11676779	0	0	0	0	1	128	0	1	368	314	45	46	2052	0	0	0	1	
8716	11676812	0	0	0	0	1	128	0	1	368	314	45	46	2066	0	0	0	1	
8717	11676845	0	0	0	0	1	128	0	1	368	316	45	46	2055	0	0	0	1	
8718	11676879	0	0	0	0	1	128	0	1	370	318	45	46	2054	0	0	0	1	
8719	11676912	0	0	0	0	1	128	0	1	370	320	45	46	2061	0	0	0	1	
8720	11676945	0	0	0	0	1	128	0	1	372	320	44	46	2046	0	0	0	1	
8721	11676979	0	0	0	0	1	128	0	1	374	322	44	46	2026	0	0	0	1	
8722	11677012	0	0	0	0	1	128	0	1	376	324	44	46	2029	0	0	0	1	
8723	11677046	0	0	0	0	1	128	0	1	376	326	44	45	1996	0	0	0	1	
8724	11677079	0	0	0	0	1	128	0	1	378	326	44	46	1990	0	0	0	1	
8725	11677112	0	0	0	0	1	128	0	1	378	328	44	45	1989	0	0	0	1	
8726	11677146	0	0	0	0	1	128	0	1	380	328	44	45	1980	0	0	0	1	
8727	11677179	0	0	0	0	1	128	0	1	380	330	43	45	1964	0	0	0	1	
8728	11677212	0	0	0	0	1	128	0	1	382	332	43	46	1963	0	0	0	1	
8729	11677246	0	0	0	0	1	128	0	1	384	334	43	45	1936	0	0	0	1	
8730	11677279	0	0	0	0	1	128	0	1	386	336	43	46	1947	0	0	0	1	
8731	11677313	0	0	0	0	1	128	0	1	386	338	43	45	1932	0	0	0	1	
8732	11677346	0	0	0	0	1	128	0	1	388	338	42	45	1917	0	0	0	1	
8733	11677379	0	0	0	0	1	128	0	1	388	340	42	45	1913	0	0	0	1	
8734	11677413	0	0	0	0	1	128	0	1	390	342	42	45	1906	0	0	0	1	
8735	11677446	0	0	0	0	1	128	0	1	392	342	42	46	1924	0	0	0	1	
8736	11677479	0	0	0	0	1	128	0	1	392	344	42	46	1916	0	0	0	1	
8737	11677513	0	0	0	0	1	128	0	1	394	346	42	46	1908	0	0	0	1	
8738	11677546	0	0	0	0	1	128	0	1	394	350	41	46	1887	0	0	0	1	
8739	11677579	0	0	0	0	1	128	0	1	394	350	41	46	1886	0	0	0	1	
8740	11677613	0	0	0	0	1	128	0	1	396	352	41	46	1880	0	0	0	1	
8741	11677646	0	0	0	0	1	128	0	1	396	352	41	46	1887	0	0	0	1	
8742	11677680	0	0	0	0	1	128	0	1	396	352	41	46	1887	0	0	0	1	
8743	11677713	0	0	0	0	1	128	0	1	396	352	41	46	1900	0	0	0	1	
8744	11677746	0	0	0	0	1	128	0	1	394	348	42	46	1941	0	0	0	1	
8745	11677780	0	0	0	0	1	128	0	1	394	348	42	46	1937	0	0	0	1	
8746	11677813	0	0	0	0	1	128	0	1	394	348	42	47	1950	0	0	0	1	
8747	11677846	0	0	0	0	1	128	0	1	394	348	42	47	1960	0	0	0	1	
8748	11677880	0	0	0	0	1	128	0	1	392	348	42	47	1978	0	0	0	1	
8749	11677913	0	0	0	0	1	128	0	1	394	348	42	47	1987	0	0	0	1	
8750	11677947	0	0	0	0	1	128	0	1	392	348	42	47	1992	0	0	0	1	
8751	11677980	0	0	0	0	1	128	0	1	392	348	42	47	2002	0	0	0	1	
8752	11678013	0	0	0	0	1	128	0	1	392	348	43	48	2029	0	0	0	1	
8753	11678047	0	0	0	0	1	128	0	1	392	348	43	48	2044	0	0	0	1	
8754	11678080	0	0	0	0	1	128	0	1	392	348	43	48	2059	0	0	0	1	
8755	11678113	0	0	0	0	1	128	0	1	392	348	43	48	2064	0	0	0	1	
8756	11678147	0	0	0	0	1	128	0	1	392	348	43	48	2060	0	0	0	1	
8757	11678180	0	0	0	0	1	128	0	1	392	348	43	48	2067	0	0	0	1	
8758	11678214	0	0	0	0	1	128	0	1	392	348	43	48	2061	0	0	0	1	
8759	11678247	0	0	0	0	1	128	0	1	392	348	43	48	2052	0	0	0	1	
8760	11678280	0	0	0	0	1	128	0	1	392	348	43	48	2047	0	0	0	1	
8761	11678314	0	0	0	0	1	128	0	1	392	348	43	48	2038	0	0	0	1	
8762	11678347	0	0	0	0	1	128	0	1	392	348	43	48	2038	0	0	0	1	
8763	11678380	0	0	0	0	1	128	0	1	392	348	43	48	2038	0	0	0	1	
8764	11678414	0	0	0	0	1	128	0	1	392	348	43	48	2038	0	0	0	1	
8765	11678447	0	0	0	0	1	128	0	1	392	348	43	48	2039	0	0	0	1	
8766	11678480	0	0	0	0	1	128	0	1	376	248	87	165	14436	0	0	0	1	
8767	11678514	0	0	0	0	1	128	0	1	370	298	45	47	2126	0	0	0	1	
8768	11678547	0	0	0	0	1	128	0	1	368	298	46	47	2152	0	0	0	1	
8769	11678581	0	0	0	0	1	128	0	1	368	298	45	47	2143	0	0	0	1	
8770	11678614	0	0	0	0	1	128	0	1	368	298	46	47	2177	0	0	0	1	
8771	11678647	0	0	0	0	1	128	0	1	370	300	46	48	2185	0	0	0	1	
8772	11678681	0	0	0	0	1	128	0	1	370	300	46	48	2203	0	0	0	1	
8773	11678714	0	0	0	0	1	128	0	1	370	300	46	48	2217	0	0	0	1	
8774	11678747	0	0	0	0	1	128	0	1	370	302	46	49	2240	0	0	0	1	
8775	11678781	0	0	0	0	1	128	0	1	372	306	46	48	2224	0	0	0	1	
8776	11678814	0	0	0	0	1	128	0	1	372	306	46	49	2240	0	0	0	1	
8777	11678848	0	0	0	0	1	128	0	1	372	306	46	49	2273	0	0	0	1	
8778	11678881	0	0	0	0	1	128	0	1	372	306	46	49	2266	0	0	0	1	
8779	11678914	0	0	0	0	1	128	0	1	372	306	46	49	2272	0	0	0	1	
8780	11678948	0	0	0	0	1	128	0	1	372	306	46	48	2231	0	0	0	1	
8781	11678981	0	0	0	0	1	128	0	1	372	308	46	48	2205	0	0	0	1	
8782	11679014	0	0	0	0	1	128	0	1	372	308	46	47	2155	0	0	0	1	
8783	11679048	0	0	0	0	1	128	0	1	372	306	46	48	2184	0	0	0	1	
8784	11679081	0	0	0	0	1	128	0	1	372	306	46	48	2189	0	0	0	1	
8785	11679114	0	0	0	0	1	128	0	1	374	306	45	48	2187	0	0	0	1	
8786	11679148	0	0	0	0	1	128	0	1	414	310	41	48	1946	0	0	0	1	
8787	11679181	0	0	0	0	1	128	0	1	416	310	41	48	1980	0	0	0	1	
8788	11679215	0	0	0	0	1	128	0	1	416	310	41	48	1978	0	0	0	1	
8789	11679248	0	0	0	0	1	128	0	1	416	310	42	48	1988	0	0	0	1	
8790	11679281	0	0	0	0	1	128	0	1	416	310	42	48	1989	0	0	0	1	
8791	11679315	0	0	0	0	1	128	0	1	416	310	42	48	2002	0	0	0	1	
8792	11679348	0	0	0	0	1	128	0	1	416	310	42	48	2000	0	0	0	1	
8793	11679381	0	0	0	0	1	128	0	1	416	310	42	48	2012	0	0	0	1	
8794	11679415	0	0	0	0	1	128	0	1	416	310	42	48	2015	0	0	0	1	
8795	11679448	0	0	0	0	1	128	0	1	414	310	42	48	2030	0	0	0	1	
8796	11679482	0	0	0	0	1	128	0	1	418	314	39	45	1736	0	0	0	1	
8797	11679515	0	0	0	0	1	128	0	1	414	310	42	48	2050	0	0	0	1	
8798	11679548	0	0	0	0	1	128	0	1	414	310	42	48	2057	0	0	0	1	
8799	11679582	0	0	0	0	1	128	0	1	416	310	43	48	2067	0	0	0	1	
8800	11679615	0	0	0	0	1	128	0	1	414	310	43	49	2085	0	0	0	1	
8801	11679648	0	0	0	0	1	128	0	1	414	310	43	49	2090	0	0	0	1	
8802	11679682	0	0	0	0	1	128	0	1	414	310	43	49	2091	0	0	0	1	
8803	11679715	0	0	0	0	1	128	0	1	414	310	43	49	2098	0	0	0	1	
8804	11679748	0	0	0	0	1	128	0	1	414	310	43	49	2099	0	0	0	1	
8805	11679782	0	0	0	0	1	128	0	1	414	310	43	49	2099	0	0	0	1	
8806	11679815	0	0	0	0	1	128	0	1	414	310	43	49	2110	0	0	0	1	
8807	11679849	0	0	0	0	1	128	0	1	414	310	43	49	2121	0	0	0	1	
8808	11679882	0	0	0	0	1	128	0	1	386	312	47	49	2308	0	0	0	1	
8809	11679915	0	0	0	0	1	128	0	1	386	312	46	49	2286	0	0	0	1	
8810	11679949	0	0	0	0	1	128	0	1	386	312	47	49	2304	0	0	0	1	
8811	11679982	0	0	0	0	1	128	0	1	384	312	47	50	2325	0	0	0	1	
8812	11680015	0	0	0	0	1	128	0	1	384	312	47	50	2348	0	0	0	1	
8813	11680049	0	0	0	0	1	128	0	1	384	312	47	50	2362	0	0	0	1	
8814	11680082	0	0	0	0	1	128	0	1	384	312	48	50	2389	0	0	0	1	
8815	11680115	0	0	0	0	1	128	0	1	384	312	48	50	2406	0	0	0	1	
8816	11680149	0	0	0	0	1	128	0	1	384	312	48	50	2425	0	0	0	1	
8817	11680182	0	0	0	0	1	128	0	1	382	310	49	50	2454	0	0	0	1	
8818	11680216	0	0	0	0	1	128	0	1	382	310	49	51	2467	0	0	0	1	
8819	11680249	0	0	0	0	1	128	0	1	382	310	49	51	2481	0	0	0	1	
8820	11680282	0	0	0	0	1	128	0	1	382	310	49	51	2497	0	0	0	1	
8821	11680316	0	0	0	0	1	128	0	1	382	310	49	51	2502	0	0	0	1	
8822	11680349	0	0	0	0	1	128	0	1	382	310	49	51	2514	0	0	0	1	
8823	11680382	0	0	0	0	1	128	0	1	380	310	49	51	2518	0	0	0	1	
8824	11680416	0	0	0	0	1	128	0	1	380	310	49	51	2515	0	0	0	1	
8825	11680449	0	0	0	0	1	128	0	1	380	310	49	51	2531	0	0	0	1	
8826	11680483	0	0	0	0	1	128	0	1	380	310	49	51	2523	0	0	0	1	
8827	11680516	0	0	0	0	1	128	0	1	380	310	49	51	2526	0	0	0	1	
8828	11680549	0	0	0	0	1	128	0	1	380	310	49	51	2522	0	0	0	1	
8829	11680583	0	0	0	0	1	128	0	1	380	310	49	51	2520	0	0	0	1	
8830	11680616	0	0	0	0	1	128	0	1	380	310	49	51	2519	0	0	0	1	
8831	11680649	0	0	0	0	1	128	0	1	364	342	43	52	2240	0	0	0	1	
8832	11680683	0	0	0	0	1	128	0	1	368	354	49	51	2479	0	0	0	1	
8833	11680716	0	0	0	0	1	128	0	1	368	354	49	51	2516	0	0	0	1	
8834	11680750	0	0	0	0	1	128	0	1	366	354	49	52	2532	0	0	0	1	
8835	11680783	0	0	0	0	1	128	0	1	366	354	49	51	2543	0	0	0	1	
8836	11680816	0	0	0	0	1	128	0	1	366	354	49	52	2557	0	0	0	1	
8837	11680850	0	0	0	0	1	128	0	1	366	354	49	52	2560	0	0	0	1	
8838	11680883	0	0	0	0	1	128	0	1	366	354	49	52	2554	0	0	0	1	
8839	11680916	0	0	0	0	1	128	0	1	366	354	49	52	2561	0	0	0	1	
8840	11680950	0	0	0	0	1	128	0	1	366	354	49	52	2553	0	0	0	1	
8841	11680983	0	0	0	0	1	128	0	1	366	354	49	52	2555	0	0	0	1	
8842	11681016	0	0	0	0	1	128	0	1	366	354	49	52	2545	0	0	0	1	
8843	11681050	0	0	0	0	1	128	0	1	366	354	49	52	2560	0	0	0	1	
8844	11681083	0	0	0	0	1	128	0	1	366	354	49	52	2560	0	0	0	1	
8845	11681117	0	0	0	0	1	128	0	1	366	354	49	52	2561	0	0	0	1	
8846	11681150	0	0	0	0	1	128	0	1	366	354	49	52	2558	0	0	0	1	
8847	11681183	0	0	0	0	1	128	0	1	366	354	49	52	2562	0	0	0	1	
8848	11681217	0	0	0	0	1	128	0	1	366	354	49	52	2565	0	0	0	1	
8849	11681250	0	0	0	0	1	128	0	1	366	354	50	52	2578	0	0	0	1	
8850	11681283	0	0	0	0	1	128	0	1	366	354	50	52	2600	0	0	0	1	
8851	11681317	0	0	0	0	1	128	0	1	366	354	50	52	2601	0	0	0	1	
8852	11681350	0	0	0	0	1	128	0	1	366	354	50	52	2609	0	0	0	1	
8853	11681383	0	0	0	0	1	128	0	1	346	356	52	69	3589	0	0	0	1	
8854	11681417	0	0	0	0	1	128	0	1	370	388	46	52	2389	0	0	0	1	
8855	11681450	0	0	0	0	1	128	0	1	370	386	46	52	2429	0	0	0	1	
8856	11681484	0	0	0	0	1	128	0	1	370	388	46	52	2429	0	0	0	1	
8857	11681517	0	0	0	0	1	128	0	1	370	388	46	53	2440	0	0	0	1	
8858	11681550	0	0	0	0	1	128	0	1	370	388	46	53	2444	0	0	0	1	
8859	11681584	0	0	0	0	1	128	0	1	370	386	47	53	2454	0	0	0	1	
8860	11681617	0	0	0	0	1	128	0	1	370	386	46	53	2441	0	0	0	1	
8861	11681650	0	0	0	0	1	128	0	1	370	386	46	52	2428	0	0	0	1	
8862	11681684	0	0	0	0	1	128	0	1	370	386	46	52	2408	0	0	0	1	
8863	11681717	0	0	0	0	1	128	0	1	370	386	46	52	2389	0	0	0	1	
8864	11681751	0	0	0	0	1	128	0	1	370	386	46	52	2373	0	0	0	1	
8865	11681784	0	0	0	0	1	128	0	1	370	386	46	52	2362	0	0	0	1	
8866	11681817	0	0	0	0	1	128	0	1	370	386	46	52	2357	0	0	0	1	
8867	11681851	0	0	0	0	1	128	0	1	370	386	46	52	2353	0	0	0	1	
8868	11681884	0	0	0	0	1	128	0	1	370	386	46	52	2357	0	0	0	1	
8869	11681917	0	0	0	0	1	128	0	1	370	386	46	52	2355	0	0	0	1	
8870	11681951	0	0	0	0	1	128	0	1	370	386	46	52	2366	0	0	0	1	
8871	11681984	0	0	0	0	1	128	0	1	370	386	46	52	2388	0	0	0	1	
8872	11682018	0	0	0	0	1	128	0	1	370	386	46	52	2402	0	0	0	1	
8873	11682051	0	0	0	0	1	128	0	1	370	386	46	52	2425	0	0	0	1	
8874	11682084	0	0	0	0	1	128	0	1	370	384	47	53	2445	0	0	0	1	
8875	11682118	0	0	0	0	1	128	0	1	370	384	47	53	2459	0	0	0	1	
8876	11682151	0	0	0	0	1	128	0	1	400	340	47	52	2486	0	0	0	1	
8877	11682184	0	0	0	0	1	128	0	1	398	340	48	53	2516	0	0	0	1	
8878	11682218	0	0	0	0	1	128	0	1	398	342	46	52	2389	0	0	0	1	
8879	11682251	0	0	0	0	1	128	0	1	396	340	48	53	2559	0	0	0	1	
8880	11682284	0	0	0	0	1	128	0	1	396	340	48	53	2572	0	0	0	1	
8881	11682318	0	0	0	0	1	128	0	1	396	340	49	53	2589	0	0	0	1	
8882	11682351	0	0	0	0	1	128	0	1	394	342	49	53	2605	0	0	0	1	
8883	11682384	0	0	0	0	1	128	0	1	392	342	49	53	2605	0	0	0	1	
8884	11682418	0	0	0	0	1	128	0	1	392	342	49	53	2622	0	0	0	1	
8885	11682451	0	0	0	0	1	128	0	1	392	342	49	53	2634	0	0	0	1	
8886	11682485	0	0	0	0	1	128	0	1	392	342	49	53	2628	0	0	0	1	
8887	11682518	0	0	0	0	1	128	0	1	392	342	49	53	2633	0	0	0	1	
8888	11682551	0	0	0	0	1	128	0	1	392	342	49	53	2628	0	0	0	1	
8889	11682585	0	0	0	0	1	128	0	1	392	342	49	53	2625	0	0	0	1	
8890	11682618	0	0	0	0	1	128	0	1	392	342	49	53	2610	0	0	0	1	
8891	11682652	0	0	0	0	1	128	0	1	392	342	49	53	2594	0	0	0	1	
8892	11682685	0	0	0	0	1	128	0	1	392	342	49	53	2571	0	0	0	1	
8893	11682718	0	0	0	0	1	128	0	1	392	342	49	53	2558	0	0	0	1	
8894	11682752	0	0	0	0	1	128	0	1	392	342	48	52	2539	0	0	0	1	
8895	11682785	0	0	0	0	1	128	0	1	392	342	48	52	2519	0	0	0	1	
8896	11682818	0	0	0	0	1	128	0	1	392	342	48	52	2513	0	0	0	1	
8897	11682852	0	0	0	0	1	128	0	1	392	342	48	52	2511	0	0	0	1	
8898	11682885	0	0	0	0	1	128	0	1	392	342	48	52	2500	0	0	0	1	
8899	11682918	0	0	0	0	1	128	0	1	392	344	48	52	2502	0	0	0	1	
8900	11682952	0	0	0	0	1	128	0	1	390	348	48	51	2427	0	0	0	1	
8901	11682985	0	0	0	0	1	128	0	1	392	356	48	52	2481	0	0	0	1	
8902	11683019	0	0	0	0	1	128	0	1	392	356	48	52	2495	0	0	0	1	
8903	11683052	0	0	0	0	1	128	0	1	390	358	48	53	2504	0	0	0	1	
8904	11683085	0	0	0	0	1	128	0	1	390	360	48	53	2512	0	0	0	1	
8905	11683119	0	0	0	0	1	128	0	1	390	362	48	53	2533	0	0	0	1	
8906	11683152	0	0	0	0	1	128	0	1	388	364	48	53	2521	0	0	0	1	
8907	11683185	0	0	0	0	1	128	0	1	382	370	48	53	2542	0	0	0	1	
8908	11683219	0	0	0	0	1	128	0	1	380	370	48	53	2569	0	0	0	1	
8909	11683252	0	0	0	0	1	128	0	1	378	370	48	53	2577	0	0	0	1	
8910	11683285	0	0	0	0	1	128	0	1	376	370	48	53	2571	0	0	0	1	
8911	11683319	0	0	0	0	1	128	0	1	374	370	48	53	2571	0	0	0	1	
8912	11683352	0	0	0	0	1	128	0	1	372	370	48	53	2567	0	0	0	1	
8913	11683386	0	0	0	0	1	128	0	1	370	370	49	53	2570	0	0	0	1	
8914	11683419	0	0	0	0	1	128	0	1	368	370	49	53	2576	0	0	0	1	
8915	11683452	0	0	0	0	1	128	0	1	366	370	49	53	2584	0	0	0	1	
8916	11683486	0	0	0	0	1	128	0	1	364	370	49	53	2615	0	0	0	1	
8917	11683519	0	0	0	0	1	128	0	1	362	368	50	53	2641	0	0	0	1	
8918	11683552	0	0	0	0	1	128	0	1	360	368	50	54	2659	0	0	0	1	
8919	11683586	0	0	0	0	1	128	0	1	358	366	50	54	2698	0	0	0	1	
8920	11683619	0	0	0	0	1	128	0	1	358	364	51	54	2723	0	0	0	1	
8921	11683653	0	0	0	0	1	128	0	1	356	364	51	54	2740	0	0	0	1	
8922	11683686	0	0	0	0	1	128	0	1	350	360	51	54	2785	0	0	0	1	
8923	11683719	0	0	0	0	1	128	0	1	350	358	52	54	2801	0	0	0	1	
8924	11683753	0	0	0	0	1	128	0	1	350	356	52	54	2821	0	0	0	1	
8925	11683786	0	0	0	0	1	128	0	1	350	354	53	54	2852	0	0	0	1	
8926	11683819	0	0	0	0	1	128	0	1	350	354	52	54	2816	0	0	0	1	
8927	11683853	0	0	0	0	1	128	0	1	350	352	53	54	2863	0	0	0	1	
8928	11683886	0	0	0	0	1	128	0	1	350	350	52	54	2832	0	0	0	1	
8929	11683919	0	0	0	0	1	128	0	1	350	348	52	54	2850	0	0	0	1	
8930	11683953	0	0	0	0	1	128	0	1	352	346	53	54	2867	0	0	0	1	
8931	11683986	0	0	0	0	1	128	0	1	352	344	52	54	2845	0	0	0	1	
8932	11684020	0	0	0	0	1	128	0	1	352	342	54	54	2927	0	0	0	1	
8933	11684053	0	0	0	0	1	128	0	1	356	342	52	54	2829	0	0	0	1	
8934	11684086	0	0	0	0	1	128	0	1	356	340	52	54	2822	0	0	0	1	
8935	11684120	0	0	0	0	1	128	0	1	358	338	52	54	2811	0	0	0	1	
8936	11684153	0	0	0	0	1	128	0	1	360	338	52	54	2818	0	0	0	1	
8937	11684186	0	0	0	0	1	128	0	1	362	336	52	54	2779	0	0	0	1	
8938	11684220	0	0	0	0	1	128	0	1	364	336	51	54	2762	0	0	0	1	
8939	11684253	0	0	0	0	1	128	0	1	366	334	52	54	2777	0	0	0	1	
8940	11684287	0	0	0	0	1	128	0	1	368	334	52	54	2771	0	0	0	1	
8941	11684320	0	0	0	0	1	128	0	1	370	334	51	54	2749	0	0	0	1	
8942	11684353	0	0	0	0	1	128	0	1	372	334	51	54	2749	0	0	0	1	
8943	11684387	0	0	0	0	1	128	0	1	374	334	51	54	2752	0	0	0	1	
8944	11684420	0	0	0	0	1	128	0	1	376	334	51	54	2760	0	0	0	1	
8945	11684453	0	0	0	0	1	128	0	1	378	334	51	54	2747	0	0	0	1	
8946	11684487	0	0	0	0	1	128	0	1	380	336	51	54	2751	0	0	0	1	
8947	11684520	0	0	0	0	1	128	0	1	382	336	51	54	2743	0	0	0	1	
8948	11684553	0	0	0	0	1	128	0	1	384	336	50	54	2739	0	0	0	1	
8949	11684587	0	0	0	0	1	128	0	1	386	338	50	54	2729	0	0	0	1	
8950	11684620	0	0	0	0	1	128	0	1	388	340	50	55	2742	0	0	0	1	
8951	11684654	0	0	0	0	1	128	0	1	388	340	50	55	2717	0	0	0	1	
8952	11684687	0	0	0	0	1	128	0	1	388	342	50	54	2713	0	0	0	1	
8953	11684720	0	0	0	0	1	128	0	1	390	342	50	54	2707	0	0	0	1	
8954	11684754	0	0	0	0	1	128	0	1	390	344	50	54	2704	0	0	0	1	
8955	11684787	0	0	0	0	1	128	0	1	392	346	50	54	2689	0	0	0	1	
8956	11684820	0	0	0	0	1	128	0	1	392	348	49	54	2690	0	0	0	1	
8957	11684854	0	0	0	0	1	128	0	1	392	348	49	54	2679	0	0	0	1	
8958	11684887	0	0	0	0	1	128	0	1	392	350	49	55	2699	0	0	0	1	
8959	11684921	0	0	0	0	1	128	0	1	390	350	49	55	2702	0	0	0	1	
8960	11684954	0	0	0	0	1	128	0	1	390	350	50	55	2706	0	0	0	1	
8961	11684987	0	0	0	0	1	128	0	1	390	350	49	55	2701	0	0	0	1	
8962	11685021	0	0	0	0	1	128	0	1	390	350	50	55	2708	0	0	0	1	
8963	11685054	0	0	0	0	1	128	0	1	390	348	49	55	2688	0	0	0	1	
8964	11685087	0	0	0	0	1	128	0	1	390	348	49	54	2686	0	0	0	1	
8965	11685121	0	0	0	0	1	128	0	1	390	348	49	55	2692	0	0	0	1	
8966	11685154	0	0	0	0	1	128	0	1	390	348	49	55	2696	0	0	0	1	
8967	11685187	0	0	0	0	1	128	0	1	390	348	49	55	2697	0	0	0	1	
8968	11685221	0	0	0	0	1	128	0	1	390	348	49	55	2696	0	0	0	1	
8969	11685254	0	0	0	0	1	128	0	1	392	346	49	55	2702	0	0	0	1	
8970	11685288	0	0	0	0	1	128	0	1	392	346	49	54	2688	0	0	0	1	
8971	11685321	0	0	0	0	1	128	0	1	392	344	49	54	2683	0	0	0	1	
8972	11685354	0	0	0	0	1	128	0	1	392	344	49	54	2688	0	0	0	1	
8973	11685388	0	0	0	0	1	128	0	1	392	344	49	54	2676	0	0	0	1	
8974	11685421	0	0	0	0	1	128	0	1	392	344	49	54	2673	0	0	0	1	
8975	11685454	0	0	0	0	1	128	0	1	392	344	49	54	2664	0	0	0	1	
8976	11685488	0	0	0	0	1	128	0	1	392	344	49	54	2653	0	0	0	1	
8977	11685521	0	0	0	0	1	128	0	1	392	344	49	54	2641	0	0	0	1	
8978	11685555	0	0	0	0	1	128	0	1	392	344	49	54	2609	0	0	0	1	
8979	11685588	0	0	0	0	1	128	0	1	392	344	49	53	2590	0	0	0	1	
8980	11685621	0	0	0	0	1	128	0	1	392	344	48	53	2578	0	0	0	1	
8981	11685655	0	0	0	0	1	128	0	1	392	344	48	53	2567	0	0	0	1	
8982	11685688	0	0	0	0	1	128	0	1	392	346	48	53	2550	0	0	0	1	
8983	11685721	0	0	0	0	1	128	0	1	392	344	48	53	2554	0	0	0	1	
8984	11685755	0	0	0	0	1	128	0	1	392	344	48	53	2554	0	0	0	1	
8985	11685788	0	0	0	0	1	128	0	1	392	344	48	53	2553	0	0	0	1	
8986	11685821	0	0	0	0	1	128	0	1	392	346	49	53	2571	0	0	0	1	
8987	11685855	0	0	0	0	1	128	0	1	392	344	49	53	2580	0	0	0	1	
8988	11685888	0	0	0	0	1	128	0	1	392	346	49	53	2593	0	0	0	1	
8989	11685922	0	0	0	0	1	128	0	1	392	346	49	53	2595	0	0	0	1	
8990	11685955	0	0	0	0	1	128	0	1	392	344	49	53	2616	0	0	0	1	
8991	11685988	0	0	0	0	1	128	0	1	392	344	49	53	2621	0	0	0	1	
8992	11686022	0	0	0	0	1	128	0	1	392	346	49	53	2628	0	0	0	1	
8993	11686055	0	0	0	0	1	128	0	1	392	346	49	54	2641	0	0	0	1	
8994	11686088	0	0	0	0	1	128	0	1	392	346	49	54	2645	0	0	0	1	
8995	11686122	0	0	0	0	1	128	0	1	392	346	49	54	2645	0	0	0	1	
8996	11686155	0	0	0	0	1	128	0	1	392	346	49	54	2652	0	0	0	1	
8997	11686189	0	0	0	0	1	128	0	1	392	346	49	54	2654	0	0	0	1	
8998	11686222	0	0	0	0	1	128	0	1	392	346	49	54	2649	0	0	0	1	
8999	11686255	0	0	0	0	1	128	0	1	392	346	49	54	2654	0	0	0	1	
9000	11686289	0	0	0	0	1	128	0	1	392	346	49	54	2657	0	0	0	1	
9001	11686322	0	0	0	0	1	128	0	1	392	346	49	54	2654	0	0	0	1	
9002	11686355	0	0	0	0	1	128	0	1	392	346	49	54	2651	0	0	0	1	
9003	11686389	0	0	0	0	1	128	0	1	392	346	49	54	2636	0	0	0	1	
9004	11686422	0	0	0	0	1	128	0	1	392	346	49	53	2625	0	0	0	1	
9005	11686455	0	0	0	0	1	128	0	1	392	346	49	53	2599	0	0	0	1	
9006	11686489	0	0	0	0	1	128	0	1	392	346	49	52	2549	0	0	0	1	
9007	11686522	0	0	0	0	1	128	0	1	392	346	48	52	2521	0	0	0	1	
9008	11686556	0	0	0	0	1	128	0	1	392	346	48	52	2506	0	0	0	1	
9009	11686589	0	0	0	0	1	128	0	1	392	346	48	52	2489	0	0	0	1	
9010	11686622	0	0	0	0	1	128	0	1	392	346	48	52	2476	0	0	0	1	
9011	11686656	0	0	0	0	1	128	0	1	392	346	47	52	2457	0	0	0	1	
9012	11686689	0	0	0	0	1	128	0	1	392	346	47	52	2454	0	0	0	1	
9013	11686722	0	0	0	0	1	128	0	1	392	346	47	52	2440	0	0	0	1	
9014	11686756	0	0	0	0	1	128	0	1	392	346	47	52	2451	0	0	0	1	
9015	11686789	0	0	0	0	1	128	0	1	392	346	47	52	2464	0	0	0	1	
9016	11686822	0	0	0	0	1	128	0	1	392	346	48	52	2475	0	0	0	1	
9017	11686856	0	0	0	0	1	128	0	1	392	346	47	52	2480	0	0	0	1	
9018	11686889	0	0	0	0	1	128	0	1	392	346	48	53	2509	0	0	0	1	
9019	11686923	0	0	0	0	1	128	0	1	390	346	48	52	2517	0	0	0	1	
9020	11686956	0	0	0	0	1	128	0	1	380	348	49	53	2599	0	0	0	1	
9021	11686989	0	0	0	0	1	128	0	1	380	348	49	53	2613	0	0	0	1	
9022	11687023	0	0	0	0	1	128	0	1	380	348	50	53	2641	0	0	0	1	
9023	11687056	0	0	0	0	1	128	0	1	382	348	50	53	2650	0	0	0	1	
9024	11687089	0	0	0	0	1	128	0	1	382	348	50	53	2661	0	0	0	1	
9025	11687123	0	0	0	0	1	128	0	1	382	348	50	54	2681	0	0	0	1	
9026	11687156	0	0	0	0	1	128	0	1	380	348	50	54	2679	0	0	0	1	
9027	11687190	0	0	0	0	1	128	0	1	380	346	49	54	2641	0	0	0	1	
9028	11687223	0	0	0	0	1	128	0	0	0	0	0	0	0	0	0	0	1	
9029	11687256	0	0	0	0	1	128	0	0	0	0	0	0	0	0	0	0	1	
9030	11687290	0	0	0	0	1	128	0	1	404	322	22	35	777	0	0	0	1	
9031	11687323	0	0	0	0	1	128	0	1	392	338	40	45	1800	0	0	0	1	
9032	11687356	0	0	0	0	1	128	0	1	390	346	45	51	2299	0	0	0	1	
9033	11687390	0	0	0	0	1	128	0	1	390	346	46	52	2377	0	0	0	1	
9034	11687423	0	0	0	0	1	128	0	1	392	348	47	53	2494	0	0	0	1	
9035	11687457	0	0	0	0	1	128	0	1	392	348	48	52	2500	0	0	0	1	
9036	11687490	0	0	0	0	1	128	0	1	392	346	48	52	2501	0	0	0	1	
9037	11687523	0	0	0	0	1	128	0	1	394	346	47	52	2484	0	0	0	1	
9038	11687557	0	0	0	0	1	128	0	1	394	346	48	52	2476	0	0	0	1	
9039	11687590	0	0	0	0	1	128	0	1	394	346	48	52	2482	0	0	0	1	
9040	11687623	0	0	0	0	1	128	0	1	394	346	48	52	2483	0	0	0	1	
9041	11687657	0	0	0	0	1	128	0	1	394	346	48	52	2490	0	0	0	1	
9042	11687690	0	0	0	0	1	128	0	1	394	346	48	52	2504	0	0	0	1	
9043	11687723	0	0	0	0	1	128	0	1	394	346	48	52	2509	0	0	0	1	
9044	11687757	0	0	0	0	1	128	0	1	394	346	48	53	2519	0	0	0	1	
9045	11687790	0	0	0	0	1	128	0	1	394	346	48	53	2546	0	0	0	1	
9046	11687823	0	0	0	0	1	128	0	1	392	346	48	53	2549	0	0	0	1	
9047	11687857	0	0	0	0	1	128	0	1	392	344	48	53	2556	0	0	0	1	
9048	11687890	0	0	0	0	1	128	0	1	394	344	48	53	2555	0	0	0	1	
9049	11687924	0	0	0	0	1	128	0	1	394	344	48	53	2556	0	0	0	1	
9050	11687957	0	0	0	0	1	128	0	1	394	344	48	53	2558	0	0	0	1	
9051	11687990	0	0	0	0	1	128	0	1	394	344	48	53	2559	0	0	0	1	
9052	11688024	0	0	0	0	1	128	0	1	394	344	48	53	2561	0	0	0	1	
9053	11688057	0	0	0	0	1	128	0	1	394	344	48	53	2562	0	0	0	1	
