Version	1.08	gmtime	1440676111
index	timestamp	eyeroihoriz	eyeroivert	eyeroizoomx	eyeroizoomy	blendmode	blendfactor	onlinecalib	eye_valid	eye_x	eye_y	eye_w	eye_h	eye_a	field_x	field_y	displaymode	displayeyedetection	event
6722	11610276	0	0	0	0	1	128	0	1	386	348	44	48	2090	0	0	0	1	
6723	11610309	0	0	0	0	1	128	0	1	388	348	44	48	2113	0	0	0	1	
6724	11610343	0	0	0	0	1	128	0	1	388	348	44	48	2122	0	0	0	1	
6725	11610376	0	0	0	0	1	128	0	1	388	348	44	49	2134	0	0	0	1	
6726	11610410	0	0	0	0	1	128	0	1	388	348	44	48	2150	0	0	0	1	
6727	11610443	0	0	0	0	1	128	0	1	388	348	44	49	2162	0	0	0	1	
6728	11610476	0	0	0	0	1	128	0	1	386	348	44	49	2165	0	0	0	1	
6729	11610510	0	0	0	0	1	128	0	1	388	348	45	49	2173	0	0	0	1	
6730	11610543	0	0	0	0	1	128	0	1	388	348	45	49	2179	0	0	0	1	
6731	11610576	0	0	0	0	1	128	0	1	388	348	45	49	2174	0	0	0	1	
6732	11610610	0	0	0	0	1	128	0	1	388	348	45	49	2179	0	0	0	1	
6733	11610643	0	0	0	0	1	128	0	1	388	348	45	49	2177	0	0	0	1	
6734	11610676	0	0	0	0	1	128	0	1	388	346	45	49	2174	0	0	0	1	
6735	11610710	0	0	0	0	1	128	0	1	388	346	45	49	2171	0	0	0	1	
6736	11610743	0	0	0	0	1	128	0	1	388	346	45	49	2170	0	0	0	1	
6737	11610777	0	0	0	0	1	128	0	1	388	346	45	49	2173	0	0	0	1	
6738	11610810	0	0	0	0	1	128	0	1	388	346	45	49	2170	0	0	0	1	
6739	11610843	0	0	0	0	1	128	0	1	388	346	44	49	2162	0	0	0	1	
6740	11610877	0	0	0	0	1	128	0	1	388	346	45	49	2166	0	0	0	1	
6741	11610910	0	0	0	0	1	128	0	1	388	346	45	49	2168	0	0	0	1	
6742	11610943	0	0	0	0	1	128	0	1	388	348	43	48	2059	0	0	0	1	
6743	11610977	0	0	0	0	1	128	0	1	388	346	45	49	2181	0	0	0	1	
6744	11611010	0	0	0	0	1	128	0	1	388	346	45	49	2185	0	0	0	1	
6745	11611044	0	0	0	0	1	128	0	1	388	346	45	49	2197	0	0	0	1	
6746	11611077	0	0	0	0	1	128	0	1	388	346	45	49	2195	0	0	0	1	
6747	11611110	0	0	0	0	1	128	0	1	388	346	45	49	2212	0	0	0	1	
6748	11611144	0	0	0	0	1	128	0	1	388	346	45	49	2208	0	0	0	1	
6749	11611177	0	0	0	0	1	128	0	1	388	346	45	49	2217	0	0	0	1	
6750	11611210	0	0	0	0	1	128	0	1	388	346	45	49	2227	0	0	0	1	
6751	11611244	0	0	0	0	1	128	0	1	388	346	45	49	2232	0	0	0	1	
6752	11611277	0	0	0	0	1	128	0	1	388	346	45	49	2234	0	0	0	1	
6753	11611310	0	0	0	0	1	128	0	1	386	346	45	49	2224	0	0	0	1	
6754	11611344	0	0	0	0	1	128	0	0	0	0	0	0	0	0	0	0	1	
6755	11611377	0	0	0	0	1	128	0	0	0	0	0	0	0	0	0	0	1	
6756	11611411	0	0	0	0	1	128	0	0	0	0	0	0	0	0	0	0	1	
6757	11611444	0	0	0	0	1	128	0	1	446	292	61	71	4335	0	0	0	1	
6758	11611477	0	0	0	0	1	128	0	1	386	340	33	42	1409	0	0	0	1	
6759	11611511	0	0	0	0	1	128	0	1	386	348	41	49	2012	0	0	0	1	
6760	11611544	0	0	0	0	1	128	0	1	384	352	44	49	2185	0	0	0	1	
6761	11611577	0	0	0	0	1	128	0	1	384	352	45	50	2211	0	0	0	1	
6762	11611611	0	0	0	0	1	128	0	1	386	352	46	50	2292	0	0	0	1	
6763	11611644	0	0	0	0	1	128	0	1	386	352	46	50	2301	0	0	0	1	
6764	11611678	0	0	0	0	1	128	0	1	386	352	46	50	2320	0	0	0	1	
6765	11611711	0	0	0	0	1	128	0	1	386	350	46	50	2336	0	0	0	1	
6766	11611744	0	0	0	0	1	128	0	1	386	350	47	50	2350	0	0	0	1	
6767	11611778	0	0	0	0	1	128	0	1	386	350	47	51	2361	0	0	0	1	
6768	11611811	0	0	0	0	1	128	0	1	386	350	47	51	2382	0	0	0	1	
6769	11611844	0	0	0	0	1	128	0	1	386	350	47	51	2395	0	0	0	1	
6770	11611878	0	0	0	0	1	128	0	1	386	350	47	51	2398	0	0	0	1	
6771	11611911	0	0	0	0	1	128	0	1	386	350	47	51	2412	0	0	0	1	
6772	11611944	0	0	0	0	1	128	0	1	386	350	47	51	2422	0	0	0	1	
6773	11611978	0	0	0	0	1	128	0	1	386	350	47	51	2434	0	0	0	1	
6774	11612011	0	0	0	0	1	128	0	1	386	350	47	51	2432	0	0	0	1	
6775	11612045	0	0	0	0	1	128	0	1	386	350	47	51	2427	0	0	0	1	
6776	11612078	0	0	0	0	1	128	0	1	386	350	47	51	2426	0	0	0	1	
6777	11612111	0	0	0	0	1	128	0	1	386	350	47	51	2416	0	0	0	1	
6778	11612145	0	0	0	0	1	128	0	1	386	350	47	51	2406	0	0	0	1	
6779	11612178	0	0	0	0	1	128	0	1	386	350	47	51	2395	0	0	0	1	
6780	11612211	0	0	0	0	1	128	0	1	386	350	47	51	2391	0	0	0	1	
6781	11612245	0	0	0	0	1	128	0	1	386	350	47	51	2397	0	0	0	1	
6782	11612278	0	0	0	0	1	128	0	1	386	350	47	51	2397	0	0	0	1	
6783	11612312	0	0	0	0	1	128	0	1	386	350	47	51	2402	0	0	0	1	
6784	11612345	0	0	0	0	1	128	0	1	386	348	47	51	2394	0	0	0	1	
6785	11612378	0	0	0	0	1	128	0	1	386	348	47	51	2399	0	0	0	1	
6786	11612412	0	0	0	0	1	128	0	1	386	348	47	51	2410	0	0	0	1	
6787	11612445	0	0	0	0	1	128	0	1	386	350	47	51	2414	0	0	0	1	
6788	11612478	0	0	0	0	1	128	0	1	386	350	47	51	2421	0	0	0	1	
6789	11612512	0	0	0	0	1	128	0	1	322	330	65	101	6590	0	0	0	1	
6790	11612545	0	0	0	0	1	128	0	1	352	384	47	51	2393	0	0	0	1	
6791	11612578	0	0	0	0	1	128	0	1	352	386	45	51	2296	0	0	0	1	
6792	11612612	0	0	0	0	1	128	0	1	350	384	47	51	2438	0	0	0	1	
6793	11612645	0	0	0	0	1	128	0	1	342	396	44	55	2404	0	0	0	1	
6794	11612679	0	0	0	0	1	128	0	1	348	404	45	51	2283	0	0	0	1	
6795	11612712	0	0	0	0	1	128	0	1	346	404	45	51	2291	0	0	0	1	
6796	11612745	0	0	0	0	1	128	0	1	346	404	45	51	2283	0	0	0	1	
6797	11612779	0	0	0	0	1	128	0	1	346	404	45	51	2279	0	0	0	1	
6798	11612812	0	0	0	0	1	128	0	1	346	404	44	51	2268	0	0	0	1	
6799	11612845	0	0	0	0	1	128	0	1	346	404	44	51	2266	0	0	0	1	
6800	11612879	0	0	0	0	1	128	0	1	346	404	44	51	2262	0	0	0	1	
6801	11612912	0	0	0	0	1	128	0	1	346	404	44	51	2260	0	0	0	1	
6802	11612946	0	0	0	0	1	128	0	1	346	404	44	51	2264	0	0	0	1	
6803	11612979	0	0	0	0	1	128	0	1	346	404	44	51	2261	0	0	0	1	
6804	11613012	0	0	0	0	1	128	0	1	346	404	44	51	2254	0	0	0	1	
6805	11613046	0	0	0	0	1	128	0	1	346	404	44	51	2254	0	0	0	1	
6806	11613079	0	0	0	0	1	128	0	0	0	0	0	0	0	0	0	0	1	
6807	11613112	0	0	0	0	1	128	0	0	0	0	0	0	0	0	0	0	1	
6808	11613146	0	0	0	0	1	128	0	1	440	372	37	50	1875	0	0	0	1	
6809	11613179	0	0	0	0	1	128	0	1	440	372	37	50	1868	0	0	0	1	
6810	11613212	0	0	0	0	1	128	0	1	442	372	37	50	1863	0	0	0	1	
6811	11613246	0	0	0	0	1	128	0	1	442	372	37	50	1853	0	0	0	1	
6812	11613279	0	0	0	0	1	128	0	1	442	372	37	50	1854	0	0	0	1	
6813	11613313	0	0	0	0	1	128	0	1	442	372	37	50	1854	0	0	0	1	
6814	11613346	0	0	0	0	1	128	0	1	442	372	37	50	1854	0	0	0	1	
6815	11613379	0	0	0	0	1	128	0	1	442	372	37	50	1853	0	0	0	1	
6816	11613413	0	0	0	0	1	128	0	1	442	372	37	50	1862	0	0	0	1	
6817	11613446	0	0	0	0	1	128	0	1	440	372	37	50	1847	0	0	0	1	
6818	11613479	0	0	0	0	1	128	0	1	440	372	37	50	1868	0	0	0	1	
6819	11613513	0	0	0	0	1	128	0	1	440	372	37	50	1872	0	0	0	1	
6820	11613546	0	0	0	0	1	128	0	1	440	372	37	50	1875	0	0	0	1	
6821	11613580	0	0	0	0	1	128	0	1	440	372	37	51	1889	0	0	0	1	
6822	11613613	0	0	0	0	1	128	0	1	440	374	38	51	1907	0	0	0	1	
6823	11613646	0	0	0	0	1	128	0	1	440	374	38	51	1919	0	0	0	1	
6824	11613680	0	0	0	0	1	128	0	1	440	374	38	51	1938	0	0	0	1	
6825	11613713	0	0	0	0	1	128	0	1	440	374	38	51	1950	0	0	0	1	
6826	11613746	0	0	0	0	1	128	0	1	438	374	38	52	1957	0	0	0	1	
6827	11613780	0	0	0	0	1	128	0	1	438	374	38	52	1976	0	0	0	1	
6828	11613813	0	0	0	0	1	128	0	1	442	370	38	51	1952	0	0	0	1	
6829	11613846	0	0	0	0	1	128	0	1	442	370	38	51	1966	0	0	0	1	
6830	11613880	0	0	0	0	1	128	0	1	440	364	38	52	1992	0	0	0	1	
6831	11613913	0	0	0	0	1	128	0	1	434	310	43	51	2185	0	0	0	1	
6832	11613947	0	0	0	0	1	128	0	1	432	298	43	51	2210	0	0	0	1	
6833	11613980	0	0	0	0	1	128	0	1	430	298	43	51	2209	0	0	0	1	
6834	11614013	0	0	0	0	1	128	0	1	430	298	43	51	2215	0	0	0	1	
6835	11614047	0	0	0	0	1	128	0	1	430	300	43	51	2217	0	0	0	1	
6836	11614080	0	0	0	0	1	128	0	1	424	292	43	53	2310	0	0	0	1	
6837	11614113	0	0	0	0	1	128	0	1	422	290	44	51	2271	0	0	0	1	
6838	11614147	0	0	0	0	1	128	0	1	422	288	44	51	2267	0	0	0	1	
6839	11614180	0	0	0	0	1	128	0	1	422	288	44	51	2266	0	0	0	1	
6840	11614214	0	0	0	0	1	128	0	1	422	288	44	51	2267	0	0	0	1	
6841	11614247	0	0	0	0	1	128	0	1	424	286	44	51	2221	0	0	0	1	
6842	11614280	0	0	0	0	1	128	0	1	424	286	44	51	2207	0	0	0	1	
6843	11614314	0	0	0	0	1	128	0	1	424	286	43	50	2192	0	0	0	1	
6844	11614347	0	0	0	0	1	128	0	1	424	286	43	50	2170	0	0	0	1	
6845	11614380	0	0	0	0	1	128	0	1	424	286	43	50	2147	0	0	0	1	
6846	11614414	0	0	0	0	1	128	0	1	422	286	43	50	2121	0	0	0	1	
6847	11614447	0	0	0	0	1	128	0	0	0	0	0	0	0	0	0	0	1	
6848	11614480	0	0	0	0	1	128	0	1	330	312	50	50	2500	0	0	0	1	
6849	11614514	0	0	0	0	1	128	0	1	330	312	50	50	2501	0	0	0	1	
6850	11614547	0	0	0	0	1	128	0	1	330	312	50	50	2482	0	0	0	1	
6851	11614581	0	0	0	0	1	128	0	1	330	312	49	50	2454	0	0	0	1	
6852	11614614	0	0	0	0	1	128	0	1	330	312	49	50	2452	0	0	0	1	
6853	11614647	0	0	0	0	1	128	0	1	330	312	49	50	2440	0	0	0	1	
6854	11614681	0	0	0	0	1	128	0	1	330	312	49	49	2415	0	0	0	1	
6855	11614714	0	0	0	0	1	128	0	1	330	312	49	49	2412	0	0	0	1	
6856	11614747	0	0	0	0	1	128	0	1	330	312	49	49	2403	0	0	0	1	
6857	11614781	0	0	0	0	1	128	0	1	330	312	49	49	2391	0	0	0	1	
6858	11614814	0	0	0	0	1	128	0	1	330	312	49	49	2380	0	0	0	1	
6859	11614847	0	0	0	0	1	128	0	1	330	312	48	49	2353	0	0	0	1	
6860	11614881	0	0	0	0	1	128	0	1	330	312	48	49	2332	0	0	0	1	
6861	11614914	0	0	0	0	1	128	0	1	328	312	48	49	2310	0	0	0	1	
6862	11614948	0	0	0	0	1	128	0	1	328	312	47	48	2277	0	0	0	1	
6863	11614981	0	0	0	0	1	128	0	1	330	310	48	51	2457	0	0	0	1	
6864	11615014	0	0	0	0	1	128	0	0	0	0	0	0	0	0	0	0	1	
6865	11615048	0	0	0	0	1	128	0	1	420	288	40	46	1833	0	0	0	1	
6866	11615081	0	0	0	0	1	128	0	1	420	288	40	46	1825	0	0	0	1	
6867	11615114	0	0	0	0	1	128	0	1	420	288	40	46	1815	0	0	0	1	
6868	11615148	0	0	0	0	1	128	0	1	420	288	40	46	1807	0	0	0	1	
6869	11615181	0	0	0	0	1	128	0	1	424	286	39	46	1765	0	0	0	1	
6870	11615215	0	0	0	0	1	128	0	1	424	286	38	46	1755	0	0	0	1	
6871	11615248	0	0	0	0	1	128	0	1	424	286	38	46	1748	0	0	0	1	
6872	11615281	0	0	0	0	1	128	0	1	424	286	38	46	1745	0	0	0	1	
6873	11615315	0	0	0	0	1	128	0	1	424	286	38	45	1744	0	0	0	1	
6874	11615348	0	0	0	0	1	128	0	1	424	286	38	45	1742	0	0	0	1	
6875	11615381	0	0	0	0	1	128	0	1	424	286	38	46	1748	0	0	0	1	
6876	11615415	0	0	0	0	1	128	0	1	424	286	38	46	1749	0	0	0	1	
6877	11615448	0	0	0	0	1	128	0	1	424	286	38	45	1737	0	0	0	1	
6878	11615482	0	0	0	0	1	128	0	1	424	286	38	45	1735	0	0	0	1	
6879	11615515	0	0	0	0	1	128	0	1	430	308	38	43	1608	0	0	0	1	
6880	11615548	0	0	0	0	1	128	0	1	436	340	35	43	1538	0	0	0	1	
6881	11615582	0	0	0	0	1	128	0	1	436	368	34	43	1458	0	0	0	1	
6882	11615615	0	0	0	0	1	128	0	1	436	384	32	45	1443	0	0	0	1	
6883	11615648	0	0	0	0	1	128	0	1	436	384	33	45	1478	0	0	0	1	
6884	11615682	0	0	0	0	1	128	0	1	438	382	33	45	1483	0	0	0	1	
6885	11615715	0	0	0	0	1	128	0	1	438	382	32	45	1473	0	0	0	1	
6886	11615748	0	0	0	0	1	128	0	1	438	382	32	45	1475	0	0	0	1	
6887	11615782	0	0	0	0	1	128	0	1	438	382	33	45	1473	0	0	0	1	
6888	11615815	0	0	0	0	1	128	0	1	440	380	32	46	1477	0	0	0	1	
6889	11615849	0	0	0	0	1	128	0	1	446	376	32	45	1451	0	0	0	1	
6890	11615882	0	0	0	0	1	128	0	1	444	374	32	45	1437	0	0	0	1	
6891	11615915	0	0	0	0	1	128	0	1	444	374	32	45	1434	0	0	0	1	
6892	11615949	0	0	0	0	1	128	0	1	444	376	32	45	1437	0	0	0	1	
6893	11615982	0	0	0	0	1	128	0	1	444	376	32	45	1437	0	0	0	1	
6894	11616015	0	0	0	0	1	128	0	1	444	376	32	45	1455	0	0	0	1	
6895	11616049	0	0	0	0	1	128	0	1	444	376	32	45	1463	0	0	0	1	
6896	11616082	0	0	0	0	1	128	0	1	442	376	33	45	1478	0	0	0	1	
6897	11616115	0	0	0	0	1	128	0	1	442	376	33	46	1494	0	0	0	1	
6898	11616149	0	0	0	0	1	128	0	1	442	376	33	46	1520	0	0	0	1	
6899	11616182	0	0	0	0	1	128	0	1	442	376	34	46	1542	0	0	0	1	
6900	11616216	0	0	0	0	1	128	0	0	0	0	0	0	0	0	0	0	1	
6901	11616249	0	0	0	0	1	128	0	1	342	400	41	47	1952	0	0	0	1	
6902	11616282	0	0	0	0	1	128	0	1	342	400	42	48	1995	0	0	0	1	
6903	11616316	0	0	0	0	1	128	0	1	342	400	42	48	2016	0	0	0	1	
6904	11616349	0	0	0	0	1	128	0	1	342	400	42	48	2037	0	0	0	1	
6905	11616382	0	0	0	0	1	128	0	1	342	400	42	48	2050	0	0	0	1	
6906	11616416	0	0	0	0	1	128	0	1	342	400	42	49	2065	0	0	0	1	
6907	11616449	0	0	0	0	1	128	0	1	342	400	42	49	2069	0	0	0	1	
6908	11616483	0	0	0	0	1	128	0	1	346	402	42	49	2058	0	0	0	1	
6909	11616516	0	0	0	0	1	128	0	1	346	402	42	48	2027	0	0	0	1	
6910	11616549	0	0	0	0	1	128	0	1	346	402	42	48	2004	0	0	0	1	
6911	11616583	0	0	0	0	1	128	0	1	346	402	41	48	1961	0	0	0	1	
6912	11616616	0	0	0	0	1	128	0	1	346	402	41	47	1924	0	0	0	1	
6913	11616649	0	0	0	0	1	128	0	1	346	404	40	47	1882	0	0	0	1	
6914	11616683	0	0	0	0	1	128	0	1	346	404	40	47	1856	0	0	0	1	
6915	11616716	0	0	0	0	1	128	0	1	346	404	39	46	1823	0	0	0	1	
6916	11616749	0	0	0	0	1	128	0	1	346	404	39	46	1803	0	0	0	1	
6917	11616783	0	0	0	0	1	128	0	1	346	404	39	46	1791	0	0	0	1	
6918	11616816	0	0	0	0	1	128	0	1	346	404	39	45	1783	0	0	0	1	
6919	11616850	0	0	0	0	1	128	0	1	346	404	39	45	1780	0	0	0	1	
6920	11616883	0	0	0	0	1	128	0	1	346	404	39	45	1783	0	0	0	1	
6921	11616916	0	0	0	0	1	128	0	1	346	404	39	46	1784	0	0	0	1	
6922	11616950	0	0	0	0	1	128	0	1	346	404	39	46	1785	0	0	0	1	
6923	11616983	0	0	0	0	1	128	0	1	346	404	39	46	1797	0	0	0	1	
6924	11617016	0	0	0	0	1	128	0	1	346	404	39	46	1799	0	0	0	1	
6925	11617050	0	0	0	0	1	128	0	1	346	402	40	46	1825	0	0	0	1	
6926	11617083	0	0	0	0	1	128	0	1	318	326	51	71	3617	0	0	0	1	
6927	11617117	0	0	0	0	1	128	0	1	334	318	46	46	2104	0	0	0	1	
6928	11617150	0	0	0	0	1	128	0	1	334	320	46	46	2113	0	0	0	1	
6929	11617183	0	0	0	0	1	128	0	1	332	320	46	46	2137	0	0	0	1	
6930	11617217	0	0	0	0	1	128	0	1	332	320	45	47	2116	0	0	0	1	
6931	11617250	0	0	0	0	1	128	0	1	330	316	46	47	2153	0	0	0	1	
6932	11617283	0	0	0	0	1	128	0	1	328	314	46	47	2169	0	0	0	1	
6933	11617317	0	0	0	0	1	128	0	1	328	314	46	47	2183	0	0	0	1	
6934	11617350	0	0	0	0	1	128	0	1	328	314	46	47	2188	0	0	0	1	
6935	11617383	0	0	0	0	1	128	0	1	328	314	46	47	2194	0	0	0	1	
6936	11617417	0	0	0	0	1	128	0	1	328	314	46	47	2194	0	0	0	1	
6937	11617450	0	0	0	0	1	128	0	1	328	316	46	48	2202	0	0	0	1	
6938	11617484	0	0	0	0	1	128	0	1	332	318	44	47	2061	0	0	0	1	
6939	11617517	0	0	0	0	1	128	0	1	378	344	43	46	1996	0	0	0	1	
6940	11617550	0	0	0	0	1	128	0	1	380	344	44	47	2030	0	0	0	1	
6941	11617584	0	0	0	0	1	128	0	1	378	344	43	47	2022	0	0	0	1	
6942	11617617	0	0	0	0	1	128	0	1	380	344	43	47	2026	0	0	0	1	
6943	11617650	0	0	0	0	1	128	0	1	390	346	41	46	1923	0	0	0	1	
6944	11617684	0	0	0	0	1	128	0	1	390	346	42	46	1946	0	0	0	1	
6945	11617717	0	0	0	0	1	128	0	1	390	346	42	46	1917	0	0	0	1	
6946	11617751	0	0	0	0	1	128	0	1	390	348	42	46	1911	0	0	0	1	
6947	11617784	0	0	0	0	1	128	0	1	390	346	41	46	1889	0	0	0	1	
6948	11617817	0	0	0	0	1	128	0	1	390	346	41	46	1882	0	0	0	1	
6949	11617851	0	0	0	0	1	128	0	1	390	346	41	46	1877	0	0	0	1	
6950	11617884	0	0	0	0	1	128	0	1	390	346	41	46	1876	0	0	0	1	
6951	11617917	0	0	0	0	1	128	0	1	390	346	41	46	1867	0	0	0	1	
6952	11617951	0	0	0	0	1	128	0	1	390	346	41	46	1874	0	0	0	1	
6953	11617984	0	0	0	0	1	128	0	1	390	346	41	46	1872	0	0	0	1	
6954	11618017	0	0	0	0	1	128	0	1	390	346	41	46	1878	0	0	0	1	
6955	11618051	0	0	0	0	1	128	0	1	390	346	41	46	1879	0	0	0	1	
6956	11618084	0	0	0	0	1	128	0	1	390	346	41	46	1871	0	0	0	1	
6957	11618118	0	0	0	0	1	128	0	1	390	346	41	46	1872	0	0	0	1	
6958	11618151	0	0	0	0	1	128	0	1	390	346	41	45	1858	0	0	0	1	
6959	11618184	0	0	0	0	1	128	0	1	390	346	41	45	1841	0	0	0	1	
6960	11618218	0	0	0	0	1	128	0	1	390	346	41	45	1823	0	0	0	1	
6961	11618251	0	0	0	0	1	128	0	1	390	346	41	45	1811	0	0	0	1	
6962	11618284	0	0	0	0	1	128	0	1	390	346	41	45	1808	0	0	0	1	
6963	11618318	0	0	0	0	1	128	0	1	390	346	41	44	1799	0	0	0	1	
6964	11618351	0	0	0	0	1	128	0	1	390	346	40	44	1793	0	0	0	1	
6965	11618385	0	0	0	0	1	128	0	1	390	346	40	44	1779	0	0	0	1	
6966	11618418	0	0	0	0	1	128	0	1	390	346	40	44	1775	0	0	0	1	
6967	11618451	0	0	0	0	1	128	0	1	390	346	40	44	1776	0	0	0	1	
6968	11618485	0	0	0	0	1	128	0	1	390	346	40	44	1772	0	0	0	1	
6969	11618518	0	0	0	0	1	128	0	1	388	346	40	44	1733	0	0	0	1	
6970	11618551	0	0	0	0	1	128	0	0	0	0	0	0	0	0	0	0	1	
6971	11618585	0	0	0	0	1	128	0	1	400	336	20	40	817	0	0	0	1	
6972	11618618	0	0	0	0	1	128	0	1	386	352	39	45	1790	0	0	0	1	
6973	11618651	0	0	0	0	1	128	0	1	390	348	40	43	1729	0	0	0	1	
6974	11618685	0	0	0	0	1	128	0	1	390	348	40	44	1725	0	0	0	1	
6975	11618718	0	0	0	0	1	128	0	1	390	348	39	44	1725	0	0	0	1	
6976	11618752	0	0	0	0	1	128	0	1	390	348	39	44	1721	0	0	0	1	
6977	11618785	0	0	0	0	1	128	0	1	390	346	39	44	1717	0	0	0	1	
6978	11618818	0	0	0	0	1	128	0	1	390	348	39	44	1721	0	0	0	1	
6979	11618852	0	0	0	0	1	128	0	1	390	346	39	44	1727	0	0	0	1	
6980	11618885	0	0	0	0	1	128	0	1	392	350	36	43	1534	0	0	0	1	
6981	11618918	0	0	0	0	1	128	0	1	390	346	40	44	1742	0	0	0	1	
6982	11618952	0	0	0	0	1	128	0	1	390	346	40	44	1755	0	0	0	1	
6983	11618985	0	0	0	0	1	128	0	1	390	348	40	45	1785	0	0	0	1	
6984	11619019	0	0	0	0	1	128	0	1	390	346	40	45	1802	0	0	0	1	
6985	11619052	0	0	0	0	1	128	0	1	390	346	41	45	1822	0	0	0	1	
6986	11619085	0	0	0	0	1	128	0	1	390	346	41	45	1838	0	0	0	1	
6987	11619119	0	0	0	0	1	128	0	1	390	346	41	45	1854	0	0	0	1	
6988	11619152	0	0	0	0	1	128	0	1	390	346	41	46	1863	0	0	0	1	
6989	11619185	0	0	0	0	1	128	0	1	390	346	41	46	1877	0	0	0	1	
6990	11619219	0	0	0	0	1	128	0	1	390	346	41	46	1887	0	0	0	1	
6991	11619252	0	0	0	0	1	128	0	1	390	346	41	46	1892	0	0	0	1	
6992	11619285	0	0	0	0	1	128	0	1	390	346	41	46	1903	0	0	0	1	
6993	11619319	0	0	0	0	1	128	0	1	390	346	41	46	1909	0	0	0	1	
6994	11619352	0	0	0	0	1	128	0	1	390	346	41	46	1920	0	0	0	1	
6995	11619386	0	0	0	0	1	128	0	1	390	346	42	46	1928	0	0	0	1	
6996	11619419	0	0	0	0	1	128	0	1	390	346	42	47	1935	0	0	0	1	
6997	11619452	0	0	0	0	1	128	0	1	408	352	39	46	1808	0	0	0	1	
6998	11619486	0	0	0	0	1	128	0	1	410	352	39	46	1818	0	0	0	1	
6999	11619519	0	0	0	0	1	128	0	1	410	352	39	46	1824	0	0	0	1	
7000	11619552	0	0	0	0	1	128	0	1	410	352	40	46	1825	0	0	0	1	
7001	11619586	0	0	0	0	1	128	0	1	410	352	40	46	1836	0	0	0	1	
7002	11619619	0	0	0	0	1	128	0	1	410	352	40	46	1831	0	0	0	1	
7003	11619653	0	0	0	0	1	128	0	1	410	352	40	46	1843	0	0	0	1	
7004	11619686	0	0	0	0	1	128	0	1	410	352	40	47	1851	0	0	0	1	
7005	11619719	0	0	0	0	1	128	0	1	410	352	40	47	1859	0	0	0	1	
7006	11619753	0	0	0	0	1	128	0	1	410	352	40	47	1857	0	0	0	1	
7007	11619786	0	0	0	0	1	128	0	1	410	352	40	47	1866	0	0	0	1	
7008	11619819	0	0	0	0	1	128	0	1	410	352	40	47	1874	0	0	0	1	
7009	11619853	0	0	0	0	1	128	0	1	410	352	40	47	1870	0	0	0	1	
7010	11619886	0	0	0	0	1	128	0	1	410	352	40	47	1872	0	0	0	1	
7011	11619919	0	0	0	0	1	128	0	1	410	352	40	47	1887	0	0	0	1	
7012	11619953	0	0	0	0	1	128	0	1	410	352	40	47	1890	0	0	0	1	
7013	11619986	0	0	0	0	1	128	0	1	410	352	40	47	1895	0	0	0	1	
7014	11620020	0	0	0	0	1	128	0	1	410	352	40	47	1896	0	0	0	1	
7015	11620053	0	0	0	0	1	128	0	1	410	352	40	47	1910	0	0	0	1	
7016	11620086	0	0	0	0	1	128	0	1	410	352	40	47	1911	0	0	0	1	
7017	11620120	0	0	0	0	1	128	0	1	410	352	41	47	1917	0	0	0	1	
7018	11620153	0	0	0	0	1	128	0	1	410	352	41	48	1931	0	0	0	1	
7019	11620186	0	0	0	0	1	128	0	1	426	348	38	48	1825	0	0	0	1	
7020	11620220	0	0	0	0	1	128	0	1	428	348	39	48	1853	0	0	0	1	
7021	11620253	0	0	0	0	1	128	0	1	428	348	39	48	1852	0	0	0	1	
7022	11620287	0	0	0	0	1	128	0	1	428	348	39	48	1867	0	0	0	1	
7023	11620320	0	0	0	0	1	128	0	1	428	348	39	48	1878	0	0	0	1	
7024	11620353	0	0	0	0	1	128	0	1	428	348	39	48	1884	0	0	0	1	
7025	11620387	0	0	0	0	1	128	0	1	428	348	39	48	1895	0	0	0	1	
7026	11620420	0	0	0	0	1	128	0	1	428	348	39	48	1897	0	0	0	1	
7027	11620453	0	0	0	0	1	128	0	1	428	348	39	49	1905	0	0	0	1	
7028	11620487	0	0	0	0	1	128	0	1	428	348	39	49	1909	0	0	0	1	
7029	11620520	0	0	0	0	1	128	0	1	428	348	39	48	1905	0	0	0	1	
7030	11620553	0	0	0	0	1	128	0	1	428	348	39	48	1906	0	0	0	1	
7031	11620587	0	0	0	0	1	128	0	1	428	348	39	48	1903	0	0	0	1	
7032	11620620	0	0	0	0	1	128	0	1	428	348	39	48	1903	0	0	0	1	
7033	11620654	0	0	0	0	1	128	0	1	428	348	39	48	1896	0	0	0	1	
7034	11620687	0	0	0	0	1	128	0	1	428	348	39	48	1894	0	0	0	1	
7035	11620720	0	0	0	0	1	128	0	1	428	348	39	48	1890	0	0	0	1	
7036	11620754	0	0	0	0	1	128	0	1	428	348	39	48	1882	0	0	0	1	
7037	11620787	0	0	0	0	1	128	0	1	428	348	39	48	1885	0	0	0	1	
7038	11620820	0	0	0	0	1	128	0	1	428	348	39	48	1886	0	0	0	1	
7039	11620854	0	0	0	0	1	128	0	1	428	348	39	48	1881	0	0	0	1	
7040	11620887	0	0	0	0	1	128	0	1	428	348	39	48	1882	0	0	0	1	
7041	11620920	0	0	0	0	1	128	0	1	428	348	39	48	1893	0	0	0	1	
7042	11620954	0	0	0	0	1	128	0	1	428	346	39	49	1915	0	0	0	1	
7043	11620987	0	0	0	0	1	128	0	1	412	320	43	49	2095	0	0	0	1	
7044	11621021	0	0	0	0	1	128	0	1	412	320	43	49	2089	0	0	0	1	
7045	11621054	0	0	0	0	1	128	0	1	412	320	43	49	2105	0	0	0	1	
7046	11621087	0	0	0	0	1	128	0	1	410	320	43	49	2139	0	0	0	1	
7047	11621121	0	0	0	0	1	128	0	1	410	320	44	50	2168	0	0	0	1	
7048	11621154	0	0	0	0	1	128	0	1	410	320	44	50	2186	0	0	0	1	
7049	11621187	0	0	0	0	1	128	0	1	410	320	44	50	2202	0	0	0	1	
7050	11621221	0	0	0	0	1	128	0	1	412	318	44	50	2212	0	0	0	1	
7051	11621254	0	0	0	0	1	128	0	1	412	318	44	50	2215	0	0	0	1	
7052	11621288	0	0	0	0	1	128	0	1	412	318	44	50	2225	0	0	0	1	
7053	11621321	0	0	0	0	1	128	0	1	412	318	44	50	2225	0	0	0	1	
7054	11621354	0	0	0	0	1	128	0	1	412	318	44	50	2217	0	0	0	1	
7055	11621388	0	0	0	0	1	128	0	1	412	318	44	50	2204	0	0	0	1	
7056	11621421	0	0	0	0	1	128	0	1	412	318	44	50	2190	0	0	0	1	
7057	11621454	0	0	0	0	1	128	0	1	412	318	44	50	2172	0	0	0	1	
7058	11621488	0	0	0	0	1	128	0	1	412	318	43	49	2130	0	0	0	1	
7059	11621521	0	0	0	0	1	128	0	1	410	318	43	48	2093	0	0	0	1	
7060	11621554	0	0	0	0	1	128	0	1	410	318	43	48	2071	0	0	0	1	
7061	11621588	0	0	0	0	1	128	0	1	410	318	43	48	2061	0	0	0	1	
7062	11621621	0	0	0	0	1	128	0	1	412	318	43	48	2056	0	0	0	1	
7063	11621655	0	0	0	0	1	128	0	1	410	318	43	48	2044	0	0	0	1	
7064	11621688	0	0	0	0	1	128	0	1	410	320	42	47	2001	0	0	0	1	
7065	11621721	0	0	0	0	1	128	0	1	408	364	40	46	1836	0	0	0	1	
7066	11621755	0	0	0	0	1	128	0	1	410	368	40	47	1906	0	0	0	1	
7067	11621788	0	0	0	0	1	128	0	1	410	368	40	47	1919	0	0	0	1	
7068	11621821	0	0	0	0	1	128	0	1	410	368	40	48	1919	0	0	0	1	
7069	11621855	0	0	0	0	1	128	0	1	410	368	40	48	1923	0	0	0	1	
7070	11621888	0	0	0	0	1	128	0	1	410	368	40	48	1918	0	0	0	1	
7071	11621922	0	0	0	0	1	128	0	1	410	368	40	48	1914	0	0	0	1	
7072	11621955	0	0	0	0	1	128	0	1	410	368	40	48	1914	0	0	0	1	
7073	11621988	0	0	0	0	1	128	0	1	410	368	40	47	1914	0	0	0	1	
7074	11622022	0	0	0	0	1	128	0	1	410	368	40	47	1911	0	0	0	1	
7075	11622055	0	0	0	0	1	128	0	1	410	366	40	47	1892	0	0	0	1	
7076	11622088	0	0	0	0	1	128	0	1	410	366	40	47	1896	0	0	0	1	
7077	11622122	0	0	0	0	1	128	0	1	410	366	40	47	1901	0	0	0	1	
7078	11622155	0	0	0	0	1	128	0	1	410	366	40	47	1915	0	0	0	1	
7079	11622189	0	0	0	0	1	128	0	1	410	366	41	48	1931	0	0	0	1	
7080	11622222	0	0	0	0	1	128	0	1	410	366	41	48	1942	0	0	0	1	
7081	11622255	0	0	0	0	1	128	0	1	410	366	41	48	1961	0	0	0	1	
7082	11622289	0	0	0	0	1	128	0	1	408	366	41	48	1971	0	0	0	1	
7083	11622322	0	0	0	0	1	128	0	1	408	366	41	48	1987	0	0	0	1	
7084	11622355	0	0	0	0	1	128	0	1	408	366	41	49	2006	0	0	0	1	
7085	11622389	0	0	0	0	1	128	0	1	408	366	42	49	2032	0	0	0	1	
7086	11622422	0	0	0	0	1	128	0	1	402	366	42	48	2017	0	0	0	1	
7087	11622455	0	0	0	0	1	128	0	1	378	370	45	49	2232	0	0	0	1	
7088	11622489	0	0	0	0	1	128	0	1	378	370	45	50	2243	0	0	0	1	
7089	11622522	0	0	0	0	1	128	0	1	376	370	45	50	2259	0	0	0	1	
7090	11622555	0	0	0	0	1	128	0	1	376	370	46	50	2274	0	0	0	1	
7091	11622589	0	0	0	0	1	128	0	1	376	370	46	50	2289	0	0	0	1	
7092	11622622	0	0	0	0	1	128	0	1	372	370	46	50	2323	0	0	0	1	
7093	11622656	0	0	0	0	1	128	0	1	372	370	46	50	2331	0	0	0	1	
7094	11622689	0	0	0	0	1	128	0	1	372	370	46	50	2338	0	0	0	1	
7095	11622722	0	0	0	0	1	128	0	1	372	370	47	50	2349	0	0	0	1	
7096	11622756	0	0	0	0	1	128	0	1	372	370	47	50	2348	0	0	0	1	
7097	11622789	0	0	0	0	1	128	0	1	372	370	47	50	2348	0	0	0	1	
7098	11622822	0	0	0	0	1	128	0	1	372	370	47	50	2346	0	0	0	1	
7099	11622856	0	0	0	0	1	128	0	1	372	370	46	50	2346	0	0	0	1	
7100	11622889	0	0	0	0	1	128	0	1	372	370	47	51	2351	0	0	0	1	
7101	11622923	0	0	0	0	1	128	0	1	372	370	47	50	2344	0	0	0	1	
7102	11622956	0	0	0	0	1	128	0	1	372	370	46	50	2341	0	0	0	1	
7103	11622989	0	0	0	0	1	128	0	1	372	370	46	50	2334	0	0	0	1	
7104	11623023	0	0	0	0	1	128	0	1	372	370	46	50	2327	0	0	0	1	
7105	11623056	0	0	0	0	1	128	0	1	372	370	46	50	2327	0	0	0	1	
7106	11623089	0	0	0	0	1	128	0	1	372	370	46	50	2337	0	0	0	1	
7107	11623123	0	0	0	0	1	128	0	1	372	370	46	50	2339	0	0	0	1	
7108	11623156	0	0	0	0	1	128	0	1	372	370	47	51	2356	0	0	0	1	
7109	11623190	0	0	0	0	1	128	0	1	396	342	46	52	2358	0	0	0	1	
7110	11623223	0	0	0	0	1	128	0	1	394	344	47	51	2362	0	0	0	1	
7111	11623256	0	0	0	0	1	128	0	1	394	342	47	50	2364	0	0	0	1	
7112	11623290	0	0	0	0	1	128	0	1	394	342	47	51	2389	0	0	0	1	
7113	11623323	0	0	0	0	1	128	0	1	394	342	47	51	2404	0	0	0	1	
7114	11623356	0	0	0	0	1	128	0	1	394	344	47	51	2414	0	0	0	1	
7115	11623390	0	0	0	0	1	128	0	1	390	344	48	51	2435	0	0	0	1	
7116	11623423	0	0	0	0	1	128	0	1	390	344	48	51	2453	0	0	0	1	
7117	11623456	0	0	0	0	1	128	0	1	390	344	48	51	2451	0	0	0	1	
7118	11623490	0	0	0	0	1	128	0	1	390	344	48	51	2463	0	0	0	1	
7119	11623523	0	0	0	0	1	128	0	1	390	344	48	51	2454	0	0	0	1	
7120	11623557	0	0	0	0	1	128	0	1	390	344	48	51	2450	0	0	0	1	
7121	11623590	0	0	0	0	1	128	0	1	390	344	48	51	2445	0	0	0	1	
7122	11623623	0	0	0	0	1	128	0	1	390	344	48	51	2430	0	0	0	1	
7123	11623657	0	0	0	0	1	128	0	1	390	344	48	51	2417	0	0	0	1	
7124	11623690	0	0	0	0	1	128	0	1	390	344	47	51	2397	0	0	0	1	
7125	11623723	0	0	0	0	1	128	0	1	390	344	47	51	2389	0	0	0	1	
7126	11623757	0	0	0	0	1	128	0	1	390	344	47	50	2370	0	0	0	1	
7127	11623790	0	0	0	0	1	128	0	1	390	344	47	50	2356	0	0	0	1	
7128	11623824	0	0	0	0	1	128	0	1	390	344	47	50	2354	0	0	0	1	
7129	11623857	0	0	0	0	1	128	0	1	390	344	47	50	2347	0	0	0	1	
7130	11623890	0	0	0	0	1	128	0	1	390	344	47	50	2337	0	0	0	1	
7131	11623924	0	0	0	0	1	128	0	1	390	344	47	50	2343	0	0	0	1	
7132	11623957	0	0	0	0	1	128	0	1	390	344	47	50	2342	0	0	0	1	
7133	11623990	0	0	0	0	1	128	0	1	390	344	47	50	2335	0	0	0	1	
7134	11624024	0	0	0	0	1	128	0	1	390	342	47	50	2341	0	0	0	1	
7135	11624057	0	0	0	0	1	128	0	1	382	334	48	50	2416	0	0	0	1	
7136	11624090	0	0	0	0	1	128	0	1	382	334	48	50	2408	0	0	0	1	
7137	11624124	0	0	0	0	1	128	0	1	382	332	48	50	2429	0	0	0	1	
7138	11624157	0	0	0	0	1	128	0	1	380	332	48	50	2430	0	0	0	1	
7139	11624191	0	0	0	0	1	128	0	1	378	332	49	51	2454	0	0	0	1	
7140	11624224	0	0	0	0	1	128	0	1	370	332	49	50	2449	0	0	0	1	
7141	11624257	0	0	0	0	1	128	0	1	366	332	50	50	2508	0	0	0	1	
7142	11624291	0	0	0	0	1	128	0	1	364	334	50	51	2511	0	0	0	1	
7143	11624324	0	0	0	0	1	128	0	1	362	334	49	51	2501	0	0	0	1	
7144	11624357	0	0	0	0	1	128	0	1	360	334	49	50	2485	0	0	0	1	
7145	11624391	0	0	0	0	1	128	0	1	358	336	49	50	2444	0	0	0	1	
7146	11624424	0	0	0	0	1	128	0	1	358	336	49	50	2415	0	0	0	1	
7147	11624458	0	0	0	0	1	128	0	1	356	338	48	49	2391	0	0	0	1	
7148	11624491	0	0	0	0	1	128	0	1	354	338	48	49	2336	0	0	0	1	
7149	11624524	0	0	0	0	1	128	0	1	352	340	47	49	2293	0	0	0	1	
7150	11624558	0	0	0	0	1	128	0	1	350	342	47	48	2282	0	0	0	1	
7151	11624591	0	0	0	0	1	128	0	1	350	344	47	48	2245	0	0	0	1	
7152	11624624	0	0	0	0	1	128	0	1	350	346	47	48	2233	0	0	0	1	
7153	11624658	0	0	0	0	1	128	0	1	350	348	47	47	2209	0	0	0	1	
7154	11624691	0	0	0	0	1	128	0	1	350	348	46	48	2186	0	0	0	1	
7155	11624724	0	0	0	0	1	128	0	1	348	350	45	48	2155	0	0	0	1	
7156	11624758	0	0	0	0	1	128	0	1	348	354	45	47	2109	0	0	0	1	
7157	11624791	0	0	0	0	1	128	0	1	348	354	45	47	2155	0	0	0	1	
7158	11624825	0	0	0	0	1	128	0	1	350	356	46	47	2157	0	0	0	1	
7159	11624858	0	0	0	0	1	128	0	1	350	360	45	47	2147	0	0	0	1	
7160	11624891	0	0	0	0	1	128	0	1	352	360	45	48	2143	0	0	0	1	
7161	11624925	0	0	0	0	1	128	0	1	352	362	45	47	2156	0	0	0	1	
7162	11624958	0	0	0	0	1	128	0	1	352	364	45	48	2142	0	0	0	1	
7163	11624991	0	0	0	0	1	128	0	1	352	364	45	48	2150	0	0	0	1	
7164	11625025	0	0	0	0	1	128	0	1	354	366	45	48	2156	0	0	0	1	
7165	11625058	0	0	0	0	1	128	0	1	356	366	45	48	2163	0	0	0	1	
7166	11625092	0	0	0	0	1	128	0	1	358	368	45	48	2145	0	0	0	1	
7167	11625125	0	0	0	0	1	128	0	1	360	368	45	48	2146	0	0	0	1	
7168	11625158	0	0	0	0	1	128	0	1	362	370	44	48	2145	0	0	0	1	
7169	11625192	0	0	0	0	1	128	0	1	364	370	44	48	2149	0	0	0	1	
7170	11625225	0	0	0	0	1	128	0	1	366	370	44	49	2157	0	0	0	1	
7171	11625258	0	0	0	0	1	128	0	1	368	368	44	49	2153	0	0	0	1	
7172	11625292	0	0	0	0	1	128	0	1	370	368	44	49	2149	0	0	0	1	
7173	11625325	0	0	0	0	1	128	0	1	374	368	44	49	2143	0	0	0	1	
7174	11625358	0	0	0	0	1	128	0	1	376	366	44	49	2157	0	0	0	1	
7175	11625392	0	0	0	0	1	128	0	1	378	366	44	49	2157	0	0	0	1	
7176	11625425	0	0	0	0	1	128	0	1	380	364	44	49	2176	0	0	0	1	
7177	11625459	0	0	0	0	1	128	0	1	380	364	44	49	2189	0	0	0	1	
7178	11625492	0	0	0	0	1	128	0	1	382	362	45	49	2200	0	0	0	1	
7179	11625525	0	0	0	0	1	128	0	1	384	362	45	50	2222	0	0	0	1	
7180	11625559	0	0	0	0	1	128	0	1	386	360	45	50	2238	0	0	0	1	
7181	11625592	0	0	0	0	1	128	0	1	388	358	45	50	2259	0	0	0	1	
7182	11625625	0	0	0	0	1	128	0	1	388	356	45	50	2280	0	0	0	1	
7183	11625659	0	0	0	0	1	128	0	1	388	354	45	50	2288	0	0	0	1	
7184	11625692	0	0	0	0	1	128	0	1	388	352	46	51	2318	0	0	0	1	
7185	11625725	0	0	0	0	1	128	0	1	390	350	46	51	2333	0	0	0	1	
7186	11625759	0	0	0	0	1	128	0	1	388	348	46	51	2347	0	0	0	1	
7187	11625792	0	0	0	0	1	128	0	1	390	348	46	51	2362	0	0	0	1	
7188	11625826	0	0	0	0	1	128	0	1	390	346	46	51	2374	0	0	0	1	
7189	11625859	0	0	0	0	1	128	0	1	388	344	47	51	2402	0	0	0	1	
7190	11625892	0	0	0	0	1	128	0	1	388	342	47	51	2422	0	0	0	1	
7191	11625926	0	0	0	0	1	128	0	1	388	340	47	52	2439	0	0	0	1	
7192	11625959	0	0	0	0	1	128	0	1	386	340	47	52	2463	0	0	0	1	
7193	11625992	0	0	0	0	1	128	0	1	386	340	47	52	2458	0	0	0	1	
7194	11626026	0	0	0	0	1	128	0	1	390	342	47	52	2406	0	0	0	1	
7195	11626059	0	0	0	0	1	128	0	1	392	342	47	52	2417	0	0	0	1	
7196	11626093	0	0	0	0	1	128	0	1	392	342	47	52	2422	0	0	0	1	
7197	11626126	0	0	0	0	1	128	0	1	392	342	47	51	2418	0	0	0	1	
7198	11626159	0	0	0	0	1	128	0	1	392	342	47	51	2409	0	0	0	1	
7199	11626193	0	0	0	0	1	128	0	1	392	344	47	51	2406	0	0	0	1	
7200	11626226	0	0	0	0	1	128	0	1	392	344	47	51	2389	0	0	0	1	
7201	11626259	0	0	0	0	1	128	0	1	392	344	47	51	2364	0	0	0	1	
7202	11626293	0	0	0	0	1	128	0	1	392	344	46	50	2326	0	0	0	1	
7203	11626326	0	0	0	0	1	128	0	1	392	344	46	50	2308	0	0	0	1	
7204	11626359	0	0	0	0	1	128	0	1	392	344	46	50	2277	0	0	0	1	
7205	11626393	0	0	0	0	1	128	0	1	392	344	46	50	2257	0	0	0	1	
7206	11626426	0	0	0	0	1	128	0	1	392	344	45	49	2230	0	0	0	1	
7207	11626460	0	0	0	0	1	128	0	1	392	344	45	49	2227	0	0	0	1	
7208	11626493	0	0	0	0	1	128	0	1	392	344	45	49	2219	0	0	0	1	
7209	11626526	0	0	0	0	1	128	0	1	390	344	45	49	2224	0	0	0	1	
7210	11626560	0	0	0	0	1	128	0	1	390	344	45	49	2215	0	0	0	1	
7211	11626593	0	0	0	0	1	128	0	1	390	344	45	49	2222	0	0	0	1	
7212	11626626	0	0	0	0	1	128	0	1	390	344	45	49	2219	0	0	0	1	
7213	11626660	0	0	0	0	1	128	0	1	390	344	45	49	2220	0	0	0	1	
7214	11626693	0	0	0	0	1	128	0	1	390	344	45	49	2227	0	0	0	1	
7215	11626727	0	0	0	0	1	128	0	1	390	344	45	49	2225	0	0	0	1	
7216	11626760	0	0	0	0	1	128	0	1	390	344	45	49	2225	0	0	0	1	
7217	11626793	0	0	0	0	1	128	0	1	390	344	45	49	2226	0	0	0	1	
7218	11626827	0	0	0	0	1	128	0	1	390	344	45	49	2233	0	0	0	1	
7219	11626860	0	0	0	0	1	128	0	1	390	344	45	49	2237	0	0	0	1	
7220	11626893	0	0	0	0	1	128	0	1	390	344	45	49	2240	0	0	0	1	
7221	11626927	0	0	0	0	1	128	0	1	388	344	45	49	2245	0	0	0	1	
7222	11626960	0	0	0	0	1	128	0	1	390	344	45	50	2249	0	0	0	1	
7223	11626993	0	0	0	0	1	128	0	1	418	310	43	49	2074	0	0	0	1	
7224	11627027	0	0	0	0	1	128	0	1	418	310	43	49	2098	0	0	0	1	
7225	11627060	0	0	0	0	1	128	0	1	418	310	43	49	2112	0	0	0	1	
7226	11627094	0	0	0	0	1	128	0	1	418	310	43	49	2128	0	0	0	1	
7227	11627127	0	0	0	0	1	128	0	1	416	310	43	49	2133	0	0	0	1	
7228	11627160	0	0	0	0	1	128	0	1	416	310	43	49	2131	0	0	0	1	
7229	11627194	0	0	0	0	1	128	0	1	416	310	43	49	2139	0	0	0	1	
7230	11627227	0	0	0	0	1	128	0	1	416	310	44	49	2144	0	0	0	1	
7231	11627260	0	0	0	0	1	128	0	1	416	310	44	49	2148	0	0	0	1	
7232	11627294	0	0	0	0	1	128	0	1	416	310	44	49	2151	0	0	0	1	
7233	11627327	0	0	0	0	1	128	0	1	416	310	44	49	2159	0	0	0	1	
7234	11627361	0	0	0	0	1	128	0	1	416	310	44	49	2162	0	0	0	1	
7235	11627394	0	0	0	0	1	128	0	1	416	310	44	49	2161	0	0	0	1	
7236	11627427	0	0	0	0	1	128	0	1	416	310	44	49	2156	0	0	0	1	
7237	11627461	0	0	0	0	1	128	0	1	416	310	44	49	2156	0	0	0	1	
7238	11627494	0	0	0	0	1	128	0	1	416	310	44	49	2152	0	0	0	1	
7239	11627527	0	0	0	0	1	128	0	1	416	310	44	49	2146	0	0	0	1	
7240	11627561	0	0	0	0	1	128	0	1	416	310	44	49	2134	0	0	0	1	
7241	11627594	0	0	0	0	1	128	0	1	416	310	44	49	2124	0	0	0	1	
7242	11627627	0	0	0	0	1	128	0	1	416	310	44	49	2123	0	0	0	1	
7243	11627661	0	0	0	0	1	128	0	1	416	310	44	49	2128	0	0	0	1	
7244	11627694	0	0	0	0	1	128	0	1	416	310	44	49	2132	0	0	0	1	
7245	11627728	0	0	0	0	1	128	0	1	416	310	44	49	2130	0	0	0	1	
7246	11627761	0	0	0	0	1	128	0	1	416	310	44	49	2130	0	0	0	1	
7247	11627794	0	0	0	0	1	128	0	0	0	0	0	0	0	0	0	0	1	
7248	11627828	0	0	0	0	1	128	0	1	402	300	45	49	2207	0	0	0	1	
7249	11627861	0	0	0	0	1	128	0	1	402	300	45	49	2216	0	0	0	1	
7250	11627894	0	0	0	0	1	128	0	1	402	300	45	49	2225	0	0	0	1	
7251	11627928	0	0	0	0	1	128	0	1	400	300	45	49	2232	0	0	0	1	
7252	11627961	0	0	0	0	1	128	0	1	400	300	45	49	2244	0	0	0	1	
7253	11627995	0	0	0	0	1	128	0	1	400	300	45	50	2252	0	0	0	1	
7254	11628028	0	0	0	0	1	128	0	1	400	300	46	50	2269	0	0	0	1	
7255	11628061	0	0	0	0	1	128	0	1	400	300	46	50	2278	0	0	0	1	
7256	11628095	0	0	0	0	1	128	0	1	400	300	46	50	2281	0	0	0	1	
7257	11628128	0	0	0	0	1	128	0	1	400	300	46	50	2287	0	0	0	1	
7258	11628161	0	0	0	0	1	128	0	1	400	300	46	50	2299	0	0	0	1	
7259	11628195	0	0	0	0	1	128	0	1	400	300	46	50	2309	0	0	0	1	
7260	11628228	0	0	0	0	1	128	0	1	400	300	46	50	2314	0	0	0	1	
7261	11628261	0	0	0	0	1	128	0	1	398	300	46	50	2317	0	0	0	1	
7262	11628295	0	0	0	0	1	128	0	1	398	300	46	50	2304	0	0	0	1	
7263	11628328	0	0	0	0	1	128	0	1	398	300	46	50	2290	0	0	0	1	
7264	11628362	0	0	0	0	1	128	0	1	398	300	46	50	2296	0	0	0	1	
7265	11628395	0	0	0	0	1	128	0	1	398	300	46	50	2294	0	0	0	1	
7266	11628428	0	0	0	0	1	128	0	1	398	300	46	50	2297	0	0	0	1	
7267	11628462	0	0	0	0	1	128	0	1	384	306	48	50	2379	0	0	0	1	
7268	11628495	0	0	0	0	1	128	0	1	384	306	47	50	2364	0	0	0	1	
7269	11628528	0	0	0	0	1	128	0	1	384	306	47	50	2365	0	0	0	1	
7270	11628562	0	0	0	0	1	128	0	1	384	306	47	50	2373	0	0	0	1	
7271	11628595	0	0	0	0	1	128	0	1	384	306	47	50	2373	0	0	0	1	
7272	11628628	0	0	0	0	1	128	0	1	384	306	47	50	2376	0	0	0	1	
7273	11628662	0	0	0	0	1	128	0	1	384	306	47	50	2376	0	0	0	1	
7274	11628695	0	0	0	0	1	128	0	1	384	306	47	50	2376	0	0	0	1	
7275	11628729	0	0	0	0	1	128	0	1	384	306	47	50	2378	0	0	0	1	
7276	11628762	0	0	0	0	1	128	0	1	384	306	47	50	2371	0	0	0	1	
7277	11628795	0	0	0	0	1	128	0	1	384	306	47	50	2367	0	0	0	1	
7278	11628829	0	0	0	0	1	128	0	1	384	306	47	50	2346	0	0	0	1	
7279	11628862	0	0	0	0	1	128	0	1	384	306	47	50	2318	0	0	0	1	
7280	11628896	0	0	0	0	1	128	0	1	384	306	46	49	2281	0	0	0	1	
7281	11628929	0	0	0	0	1	128	0	1	382	306	46	49	2238	0	0	0	1	
7282	11628962	0	0	0	0	1	128	0	1	378	310	46	49	2259	0	0	0	1	
7283	11628996	0	0	0	0	1	128	0	1	376	312	46	48	2244	0	0	0	1	
7284	11629029	0	0	0	0	1	128	0	1	376	312	46	48	2224	0	0	0	1	
7285	11629062	0	0	0	0	1	128	0	1	376	312	46	48	2206	0	0	0	1	
7286	11629096	0	0	0	0	1	128	0	1	376	312	46	48	2178	0	0	0	1	
7287	11629129	0	0	0	0	1	128	0	1	376	312	46	47	2159	0	0	0	1	
7288	11629162	0	0	0	0	1	128	0	1	376	312	45	47	2154	0	0	0	1	
7289	11629196	0	0	0	0	1	128	0	1	376	312	45	47	2140	0	0	0	1	
7290	11629229	0	0	0	0	1	128	0	1	412	324	44	57	2509	0	0	0	1	
7291	11629263	0	0	0	0	1	128	0	1	406	334	42	47	1982	0	0	0	1	
7292	11629296	0	0	0	0	1	128	0	1	406	334	42	47	1993	0	0	0	1	
7293	11629329	0	0	0	0	1	128	0	1	406	334	43	47	2015	0	0	0	1	
7294	11629363	0	0	0	0	1	128	0	1	406	334	43	48	2028	0	0	0	1	
7295	11629396	0	0	0	0	1	128	0	1	406	334	43	48	2046	0	0	0	1	
7296	11629429	0	0	0	0	1	128	0	1	406	334	43	48	2066	0	0	0	1	
7297	11629463	0	0	0	0	1	128	0	1	406	334	43	48	2085	0	0	0	1	
7298	11629496	0	0	0	0	1	128	0	1	406	332	43	48	2101	0	0	0	1	
7299	11629529	0	0	0	0	1	128	0	1	406	332	43	49	2111	0	0	0	1	
7300	11629563	0	0	0	0	1	128	0	1	406	332	43	49	2112	0	0	0	1	
7301	11629596	0	0	0	0	1	128	0	1	406	332	44	49	2120	0	0	0	1	
7302	11629630	0	0	0	0	1	128	0	1	406	332	44	49	2137	0	0	0	1	
7303	11629663	0	0	0	0	1	128	0	1	406	332	44	49	2142	0	0	0	1	
7304	11629696	0	0	0	0	1	128	0	1	406	332	44	49	2152	0	0	0	1	
7305	11629730	0	0	0	0	1	128	0	1	406	334	44	49	2160	0	0	0	1	
7306	11629763	0	0	0	0	1	128	0	1	406	334	44	49	2178	0	0	0	1	
7307	11629796	0	0	0	0	1	128	0	1	406	334	44	49	2180	0	0	0	1	
7308	11629830	0	0	0	0	1	128	0	1	406	334	44	49	2185	0	0	0	1	
7309	11629863	0	0	0	0	1	128	0	1	406	334	44	49	2195	0	0	0	1	
7310	11629897	0	0	0	0	1	128	0	1	406	334	44	49	2195	0	0	0	1	
7311	11629930	0	0	0	0	1	128	0	1	406	334	45	49	2199	0	0	0	1	
7312	11629963	0	0	0	0	1	128	0	1	412	332	44	50	2195	0	0	0	1	
7313	11629997	0	0	0	0	1	128	0	1	428	336	41	49	2034	0	0	0	1	
7314	11630030	0	0	0	0	1	128	0	1	428	336	41	49	2036	0	0	0	1	
7315	11630063	0	0	0	0	1	128	0	1	428	336	41	49	2039	0	0	0	1	
7316	11630097	0	0	0	0	1	128	0	1	428	336	42	49	2049	0	0	0	1	
7317	11630130	0	0	0	0	1	128	0	1	428	336	42	49	2063	0	0	0	1	
7318	11630163	0	0	0	0	1	128	0	1	428	336	42	50	2078	0	0	0	1	
7319	11630197	0	0	0	0	1	128	0	1	428	336	42	50	2095	0	0	0	1	
7320	11630230	0	0	0	0	1	128	0	1	428	336	42	50	2094	0	0	0	1	
7321	11630264	0	0	0	0	1	128	0	1	426	336	42	50	2104	0	0	0	1	
7322	11630297	0	0	0	0	1	128	0	1	426	336	42	50	2103	0	0	0	1	
7323	11630330	0	0	0	0	1	128	0	1	426	336	42	50	2110	0	0	0	1	
7324	11630364	0	0	0	0	1	128	0	1	426	336	42	50	2108	0	0	0	1	
7325	11630397	0	0	0	0	1	128	0	1	426	336	42	50	2113	0	0	0	1	
7326	11630430	0	0	0	0	1	128	0	1	426	336	42	50	2112	0	0	0	1	
7327	11630464	0	0	0	0	1	128	0	1	426	336	42	50	2113	0	0	0	1	
7328	11630497	0	0	0	0	1	128	0	1	426	336	42	50	2109	0	0	0	1	
7329	11630530	0	0	0	0	1	128	0	1	426	336	43	50	2114	0	0	0	1	
7330	11630564	0	0	0	0	1	128	0	1	426	336	42	50	2111	0	0	0	1	
7331	11630597	0	0	0	0	1	128	0	1	426	336	43	50	2120	0	0	0	1	
7332	11630631	0	0	0	0	1	128	0	1	426	336	43	50	2125	0	0	0	1	
7333	11630664	0	0	0	0	1	128	0	1	426	336	43	50	2137	0	0	0	1	
7334	11630697	0	0	0	0	1	128	0	1	426	336	43	50	2133	0	0	0	1	
7335	11630731	0	0	0	0	1	128	0	1	426	336	43	50	2146	0	0	0	1	
7336	11630764	0	0	0	0	1	128	0	1	424	336	43	50	2162	0	0	0	1	
7337	11630797	0	0	0	0	1	128	0	1	420	328	44	52	2268	0	0	0	1	
7338	11630831	0	0	0	0	1	128	0	1	418	326	45	51	2258	0	0	0	1	
7339	11630864	0	0	0	0	1	128	0	1	418	326	45	51	2275	0	0	0	1	
7340	11630898	0	0	0	0	1	128	0	1	416	324	45	51	2301	0	0	0	1	
7341	11630931	0	0	0	0	1	128	0	1	414	324	46	51	2331	0	0	0	1	
7342	11630964	0	0	0	0	1	128	0	1	404	320	47	51	2434	0	0	0	1	
7343	11630998	0	0	0	0	1	128	0	1	402	320	47	52	2446	0	0	0	1	
7344	11631031	0	0	0	0	1	128	0	1	400	320	48	52	2466	0	0	0	1	
7345	11631064	0	0	0	0	1	128	0	1	398	320	48	52	2487	0	0	0	1	
7346	11631098	0	0	0	0	1	128	0	1	396	322	48	51	2490	0	0	0	1	
7347	11631131	0	0	0	0	1	128	0	1	394	322	48	52	2501	0	0	0	1	
7348	11631164	0	0	0	0	1	128	0	1	392	324	49	52	2506	0	0	0	1	
7349	11631198	0	0	0	0	1	128	0	1	388	326	49	51	2501	0	0	0	1	
7350	11631231	0	0	0	0	1	128	0	1	386	326	49	51	2494	0	0	0	1	
7351	11631265	0	0	0	0	1	128	0	1	384	328	49	51	2493	0	0	0	1	
7352	11631298	0	0	0	0	1	128	0	1	382	330	49	51	2475	0	0	0	1	
7353	11631331	0	0	0	0	1	128	0	1	380	332	48	50	2432	0	0	0	1	
7354	11631365	0	0	0	0	1	128	0	1	380	334	48	50	2407	0	0	0	1	
7355	11631398	0	0	0	0	1	128	0	1	378	336	48	50	2389	0	0	0	1	
7356	11631431	0	0	0	0	1	128	0	1	378	338	47	50	2353	0	0	0	1	
7357	11631465	0	0	0	0	1	128	0	1	378	342	47	49	2315	0	0	0	1	
7358	11631498	0	0	0	0	1	128	0	1	376	344	47	49	2285	0	0	0	1	
7359	11631532	0	0	0	0	1	128	0	1	374	348	47	49	2291	0	0	0	1	
7360	11631565	0	0	0	0	1	128	0	1	374	350	47	49	2283	0	0	0	1	
7361	11631598	0	0	0	0	1	128	0	1	374	354	46	49	2257	0	0	0	1	
7362	11631632	0	0	0	0	1	128	0	1	376	356	46	49	2248	0	0	0	1	
7363	11631665	0	0	0	0	1	128	0	1	376	358	46	49	2262	0	0	0	1	
7364	11631698	0	0	0	0	1	128	0	1	378	360	46	49	2248	0	0	0	1	
7365	11631732	0	0	0	0	1	128	0	1	378	362	45	49	2235	0	0	0	1	
7366	11631765	0	0	0	0	1	128	0	1	380	364	45	49	2238	0	0	0	1	
7367	11631798	0	0	0	0	1	128	0	1	384	366	45	50	2246	0	0	0	1	
7368	11631832	0	0	0	0	1	128	0	1	386	366	45	50	2219	0	0	0	1	
7369	11631865	0	0	0	0	1	128	0	1	388	368	45	50	2231	0	0	0	1	
7370	11631899	0	0	0	0	1	128	0	1	390	368	45	50	2231	0	0	0	1	
7371	11631932	0	0	0	0	1	128	0	1	394	368	44	50	2225	0	0	0	1	
7372	11631965	0	0	0	0	1	128	0	1	396	368	44	50	2219	0	0	0	1	
7373	11631999	0	0	0	0	1	128	0	1	398	368	44	50	2234	0	0	0	1	
7374	11632032	0	0	0	0	1	128	0	1	400	368	44	51	2226	0	0	0	1	
7375	11632066	0	0	0	0	1	128	0	1	404	368	44	51	2217	0	0	0	1	
7376	11632099	0	0	0	0	1	128	0	1	406	368	44	51	2224	0	0	0	1	
7377	11632132	0	0	0	0	1	128	0	1	408	366	44	51	2218	0	0	0	1	
7378	11632166	0	0	0	0	1	128	0	1	412	366	44	51	2218	0	0	0	1	
7379	11632199	0	0	0	0	1	128	0	1	414	364	43	51	2223	0	0	0	1	
7380	11632232	0	0	0	0	1	128	0	1	414	362	44	51	2230	0	0	0	1	
7381	11632266	0	0	0	0	1	128	0	1	416	360	44	51	2242	0	0	0	1	
7382	11632299	0	0	0	0	1	128	0	1	418	358	44	51	2244	0	0	0	1	
7383	11632332	0	0	0	0	1	128	0	1	420	356	44	51	2244	0	0	0	1	
7384	11632366	0	0	0	0	1	128	0	1	422	354	44	52	2260	0	0	0	1	
7385	11632399	0	0	0	0	1	128	0	1	422	352	44	52	2276	0	0	0	1	
7386	11632433	0	0	0	0	1	128	0	1	422	350	44	52	2277	0	0	0	1	
7387	11632466	0	0	0	0	1	128	0	1	424	348	44	52	2284	0	0	0	1	
7388	11632499	0	0	0	0	1	128	0	1	424	346	45	52	2307	0	0	0	1	
7389	11632533	0	0	0	0	1	128	0	1	424	344	45	52	2312	0	0	0	1	
7390	11632566	0	0	0	0	1	128	0	1	426	336	45	53	2339	0	0	0	1	
7391	11632599	0	0	0	0	1	128	0	1	424	334	45	52	2341	0	0	0	1	
7392	11632633	0	0	0	0	1	128	0	1	424	334	45	52	2352	0	0	0	1	
7393	11632666	0	0	0	0	1	128	0	1	422	332	45	52	2377	0	0	0	1	
7394	11632699	0	0	0	0	1	128	0	1	422	330	45	52	2379	0	0	0	1	
7395	11632733	0	0	0	0	1	128	0	1	422	330	46	53	2402	0	0	0	1	
7396	11632766	0	0	0	0	1	128	0	1	422	330	46	53	2408	0	0	0	1	
7397	11632800	0	0	0	0	1	128	0	1	424	334	45	52	2343	0	0	0	1	
7398	11632833	0	0	0	0	1	128	0	1	426	334	45	52	2340	0	0	0	1	
7399	11632866	0	0	0	0	1	128	0	1	426	334	45	52	2337	0	0	0	1	
7400	11632900	0	0	0	0	1	128	0	1	426	334	45	52	2338	0	0	0	1	
7401	11632933	0	0	0	0	1	128	0	1	426	334	45	52	2335	0	0	0	1	
7402	11632966	0	0	0	0	1	128	0	1	426	334	45	52	2322	0	0	0	1	
7403	11633000	0	0	0	0	1	128	0	1	426	334	45	52	2312	0	0	0	1	
7404	11633033	0	0	0	0	1	128	0	1	426	334	44	52	2286	0	0	0	1	
7405	11633066	0	0	0	0	1	128	0	1	426	334	44	51	2260	0	0	0	1	
7406	11633100	0	0	0	0	1	128	0	1	426	334	44	51	2237	0	0	0	1	
7407	11633133	0	0	0	0	1	128	0	1	426	334	44	51	2230	0	0	0	1	
7408	11633167	0	0	0	0	1	128	0	1	426	334	44	51	2213	0	0	0	1	
7409	11633200	0	0	0	0	1	128	0	1	426	334	44	50	2207	0	0	0	1	
7410	11633233	0	0	0	0	1	128	0	1	426	334	44	50	2194	0	0	0	1	
7411	11633267	0	0	0	0	1	128	0	1	426	334	44	50	2183	0	0	0	1	
7412	11633300	0	0	0	0	1	128	0	1	426	334	44	50	2169	0	0	0	1	
7413	11633333	0	0	0	0	1	128	0	1	426	334	43	50	2157	0	0	0	1	
7414	11633367	0	0	0	0	1	128	0	1	426	334	43	50	2151	0	0	0	1	
7415	11633400	0	0	0	0	1	128	0	1	426	334	43	50	2133	0	0	0	1	
7416	11633433	0	0	0	0	1	128	0	1	426	334	43	50	2131	0	0	0	1	
7417	11633467	0	0	0	0	1	128	0	1	426	334	43	50	2126	0	0	0	1	
7418	11633500	0	0	0	0	1	128	0	1	426	334	43	50	2123	0	0	0	1	
7419	11633534	0	0	0	0	1	128	0	1	426	334	43	49	2122	0	0	0	1	
7420	11633567	0	0	0	0	1	128	0	1	426	334	43	50	2126	0	0	0	1	
7421	11633600	0	0	0	0	1	128	0	1	426	334	43	49	2124	0	0	0	1	
7422	11633634	0	0	0	0	1	128	0	1	426	334	43	50	2137	0	0	0	1	
7423	11633667	0	0	0	0	1	128	0	1	426	334	43	50	2149	0	0	0	1	
7424	11633700	0	0	0	0	1	128	0	1	426	334	43	50	2150	0	0	0	1	
7425	11633734	0	0	0	0	1	128	0	1	400	354	45	51	2284	0	0	0	1	
7426	11633767	0	0	0	0	1	128	0	1	400	360	45	50	2265	0	0	0	1	
7427	11633801	0	0	0	0	1	128	0	1	398	360	45	50	2291	0	0	0	1	
7428	11633834	0	0	0	0	1	128	0	1	400	360	46	50	2303	0	0	0	1	
7429	11633867	0	0	0	0	1	128	0	1	400	360	46	50	2315	0	0	0	1	
7430	11633901	0	0	0	0	1	128	0	1	400	360	46	51	2331	0	0	0	1	
7431	11633934	0	0	0	0	1	128	0	1	400	360	46	51	2350	0	0	0	1	
7432	11633967	0	0	0	0	1	128	0	1	400	362	46	51	2337	0	0	0	1	
7433	11634001	0	0	0	0	1	128	0	1	400	362	46	51	2348	0	0	0	1	
7434	11634034	0	0	0	0	1	128	0	1	400	362	46	51	2342	0	0	0	1	
7435	11634067	0	0	0	0	1	128	0	1	400	362	46	51	2340	0	0	0	1	
7436	11634101	0	0	0	0	1	128	0	1	400	362	46	51	2342	0	0	0	1	
7437	11634134	0	0	0	0	1	128	0	1	400	362	46	51	2341	0	0	0	1	
7438	11634168	0	0	0	0	1	128	0	1	400	360	46	51	2342	0	0	0	1	
7439	11634201	0	0	0	0	1	128	0	1	400	360	46	51	2351	0	0	0	1	
7440	11634234	0	0	0	0	1	128	0	1	400	360	46	51	2360	0	0	0	1	
7441	11634268	0	0	0	0	1	128	0	1	400	360	46	51	2355	0	0	0	1	
7442	11634301	0	0	0	0	1	128	0	1	400	360	46	51	2363	0	0	0	1	
7443	11634334	0	0	0	0	1	128	0	1	400	360	46	51	2366	0	0	0	1	
7444	11634368	0	0	0	0	1	128	0	1	400	360	46	51	2373	0	0	0	1	
7445	11634401	0	0	0	0	1	128	0	1	400	360	46	51	2386	0	0	0	1	
7446	11634435	0	0	0	0	1	128	0	1	400	360	47	52	2399	0	0	0	1	
7447	11634468	0	0	0	0	1	128	0	1	400	360	47	52	2413	0	0	0	1	
7448	11634501	0	0	0	0	1	128	0	1	400	372	44	52	2287	0	0	0	1	
7449	11634535	0	0	0	0	1	128	0	1	404	380	44	52	2302	0	0	0	1	
7450	11634568	0	0	0	0	1	128	0	1	404	380	44	52	2319	0	0	0	1	
7451	11634601	0	0	0	0	1	128	0	1	404	380	45	52	2332	0	0	0	1	
7452	11634635	0	0	0	0	1	128	0	1	404	380	45	53	2349	0	0	0	1	
7453	11634668	0	0	0	0	1	128	0	1	404	380	45	53	2367	0	0	0	1	
7454	11634701	0	0	0	0	1	128	0	1	404	380	45	53	2376	0	0	0	1	
7455	11634735	0	0	0	0	1	128	0	1	404	380	45	53	2389	0	0	0	1	
7456	11634768	0	0	0	0	1	128	0	1	404	380	45	53	2391	0	0	0	1	
7457	11634802	0	0	0	0	1	128	0	1	404	380	45	53	2393	0	0	0	1	
7458	11634835	0	0	0	0	1	128	0	1	404	380	45	53	2395	0	0	0	1	
7459	11634868	0	0	0	0	1	128	0	1	404	380	45	53	2393	0	0	0	1	
7460	11634902	0	0	0	0	1	128	0	1	404	380	45	53	2394	0	0	0	1	
7461	11634935	0	0	0	0	1	128	0	1	404	380	45	53	2395	0	0	0	1	
7462	11634968	0	0	0	0	1	128	0	1	404	380	45	53	2389	0	0	0	1	
7463	11635002	0	0	0	0	1	128	0	1	404	380	45	53	2393	0	0	0	1	
7464	11635035	0	0	0	0	1	128	0	1	404	380	45	53	2401	0	0	0	1	
7465	11635069	0	0	0	0	1	128	0	1	404	380	45	53	2404	0	0	0	1	
7466	11635102	0	0	0	0	1	128	0	1	404	380	45	53	2397	0	0	0	1	
7467	11635135	0	0	0	0	1	128	0	1	404	380	45	53	2397	0	0	0	1	
7468	11635169	0	0	0	0	1	128	0	1	404	380	45	53	2402	0	0	0	1	
7469	11635202	0	0	0	0	1	128	0	1	404	380	45	53	2408	0	0	0	1	
7470	11635235	0	0	0	0	1	128	0	1	404	380	46	53	2426	0	0	0	1	
7471	11635269	0	0	0	0	1	128	0	1	362	378	52	57	2939	0	0	0	1	
7472	11635302	0	0	0	0	1	128	0	1	358	380	50	54	2690	0	0	0	1	
7473	11635335	0	0	0	0	1	128	0	1	356	380	50	54	2714	0	0	0	1	
7474	11635369	0	0	0	0	1	128	0	1	356	380	50	54	2733	0	0	0	1	
7475	11635402	0	0	0	0	1	128	0	1	356	380	50	55	2752	0	0	0	1	
7476	11635436	0	0	0	0	1	128	0	1	356	380	50	55	2766	0	0	0	1	
7477	11635469	0	0	0	0	1	128	0	1	356	380	51	55	2780	0	0	0	1	
7478	11635502	0	0	0	0	1	128	0	1	356	380	51	55	2794	0	0	0	1	
7479	11635536	0	0	0	0	1	128	0	1	356	380	51	55	2803	0	0	0	1	
7480	11635569	0	0	0	0	1	128	0	1	356	380	51	55	2809	0	0	0	1	
7481	11635602	0	0	0	0	1	128	0	1	356	380	51	55	2804	0	0	0	1	
7482	11635636	0	0	0	0	1	128	0	1	356	380	51	55	2786	0	0	0	1	
7483	11635669	0	0	0	0	1	128	0	1	356	380	51	55	2771	0	0	0	1	
7484	11635703	0	0	0	0	1	128	0	1	356	380	50	55	2754	0	0	0	1	
7485	11635736	0	0	0	0	1	128	0	1	356	380	50	54	2731	0	0	0	1	
7486	11635769	0	0	0	0	1	128	0	1	356	378	50	54	2709	0	0	0	1	
7487	11635803	0	0	0	0	1	128	0	1	356	378	50	54	2688	0	0	0	1	
7488	11635836	0	0	0	0	1	128	0	1	356	378	50	54	2674	0	0	0	1	
7489	11635869	0	0	0	0	1	128	0	1	356	378	50	54	2665	0	0	0	1	
7490	11635903	0	0	0	0	1	128	0	1	356	380	50	53	2649	0	0	0	1	
7491	11635936	0	0	0	0	1	128	0	1	356	380	49	53	2640	0	0	0	1	
7492	11635970	0	0	0	0	1	128	0	1	356	380	49	54	2643	0	0	0	1	
7493	11636003	0	0	0	0	1	128	0	1	378	382	47	53	2480	0	0	0	1	
7494	11636036	0	0	0	0	1	128	0	1	378	382	47	53	2508	0	0	0	1	
7495	11636070	0	0	0	0	1	128	0	1	378	382	47	53	2508	0	0	0	1	
7496	11636103	0	0	0	0	1	128	0	1	378	382	47	53	2525	0	0	0	1	
7497	11636136	0	0	0	0	1	128	0	1	378	382	47	53	2537	0	0	0	1	
7498	11636170	0	0	0	0	1	128	0	1	378	382	47	54	2541	0	0	0	1	
7499	11636203	0	0	0	0	1	128	0	1	378	382	48	54	2549	0	0	0	1	
7500	11636236	0	0	0	0	1	128	0	1	380	382	48	54	2568	0	0	0	1	
7501	11636270	0	0	0	0	1	128	0	1	380	382	48	54	2565	0	0	0	1	
7502	11636303	0	0	0	0	1	128	0	1	380	382	48	54	2565	0	0	0	1	
7503	11636337	0	0	0	0	1	128	0	1	380	382	48	54	2558	0	0	0	1	
7504	11636370	0	0	0	0	1	128	0	1	380	382	48	53	2553	0	0	0	1	
7505	11636403	0	0	0	0	1	128	0	1	380	382	48	53	2548	0	0	0	1	
7506	11636437	0	0	0	0	1	128	0	1	380	382	48	53	2549	0	0	0	1	
7507	11636470	0	0	0	0	1	128	0	1	380	382	48	53	2552	0	0	0	1	
7508	11636503	0	0	0	0	1	128	0	1	380	382	48	54	2555	0	0	0	1	
7509	11636537	0	0	0	0	1	128	0	1	380	382	48	54	2557	0	0	0	1	
7510	11636570	0	0	0	0	1	128	0	1	380	382	48	54	2556	0	0	0	1	
7511	11636604	0	0	0	0	1	128	0	1	380	382	48	54	2561	0	0	0	1	
7512	11636637	0	0	0	0	1	128	0	1	380	382	48	54	2570	0	0	0	1	
7513	11636670	0	0	0	0	1	128	0	1	380	382	48	54	2582	0	0	0	1	
7514	11636704	0	0	0	0	1	128	0	1	380	382	48	54	2596	0	0	0	1	
7515	11636737	0	0	0	0	1	128	0	1	380	380	48	54	2604	0	0	0	1	
7516	11636770	0	0	0	0	1	128	0	1	380	380	48	55	2622	0	0	0	1	
7517	11636804	0	0	0	0	1	128	0	1	390	368	49	54	2643	0	0	0	1	
7518	11636837	0	0	0	0	1	128	0	1	390	368	49	54	2640	0	0	0	1	
7519	11636870	0	0	0	0	1	128	0	1	390	368	49	55	2654	0	0	0	1	
7520	11636904	0	0	0	0	1	128	0	1	390	368	49	55	2666	0	0	0	1	
7521	11636937	0	0	0	0	1	128	0	1	390	368	49	55	2670	0	0	0	1	
7522	11636971	0	0	0	0	1	128	0	1	390	368	49	55	2685	0	0	0	1	
7523	11637004	0	0	0	0	1	128	0	1	390	368	49	55	2688	0	0	0	1	
7524	11637037	0	0	0	0	1	128	0	1	390	368	49	55	2691	0	0	0	1	
7525	11637071	0	0	0	0	1	128	0	1	390	368	49	55	2699	0	0	0	1	
7526	11637104	0	0	0	0	1	128	0	1	390	368	49	55	2702	0	0	0	1	
7527	11637137	0	0	0	0	1	128	0	1	390	368	49	55	2714	0	0	0	1	
7528	11637171	0	0	0	0	1	128	0	1	390	368	49	55	2718	0	0	0	1	
7529	11637204	0	0	0	0	1	128	0	1	390	370	49	55	2726	0	0	0	1	
7530	11637238	0	0	0	0	1	128	0	1	390	370	49	55	2739	0	0	0	1	
7531	11637271	0	0	0	0	1	128	0	1	390	370	49	56	2748	0	0	0	1	
7532	11637304	0	0	0	0	1	128	0	1	390	370	50	56	2753	0	0	0	1	
7533	11637338	0	0	0	0	1	128	0	1	390	370	50	56	2762	0	0	0	1	
7534	11637371	0	0	0	0	1	128	0	1	390	370	50	56	2766	0	0	0	1	
7535	11637404	0	0	0	0	1	128	0	1	390	370	50	56	2776	0	0	0	1	
7536	11637438	0	0	0	0	1	128	0	1	390	370	50	56	2780	0	0	0	1	
7537	11637471	0	0	0	0	1	128	0	1	390	370	50	56	2782	0	0	0	1	
7538	11637504	0	0	0	0	1	128	0	1	390	368	50	56	2794	0	0	0	1	
7539	11637538	0	0	0	0	1	128	0	1	390	368	50	56	2812	0	0	0	1	
7540	11637571	0	0	0	0	1	128	0	1	390	344	52	56	2906	0	0	0	1	
7541	11637604	0	0	0	0	1	128	0	1	390	344	52	56	2913	0	0	0	1	
7542	11637638	0	0	0	0	1	128	0	1	390	344	52	56	2925	0	0	0	1	
7543	11637671	0	0	0	0	1	128	0	1	390	344	52	56	2929	0	0	0	1	
7544	11637705	0	0	0	0	1	128	0	1	390	344	52	56	2941	0	0	0	1	
7545	11637738	0	0	0	0	1	128	0	1	390	344	53	56	2948	0	0	0	1	
7546	11637771	0	0	0	0	1	128	0	1	390	344	53	56	2957	0	0	0	1	
7547	11637805	0	0	0	0	1	128	0	1	390	344	53	56	2963	0	0	0	1	
7548	11637838	0	0	0	0	1	128	0	1	390	344	52	56	2950	0	0	0	1	
7549	11637871	0	0	0	0	1	128	0	1	388	344	52	56	2943	0	0	0	1	
7550	11637905	0	0	0	0	1	128	0	1	390	344	52	56	2911	0	0	0	1	
7551	11637938	0	0	0	0	1	128	0	1	390	344	52	56	2881	0	0	0	1	
7552	11637972	0	0	0	0	1	128	0	1	390	344	52	55	2835	0	0	0	1	
7553	11638005	0	0	0	0	1	128	0	1	390	344	51	55	2793	0	0	0	1	
7554	11638038	0	0	0	0	1	128	0	1	390	344	51	54	2751	0	0	0	1	
7555	11638072	0	0	0	0	1	128	0	1	390	344	50	54	2719	0	0	0	1	
7556	11638105	0	0	0	0	1	128	0	1	390	344	50	53	2668	0	0	0	1	
7557	11638138	0	0	0	0	1	128	0	1	390	344	49	53	2616	0	0	0	1	
7558	11638172	0	0	0	0	1	128	0	1	390	344	49	53	2596	0	0	0	1	
7559	11638205	0	0	0	0	1	128	0	1	390	344	49	53	2570	0	0	0	1	
7560	11638238	0	0	0	0	1	128	0	1	390	344	49	52	2550	0	0	0	1	
7561	11638272	0	0	0	0	1	128	0	1	390	346	49	52	2531	0	0	0	1	
7562	11638305	0	0	0	0	1	128	0	1	392	360	46	52	2404	0	0	0	1	
7563	11638339	0	0	0	0	1	128	0	1	392	362	47	52	2431	0	0	0	1	
7564	11638372	0	0	0	0	1	128	0	1	392	364	47	52	2422	0	0	0	1	
7565	11638405	0	0	0	0	1	128	0	1	390	366	47	52	2418	0	0	0	1	
7566	11638439	0	0	0	0	1	128	0	1	380	384	45	52	2368	0	0	0	1	
7567	11638472	0	0	0	0	1	128	0	1	380	384	46	52	2388	0	0	0	1	
7568	11638505	0	0	0	0	1	128	0	1	376	386	46	52	2401	0	0	0	1	
7569	11638539	0	0	0	0	1	128	0	1	374	388	46	52	2407	0	0	0	1	
7570	11638572	0	0	0	0	1	128	0	1	370	390	46	52	2414	0	0	0	1	
7571	11638606	0	0	0	0	1	128	0	1	352	394	47	53	2486	0	0	0	1	
7572	11638639	0	0	0	0	1	128	0	1	348	394	47	53	2482	0	0	0	1	
7573	11638672	0	0	0	0	1	128	0	1	344	394	47	53	2515	0	0	0	1	
7574	11638706	0	0	0	0	1	128	0	1	340	394	47	53	2521	0	0	0	1	
7575	11638739	0	0	0	0	1	128	0	1	336	394	48	53	2546	0	0	0	1	
7576	11638772	0	0	0	0	1	128	0	1	332	394	48	53	2566	0	0	0	1	
7577	11638806	0	0	0	0	1	128	0	1	326	394	48	54	2580	0	0	0	1	
7578	11638839	0	0	0	0	1	128	0	1	324	394	48	54	2622	0	0	0	1	
7579	11638872	0	0	0	0	1	128	0	1	320	392	49	54	2642	0	0	0	1	
7580	11638906	0	0	0	0	1	128	0	1	316	390	49	54	2664	0	0	0	1	
7581	11638939	0	0	0	0	1	128	0	1	314	388	49	55	2686	0	0	0	1	
7582	11638973	0	0	0	0	1	128	0	1	312	388	49	55	2683	0	0	0	1	
7583	11639006	0	0	0	0	1	128	0	1	298	380	50	55	2732	0	0	0	1	
7584	11639039	0	0	0	0	1	128	0	1	294	376	50	56	2811	0	0	0	1	
7585	11639073	0	0	0	0	1	128	0	1	296	374	50	54	2688	0	0	0	1	
7586	11639106	0	0	0	0	1	128	0	1	294	372	50	53	2656	0	0	0	1	
7587	11639139	0	0	0	0	1	128	0	1	294	370	50	53	2644	0	0	0	1	
7588	11639173	0	0	0	0	1	128	0	1	294	368	50	53	2633	0	0	0	1	
7589	11639206	0	0	0	0	1	128	0	1	294	366	49	53	2616	0	0	0	1	
7590	11639240	0	0	0	0	1	128	0	1	294	348	50	52	2633	0	0	0	1	
7591	11639273	0	0	0	0	1	128	0	1	294	346	50	52	2612	0	0	0	1	
7592	11639306	0	0	0	0	1	128	0	1	296	344	50	52	2603	0	0	0	1	
7593	11639340	0	0	0	0	1	128	0	1	298	340	50	51	2575	0	0	0	1	
7594	11639373	0	0	0	0	1	128	0	1	300	338	50	51	2560	0	0	0	1	
7595	11639406	0	0	0	0	1	128	0	1	304	336	50	51	2538	0	0	0	1	
7596	11639440	0	0	0	0	1	128	0	1	308	334	50	51	2538	0	0	0	1	
7597	11639473	0	0	0	0	1	128	0	1	310	332	50	51	2546	0	0	0	1	
7598	11639507	0	0	0	0	1	128	0	1	314	330	50	51	2533	0	0	0	1	
7599	11639540	0	0	0	0	1	128	0	1	318	328	50	51	2537	0	0	0	1	
7600	11639573	0	0	0	0	1	128	0	1	322	326	50	51	2543	0	0	0	1	
7601	11639607	0	0	0	0	1	128	0	1	326	324	50	51	2533	0	0	0	1	
7602	11639640	0	0	0	0	1	128	0	1	330	324	50	51	2517	0	0	0	1	
7603	11639673	0	0	0	0	1	128	0	1	336	322	50	50	2489	0	0	0	1	
7604	11639707	0	0	0	0	1	128	0	1	340	322	50	50	2489	0	0	0	1	
7605	11639740	0	0	0	0	1	128	0	1	346	322	49	50	2455	0	0	0	1	
7606	11639773	0	0	0	0	1	128	0	1	350	322	49	50	2456	0	0	0	1	
7607	11639807	0	0	0	0	1	128	0	1	354	322	49	50	2439	0	0	0	1	
7608	11639840	0	0	0	0	1	128	0	1	358	324	49	50	2434	0	0	0	1	
7609	11639874	0	0	0	0	1	128	0	1	362	324	49	50	2451	0	0	0	1	
7610	11639907	0	0	0	0	1	128	0	1	366	326	49	50	2423	0	0	0	1	
7611	11639940	0	0	0	0	1	128	0	1	370	330	48	50	2423	0	0	0	1	
7612	11639974	0	0	0	0	1	128	0	1	382	328	47	50	2379	0	0	0	1	
7613	11640007	0	0	0	0	1	128	0	1	386	332	48	50	2374	0	0	0	1	
7614	11640040	0	0	0	0	1	128	0	1	388	334	47	50	2364	0	0	0	1	
7615	11640074	0	0	0	0	1	128	0	1	390	338	47	50	2345	0	0	0	1	
7616	11640107	0	0	0	0	1	128	0	1	392	340	47	50	2348	0	0	0	1	
7617	11640141	0	0	0	0	1	128	0	1	392	344	47	50	2334	0	0	0	1	
7618	11640174	0	0	0	0	1	128	0	1	392	350	46	49	2252	0	0	0	1	
7619	11640207	0	0	0	0	1	128	0	1	392	356	46	50	2281	0	0	0	1	
7620	11640241	0	0	0	0	1	128	0	1	392	358	46	50	2272	0	0	0	1	
7621	11640274	0	0	0	0	1	128	0	1	392	360	45	50	2267	0	0	0	1	
7622	11640307	0	0	0	0	1	128	0	1	390	360	45	50	2261	0	0	0	1	
7623	11640341	0	0	0	0	1	128	0	1	390	360	45	50	2261	0	0	0	1	
7624	11640374	0	0	0	0	1	128	0	1	392	344	46	50	2292	0	0	0	1	
7625	11640407	0	0	0	0	1	128	0	1	392	344	46	49	2261	0	0	0	1	
7626	11640441	0	0	0	0	1	128	0	1	392	344	46	49	2251	0	0	0	1	
7627	11640474	0	0	0	0	1	128	0	1	392	344	46	49	2239	0	0	0	1	
7628	11640508	0	0	0	0	1	128	0	1	392	344	46	49	2236	0	0	0	1	
7629	11640541	0	0	0	0	1	128	0	1	392	344	46	49	2235	0	0	0	1	
7630	11640574	0	0	0	0	1	128	0	1	392	344	46	49	2248	0	0	0	1	
7631	11640608	0	0	0	0	1	128	0	1	392	344	46	49	2268	0	0	0	1	
7632	11640641	0	0	0	0	1	128	0	1	392	344	46	49	2282	0	0	0	1	
7633	11640674	0	0	0	0	1	128	0	1	392	344	46	49	2288	0	0	0	1	
7634	11640708	0	0	0	0	1	128	0	1	390	344	46	50	2294	0	0	0	1	
7635	11640741	0	0	0	0	1	128	0	1	390	344	46	50	2295	0	0	0	1	
7636	11640775	0	0	0	0	1	128	0	1	390	344	46	50	2293	0	0	0	1	
7637	11640808	0	0	0	0	1	128	0	1	390	344	46	49	2277	0	0	0	1	
7638	11640841	0	0	0	0	1	128	0	1	390	344	46	49	2258	0	0	0	1	
7639	11640875	0	0	0	0	1	128	0	1	390	344	46	49	2235	0	0	0	1	
7640	11640908	0	0	0	0	1	128	0	1	390	344	45	49	2213	0	0	0	1	
7641	11640941	0	0	0	0	1	128	0	1	390	344	45	48	2194	0	0	0	1	
7642	11640975	0	0	0	0	1	128	0	1	390	344	45	48	2182	0	0	0	1	
7643	11641008	0	0	0	0	1	128	0	1	390	344	45	48	2168	0	0	0	1	
7644	11641041	0	0	0	0	1	128	0	1	390	344	45	48	2156	0	0	0	1	
7645	11641075	0	0	0	0	1	128	0	1	390	344	45	48	2142	0	0	0	1	
7646	11641108	0	0	0	0	1	128	0	1	390	344	44	48	2133	0	0	0	1	
7647	11641142	0	0	0	0	1	128	0	1	390	344	44	48	2112	0	0	0	1	
7648	11641175	0	0	0	0	1	128	0	1	390	344	44	48	2083	0	0	0	1	
7649	11641208	0	0	0	0	1	128	0	1	390	344	44	47	2071	0	0	0	1	
7650	11641242	0	0	0	0	1	128	0	1	390	344	44	47	2054	0	0	0	1	
7651	11641275	0	0	0	0	1	128	0	1	390	344	43	47	2033	0	0	0	1	
7652	11641308	0	0	0	0	1	128	0	1	390	344	43	47	2021	0	0	0	1	
7653	11641342	0	0	0	0	1	128	0	1	390	344	43	47	2010	0	0	0	1	
7654	11641375	0	0	0	0	1	128	0	1	390	344	43	47	2004	0	0	0	1	
7655	11641409	0	0	0	0	1	128	0	1	390	344	43	47	1996	0	0	0	1	
7656	11641442	0	0	0	0	1	128	0	1	390	344	43	47	1990	0	0	0	1	
7657	11641475	0	0	0	0	1	128	0	1	390	344	43	46	1992	0	0	0	1	
7658	11641509	0	0	0	0	1	128	0	1	390	344	43	47	1990	0	0	0	1	
7659	11641542	0	0	0	0	1	128	0	1	390	344	43	47	1998	0	0	0	1	
7660	11641575	0	0	0	0	1	128	0	1	390	344	43	47	2006	0	0	0	1	
7661	11641609	0	0	0	0	1	128	0	1	390	344	43	47	2014	0	0	0	1	
7662	11641642	0	0	0	0	1	128	0	1	390	344	43	47	2026	0	0	0	1	
7663	11641675	0	0	0	0	1	128	0	1	390	344	43	47	2027	0	0	0	1	
7664	11641709	0	0	0	0	1	128	0	1	390	344	43	47	2033	0	0	0	1	
7665	11641742	0	0	0	0	1	128	0	1	390	344	43	47	2031	0	0	0	1	
7666	11641776	0	0	0	0	1	128	0	1	390	344	43	47	2014	0	0	0	1	
7667	11641809	0	0	0	0	1	128	0	1	390	344	43	47	2008	0	0	0	1	
7668	11641842	0	0	0	0	1	128	0	1	390	344	43	47	1994	0	0	0	1	
7669	11641876	0	0	0	0	1	128	0	1	390	344	43	46	1982	0	0	0	1	
7670	11641909	0	0	0	0	1	128	0	1	390	344	42	46	1963	0	0	0	1	
7671	11641942	0	0	0	0	1	128	0	1	390	344	42	46	1943	0	0	0	1	
7672	11641976	0	0	0	0	1	128	0	1	390	344	42	45	1917	0	0	0	1	
7673	11642009	0	0	0	0	1	128	0	1	390	344	42	45	1901	0	0	0	1	
7674	11642042	0	0	0	0	1	128	0	1	390	344	42	45	1887	0	0	0	1	
7675	11642076	0	0	0	0	1	128	0	1	390	344	41	45	1850	0	0	0	1	
7676	11642109	0	0	0	0	1	128	0	1	390	344	41	44	1833	0	0	0	1	
7677	11642143	0	0	0	0	1	128	0	1	390	344	41	44	1820	0	0	0	1	
7678	11642176	0	0	0	0	1	128	0	1	390	344	41	44	1797	0	0	0	1	
7679	11642209	0	0	0	0	1	128	0	1	390	344	41	44	1780	0	0	0	1	
7680	11642243	0	0	0	0	1	128	0	1	390	344	41	43	1760	0	0	0	1	
7681	11642276	0	0	0	0	1	128	0	1	390	344	41	43	1754	0	0	0	1	
7682	11642309	0	0	0	0	1	128	0	1	390	344	40	43	1735	0	0	0	1	
7683	11642343	0	0	0	0	1	128	0	1	390	344	40	43	1719	0	0	0	1	
7684	11642376	0	0	0	0	1	128	0	1	390	344	40	43	1712	0	0	0	1	
7685	11642410	0	0	0	0	1	128	0	1	390	344	40	43	1708	0	0	0	1	
7686	11642443	0	0	0	0	1	128	0	1	390	344	40	43	1706	0	0	0	1	
7687	11642476	0	0	0	0	1	128	0	1	390	344	40	43	1696	0	0	0	1	
7688	11642510	0	0	0	0	1	128	0	1	390	344	40	43	1699	0	0	0	1	
7689	11642543	0	0	0	0	1	128	0	1	390	344	40	43	1692	0	0	0	1	
7690	11642576	0	0	0	0	1	128	0	1	390	344	40	43	1682	0	0	0	1	
7691	11642610	0	0	0	0	1	128	0	1	390	344	39	42	1675	0	0	0	1	
7692	11642643	0	0	0	0	1	128	0	1	390	344	39	42	1674	0	0	0	1	
7693	11642676	0	0	0	0	1	128	0	1	390	344	39	42	1670	0	0	0	1	
7694	11642710	0	0	0	0	1	128	0	1	390	344	39	42	1664	0	0	0	1	
7695	11642743	0	0	0	0	1	128	0	1	390	344	39	42	1655	0	0	0	1	
7696	11642777	0	0	0	0	1	128	0	1	390	344	39	42	1645	0	0	0	1	
7697	11642810	0	0	0	0	1	128	0	1	390	346	39	42	1635	0	0	0	1	
7698	11642843	0	0	0	0	1	128	0	1	390	346	39	42	1636	0	0	0	1	
7699	11642877	0	0	0	0	1	128	0	1	390	346	39	42	1625	0	0	0	1	
7700	11642910	0	0	0	0	1	128	0	1	390	346	39	42	1627	0	0	0	1	
7701	11642943	0	0	0	0	1	128	0	1	390	346	39	42	1624	0	0	0	1	
7702	11642977	0	0	0	0	1	128	0	1	390	346	39	42	1623	0	0	0	1	
7703	11643010	0	0	0	0	1	128	0	1	390	346	39	42	1628	0	0	0	1	
7704	11643044	0	0	0	0	1	128	0	1	390	346	39	42	1636	0	0	0	1	
7705	11643077	0	0	0	0	1	128	0	1	390	346	39	42	1636	0	0	0	1	
7706	11643110	0	0	0	0	1	128	0	1	390	346	39	42	1646	0	0	0	1	
7707	11643144	0	0	0	0	1	128	0	1	392	344	39	42	1650	0	0	0	1	
7708	11643177	0	0	0	0	1	128	0	1	392	344	39	42	1646	0	0	0	1	
7709	11643210	0	0	0	0	1	128	0	1	392	344	39	42	1654	0	0	0	1	
7710	11643244	0	0	0	0	1	128	0	1	388	346	39	43	1678	0	0	0	1	
7711	11643277	0	0	0	0	1	128	0	1	388	346	39	43	1676	0	0	0	1	
7712	11643310	0	0	0	0	1	128	0	1	388	346	40	43	1688	0	0	0	1	
7713	11643344	0	0	0	0	1	128	0	1	388	346	40	43	1693	0	0	0	1	
7714	11643377	0	0	0	0	1	128	0	1	388	346	40	43	1692	0	0	0	1	
7715	11643411	0	0	0	0	1	128	0	1	382	348	40	43	1713	0	0	0	1	
7716	11643444	0	0	0	0	1	128	0	1	382	348	40	43	1715	0	0	0	1	
7717	11643477	0	0	0	0	1	128	0	1	382	348	40	43	1718	0	0	0	1	
7718	11643511	0	0	0	0	1	128	0	1	382	348	40	43	1718	0	0	0	1	
7719	11643544	0	0	0	0	1	128	0	1	382	348	40	43	1724	0	0	0	1	
7720	11643577	0	0	0	0	1	128	0	1	380	348	40	43	1705	0	0	0	1	
7721	11643611	0	0	0	0	1	128	0	1	382	354	40	47	1848	0	0	0	1	
7722	11643644	0	0	0	0	1	128	0	0	0	0	0	0	0	0	0	0	1	
7723	11643678	0	0	0	0	1	128	0	1	388	344	34	42	1399	0	0	0	1	
7724	11643711	0	0	0	0	1	128	0	1	388	348	38	42	1596	0	0	0	1	
7725	11643744	0	0	0	0	1	128	0	1	390	350	40	43	1712	0	0	0	1	
7726	11643778	0	0	0	0	1	128	0	1	390	348	40	43	1742	0	0	0	1	
7727	11643811	0	0	0	0	1	128	0	1	390	348	40	44	1745	0	0	0	1	
7728	11643844	0	0	0	0	1	128	0	1	390	348	40	44	1779	0	0	0	1	
7729	11643878	0	0	0	0	1	128	0	1	390	348	41	44	1791	0	0	0	1	
7730	11643911	0	0	0	0	1	128	0	1	390	348	41	44	1806	0	0	0	1	
7731	11643944	0	0	0	0	1	128	0	1	390	348	41	45	1821	0	0	0	1	
7732	11643978	0	0	0	0	1	128	0	1	390	348	41	45	1840	0	0	0	1	
7733	11644011	0	0	0	0	1	128	0	1	390	348	41	45	1864	0	0	0	1	
7734	11644045	0	0	0	0	1	128	0	1	390	348	42	45	1882	0	0	0	1	
