Version	1.08	gmtime	1441281311
index	timestamp	eyeroihoriz	eyeroivert	eyeroizoomx	eyeroizoomy	blendmode	blendfactor	onlinecalib	eye_valid	eye_x	eye_y	eye_w	eye_h	eye_a	field_x	field_y	displaymode	displayeyedetection	event
6583	103484223	0	0	0	0	1	128	0	1	498	326	45	50	2269	0	0	0	1	
6584	103484256	0	0	0	0	1	128	0	1	498	326	45	51	2295	0	0	0	1	
6585	103484290	0	0	0	0	1	128	0	1	498	326	46	51	2333	0	0	0	1	
6586	103484323	0	0	0	0	1	128	0	1	502	324	46	51	2338	0	0	0	1	
6587	103484357	0	0	0	0	1	128	0	1	504	322	46	52	2351	0	0	0	1	
6588	103484390	0	0	0	0	1	128	0	1	506	322	46	52	2394	0	0	0	1	
6589	103484423	0	0	0	0	1	128	0	1	506	322	46	52	2430	0	0	0	1	
6590	103484457	0	0	0	0	1	128	0	1	504	322	47	53	2465	0	0	0	1	
6591	103484490	0	0	0	0	1	128	0	1	504	324	47	53	2483	0	0	0	1	
6592	103484523	0	0	0	0	1	128	0	1	504	324	47	53	2515	0	0	0	1	
6593	103484557	0	0	0	0	1	128	0	1	502	326	47	54	2520	0	0	0	1	
6594	103484590	0	0	0	0	1	128	0	1	502	326	47	54	2522	0	0	0	1	
6595	103484623	0	0	0	0	1	128	0	1	502	326	47	53	2512	0	0	0	1	
6596	103484657	0	0	0	0	1	128	0	1	504	326	47	53	2511	0	0	0	1	
6597	103484690	0	0	0	0	1	128	0	1	504	324	47	53	2500	0	0	0	1	
6598	103484724	0	0	0	0	1	128	0	1	506	326	47	53	2490	0	0	0	1	
6599	103484757	0	0	0	0	1	128	0	1	506	326	47	53	2484	0	0	0	1	
6600	103484790	0	0	0	0	1	128	0	1	502	326	47	53	2485	0	0	0	1	
6601	103484824	0	0	0	0	1	128	0	1	502	326	47	53	2488	0	0	0	1	
6602	103484857	0	0	0	0	1	128	0	1	502	328	47	53	2481	0	0	0	1	
6603	103484890	0	0	0	0	1	128	0	1	502	328	47	53	2475	0	0	0	1	
6604	103484924	0	0	0	0	1	128	0	1	504	328	42	47	1996	0	0	0	1	
6605	103484957	0	0	0	0	1	128	0	0	0	0	0	0	0	0	0	0	1	
6606	103484991	0	0	0	0	1	128	0	0	0	0	0	0	0	0	0	0	1	
6607	103485024	0	0	0	0	1	128	0	0	0	0	0	0	0	0	0	0	1	
6608	103485057	0	0	0	0	1	128	0	0	0	0	0	0	0	0	0	0	1	
6609	103485091	0	0	0	0	1	128	0	1	500	336	46	53	2424	0	0	0	1	
6610	103485124	0	0	0	0	1	128	0	1	502	330	45	50	2246	0	0	0	1	
6611	103485157	0	0	0	0	1	128	0	1	504	330	45	52	2356	0	0	0	1	
6612	103485191	0	0	0	0	1	128	0	1	504	330	45	52	2366	0	0	0	1	
6613	103485224	0	0	0	0	1	128	0	1	504	330	46	52	2381	0	0	0	1	
6614	103485257	0	0	0	0	1	128	0	1	504	328	46	52	2389	0	0	0	1	
6615	103485291	0	0	0	0	1	128	0	1	504	328	46	53	2400	0	0	0	1	
6616	103485324	0	0	0	0	1	128	0	1	504	328	46	53	2405	0	0	0	1	
6617	103485358	0	0	0	0	1	128	0	1	500	328	46	53	2444	0	0	0	1	
6618	103485391	0	0	0	0	1	128	0	1	500	328	47	53	2473	0	0	0	1	
6619	103485424	0	0	0	0	1	128	0	1	500	328	47	53	2487	0	0	0	1	
6620	103485458	0	0	0	0	1	128	0	1	500	326	47	53	2511	0	0	0	1	
6621	103485491	0	0	0	0	1	128	0	1	500	326	47	54	2529	0	0	0	1	
6622	103485524	0	0	0	0	1	128	0	1	502	326	47	54	2553	0	0	0	1	
6623	103485558	0	0	0	0	1	128	0	1	500	326	48	54	2580	0	0	0	1	
6624	103485591	0	0	0	0	1	128	0	1	500	326	48	54	2601	0	0	0	1	
6625	103485625	0	0	0	0	1	128	0	1	500	326	48	54	2615	0	0	0	1	
6626	103485658	0	0	0	0	1	128	0	1	500	324	48	55	2638	0	0	0	1	
6627	103485691	0	0	0	0	1	128	0	1	502	324	48	55	2652	0	0	0	1	
6628	103485725	0	0	0	0	1	128	0	1	506	322	48	55	2630	0	0	0	1	
6629	103485758	0	0	0	0	1	128	0	1	506	322	48	55	2634	0	0	0	1	
6630	103485791	0	0	0	0	1	128	0	1	506	322	48	55	2639	0	0	0	1	
6631	103485825	0	0	0	0	1	128	0	1	506	322	48	55	2658	0	0	0	1	
6632	103485858	0	0	0	0	1	128	0	1	506	322	48	55	2637	0	0	0	1	
6633	103485891	0	0	0	0	1	128	0	1	506	322	48	55	2643	0	0	0	1	
6634	103485925	0	0	0	0	1	128	0	1	504	322	48	55	2626	0	0	0	1	
6635	103485958	0	0	0	0	1	128	0	1	498	326	49	55	2660	0	0	0	1	
6636	103485992	0	0	0	0	1	128	0	1	496	326	48	55	2648	0	0	0	1	
6637	103486025	0	0	0	0	1	128	0	1	496	328	48	55	2639	0	0	0	1	
6638	103486058	0	0	0	0	1	128	0	1	496	328	48	55	2625	0	0	0	1	
6639	103486092	0	0	0	0	1	128	0	1	494	328	48	55	2627	0	0	0	1	
6640	103486125	0	0	0	0	1	128	0	1	496	328	48	55	2608	0	0	0	1	
6641	103486158	0	0	0	0	1	128	0	1	496	328	48	55	2610	0	0	0	1	
6642	103486192	0	0	0	0	1	128	0	1	496	328	48	55	2604	0	0	0	1	
6643	103486225	0	0	0	0	1	128	0	1	496	328	48	54	2600	0	0	0	1	
6644	103486259	0	0	0	0	1	128	0	1	496	326	48	54	2598	0	0	0	1	
6645	103486292	0	0	0	0	1	128	0	1	496	326	48	54	2595	0	0	0	1	
6646	103486325	0	0	0	0	1	128	0	1	496	326	48	54	2602	0	0	0	1	
6647	103486359	0	0	0	0	1	128	0	1	496	326	48	54	2603	0	0	0	1	
6648	103486392	0	0	0	0	1	128	0	1	498	332	47	52	2467	0	0	0	1	
6649	103486425	0	0	0	0	1	128	0	1	502	354	45	54	2434	0	0	0	1	
6650	103486459	0	0	0	0	1	128	0	1	502	352	45	54	2430	0	0	0	1	
6651	103486492	0	0	0	0	1	128	0	1	504	352	45	54	2421	0	0	0	1	
6652	103486525	0	0	0	0	1	128	0	1	504	352	45	54	2420	0	0	0	1	
6653	103486559	0	0	0	0	1	128	0	1	504	352	45	54	2403	0	0	0	1	
6654	103486592	0	0	0	0	1	128	0	1	504	352	44	54	2387	0	0	0	1	
6655	103486626	0	0	0	0	1	128	0	1	504	352	44	54	2389	0	0	0	1	
6656	103486659	0	0	0	0	1	128	0	1	476	372	46	50	2299	0	0	0	1	
6657	103486692	0	0	0	0	1	128	0	1	466	376	45	53	2393	0	0	0	1	
6658	103486726	0	0	0	0	1	128	0	1	466	374	46	52	2390	0	0	0	1	
6659	103486759	0	0	0	0	1	128	0	1	468	374	46	52	2380	0	0	0	1	
6660	103486792	0	0	0	0	1	128	0	1	468	376	46	52	2384	0	0	0	1	
6661	103486826	0	0	0	0	1	128	0	1	466	376	46	52	2386	0	0	0	1	
6662	103486859	0	0	0	0	1	128	0	1	466	376	46	52	2385	0	0	0	1	
6663	103486892	0	0	0	0	1	128	0	1	468	376	45	52	2376	0	0	0	1	
6664	103486926	0	0	0	0	1	128	0	1	468	376	45	52	2361	0	0	0	1	
6665	103486959	0	0	0	0	1	128	0	1	466	376	45	52	2355	0	0	0	1	
6666	103486993	0	0	0	0	1	128	0	1	466	376	45	52	2336	0	0	0	1	
6667	103487026	0	0	0	0	1	128	0	1	466	376	45	52	2322	0	0	0	1	
6668	103487059	0	0	0	0	1	128	0	1	466	376	45	51	2304	0	0	0	1	
6669	103487093	0	0	0	0	1	128	0	1	466	376	45	51	2283	0	0	0	1	
6670	103487126	0	0	0	0	1	128	0	1	468	376	44	51	2269	0	0	0	1	
6671	103487159	0	0	0	0	1	128	0	1	468	376	44	51	2236	0	0	0	1	
6672	103487193	0	0	0	0	1	128	0	1	468	376	44	51	2228	0	0	0	1	
6673	103487226	0	0	0	0	1	128	0	1	468	376	44	50	2210	0	0	0	1	
6674	103487260	0	0	0	0	1	128	0	1	468	376	44	50	2189	0	0	0	1	
6675	103487293	0	0	0	0	1	128	0	1	468	376	44	50	2180	0	0	0	1	
6676	103487326	0	0	0	0	1	128	0	1	468	376	44	50	2170	0	0	0	1	
6677	103487360	0	0	0	0	1	128	0	1	468	376	44	50	2160	0	0	0	1	
6678	103487393	0	0	0	0	1	128	0	1	468	376	44	49	2154	0	0	0	1	
6679	103487426	0	0	0	0	1	128	0	1	468	376	44	49	2155	0	0	0	1	
6680	103487460	0	0	0	0	1	128	0	1	468	376	43	49	2146	0	0	0	1	
6681	103487493	0	0	0	0	1	128	0	1	476	374	44	54	2371	0	0	0	1	
6682	103487526	0	0	0	0	1	128	0	1	534	350	37	50	1828	0	0	0	1	
6683	103487560	0	0	0	0	1	128	0	1	552	338	36	50	1796	0	0	0	1	
6684	103487593	0	0	0	0	1	128	0	1	552	338	36	50	1792	0	0	0	1	
6685	103487627	0	0	0	0	1	128	0	1	552	338	36	50	1793	0	0	0	1	
6686	103487660	0	0	0	0	1	128	0	1	552	340	36	50	1790	0	0	0	1	
6687	103487693	0	0	0	0	1	128	0	1	552	340	36	50	1797	0	0	0	1	
6688	103487727	0	0	0	0	1	128	0	1	552	340	36	51	1800	0	0	0	1	
6689	103487760	0	0	0	0	1	128	0	1	554	338	35	50	1785	0	0	0	1	
6690	103487793	0	0	0	0	1	128	0	1	554	338	35	51	1790	0	0	0	1	
6691	103487827	0	0	0	0	1	128	0	1	554	338	35	51	1791	0	0	0	1	
6692	103487860	0	0	0	0	1	128	0	1	554	338	36	51	1804	0	0	0	1	
6693	103487894	0	0	0	0	1	128	0	1	554	338	36	51	1809	0	0	0	1	
6694	103487927	0	0	0	0	1	128	0	1	554	338	36	51	1831	0	0	0	1	
6695	103487960	0	0	0	0	1	128	0	1	554	338	36	51	1841	0	0	0	1	
6696	103487994	0	0	0	0	1	128	0	1	554	340	36	51	1847	0	0	0	1	
6697	103488027	0	0	0	0	1	128	0	1	554	338	36	52	1862	0	0	0	1	
6698	103488060	0	0	0	0	1	128	0	1	554	338	36	52	1870	0	0	0	1	
6699	103488094	0	0	0	0	1	128	0	1	554	340	36	52	1872	0	0	0	1	
6700	103488127	0	0	0	0	1	128	0	1	554	330	37	53	1929	0	0	0	1	
6701	103488161	0	0	0	0	1	128	0	1	546	300	39	52	2069	0	0	0	1	
6702	103488194	0	0	0	0	1	128	0	1	532	280	41	52	2154	0	0	0	1	
6703	103488227	0	0	0	0	1	128	0	1	526	274	42	51	2160	0	0	0	1	
6704	103488261	0	0	0	0	1	128	0	1	526	276	42	51	2164	0	0	0	1	
6705	103488294	0	0	0	0	1	128	0	1	526	276	42	52	2175	0	0	0	1	
6706	103488327	0	0	0	0	1	128	0	1	524	276	42	52	2187	0	0	0	1	
6707	103488361	0	0	0	0	1	128	0	1	524	276	42	52	2200	0	0	0	1	
6708	103488394	0	0	0	0	1	128	0	1	524	276	43	52	2203	0	0	0	1	
6709	103488427	0	0	0	0	1	128	0	1	524	276	43	52	2219	0	0	0	1	
6710	103488461	0	0	0	0	1	128	0	1	524	274	43	52	2233	0	0	0	1	
6711	103488494	0	0	0	0	1	128	0	1	524	274	43	52	2241	0	0	0	1	
6712	103488528	0	0	0	0	1	128	0	1	522	274	43	52	2251	0	0	0	1	
6713	103488561	0	0	0	0	1	128	0	1	524	274	43	52	2258	0	0	0	1	
6714	103488594	0	0	0	0	1	128	0	1	524	274	43	52	2255	0	0	0	1	
6715	103488628	0	0	0	0	1	128	0	1	524	274	43	52	2251	0	0	0	1	
6716	103488661	0	0	0	0	1	128	0	1	524	274	43	52	2254	0	0	0	1	
6717	103488694	0	0	0	0	1	128	0	1	524	272	43	53	2282	0	0	0	1	
6718	103488728	0	0	0	0	1	128	0	1	524	274	43	51	2189	0	0	0	1	
6719	103488761	0	0	0	0	1	128	0	1	522	274	42	51	2161	0	0	0	1	
6720	103488794	0	0	0	0	1	128	0	1	522	274	42	51	2126	0	0	0	1	
6721	103488828	0	0	0	0	1	128	0	1	524	274	42	51	2109	0	0	0	1	
6722	103488861	0	0	0	0	1	128	0	0	0	0	0	0	0	0	0	0	1	
6723	103488895	0	0	0	0	1	128	0	0	0	0	0	0	0	0	0	0	1	
6724	103488928	0	0	0	0	1	128	0	1	444	306	47	49	2326	0	0	0	1	
6725	103488961	0	0	0	0	1	128	0	1	446	306	47	49	2292	0	0	0	1	
6726	103488995	0	0	0	0	1	128	0	1	444	306	47	48	2275	0	0	0	1	
6727	103489028	0	0	0	0	1	128	0	1	446	308	45	48	2173	0	0	0	1	
6728	103489061	0	0	0	0	1	128	0	1	446	308	45	48	2131	0	0	0	1	
6729	103489095	0	0	0	0	1	128	0	1	446	308	45	47	2119	0	0	0	1	
6730	103489128	0	0	0	0	1	128	0	1	446	308	44	47	2084	0	0	0	1	
6731	103489162	0	0	0	0	1	128	0	1	444	308	44	47	2043	0	0	0	1	
6732	103489195	0	0	0	0	1	128	0	1	444	308	44	46	2002	0	0	0	1	
6733	103489228	0	0	0	0	1	128	0	1	444	308	43	46	1968	0	0	0	1	
6734	103489262	0	0	0	0	1	128	0	1	444	308	43	45	1955	0	0	0	1	
6735	103489295	0	0	0	0	1	128	0	1	444	308	43	45	1959	0	0	0	1	
6736	103489328	0	0	0	0	1	128	0	1	440	308	43	45	1955	0	0	0	1	
6737	103489362	0	0	0	0	1	128	0	1	440	308	43	45	1955	0	0	0	1	
6738	103489395	0	0	0	0	1	128	0	1	438	308	45	46	2031	0	0	0	1	
6739	103489429	0	0	0	0	1	128	0	1	438	310	43	45	1926	0	0	0	1	
6740	103489462	0	0	0	0	1	128	0	1	438	308	44	45	2000	0	0	0	1	
6741	103489495	0	0	0	0	1	128	0	1	438	310	44	45	1973	0	0	0	1	
6742	103489529	0	0	0	0	1	128	0	1	436	310	43	46	1972	0	0	0	1	
6743	103489562	0	0	0	0	1	128	0	1	436	310	44	45	1985	0	0	0	1	
6744	103489595	0	0	0	0	1	128	0	1	436	310	44	46	1985	0	0	0	1	
6745	103489629	0	0	0	0	1	128	0	1	434	310	44	46	1988	0	0	0	1	
6746	103489662	0	0	0	0	1	128	0	1	434	312	44	46	2002	0	0	0	1	
6747	103489695	0	0	0	0	1	128	0	1	434	312	44	46	2007	0	0	0	1	
6748	103489729	0	0	0	0	1	128	0	1	432	312	44	46	2010	0	0	0	1	
6749	103489762	0	0	0	0	1	128	0	1	432	312	44	46	2020	0	0	0	1	
6750	103489796	0	0	0	0	1	128	0	1	432	312	44	46	2017	0	0	0	1	
6751	103489829	0	0	0	0	1	128	0	1	432	312	44	46	2021	0	0	0	1	
6752	103489862	0	0	0	0	1	128	0	1	430	312	44	46	2031	0	0	0	1	
6753	103489896	0	0	0	0	1	128	0	1	430	312	44	46	2046	0	0	0	1	
6754	103489929	0	0	0	0	1	128	0	1	430	312	44	46	2057	0	0	0	1	
6755	103489962	0	0	0	0	1	128	0	1	430	314	44	47	2066	0	0	0	1	
6756	103489996	0	0	0	0	1	128	0	1	430	314	45	47	2079	0	0	0	1	
6757	103490029	0	0	0	0	1	128	0	1	430	314	45	47	2082	0	0	0	1	
6758	103490063	0	0	0	0	1	128	0	1	428	314	45	47	2084	0	0	0	1	
6759	103490096	0	0	0	0	1	128	0	1	428	314	45	47	2086	0	0	0	1	
6760	103490129	0	0	0	0	1	128	0	1	428	314	45	47	2081	0	0	0	1	
6761	103490163	0	0	0	0	1	128	0	1	428	314	45	47	2092	0	0	0	1	
6762	103490196	0	0	0	0	1	128	0	1	428	314	45	47	2103	0	0	0	1	
6763	103490229	0	0	0	0	1	128	0	1	426	316	45	46	2070	0	0	0	1	
6764	103490263	0	0	0	0	1	128	0	0	0	0	0	0	0	0	0	0	1	
6765	103490296	0	0	0	0	1	128	0	0	0	0	0	0	0	0	0	0	1	
6766	103490329	0	0	0	0	1	128	0	0	0	0	0	0	0	0	0	0	1	
6767	103490363	0	0	0	0	1	128	0	0	0	0	0	0	0	0	0	0	1	
6768	103490396	0	0	0	0	1	128	0	1	512	344	36	47	1665	0	0	0	1	
6769	103490430	0	0	0	0	1	128	0	1	518	344	39	48	1880	0	0	0	1	
6770	103490463	0	0	0	0	1	128	0	1	520	344	39	48	1886	0	0	0	1	
6771	103490496	0	0	0	0	1	128	0	1	520	342	39	48	1888	0	0	0	1	
6772	103490530	0	0	0	0	1	128	0	1	522	342	39	49	1887	0	0	0	1	
6773	103490563	0	0	0	0	1	128	0	1	522	342	39	49	1899	0	0	0	1	
6774	103490596	0	0	0	0	1	128	0	1	522	342	39	49	1903	0	0	0	1	
6775	103490630	0	0	0	0	1	128	0	1	522	342	39	49	1909	0	0	0	1	
6776	103490663	0	0	0	0	1	128	0	1	522	342	39	49	1915	0	0	0	1	
6777	103490696	0	0	0	0	1	128	0	1	522	342	39	49	1913	0	0	0	1	
6778	103490730	0	0	0	0	1	128	0	1	522	342	39	49	1927	0	0	0	1	
6779	103490763	0	0	0	0	1	128	0	1	522	342	39	49	1938	0	0	0	1	
6780	103490797	0	0	0	0	1	128	0	1	528	344	38	49	1867	0	0	0	1	
6781	103490830	0	0	0	0	1	128	0	1	552	340	34	49	1688	0	0	0	1	
6782	103490863	0	0	0	0	1	128	0	1	552	340	35	49	1716	0	0	0	1	
6783	103490897	0	0	0	0	1	128	0	1	552	340	35	50	1722	0	0	0	1	
6784	103490930	0	0	0	0	1	128	0	1	554	340	35	50	1743	0	0	0	1	
6785	103490963	0	0	0	0	1	128	0	1	554	340	35	50	1758	0	0	0	1	
6786	103490997	0	0	0	0	1	128	0	1	554	340	35	50	1769	0	0	0	1	
6787	103491030	0	0	0	0	1	128	0	1	554	340	35	50	1776	0	0	0	1	
6788	103491064	0	0	0	0	1	128	0	1	552	340	35	50	1779	0	0	0	1	
6789	103491097	0	0	0	0	1	128	0	1	526	344	40	50	2026	0	0	0	1	
6790	103491130	0	0	0	0	1	128	0	1	526	344	40	51	2002	0	0	0	1	
6791	103491164	0	0	0	0	1	128	0	1	526	344	39	50	1980	0	0	0	1	
6792	103491197	0	0	0	0	1	128	0	1	526	344	39	50	1973	0	0	0	1	
6793	103491230	0	0	0	0	1	128	0	1	526	344	39	50	1952	0	0	0	1	
6794	103491264	0	0	0	0	1	128	0	1	514	334	42	50	2073	0	0	0	1	
6795	103491297	0	0	0	0	1	128	0	1	512	332	41	49	2039	0	0	0	1	
6796	103491330	0	0	0	0	1	128	0	1	510	332	41	49	2034	0	0	0	1	
6797	103491364	0	0	0	0	1	128	0	1	510	332	41	49	2042	0	0	0	1	
6798	103491397	0	0	0	0	1	128	0	1	510	332	41	49	2028	0	0	0	1	
6799	103491431	0	0	0	0	1	128	0	1	506	326	42	49	2096	0	0	0	1	
6800	103491464	0	0	0	0	1	128	0	1	504	326	42	49	2085	0	0	0	1	
6801	103491497	0	0	0	0	1	128	0	1	504	326	43	49	2098	0	0	0	1	
6802	103491531	0	0	0	0	1	128	0	1	504	326	43	50	2115	0	0	0	1	
6803	103491564	0	0	0	0	1	128	0	1	504	326	43	50	2139	0	0	0	1	
6804	103491597	0	0	0	0	1	128	0	1	504	326	43	50	2156	0	0	0	1	
6805	103491631	0	0	0	0	1	128	0	1	504	326	43	50	2172	0	0	0	1	
6806	103491664	0	0	0	0	1	128	0	1	502	326	43	50	2183	0	0	0	1	
6807	103491698	0	0	0	0	1	128	0	1	502	326	43	50	2186	0	0	0	1	
6808	103491731	0	0	0	0	1	128	0	1	502	326	44	50	2187	0	0	0	1	
6809	103491764	0	0	0	0	1	128	0	1	502	326	44	50	2183	0	0	0	1	
6810	103491798	0	0	0	0	1	128	0	1	502	326	43	50	2174	0	0	0	1	
6811	103491831	0	0	0	0	1	128	0	1	502	326	43	50	2154	0	0	0	1	
6812	103491864	0	0	0	0	1	128	0	1	502	326	43	49	2124	0	0	0	1	
6813	103491898	0	0	0	0	1	128	0	1	502	326	43	49	2077	0	0	0	1	
6814	103491931	0	0	0	0	1	128	0	1	502	326	42	48	2040	0	0	0	1	
6815	103491964	0	0	0	0	1	128	0	1	502	326	42	48	1998	0	0	0	1	
6816	103491998	0	0	0	0	1	128	0	1	502	326	42	47	1962	0	0	0	1	
6817	103492031	0	0	0	0	1	128	0	1	502	326	41	47	1916	0	0	0	1	
6818	103492065	0	0	0	0	1	128	0	1	502	328	41	46	1870	0	0	0	1	
6819	103492098	0	0	0	0	1	128	0	1	500	330	40	45	1810	0	0	0	1	
6820	103492131	0	0	0	0	1	128	0	0	0	0	0	0	0	0	0	0	1	
6821	103492165	0	0	0	0	1	128	0	0	0	0	0	0	0	0	0	0	1	
6822	103492198	0	0	0	0	1	128	0	0	0	0	0	0	0	0	0	0	1	
6823	103492231	0	0	0	0	1	128	0	0	0	0	0	0	0	0	0	0	1	
6824	103492265	0	0	0	0	1	128	0	0	0	0	0	0	0	0	0	0	1	
6825	103492298	0	0	0	0	1	128	0	1	498	330	37	40	1479	0	0	0	1	
6826	103492332	0	0	0	0	1	128	0	1	500	330	39	43	1688	0	0	0	1	
6827	103492365	0	0	0	0	1	128	0	1	500	330	39	44	1698	0	0	0	1	
6828	103492398	0	0	0	0	1	128	0	1	500	330	39	44	1693	0	0	0	1	
6829	103492432	0	0	0	0	1	128	0	1	502	330	39	44	1706	0	0	0	1	
6830	103492465	0	0	0	0	1	128	0	1	502	330	39	44	1709	0	0	0	1	
6831	103492498	0	0	0	0	1	128	0	1	502	330	39	44	1729	0	0	0	1	
6832	103492532	0	0	0	0	1	128	0	1	502	328	39	44	1750	0	0	0	1	
6833	103492565	0	0	0	0	1	128	0	1	502	328	40	45	1768	0	0	0	1	
6834	103492598	0	0	0	0	1	128	0	1	502	328	40	45	1795	0	0	0	1	
6835	103492632	0	0	0	0	1	128	0	1	502	328	40	45	1810	0	0	0	1	
6836	103492665	0	0	0	0	1	128	0	1	502	328	40	46	1827	0	0	0	1	
6837	103492699	0	0	0	0	1	128	0	1	502	328	40	46	1841	0	0	0	1	
6838	103492732	0	0	0	0	1	128	0	1	500	330	41	45	1838	0	0	0	1	
6839	103492765	0	0	0	0	1	128	0	0	0	0	0	0	0	0	0	0	1	
6840	103492799	0	0	0	0	1	128	0	0	0	0	0	0	0	0	0	0	1	
6841	103492832	0	0	0	0	1	128	0	0	0	0	0	0	0	0	0	0	1	
6842	103492865	0	0	0	0	1	128	0	0	0	0	0	0	0	0	0	0	1	
6843	103492899	0	0	0	0	1	128	0	0	0	0	0	0	0	0	0	0	1	
6844	103492932	0	0	0	0	1	128	0	1	490	346	40	47	1881	0	0	0	1	
6845	103492966	0	0	0	0	1	128	0	1	498	332	39	44	1698	0	0	0	1	
6846	103492999	0	0	0	0	1	128	0	1	500	328	39	43	1676	0	0	0	1	
6847	103493032	0	0	0	0	1	128	0	1	502	328	38	43	1655	0	0	0	1	
6848	103493066	0	0	0	0	1	128	0	1	502	328	38	43	1640	0	0	0	1	
6849	103493099	0	0	0	0	1	128	0	1	502	328	38	43	1624	0	0	0	1	
6850	103493132	0	0	0	0	1	128	0	1	502	328	38	43	1628	0	0	0	1	
6851	103493166	0	0	0	0	1	128	0	1	502	328	38	43	1631	0	0	0	1	
6852	103493199	0	0	0	0	1	128	0	1	502	328	38	43	1642	0	0	0	1	
6853	103493232	0	0	0	0	1	128	0	1	502	328	38	43	1651	0	0	0	1	
6854	103493266	0	0	0	0	1	128	0	1	502	328	38	43	1662	0	0	0	1	
6855	103493299	0	0	0	0	1	128	0	1	472	340	43	46	1985	0	0	0	1	
6856	103493333	0	0	0	0	1	128	0	1	472	344	40	44	1768	0	0	0	1	
6857	103493366	0	0	0	0	1	128	0	1	472	344	40	44	1788	0	0	0	1	
6858	103493399	0	0	0	0	1	128	0	1	472	344	41	45	1816	0	0	0	1	
6859	103493433	0	0	0	0	1	128	0	1	472	344	41	45	1839	0	0	0	1	
6860	103493466	0	0	0	0	1	128	0	1	472	344	41	45	1854	0	0	0	1	
6861	103493499	0	0	0	0	1	128	0	1	472	344	41	45	1877	0	0	0	1	
6862	103493533	0	0	0	0	1	128	0	1	472	344	41	46	1895	0	0	0	1	
6863	103493566	0	0	0	0	1	128	0	1	472	344	41	46	1908	0	0	0	1	
6864	103493600	0	0	0	0	1	128	0	1	472	344	42	46	1919	0	0	0	1	
6865	103493633	0	0	0	0	1	128	0	1	472	344	42	46	1920	0	0	0	1	
6866	103493666	0	0	0	0	1	128	0	1	472	344	42	46	1939	0	0	0	1	
6867	103493700	0	0	0	0	1	128	0	1	472	344	42	46	1926	0	0	0	1	
6868	103493733	0	0	0	0	1	128	0	1	472	344	42	46	1921	0	0	0	1	
6869	103493766	0	0	0	0	1	128	0	1	472	344	41	46	1911	0	0	0	1	
6870	103493800	0	0	0	0	1	128	0	1	472	344	42	46	1911	0	0	0	1	
6871	103493833	0	0	0	0	1	128	0	1	472	346	41	46	1906	0	0	0	1	
6872	103493866	0	0	0	0	1	128	0	1	472	346	41	46	1903	0	0	0	1	
6873	103493900	0	0	0	0	1	128	0	1	472	346	41	46	1906	0	0	0	1	
6874	103493933	0	0	0	0	1	128	0	1	472	346	41	46	1904	0	0	0	1	
6875	103493967	0	0	0	0	1	128	0	1	472	346	41	46	1901	0	0	0	1	
6876	103494000	0	0	0	0	1	128	0	1	472	346	41	46	1906	0	0	0	1	
6877	103494033	0	0	0	0	1	128	0	1	490	324	41	47	1906	0	0	0	1	
6878	103494067	0	0	0	0	1	128	0	1	490	318	42	46	1908	0	0	0	1	
6879	103494100	0	0	0	0	1	128	0	1	490	318	42	46	1925	0	0	0	1	
6880	103494133	0	0	0	0	1	128	0	1	490	318	42	46	1944	0	0	0	1	
6881	103494167	0	0	0	0	1	128	0	1	490	318	42	47	1961	0	0	0	1	
6882	103494200	0	0	0	0	1	128	0	1	490	320	42	47	1983	0	0	0	1	
6883	103494234	0	0	0	0	1	128	0	1	490	320	43	47	2013	0	0	0	1	
6884	103494267	0	0	0	0	1	128	0	1	490	320	43	48	2048	0	0	0	1	
6885	103494300	0	0	0	0	1	128	0	1	490	320	43	48	2071	0	0	0	1	
6886	103494334	0	0	0	0	1	128	0	1	490	320	44	48	2089	0	0	0	1	
6887	103494367	0	0	0	0	1	128	0	1	490	320	44	48	2099	0	0	0	1	
6888	103494400	0	0	0	0	1	128	0	1	490	320	44	48	2118	0	0	0	1	
6889	103494434	0	0	0	0	1	128	0	1	490	320	44	48	2128	0	0	0	1	
6890	103494467	0	0	0	0	1	128	0	1	490	320	44	48	2131	0	0	0	1	
6891	103494500	0	0	0	0	1	128	0	1	490	320	44	48	2131	0	0	0	1	
6892	103494534	0	0	0	0	1	128	0	1	490	320	44	48	2135	0	0	0	1	
6893	103494567	0	0	0	0	1	128	0	1	490	320	44	48	2135	0	0	0	1	
6894	103494601	0	0	0	0	1	128	0	1	490	320	44	48	2125	0	0	0	1	
6895	103494634	0	0	0	0	1	128	0	1	490	320	44	48	2121	0	0	0	1	
6896	103494667	0	0	0	0	1	128	0	1	490	320	44	48	2111	0	0	0	1	
6897	103494701	0	0	0	0	1	128	0	1	490	320	44	48	2108	0	0	0	1	
6898	103494734	0	0	0	0	1	128	0	1	492	320	44	48	2088	0	0	0	1	
6899	103494767	0	0	0	0	1	128	0	1	516	330	40	48	1907	0	0	0	1	
6900	103494801	0	0	0	0	1	128	0	1	516	328	40	47	1918	0	0	0	1	
6901	103494834	0	0	0	0	1	128	0	1	516	328	40	48	1917	0	0	0	1	
6902	103494868	0	0	0	0	1	128	0	1	516	330	40	48	1919	0	0	0	1	
6903	103494901	0	0	0	0	1	128	0	1	516	328	40	48	1909	0	0	0	1	
6904	103494934	0	0	0	0	1	128	0	1	516	330	40	47	1900	0	0	0	1	
6905	103494968	0	0	0	0	1	128	0	1	516	330	40	47	1876	0	0	0	1	
6906	103495001	0	0	0	0	1	128	0	1	516	330	40	47	1851	0	0	0	1	
6907	103495034	0	0	0	0	1	128	0	1	516	330	39	46	1822	0	0	0	1	
6908	103495068	0	0	0	0	1	128	0	1	516	330	39	46	1793	0	0	0	1	
6909	103495101	0	0	0	0	1	128	0	1	516	330	39	46	1775	0	0	0	1	
6910	103495135	0	0	0	0	1	128	0	1	516	330	39	46	1755	0	0	0	1	
6911	103495168	0	0	0	0	1	128	0	1	516	330	38	45	1727	0	0	0	1	
6912	103495201	0	0	0	0	1	128	0	1	516	330	38	45	1722	0	0	0	1	
6913	103495235	0	0	0	0	1	128	0	1	516	330	38	45	1708	0	0	0	1	
6914	103495268	0	0	0	0	1	128	0	1	516	330	38	45	1709	0	0	0	1	
6915	103495301	0	0	0	0	1	128	0	1	516	330	38	45	1685	0	0	0	1	
6916	103495335	0	0	0	0	1	128	0	1	516	330	38	45	1692	0	0	0	1	
6917	103495368	0	0	0	0	1	128	0	1	516	330	38	44	1680	0	0	0	1	
6918	103495401	0	0	0	0	1	128	0	1	516	330	38	45	1692	0	0	0	1	
6919	103495435	0	0	0	0	1	128	0	1	516	330	38	45	1700	0	0	0	1	
6920	103495468	0	0	0	0	1	128	0	1	516	330	38	45	1709	0	0	0	1	
6921	103495502	0	0	0	0	1	128	0	1	516	330	38	45	1721	0	0	0	1	
6922	103495535	0	0	0	0	1	128	0	1	510	314	40	45	1804	0	0	0	1	
6923	103495568	0	0	0	0	1	128	0	1	502	302	41	45	1850	0	0	0	1	
6924	103495602	0	0	0	0	1	128	0	1	502	302	41	46	1870	0	0	0	1	
6925	103495635	0	0	0	0	1	128	0	1	500	302	41	46	1884	0	0	0	1	
6926	103495668	0	0	0	0	1	128	0	1	500	302	41	46	1904	0	0	0	1	
6927	103495702	0	0	0	0	1	128	0	1	500	302	42	46	1923	0	0	0	1	
6928	103495735	0	0	0	0	1	128	0	1	500	302	42	46	1942	0	0	0	1	
6929	103495769	0	0	0	0	1	128	0	1	500	302	42	46	1957	0	0	0	1	
6930	103495802	0	0	0	0	1	128	0	1	500	302	42	47	1971	0	0	0	1	
6931	103495835	0	0	0	0	1	128	0	1	500	302	42	47	1991	0	0	0	1	
6932	103495869	0	0	0	0	1	128	0	1	500	302	42	47	1992	0	0	0	1	
6933	103495902	0	0	0	0	1	128	0	1	500	302	42	47	1986	0	0	0	1	
6934	103495935	0	0	0	0	1	128	0	1	500	302	42	47	1968	0	0	0	1	
6935	103495969	0	0	0	0	1	128	0	1	502	316	41	45	1851	0	0	0	1	
6936	103496002	0	0	0	0	1	128	0	1	512	334	39	47	1842	0	0	0	1	
6937	103496035	0	0	0	0	1	128	0	1	512	332	40	47	1870	0	0	0	1	
6938	103496069	0	0	0	0	1	128	0	1	514	332	40	47	1862	0	0	0	1	
6939	103496102	0	0	0	0	1	128	0	1	512	332	40	47	1868	0	0	0	1	
6940	103496136	0	0	0	0	1	128	0	1	512	332	39	47	1856	0	0	0	1	
6941	103496169	0	0	0	0	1	128	0	1	512	332	39	47	1847	0	0	0	1	
6942	103496202	0	0	0	0	1	128	0	1	514	332	39	47	1854	0	0	0	1	
6943	103496236	0	0	0	0	1	128	0	1	512	332	39	47	1854	0	0	0	1	
6944	103496269	0	0	0	0	1	128	0	1	512	332	40	47	1860	0	0	0	1	
6945	103496302	0	0	0	0	1	128	0	1	498	326	42	46	1949	0	0	0	1	
6946	103496336	0	0	0	0	1	128	0	1	488	312	43	47	2015	0	0	0	1	
6947	103496369	0	0	0	0	1	128	0	1	486	312	43	47	2016	0	0	0	1	
6948	103496402	0	0	0	0	1	128	0	1	486	314	43	47	2028	0	0	0	1	
6949	103496436	0	0	0	0	1	128	0	1	486	314	44	47	2047	0	0	0	1	
6950	103496469	0	0	0	0	1	128	0	1	486	314	44	48	2076	0	0	0	1	
6951	103496503	0	0	0	0	1	128	0	1	486	314	44	48	2091	0	0	0	1	
6952	103496536	0	0	0	0	1	128	0	1	486	314	44	48	2117	0	0	0	1	
6953	103496569	0	0	0	0	1	128	0	1	484	314	44	48	2142	0	0	0	1	
6954	103496603	0	0	0	0	1	128	0	1	484	314	45	48	2162	0	0	0	1	
6955	103496636	0	0	0	0	1	128	0	1	484	314	45	49	2176	0	0	0	1	
6956	103496669	0	0	0	0	1	128	0	1	484	314	45	49	2187	0	0	0	1	
6957	103496703	0	0	0	0	1	128	0	1	484	314	45	49	2190	0	0	0	1	
6958	103496736	0	0	0	0	1	128	0	1	484	314	45	49	2196	0	0	0	1	
6959	103496770	0	0	0	0	1	128	0	1	484	314	45	49	2196	0	0	0	1	
6960	103496803	0	0	0	0	1	128	0	1	484	314	45	49	2209	0	0	0	1	
6961	103496836	0	0	0	0	1	128	0	1	484	316	45	49	2214	0	0	0	1	
6962	103496870	0	0	0	0	1	128	0	1	484	316	45	49	2218	0	0	0	1	
6963	103496903	0	0	0	0	1	128	0	1	484	316	45	49	2222	0	0	0	1	
6964	103496936	0	0	0	0	1	128	0	1	484	316	45	50	2225	0	0	0	1	
6965	103496970	0	0	0	0	1	128	0	1	488	318	44	48	2144	0	0	0	1	
6966	103497003	0	0	0	0	1	128	0	1	504	328	43	50	2114	0	0	0	1	
6967	103497037	0	0	0	0	1	128	0	1	504	328	43	50	2122	0	0	0	1	
6968	103497070	0	0	0	0	1	128	0	1	504	328	43	50	2126	0	0	0	1	
6969	103497103	0	0	0	0	1	128	0	1	504	328	43	50	2124	0	0	0	1	
6970	103497137	0	0	0	0	1	128	0	1	504	328	43	50	2129	0	0	0	1	
6971	103497170	0	0	0	0	1	128	0	1	504	328	43	50	2133	0	0	0	1	
6972	103497203	0	0	0	0	1	128	0	1	504	328	43	50	2133	0	0	0	1	
6973	103497237	0	0	0	0	1	128	0	1	504	328	43	50	2130	0	0	0	1	
6974	103497270	0	0	0	0	1	128	0	1	504	328	43	50	2128	0	0	0	1	
6975	103497303	0	0	0	0	1	128	0	1	504	328	43	50	2130	0	0	0	1	
6976	103497337	0	0	0	0	1	128	0	1	504	328	43	50	2124	0	0	0	1	
6977	103497370	0	0	0	0	1	128	0	1	504	328	43	50	2130	0	0	0	1	
6978	103497404	0	0	0	0	1	128	0	1	504	328	43	50	2138	0	0	0	1	
6979	103497437	0	0	0	0	1	128	0	1	504	328	43	50	2143	0	0	0	1	
6980	103497470	0	0	0	0	1	128	0	1	504	328	43	50	2154	0	0	0	1	
6981	103497504	0	0	0	0	1	128	0	1	504	328	43	50	2165	0	0	0	1	
6982	103497537	0	0	0	0	1	128	0	1	504	328	43	50	2169	0	0	0	1	
6983	103497570	0	0	0	0	1	128	0	1	504	328	43	50	2187	0	0	0	1	
6984	103497604	0	0	0	0	1	128	0	1	504	328	44	51	2206	0	0	0	1	
6985	103497637	0	0	0	0	1	128	0	1	504	328	44	51	2217	0	0	0	1	
6986	103497671	0	0	0	0	1	128	0	1	504	328	44	51	2231	0	0	0	1	
6987	103497704	0	0	0	0	1	128	0	1	504	328	44	51	2243	0	0	0	1	
6988	103497737	0	0	0	0	1	128	0	1	504	328	44	51	2236	0	0	0	1	
6989	103497771	0	0	0	0	1	128	0	1	504	328	44	51	2246	0	0	0	1	
6990	103497804	0	0	0	0	1	128	0	1	504	328	44	51	2242	0	0	0	1	
6991	103497837	0	0	0	0	1	128	0	1	500	322	45	51	2286	0	0	0	1	
6992	103497871	0	0	0	0	1	128	0	1	498	320	45	51	2277	0	0	0	1	
6993	103497904	0	0	0	0	1	128	0	1	498	320	45	51	2287	0	0	0	1	
6994	103497937	0	0	0	0	1	128	0	1	496	320	45	51	2290	0	0	0	1	
6995	103497971	0	0	0	0	1	128	0	1	496	320	45	51	2294	0	0	0	1	
6996	103498004	0	0	0	0	1	128	0	1	490	320	46	51	2353	0	0	0	1	
6997	103498038	0	0	0	0	1	128	0	1	486	320	46	51	2351	0	0	0	1	
6998	103498071	0	0	0	0	1	128	0	1	486	320	46	51	2357	0	0	0	1	
6999	103498104	0	0	0	0	1	128	0	1	486	320	46	51	2369	0	0	0	1	
7000	103498138	0	0	0	0	1	128	0	1	484	320	47	51	2376	0	0	0	1	
7001	103498171	0	0	0	0	1	128	0	1	484	322	47	51	2394	0	0	0	1	
7002	103498204	0	0	0	0	1	128	0	1	482	322	47	51	2386	0	0	0	1	
7003	103498238	0	0	0	0	1	128	0	1	480	324	47	51	2370	0	0	0	1	
7004	103498271	0	0	0	0	1	128	0	1	480	326	46	51	2344	0	0	0	1	
7005	103498304	0	0	0	0	1	128	0	1	478	326	46	51	2333	0	0	0	1	
7006	103498338	0	0	0	0	1	128	0	1	470	330	47	50	2348	0	0	0	1	
7007	103498371	0	0	0	0	1	128	0	1	468	332	46	50	2313	0	0	0	1	
7008	103498405	0	0	0	0	1	128	0	1	468	334	46	49	2267	0	0	0	1	
7009	103498438	0	0	0	0	1	128	0	1	468	336	44	49	2152	0	0	0	1	
7010	103498471	0	0	0	0	1	128	0	1	468	338	44	48	2117	0	0	0	1	
7011	103498505	0	0	0	0	1	128	0	1	466	338	45	48	2170	0	0	0	1	
7012	103498538	0	0	0	0	1	128	0	1	466	340	44	49	2152	0	0	0	1	
7013	103498571	0	0	0	0	1	128	0	1	468	342	44	48	2120	0	0	0	1	
7014	103498605	0	0	0	0	1	128	0	1	468	342	45	48	2155	0	0	0	1	
7015	103498638	0	0	0	0	1	128	0	1	468	344	45	48	2166	0	0	0	1	
7016	103498672	0	0	0	0	1	128	0	1	468	346	45	49	2173	0	0	0	1	
7017	103498705	0	0	0	0	1	128	0	1	468	348	44	48	2106	0	0	0	1	
7018	103498738	0	0	0	0	1	128	0	1	470	348	45	48	2161	0	0	0	1	
7019	103498772	0	0	0	0	1	128	0	1	470	348	45	49	2179	0	0	0	1	
7020	103498805	0	0	0	0	1	128	0	1	472	350	45	49	2172	0	0	0	1	
7021	103498838	0	0	0	0	1	128	0	1	474	350	45	49	2170	0	0	0	1	
7022	103498872	0	0	0	0	1	128	0	1	476	350	45	49	2178	0	0	0	1	
7023	103498905	0	0	0	0	1	128	0	1	476	350	44	49	2170	0	0	0	1	
7024	103498938	0	0	0	0	1	128	0	1	478	350	44	49	2169	0	0	0	1	
7025	103498972	0	0	0	0	1	128	0	1	480	352	44	49	2160	0	0	0	1	
7026	103499005	0	0	0	0	1	128	0	1	482	352	44	49	2150	0	0	0	1	
7027	103499039	0	0	0	0	1	128	0	1	484	352	44	49	2147	0	0	0	1	
7028	103499072	0	0	0	0	1	128	0	1	486	352	43	49	2132	0	0	0	1	
7029	103499105	0	0	0	0	1	128	0	1	488	350	43	49	2128	0	0	0	1	
7030	103499139	0	0	0	0	1	128	0	1	490	350	43	49	2119	0	0	0	1	
7031	103499172	0	0	0	0	1	128	0	1	492	350	43	49	2127	0	0	0	1	
7032	103499205	0	0	0	0	1	128	0	1	494	348	43	49	2110	0	0	0	1	
7033	103499239	0	0	0	0	1	128	0	1	496	348	43	49	2111	0	0	0	1	
7034	103499272	0	0	0	0	1	128	0	1	496	346	43	49	2089	0	0	0	1	
7035	103499305	0	0	0	0	1	128	0	1	498	346	43	49	2079	0	0	0	1	
7036	103499339	0	0	0	0	1	128	0	1	498	344	42	49	2047	0	0	0	1	
7037	103499372	0	0	0	0	1	128	0	1	500	342	42	48	2027	0	0	0	1	
7038	103499406	0	0	0	0	1	128	0	1	500	340	42	48	1992	0	0	0	1	
7039	103499439	0	0	0	0	1	128	0	1	502	340	41	48	1971	0	0	0	1	
7040	103499472	0	0	0	0	1	128	0	1	502	334	41	48	1971	0	0	0	1	
7041	103499506	0	0	0	0	1	128	0	1	504	334	41	47	1951	0	0	0	1	
7042	103499539	0	0	0	0	1	128	0	1	504	332	41	47	1929	0	0	0	1	
7043	103499573	0	0	0	0	1	128	0	1	504	330	41	47	1926	0	0	0	1	
7044	103499606	0	0	0	0	1	128	0	1	504	330	41	47	1906	0	0	0	1	
7045	103499639	0	0	0	0	1	128	0	1	504	330	41	46	1884	0	0	0	1	
7046	103499673	0	0	0	0	1	128	0	1	504	328	41	46	1871	0	0	0	1	
7047	103499706	0	0	0	0	1	128	0	1	502	328	41	46	1880	0	0	0	1	
7048	103499739	0	0	0	0	1	128	0	1	504	328	41	46	1876	0	0	0	1	
7049	103499773	0	0	0	0	1	128	0	1	504	328	41	46	1873	0	0	0	1	
7050	103499806	0	0	0	0	1	128	0	1	504	328	40	46	1856	0	0	0	1	
7051	103499839	0	0	0	0	1	128	0	1	504	328	40	46	1852	0	0	0	1	
7052	103499873	0	0	0	0	1	128	0	1	504	328	40	46	1845	0	0	0	1	
7053	103499906	0	0	0	0	1	128	0	1	504	328	40	46	1852	0	0	0	1	
7054	103499940	0	0	0	0	1	128	0	1	504	328	40	46	1857	0	0	0	1	
7055	103499973	0	0	0	0	1	128	0	1	504	328	40	46	1861	0	0	0	1	
7056	103500006	0	0	0	0	1	128	0	1	504	328	41	46	1868	0	0	0	1	
7057	103500040	0	0	0	0	1	128	0	1	502	328	41	46	1868	0	0	0	1	
7058	103500073	0	0	0	0	1	128	0	1	504	328	41	46	1879	0	0	0	1	
7059	103500106	0	0	0	0	1	128	0	1	504	328	41	46	1871	0	0	0	1	
7060	103500140	0	0	0	0	1	128	0	1	504	328	41	46	1866	0	0	0	1	
7061	103500173	0	0	0	0	1	128	0	1	504	328	41	46	1864	0	0	0	1	
7062	103500206	0	0	0	0	1	128	0	1	504	328	41	46	1856	0	0	0	1	
7063	103500240	0	0	0	0	1	128	0	1	504	328	41	46	1850	0	0	0	1	
7064	103500273	0	0	0	0	1	128	0	1	504	328	40	46	1847	0	0	0	1	
7065	103500307	0	0	0	0	1	128	0	1	504	328	40	46	1847	0	0	0	1	
7066	103500340	0	0	0	0	1	128	0	1	504	328	40	46	1846	0	0	0	1	
7067	103500373	0	0	0	0	1	128	0	1	504	328	40	46	1844	0	0	0	1	
7068	103500407	0	0	0	0	1	128	0	1	504	328	40	46	1847	0	0	0	1	
7069	103500440	0	0	0	0	1	128	0	1	504	328	41	46	1851	0	0	0	1	
7070	103500473	0	0	0	0	1	128	0	1	504	330	40	46	1857	0	0	0	1	
7071	103500507	0	0	0	0	1	128	0	1	504	330	40	46	1855	0	0	0	1	
7072	103500540	0	0	0	0	1	128	0	1	502	328	40	46	1854	0	0	0	1	
7073	103500574	0	0	0	0	1	128	0	1	502	330	40	46	1858	0	0	0	1	
7074	103500607	0	0	0	0	1	128	0	1	502	330	40	46	1854	0	0	0	1	
7075	103500640	0	0	0	0	1	128	0	1	502	328	40	46	1853	0	0	0	1	
7076	103500674	0	0	0	0	1	128	0	1	502	330	40	46	1855	0	0	0	1	
7077	103500707	0	0	0	0	1	128	0	1	504	328	40	46	1848	0	0	0	1	
7078	103500740	0	0	0	0	1	128	0	1	502	328	40	46	1856	0	0	0	1	
7079	103500774	0	0	0	0	1	128	0	1	502	330	40	46	1858	0	0	0	1	
7080	103500807	0	0	0	0	1	128	0	1	504	330	40	46	1866	0	0	0	1	
7081	103500840	0	0	0	0	1	128	0	1	506	318	40	47	1883	0	0	0	1	
7082	103500874	0	0	0	0	1	128	0	1	504	300	41	46	1900	0	0	0	1	
7083	103500907	0	0	0	0	1	128	0	1	504	300	41	46	1879	0	0	0	1	
7084	103500941	0	0	0	0	1	128	0	1	504	300	41	46	1882	0	0	0	1	
7085	103500974	0	0	0	0	1	128	0	1	502	300	41	46	1883	0	0	0	1	
7086	103501007	0	0	0	0	1	128	0	1	502	302	41	46	1890	0	0	0	1	
7087	103501041	0	0	0	0	1	128	0	1	502	302	41	46	1895	0	0	0	1	
7088	103501074	0	0	0	0	1	128	0	1	502	302	41	46	1899	0	0	0	1	
7089	103501107	0	0	0	0	1	128	0	1	502	302	41	46	1906	0	0	0	1	
7090	103501141	0	0	0	0	1	128	0	1	502	302	41	46	1910	0	0	0	1	
7091	103501174	0	0	0	0	1	128	0	1	502	302	41	47	1922	0	0	0	1	
7092	103501208	0	0	0	0	1	128	0	1	502	302	41	46	1925	0	0	0	1	
7093	103501241	0	0	0	0	1	128	0	1	502	302	42	47	1938	0	0	0	1	
7094	103501274	0	0	0	0	1	128	0	1	502	302	42	46	1936	0	0	0	1	
7095	103501308	0	0	0	0	1	128	0	1	502	302	42	46	1930	0	0	0	1	
7096	103501341	0	0	0	0	1	128	0	1	502	302	42	46	1922	0	0	0	1	
7097	103501374	0	0	0	0	1	128	0	1	502	302	42	46	1915	0	0	0	1	
7098	103501408	0	0	0	0	1	128	0	1	502	302	41	46	1907	0	0	0	1	
7099	103501441	0	0	0	0	1	128	0	1	502	302	41	46	1904	0	0	0	1	
7100	103501474	0	0	0	0	1	128	0	1	502	302	41	46	1896	0	0	0	1	
7101	103501508	0	0	0	0	1	128	0	1	502	302	41	46	1889	0	0	0	1	
7102	103501541	0	0	0	0	1	128	0	1	522	302	38	45	1713	0	0	0	1	
7103	103501575	0	0	0	0	1	128	0	1	538	298	36	46	1674	0	0	0	1	
7104	103501608	0	0	0	0	1	128	0	1	538	298	36	46	1681	0	0	0	1	
7105	103501641	0	0	0	0	1	128	0	1	538	298	36	46	1684	0	0	0	1	
7106	103501675	0	0	0	0	1	128	0	1	536	298	37	46	1698	0	0	0	1	
7107	103501708	0	0	0	0	1	128	0	1	536	298	37	47	1700	0	0	0	1	
7108	103501741	0	0	0	0	1	128	0	1	538	298	37	47	1702	0	0	0	1	
7109	103501775	0	0	0	0	1	128	0	1	538	298	36	46	1683	0	0	0	1	
7110	103501808	0	0	0	0	1	128	0	1	538	298	36	46	1668	0	0	0	1	
7111	103501842	0	0	0	0	1	128	0	1	538	298	36	46	1664	0	0	0	1	
7112	103501875	0	0	0	0	1	128	0	1	538	298	36	46	1652	0	0	0	1	
7113	103501908	0	0	0	0	1	128	0	1	538	310	36	45	1600	0	0	0	1	
7114	103501942	0	0	0	0	1	128	0	1	538	324	35	45	1588	0	0	0	1	
7115	103501975	0	0	0	0	1	128	0	1	540	324	35	45	1589	0	0	0	1	
7116	103502008	0	0	0	0	1	128	0	1	540	324	35	45	1603	0	0	0	1	
7117	103502042	0	0	0	0	1	128	0	1	540	324	35	46	1608	0	0	0	1	
7118	103502075	0	0	0	0	1	128	0	1	540	324	35	46	1614	0	0	0	1	
7119	103502108	0	0	0	0	1	128	0	1	540	326	35	46	1619	0	0	0	1	
7120	103502142	0	0	0	0	1	128	0	1	540	326	36	46	1624	0	0	0	1	
7121	103502175	0	0	0	0	1	128	0	1	540	324	36	46	1634	0	0	0	1	
7122	103502209	0	0	0	0	1	128	0	1	540	326	36	46	1647	0	0	0	1	
7123	103502242	0	0	0	0	1	128	0	1	540	326	36	46	1653	0	0	0	1	
7124	103502275	0	0	0	0	1	128	0	1	538	326	36	47	1666	0	0	0	1	
7125	103502309	0	0	0	0	1	128	0	1	538	326	36	47	1684	0	0	0	1	
7126	103502342	0	0	0	0	1	128	0	1	538	326	36	47	1692	0	0	0	1	
7127	103502375	0	0	0	0	1	128	0	1	536	316	37	48	1773	0	0	0	1	
7128	103502409	0	0	0	0	1	128	0	1	532	310	38	47	1791	0	0	0	1	
7129	103502442	0	0	0	0	1	128	0	1	532	310	38	47	1799	0	0	0	1	
7130	103502475	0	0	0	0	1	128	0	1	530	310	38	47	1821	0	0	0	1	
7131	103502509	0	0	0	0	1	128	0	1	528	312	39	47	1843	0	0	0	1	
7132	103502542	0	0	0	0	1	128	0	1	528	312	39	48	1882	0	0	0	1	
7133	103502576	0	0	0	0	1	128	0	1	526	314	39	48	1902	0	0	0	1	
7134	103502609	0	0	0	0	1	128	0	1	524	314	40	48	1914	0	0	0	1	
7135	103502642	0	0	0	0	1	128	0	1	520	316	40	48	1932	0	0	0	1	
7136	103502676	0	0	0	0	1	128	0	1	514	320	41	49	2025	0	0	0	1	
7137	103502709	0	0	0	0	1	128	0	1	512	320	42	49	2037	0	0	0	1	
7138	103502742	0	0	0	0	1	128	0	1	510	322	42	49	2048	0	0	0	1	
7139	103502776	0	0	0	0	1	128	0	1	510	324	42	49	2071	0	0	0	1	
7140	103502809	0	0	0	0	1	128	0	1	508	324	42	49	2087	0	0	0	1	
7141	103502843	0	0	0	0	1	128	0	1	506	326	43	49	2091	0	0	0	1	
7142	103502876	0	0	0	0	1	128	0	1	506	326	43	49	2101	0	0	0	1	
7143	103502909	0	0	0	0	1	128	0	1	504	328	43	49	2100	0	0	0	1	
7144	103502943	0	0	0	0	1	128	0	1	502	328	43	49	2096	0	0	0	1	
7145	103502976	0	0	0	0	1	128	0	1	502	330	43	49	2090	0	0	0	1	
7146	103503009	0	0	0	0	1	128	0	1	500	332	43	49	2079	0	0	0	1	
7147	103503043	0	0	0	0	1	128	0	1	498	332	43	48	2080	0	0	0	1	
7148	103503076	0	0	0	0	1	128	0	1	498	332	43	48	2072	0	0	0	1	
7149	103503110	0	0	0	0	1	128	0	1	496	334	43	48	2070	0	0	0	1	
7150	103503143	0	0	0	0	1	128	0	1	496	334	43	49	2074	0	0	0	1	
7151	103503176	0	0	0	0	1	128	0	1	496	334	43	48	2071	0	0	0	1	
7152	103503210	0	0	0	0	1	128	0	1	498	332	43	49	2067	0	0	0	1	
7153	103503243	0	0	0	0	1	128	0	1	500	330	42	48	2039	0	0	0	1	
7154	103503276	0	0	0	0	1	128	0	1	500	330	42	48	2040	0	0	0	1	
7155	103503310	0	0	0	0	1	128	0	1	500	330	42	48	2029	0	0	0	1	
7156	103503343	0	0	0	0	1	128	0	1	500	330	42	48	2026	0	0	0	1	
7157	103503377	0	0	0	0	1	128	0	1	500	330	42	48	2017	0	0	0	1	
7158	103503410	0	0	0	0	1	128	0	1	500	330	42	48	2019	0	0	0	1	
7159	103503443	0	0	0	0	1	128	0	1	500	330	42	48	2031	0	0	0	1	
7160	103503477	0	0	0	0	1	128	0	1	500	330	42	48	2044	0	0	0	1	
7161	103503510	0	0	0	0	1	128	0	1	500	330	42	48	2049	0	0	0	1	
7162	103503543	0	0	0	0	1	128	0	1	500	330	43	48	2064	0	0	0	1	
7163	103503577	0	0	0	0	1	128	0	1	500	330	43	48	2063	0	0	0	1	
7164	103503610	0	0	0	0	1	128	0	1	500	330	43	48	2080	0	0	0	1	
7165	103503643	0	0	0	0	1	128	0	1	500	330	43	49	2080	0	0	0	1	
7166	103503677	0	0	0	0	1	128	0	1	500	330	43	49	2099	0	0	0	1	
7167	103503710	0	0	0	0	1	128	0	1	500	330	43	49	2105	0	0	0	1	
7168	103503743	0	0	0	0	1	128	0	1	500	330	43	49	2111	0	0	0	1	
7169	103503777	0	0	0	0	1	128	0	1	500	330	43	49	2103	0	0	0	1	
7170	103503810	0	0	0	0	1	128	0	1	500	330	43	49	2101	0	0	0	1	
7171	103503844	0	0	0	0	1	128	0	1	500	330	43	49	2087	0	0	0	1	
7172	103503877	0	0	0	0	1	128	0	1	506	318	42	49	2071	0	0	0	1	
7173	103503910	0	0	0	0	1	128	0	1	506	314	43	48	2028	0	0	0	1	
7174	103503944	0	0	0	0	1	128	0	1	506	314	42	47	1992	0	0	0	1	
7175	103503977	0	0	0	0	1	128	0	1	506	314	42	47	1964	0	0	0	1	
7176	103504010	0	0	0	0	1	128	0	1	506	314	42	47	1945	0	0	0	1	
7177	103504044	0	0	0	0	1	128	0	1	506	314	42	46	1930	0	0	0	1	
7178	103504077	0	0	0	0	1	128	0	1	506	314	41	47	1928	0	0	0	1	
7179	103504111	0	0	0	0	1	128	0	1	506	314	41	46	1924	0	0	0	1	
7180	103504144	0	0	0	0	1	128	0	1	506	314	41	47	1924	0	0	0	1	
7181	103504177	0	0	0	0	1	128	0	1	506	314	41	47	1919	0	0	0	1	
7182	103504211	0	0	0	0	1	128	0	1	506	314	41	47	1936	0	0	0	1	
7183	103504244	0	0	0	0	1	128	0	1	506	314	41	47	1938	0	0	0	1	
7184	103504277	0	0	0	0	1	128	0	1	506	314	42	47	1947	0	0	0	1	
7185	103504311	0	0	0	0	1	128	0	1	506	314	42	47	1957	0	0	0	1	
7186	103504344	0	0	0	0	1	128	0	1	506	314	42	47	1961	0	0	0	1	
7187	103504378	0	0	0	0	1	128	0	1	506	314	42	47	1961	0	0	0	1	
7188	103504411	0	0	0	0	1	128	0	1	506	314	42	47	1960	0	0	0	1	
7189	103504444	0	0	0	0	1	128	0	1	506	316	42	47	1956	0	0	0	1	
7190	103504478	0	0	0	0	1	128	0	1	506	316	41	47	1944	0	0	0	1	
7191	103504511	0	0	0	0	1	128	0	1	506	316	41	47	1933	0	0	0	1	
7192	103504544	0	0	0	0	1	128	0	1	506	316	41	47	1931	0	0	0	1	
7193	103504578	0	0	0	0	1	128	0	1	506	316	41	46	1917	0	0	0	1	
7194	103504611	0	0	0	0	1	128	0	1	500	326	42	46	1931	0	0	0	1	
7195	103504644	0	0	0	0	1	128	0	1	500	326	42	47	1941	0	0	0	1	
7196	103504678	0	0	0	0	1	128	0	1	500	326	42	47	1944	0	0	0	1	
7197	103504711	0	0	0	0	1	128	0	1	500	326	42	47	1949	0	0	0	1	
7198	103504745	0	0	0	0	1	128	0	1	500	326	42	47	1955	0	0	0	1	
7199	103504778	0	0	0	0	1	128	0	1	500	326	42	47	1959	0	0	0	1	
7200	103504811	0	0	0	0	1	128	0	1	500	326	42	47	1953	0	0	0	1	
7201	103504845	0	0	0	0	1	128	0	1	500	326	42	47	1937	0	0	0	1	
7202	103504878	0	0	0	0	1	128	0	1	500	326	41	46	1908	0	0	0	1	
7203	103504911	0	0	0	0	1	128	0	1	500	326	41	46	1885	0	0	0	1	
7204	103504945	0	0	0	0	1	128	0	1	500	326	41	46	1873	0	0	0	1	
7205	103504978	0	0	0	0	1	128	0	1	500	328	41	46	1861	0	0	0	1	
7206	103505012	0	0	0	0	1	128	0	1	500	326	41	45	1845	0	0	0	1	
7207	103505045	0	0	0	0	1	128	0	1	500	326	41	45	1840	0	0	0	1	
7208	103505078	0	0	0	0	1	128	0	1	500	326	40	45	1828	0	0	0	1	
7209	103505112	0	0	0	0	1	128	0	1	500	326	40	45	1824	0	0	0	1	
7210	103505145	0	0	0	0	1	128	0	1	500	326	40	45	1821	0	0	0	1	
7211	103505178	0	0	0	0	1	128	0	1	500	326	40	45	1805	0	0	0	1	
7212	103505212	0	0	0	0	1	128	0	1	500	328	40	45	1793	0	0	0	1	
7213	103505245	0	0	0	0	1	128	0	1	500	328	40	45	1779	0	0	0	1	
7214	103505278	0	0	0	0	1	128	0	1	500	328	40	44	1763	0	0	0	1	
7215	103505312	0	0	0	0	1	128	0	1	500	326	39	44	1743	0	0	0	1	
7216	103505345	0	0	0	0	1	128	0	1	520	308	37	45	1660	0	0	0	1	
7217	103505379	0	0	0	0	1	128	0	1	522	306	37	44	1649	0	0	0	1	
7218	103505412	0	0	0	0	1	128	0	1	522	308	38	44	1666	0	0	0	1	
7219	103505445	0	0	0	0	1	128	0	1	522	308	38	45	1671	0	0	0	1	
7220	103505479	0	0	0	0	1	128	0	1	522	308	38	45	1694	0	0	0	1	
7221	103505512	0	0	0	0	1	128	0	1	522	308	38	45	1713	0	0	0	1	
7222	103505545	0	0	0	0	1	128	0	1	522	308	38	46	1740	0	0	0	1	
7223	103505579	0	0	0	0	1	128	0	1	522	308	38	46	1760	0	0	0	1	
7224	103505612	0	0	0	0	1	128	0	1	522	308	39	46	1779	0	0	0	1	
7225	103505645	0	0	0	0	1	128	0	1	522	308	39	46	1798	0	0	0	1	
7226	103505679	0	0	0	0	1	128	0	1	522	308	39	47	1827	0	0	0	1	
7227	103505712	0	0	0	0	1	128	0	1	522	308	39	47	1848	0	0	0	1	
7228	103505746	0	0	0	0	1	128	0	1	522	308	39	47	1855	0	0	0	1	
7229	103505779	0	0	0	0	1	128	0	1	522	308	39	47	1855	0	0	0	1	
7230	103505812	0	0	0	0	1	128	0	1	522	308	39	47	1858	0	0	0	1	
7231	103505846	0	0	0	0	1	128	0	1	522	308	39	47	1845	0	0	0	1	
7232	103505879	0	0	0	0	1	128	0	1	522	308	39	47	1838	0	0	0	1	
7233	103505912	0	0	0	0	1	128	0	1	522	308	39	47	1819	0	0	0	1	
7234	103505946	0	0	0	0	1	128	0	1	522	308	39	46	1804	0	0	0	1	
7235	103505979	0	0	0	0	1	128	0	1	522	308	39	46	1799	0	0	0	1	
7236	103506013	0	0	0	0	1	128	0	1	522	308	39	46	1798	0	0	0	1	
7237	103506046	0	0	0	0	1	128	0	1	522	308	39	46	1803	0	0	0	1	
7238	103506079	0	0	0	0	1	128	0	1	522	308	39	47	1809	0	0	0	1	
7239	103506113	0	0	0	0	1	128	0	1	522	308	39	47	1815	0	0	0	1	
7240	103506146	0	0	0	0	1	128	0	1	522	308	39	47	1819	0	0	0	1	
7241	103506179	0	0	0	0	1	128	0	1	520	308	39	47	1835	0	0	0	1	
7242	103506213	0	0	0	0	1	128	0	1	520	306	40	47	1851	0	0	0	1	
7243	103506246	0	0	0	0	1	128	0	1	514	296	40	47	1882	0	0	0	1	
7244	103506280	0	0	0	0	1	128	0	1	512	296	40	47	1887	0	0	0	1	
7245	103506313	0	0	0	0	1	128	0	1	512	296	40	47	1886	0	0	0	1	
7246	103506346	0	0	0	0	1	128	0	1	510	296	41	47	1911	0	0	0	1	
7247	103506380	0	0	0	0	1	128	0	1	510	296	41	47	1941	0	0	0	1	
7248	103506413	0	0	0	0	1	128	0	1	508	298	41	47	1938	0	0	0	1	
7249	103506446	0	0	0	0	1	128	0	1	498	298	42	47	2010	0	0	0	1	
7250	103506480	0	0	0	0	1	128	0	1	496	300	43	47	2019	0	0	0	1	
7251	103506513	0	0	0	0	1	128	0	1	494	300	43	47	2033	0	0	0	1	
7252	103506546	0	0	0	0	1	128	0	1	492	302	43	47	2026	0	0	0	1	
7253	103506580	0	0	0	0	1	128	0	1	492	302	43	47	2023	0	0	0	1	
7254	103506613	0	0	0	0	1	128	0	1	490	304	43	47	2023	0	0	0	1	
7255	103506647	0	0	0	0	1	128	0	1	488	306	43	47	2017	0	0	0	1	
7256	103506680	0	0	0	0	1	128	0	1	488	308	43	47	2026	0	0	0	1	
7257	103506713	0	0	0	0	1	128	0	1	484	310	43	47	2025	0	0	0	1	
7258	103506747	0	0	0	0	1	128	0	1	482	314	43	47	2010	0	0	0	1	
7259	103506780	0	0	0	0	1	128	0	1	480	314	43	47	2005	0	0	0	1	
7260	103506813	0	0	0	0	1	128	0	1	480	318	43	46	1984	0	0	0	1	
7261	103506847	0	0	0	0	1	128	0	1	480	320	43	46	2002	0	0	0	1	
7262	103506880	0	0	0	0	1	128	0	1	480	322	43	47	1996	0	0	0	1	
7263	103506913	0	0	0	0	1	128	0	1	480	324	43	46	1984	0	0	0	1	
7264	103506947	0	0	0	0	1	128	0	1	480	326	43	46	1960	0	0	0	1	
7265	103506980	0	0	0	0	1	128	0	1	480	328	42	46	1950	0	0	0	1	
7266	103507014	0	0	0	0	1	128	0	1	482	330	42	46	1935	0	0	0	1	
7267	103507047	0	0	0	0	1	128	0	1	482	332	42	46	1922	0	0	0	1	
7268	103507080	0	0	0	0	1	128	0	1	484	334	42	46	1907	0	0	0	1	
7269	103507114	0	0	0	0	1	128	0	1	486	334	41	46	1888	0	0	0	1	
7270	103507147	0	0	0	0	1	128	0	1	486	336	41	46	1876	0	0	0	1	
7271	103507180	0	0	0	0	1	128	0	1	488	338	41	45	1866	0	0	0	1	
7272	103507214	0	0	0	0	1	128	0	1	490	338	41	45	1857	0	0	0	1	
7273	103507247	0	0	0	0	1	128	0	1	492	338	41	45	1854	0	0	0	1	
7274	103507281	0	0	0	0	1	128	0	1	494	338	41	45	1854	0	0	0	1	
7275	103507314	0	0	0	0	1	128	0	1	496	338	41	46	1856	0	0	0	1	
7276	103507347	0	0	0	0	1	128	0	1	498	338	41	46	1856	0	0	0	1	
7277	103507381	0	0	0	0	1	128	0	1	500	338	40	46	1857	0	0	0	1	
7278	103507414	0	0	0	0	1	128	0	1	502	338	40	46	1846	0	0	0	1	
7279	103507447	0	0	0	0	1	128	0	1	504	338	40	46	1845	0	0	0	1	
7280	103507481	0	0	0	0	1	128	0	1	510	336	40	46	1837	0	0	0	1	
7281	103507514	0	0	0	0	1	128	0	1	512	336	39	47	1841	0	0	0	1	
7282	103507547	0	0	0	0	1	128	0	1	514	334	39	47	1842	0	0	0	1	
7283	103507581	0	0	0	0	1	128	0	1	516	332	39	47	1842	0	0	0	1	
7284	103507614	0	0	0	0	1	128	0	1	518	332	39	47	1829	0	0	0	1	
7285	103507648	0	0	0	0	1	128	0	1	518	330	39	46	1813	0	0	0	1	
7286	103507681	0	0	0	0	1	128	0	1	520	328	39	46	1804	0	0	0	1	
7287	103507714	0	0	0	0	1	128	0	1	520	326	39	46	1798	0	0	0	1	
7288	103507748	0	0	0	0	1	128	0	1	524	322	38	47	1804	0	0	0	1	
7289	103507781	0	0	0	0	1	128	0	1	526	320	38	47	1787	0	0	0	1	
7290	103507814	0	0	0	0	1	128	0	1	526	318	38	47	1782	0	0	0	1	
7291	103507848	0	0	0	0	1	128	0	1	526	318	39	46	1793	0	0	0	1	
7292	103507881	0	0	0	0	1	128	0	1	526	316	39	46	1795	0	0	0	1	
7293	103507915	0	0	0	0	1	128	0	1	526	314	39	47	1812	0	0	0	1	
7294	103507948	0	0	0	0	1	128	0	1	526	314	39	47	1821	0	0	0	1	
7295	103507981	0	0	0	0	1	128	0	1	524	306	39	47	1842	0	0	0	1	
7296	103508015	0	0	0	0	1	128	0	1	524	306	39	47	1851	0	0	0	1	
7297	103508048	0	0	0	0	1	128	0	1	524	306	40	47	1874	0	0	0	1	
7298	103508081	0	0	0	0	1	128	0	1	524	306	40	47	1881	0	0	0	1	
7299	103508115	0	0	0	0	1	128	0	1	524	306	40	47	1883	0	0	0	1	
7300	103508148	0	0	0	0	1	128	0	1	524	306	40	48	1898	0	0	0	1	
7301	103508182	0	0	0	0	1	128	0	1	524	306	40	48	1908	0	0	0	1	
7302	103508215	0	0	0	0	1	128	0	1	524	306	40	48	1914	0	0	0	1	
7303	103508248	0	0	0	0	1	128	0	1	524	306	40	48	1921	0	0	0	1	
7304	103508282	0	0	0	0	1	128	0	1	520	306	40	44	1761	0	0	0	1	
7305	103508315	0	0	0	0	1	128	0	0	0	0	0	0	0	0	0	0	1	
7306	103508348	0	0	0	0	1	128	0	0	0	0	0	0	0	0	0	0	1	
7307	103508382	0	0	0	0	1	128	0	0	0	0	0	0	0	0	0	0	1	
7308	103508415	0	0	0	0	1	128	0	0	0	0	0	0	0	0	0	0	1	
7309	103508448	0	0	0	0	1	128	0	1	520	318	40	48	1896	0	0	0	1	
7310	103508482	0	0	0	0	1	128	0	1	522	314	39	48	1892	0	0	0	1	
7311	103508515	0	0	0	0	1	128	0	1	522	312	39	47	1836	0	0	0	1	
7312	103508549	0	0	0	0	1	128	0	1	522	312	39	47	1830	0	0	0	1	
7313	103508582	0	0	0	0	1	128	0	1	524	312	38	47	1799	0	0	0	1	
7314	103508615	0	0	0	0	1	128	0	1	524	312	38	47	1780	0	0	0	1	
7315	103508649	0	0	0	0	1	128	0	1	524	310	38	47	1769	0	0	0	1	
7316	103508682	0	0	0	0	1	128	0	1	522	310	38	46	1754	0	0	0	1	
7317	103508715	0	0	0	0	1	128	0	1	522	308	38	46	1750	0	0	0	1	
7318	103508749	0	0	0	0	1	128	0	1	522	308	38	46	1741	0	0	0	1	
7319	103508782	0	0	0	0	1	128	0	1	522	310	38	46	1749	0	0	0	1	
7320	103508815	0	0	0	0	1	128	0	1	520	312	38	45	1679	0	0	0	1	
7321	103508849	0	0	0	0	1	128	0	0	0	0	0	0	0	0	0	0	1	
7322	103508882	0	0	0	0	1	128	0	0	0	0	0	0	0	0	0	0	1	
7323	103508916	0	0	0	0	1	128	0	0	0	0	0	0	0	0	0	0	1	
7324	103508949	0	0	0	0	1	128	0	0	0	0	0	0	0	0	0	0	1	
7325	103508982	0	0	0	0	1	128	0	0	0	0	0	0	0	0	0	0	1	
7326	103509016	0	0	0	0	1	128	0	1	520	310	38	46	1767	0	0	0	1	
7327	103509049	0	0	0	0	1	128	0	1	522	310	39	47	1830	0	0	0	1	
7328	103509082	0	0	0	0	1	128	0	1	522	308	39	47	1848	0	0	0	1	
7329	103509116	0	0	0	0	1	128	0	1	522	308	39	47	1852	0	0	0	1	
7330	103509149	0	0	0	0	1	128	0	1	522	308	39	47	1859	0	0	0	1	
7331	103509183	0	0	0	0	1	128	0	1	524	316	39	44	1718	0	0	0	1	
7332	103509216	0	0	0	0	1	128	0	1	532	340	36	47	1713	0	0	0	1	
7333	103509249	0	0	0	0	1	128	0	1	534	340	37	47	1730	0	0	0	1	
7334	103509283	0	0	0	0	1	128	0	1	534	340	37	47	1735	0	0	0	1	
7335	103509316	0	0	0	0	1	128	0	1	534	338	37	47	1736	0	0	0	1	
7336	103509349	0	0	0	0	1	128	0	1	534	340	37	47	1744	0	0	0	1	
7337	103509383	0	0	0	0	1	128	0	1	534	340	37	47	1739	0	0	0	1	
7338	103509416	0	0	0	0	1	128	0	1	534	342	36	47	1705	0	0	0	1	
7339	103509450	0	0	0	0	1	128	0	1	534	342	36	47	1703	0	0	0	1	
7340	103509483	0	0	0	0	1	128	0	1	534	342	36	47	1690	0	0	0	1	
7341	103509516	0	0	0	0	1	128	0	1	534	342	36	47	1666	0	0	0	1	
7342	103509550	0	0	0	0	1	128	0	1	534	342	36	46	1642	0	0	0	1	
7343	103509583	0	0	0	0	1	128	0	1	534	342	35	46	1607	0	0	0	1	
7344	103509616	0	0	0	0	1	128	0	1	536	342	35	45	1576	0	0	0	1	
7345	103509650	0	0	0	0	1	128	0	1	536	342	35	45	1556	0	0	0	1	
7346	103509683	0	0	0	0	1	128	0	1	534	342	34	45	1540	0	0	0	1	
7347	103509716	0	0	0	0	1	128	0	1	536	342	34	45	1539	0	0	0	1	
7348	103509750	0	0	0	0	1	128	0	1	536	342	34	45	1534	0	0	0	1	
7349	103509783	0	0	0	0	1	128	0	1	536	342	34	45	1542	0	0	0	1	
7350	103509817	0	0	0	0	1	128	0	1	536	342	34	45	1547	0	0	0	1	
7351	103509850	0	0	0	0	1	128	0	1	536	342	35	45	1559	0	0	0	1	
7352	103509883	0	0	0	0	1	128	0	1	536	342	35	45	1570	0	0	0	1	
7353	103509917	0	0	0	0	1	128	0	1	538	332	31	47	1448	0	0	0	1	
7354	103509950	0	0	0	0	1	128	0	1	542	324	35	46	1622	0	0	0	1	
7355	103509983	0	0	0	0	1	128	0	1	542	324	35	46	1630	0	0	0	1	
7356	103510017	0	0	0	0	1	128	0	1	542	324	35	47	1648	0	0	0	1	
7357	103510050	0	0	0	0	1	128	0	1	542	324	36	47	1669	0	0	0	1	
7358	103510084	0	0	0	0	1	128	0	1	542	324	36	47	1687	0	0	0	1	
7359	103510117	0	0	0	0	1	128	0	1	542	324	36	47	1687	0	0	0	1	
7360	103510150	0	0	0	0	1	128	0	1	542	324	36	47	1706	0	0	0	1	
7361	103510184	0	0	0	0	1	128	0	1	542	324	36	48	1721	0	0	0	1	
7362	103510217	0	0	0	0	1	128	0	1	540	324	36	48	1741	0	0	0	1	
7363	103510250	0	0	0	0	1	128	0	1	540	324	36	48	1751	0	0	0	1	
7364	103510284	0	0	0	0	1	128	0	1	540	324	36	48	1753	0	0	0	1	
7365	103510317	0	0	0	0	1	128	0	1	540	324	37	48	1766	0	0	0	1	
7366	103510350	0	0	0	0	1	128	0	1	540	324	37	48	1777	0	0	0	1	
7367	103510384	0	0	0	0	1	128	0	1	540	324	37	48	1785	0	0	0	1	
7368	103510417	0	0	0	0	1	128	0	1	540	324	37	49	1795	0	0	0	1	
7369	103510451	0	0	0	0	1	128	0	1	540	324	37	49	1804	0	0	0	1	
7370	103510484	0	0	0	0	1	128	0	1	540	324	37	49	1816	0	0	0	1	
7371	103510517	0	0	0	0	1	128	0	1	540	324	37	49	1819	0	0	0	1	
7372	103510551	0	0	0	0	1	128	0	1	540	324	37	49	1832	0	0	0	1	
7373	103510584	0	0	0	0	1	128	0	1	540	324	37	50	1854	0	0	0	1	
7374	103510617	0	0	0	0	1	128	0	1	506	334	48	51	2437	0	0	0	1	
7375	103510651	0	0	0	0	1	128	0	1	500	344	42	50	2068	0	0	0	1	
7376	103510684	0	0	0	0	1	128	0	1	500	344	42	50	2080	0	0	0	1	
7377	103510717	0	0	0	0	1	128	0	1	502	344	42	50	2108	0	0	0	1	
7378	103510751	0	0	0	0	1	128	0	1	502	344	42	50	2110	0	0	0	1	
7379	103510784	0	0	0	0	1	128	0	1	502	344	42	50	2115	0	0	0	1	
7380	103510818	0	0	0	0	1	128	0	1	502	344	42	50	2128	0	0	0	1	
7381	103510851	0	0	0	0	1	128	0	1	502	344	42	50	2129	0	0	0	1	
7382	103510884	0	0	0	0	1	128	0	1	502	344	42	50	2116	0	0	0	1	
7383	103510918	0	0	0	0	1	128	0	1	502	344	42	50	2097	0	0	0	1	
7384	103510951	0	0	0	0	1	128	0	1	506	350	36	48	1729	0	0	0	1	
7385	103510984	0	0	0	0	1	128	0	1	502	344	41	49	2041	0	0	0	1	
7386	103511018	0	0	0	0	1	128	0	1	502	346	41	49	2005	0	0	0	1	
7387	103511051	0	0	0	0	1	128	0	1	502	346	41	48	1979	0	0	0	1	
7388	103511085	0	0	0	0	1	128	0	1	502	346	41	48	1947	0	0	0	1	
7389	103511118	0	0	0	0	1	128	0	1	502	346	40	48	1923	0	0	0	1	
7390	103511151	0	0	0	0	1	128	0	1	502	346	40	48	1903	0	0	0	1	
7391	103511185	0	0	0	0	1	128	0	1	502	346	40	47	1893	0	0	0	1	
7392	103511218	0	0	0	0	1	128	0	1	502	346	40	47	1892	0	0	0	1	
7393	103511251	0	0	0	0	1	128	0	1	502	346	40	47	1886	0	0	0	1	
7394	103511285	0	0	0	0	1	128	0	1	502	346	40	47	1890	0	0	0	1	
7395	103511318	0	0	0	0	1	128	0	1	502	346	40	48	1905	0	0	0	1	
7396	103511351	0	0	0	0	1	128	0	1	502	346	40	48	1916	0	0	0	1	
7397	103511385	0	0	0	0	1	128	0	1	502	346	40	48	1929	0	0	0	1	
7398	103511418	0	0	0	0	1	128	0	1	504	340	40	48	1906	0	0	0	1	
7399	103511452	0	0	0	0	1	128	0	1	502	312	42	49	2046	0	0	0	1	
7400	103511485	0	0	0	0	1	128	0	1	500	310	43	48	2053	0	0	0	1	
7401	103511518	0	0	0	0	1	128	0	1	500	310	43	48	2068	0	0	0	1	
7402	103511552	0	0	0	0	1	128	0	1	500	310	43	49	2088	0	0	0	1	
7403	103511585	0	0	0	0	1	128	0	1	498	310	43	49	2106	0	0	0	1	
7404	103511618	0	0	0	0	1	128	0	1	498	310	43	49	2125	0	0	0	1	
7405	103511652	0	0	0	0	1	128	0	1	498	310	43	49	2134	0	0	0	1	
7406	103511685	0	0	0	0	1	128	0	1	498	310	44	49	2150	0	0	0	1	
7407	103511719	0	0	0	0	1	128	0	1	498	310	44	50	2162	0	0	0	1	
7408	103511752	0	0	0	0	1	128	0	1	498	310	44	50	2161	0	0	0	1	
7409	103511785	0	0	0	0	1	128	0	1	498	310	44	49	2144	0	0	0	1	
7410	103511819	0	0	0	0	1	128	0	1	498	310	43	49	2117	0	0	0	1	
7411	103511852	0	0	0	0	1	128	0	1	498	310	43	48	2098	0	0	0	1	
7412	103511885	0	0	0	0	1	128	0	1	498	310	43	48	2073	0	0	0	1	
7413	103511919	0	0	0	0	1	128	0	1	498	310	43	48	2057	0	0	0	1	
7414	103511952	0	0	0	0	1	128	0	1	498	310	43	48	2041	0	0	0	1	
7415	103511986	0	0	0	0	1	128	0	1	498	310	42	48	2015	0	0	0	1	
7416	103512019	0	0	0	0	1	128	0	1	498	310	42	47	1990	0	0	0	1	
7417	103512052	0	0	0	0	1	128	0	1	498	310	42	47	1980	0	0	0	1	
7418	103512086	0	0	0	0	1	128	0	1	498	310	42	47	1982	0	0	0	1	
7419	103512119	0	0	0	0	1	128	0	1	510	316	40	46	1829	0	0	0	1	
7420	103512152	0	0	0	0	1	128	0	1	520	324	39	47	1826	0	0	0	1	
7421	103512186	0	0	0	0	1	128	0	1	520	324	39	47	1820	0	0	0	1	
7422	103512219	0	0	0	0	1	128	0	1	522	324	39	47	1809	0	0	0	1	
7423	103512252	0	0	0	0	1	128	0	1	520	324	39	46	1803	0	0	0	1	
7424	103512286	0	0	0	0	1	128	0	1	522	324	39	46	1785	0	0	0	1	
7425	103512319	0	0	0	0	1	128	0	1	522	324	38	46	1771	0	0	0	1	
7426	103512353	0	0	0	0	1	128	0	1	522	324	38	46	1750	0	0	0	1	
7427	103512386	0	0	0	0	1	128	0	1	522	326	38	45	1708	0	0	0	1	
7428	103512419	0	0	0	0	1	128	0	1	522	326	37	45	1697	0	0	0	1	
7429	103512453	0	0	0	0	1	128	0	1	522	326	37	45	1689	0	0	0	1	
7430	103512486	0	0	0	0	1	128	0	1	522	326	37	45	1681	0	0	0	1	
7431	103512519	0	0	0	0	1	128	0	1	522	326	37	45	1679	0	0	0	1	
7432	103512553	0	0	0	0	1	128	0	1	522	326	37	45	1676	0	0	0	1	
7433	103512586	0	0	0	0	1	128	0	1	522	326	37	45	1682	0	0	0	1	
7434	103512619	0	0	0	0	1	128	0	1	524	326	37	45	1683	0	0	0	1	
7435	103512653	0	0	0	0	1	128	0	1	524	326	37	45	1683	0	0	0	1	
7436	103512686	0	0	0	0	1	128	0	1	524	326	37	45	1687	0	0	0	1	
7437	103512720	0	0	0	0	1	128	0	1	524	326	38	45	1696	0	0	0	1	
7438	103512753	0	0	0	0	1	128	0	1	524	326	38	45	1701	0	0	0	1	
7439	103512786	0	0	0	0	1	128	0	1	524	326	38	45	1713	0	0	0	1	
7440	103512820	0	0	0	0	1	128	0	1	524	326	38	46	1733	0	0	0	1	
7441	103512853	0	0	0	0	1	128	0	1	524	326	38	46	1755	0	0	0	1	
7442	103512886	0	0	0	0	1	128	0	1	520	326	38	46	1744	0	0	0	1	
7443	103512920	0	0	0	0	1	128	0	1	502	330	41	46	1891	0	0	0	1	
7444	103512953	0	0	0	0	1	128	0	1	502	330	41	46	1895	0	0	0	1	
7445	103512987	0	0	0	0	1	128	0	1	502	330	41	47	1924	0	0	0	1	
7446	103513020	0	0	0	0	1	128	0	1	502	330	41	47	1939	0	0	0	1	
7447	103513053	0	0	0	0	1	128	0	1	502	330	42	47	1969	0	0	0	1	
7448	103513087	0	0	0	0	1	128	0	1	502	330	42	47	1969	0	0	0	1	
7449	103513120	0	0	0	0	1	128	0	1	502	330	42	47	1980	0	0	0	1	
7450	103513153	0	0	0	0	1	128	0	1	502	332	42	47	1984	0	0	0	1	
7451	103513187	0	0	0	0	1	128	0	1	502	332	42	47	1981	0	0	0	1	
7452	103513220	0	0	0	0	1	128	0	1	502	332	42	48	1982	0	0	0	1	
7453	103513254	0	0	0	0	1	128	0	1	502	332	42	48	1982	0	0	0	1	
7454	103513287	0	0	0	0	1	128	0	1	502	332	42	47	1974	0	0	0	1	
7455	103513320	0	0	0	0	1	128	0	1	502	332	42	47	1969	0	0	0	1	
7456	103513354	0	0	0	0	1	128	0	1	502	332	42	47	1973	0	0	0	1	
7457	103513387	0	0	0	0	1	128	0	1	502	332	42	47	1974	0	0	0	1	
7458	103513420	0	0	0	0	1	128	0	1	502	332	42	47	1970	0	0	0	1	
7459	103513454	0	0	0	0	1	128	0	1	502	332	42	47	1976	0	0	0	1	
7460	103513487	0	0	0	0	1	128	0	1	502	332	42	47	1980	0	0	0	1	
7461	103513520	0	0	0	0	1	128	0	1	502	332	42	48	1990	0	0	0	1	
7462	103513554	0	0	0	0	1	128	0	1	502	332	42	48	1994	0	0	0	1	
7463	103513587	0	0	0	0	1	128	0	1	502	332	42	48	2007	0	0	0	1	
7464	103513620	0	0	0	0	1	128	0	1	502	332	42	48	2013	0	0	0	1	
7465	103513654	0	0	0	0	1	128	0	1	502	332	42	48	2039	0	0	0	1	
7466	103513687	0	0	0	0	1	128	0	1	502	342	42	47	1966	0	0	0	1	
7467	103513721	0	0	0	0	1	128	0	1	504	348	42	48	2012	0	0	0	1	
7468	103513754	0	0	0	0	1	128	0	1	504	348	41	49	2019	0	0	0	1	
7469	103513787	0	0	0	0	1	128	0	1	504	350	42	49	2031	0	0	0	1	
7470	103513821	0	0	0	0	1	128	0	1	502	350	42	49	2030	0	0	0	1	
7471	103513854	0	0	0	0	1	128	0	1	490	364	42	48	1998	0	0	0	1	
7472	103513887	0	0	0	0	1	128	0	1	488	368	42	49	2031	0	0	0	1	
7473	103513921	0	0	0	0	1	128	0	1	486	368	42	49	2019	0	0	0	1	
7474	103513954	0	0	0	0	1	128	0	1	484	370	42	48	2025	0	0	0	1	
7475	103513988	0	0	0	0	1	128	0	1	482	370	42	48	2007	0	0	0	1	
7476	103514021	0	0	0	0	1	128	0	1	478	372	42	48	2003	0	0	0	1	
7477	103514054	0	0	0	0	1	128	0	1	472	374	42	46	1945	0	0	0	1	
7478	103514088	0	0	0	0	1	128	0	1	456	378	42	47	1975	0	0	0	1	
7479	103514121	0	0	0	0	1	128	0	1	452	378	42	46	1963	0	0	0	1	
7480	103514154	0	0	0	0	1	128	0	1	450	378	43	47	1989	0	0	0	1	
7481	103514188	0	0	0	0	1	128	0	1	446	378	43	46	1982	0	0	0	1	
7482	103514221	0	0	0	0	1	128	0	1	444	376	43	47	2006	0	0	0	1	
7483	103514255	0	0	0	0	1	128	0	1	442	376	43	47	1994	0	0	0	1	
7484	103514288	0	0	0	0	1	128	0	1	440	376	43	47	2001	0	0	0	1	
7485	103514321	0	0	0	0	1	128	0	1	438	376	43	47	2032	0	0	0	1	
7486	103514355	0	0	0	0	1	128	0	1	436	374	44	47	2051	0	0	0	1	
7487	103514388	0	0	0	0	1	128	0	1	434	374	44	47	2076	0	0	0	1	
7488	103514421	0	0	0	0	1	128	0	1	430	366	45	47	2132	0	0	0	1	
7489	103514455	0	0	0	0	1	128	0	1	426	362	46	47	2165	0	0	0	1	
7490	103514488	0	0	0	0	1	128	0	1	424	360	46	47	2187	0	0	0	1	
7491	103514521	0	0	0	0	1	128	0	1	424	358	46	48	2215	0	0	0	1	
7492	103514555	0	0	0	0	1	128	0	1	424	356	47	48	2243	0	0	0	1	
7493	103514588	0	0	0	0	1	128	0	1	424	354	48	48	2277	0	0	0	1	
7494	103514622	0	0	0	0	1	128	0	1	430	346	47	49	2344	0	0	0	1	
7495	103514655	0	0	0	0	1	128	0	1	436	336	48	49	2361	0	0	0	1	
7496	103514688	0	0	0	0	1	128	0	1	438	334	48	50	2382	0	0	0	1	
7497	103514722	0	0	0	0	1	128	0	1	440	332	48	49	2380	0	0	0	1	
7498	103514755	0	0	0	0	1	128	0	1	440	332	48	50	2392	0	0	0	1	
7499	103514788	0	0	0	0	1	128	0	1	442	330	48	50	2424	0	0	0	1	
7500	103514822	0	0	0	0	1	128	0	1	444	328	48	50	2388	0	0	0	1	
7501	103514855	0	0	0	0	1	128	0	1	446	326	48	49	2371	0	0	0	1	
7502	103514888	0	0	0	0	1	128	0	1	448	326	48	50	2377	0	0	0	1	
7503	103514922	0	0	0	0	1	128	0	1	450	324	47	50	2378	0	0	0	1	
7504	103514955	0	0	0	0	1	128	0	1	452	322	48	50	2370	0	0	0	1	
7505	103514989	0	0	0	0	1	128	0	1	456	322	48	50	2381	0	0	0	1	
7506	103515022	0	0	0	0	1	128	0	1	458	322	47	50	2340	0	0	0	1	
7507	103515055	0	0	0	0	1	128	0	1	460	320	47	50	2341	0	0	0	1	
7508	103515089	0	0	0	0	1	128	0	1	480	316	45	50	2239	0	0	0	1	
7509	103515122	0	0	0	0	1	128	0	1	486	314	46	50	2270	0	0	0	1	
7510	103515155	0	0	0	0	1	128	0	1	488	314	45	50	2245	0	0	0	1	
7511	103515189	0	0	0	0	1	128	0	1	490	314	45	50	2239	0	0	0	1	
7512	103515222	0	0	0	0	1	128	0	1	492	314	45	50	2214	0	0	0	1	
7513	103515256	0	0	0	0	1	128	0	1	494	314	44	50	2207	0	0	0	1	
7514	103515289	0	0	0	0	1	128	0	1	496	316	44	50	2201	0	0	0	1	
7515	103515322	0	0	0	0	1	128	0	1	496	316	44	49	2197	0	0	0	1	
7516	103515356	0	0	0	0	1	128	0	1	498	318	44	50	2184	0	0	0	1	
7517	103515389	0	0	0	0	1	128	0	1	492	320	45	50	2229	0	0	0	1	
7518	103515422	0	0	0	0	1	128	0	1	494	320	45	49	2208	0	0	0	1	
7519	103515456	0	0	0	0	1	128	0	1	494	322	45	49	2202	0	0	0	1	
7520	103515489	0	0	0	0	1	128	0	1	496	322	44	49	2191	0	0	0	1	
7521	103515522	0	0	0	0	1	128	0	1	496	324	44	50	2198	0	0	0	1	
7522	103515556	0	0	0	0	1	128	0	1	498	326	44	49	2186	0	0	0	1	
7523	103515589	0	0	0	0	1	128	0	1	502	334	43	50	2148	0	0	0	1	
7524	103515623	0	0	0	0	1	128	0	1	502	334	43	50	2149	0	0	0	1	
7525	103515656	0	0	0	0	1	128	0	1	502	334	43	50	2143	0	0	0	1	
7526	103515689	0	0	0	0	1	128	0	1	502	334	43	49	2132	0	0	0	1	
7527	103515723	0	0	0	0	1	128	0	1	502	334	43	49	2124	0	0	0	1	
7528	103515756	0	0	0	0	1	128	0	1	502	334	43	49	2104	0	0	0	1	
7529	103515789	0	0	0	0	1	128	0	1	502	334	43	49	2077	0	0	0	1	
7530	103515823	0	0	0	0	1	128	0	1	502	334	42	48	2039	0	0	0	1	
7531	103515856	0	0	0	0	1	128	0	1	502	334	42	48	2021	0	0	0	1	
7532	103515890	0	0	0	0	1	128	0	1	502	332	42	47	1998	0	0	0	1	
7533	103515923	0	0	0	0	1	128	0	1	502	332	42	47	1970	0	0	0	1	
7534	103515956	0	0	0	0	1	128	0	1	502	332	42	47	1959	0	0	0	1	
7535	103515990	0	0	0	0	1	128	0	1	502	332	42	47	1960	0	0	0	1	
7536	103516023	0	0	0	0	1	128	0	1	502	332	42	47	1961	0	0	0	1	
7537	103516056	0	0	0	0	1	128	0	1	502	332	42	47	1972	0	0	0	1	
7538	103516090	0	0	0	0	1	128	0	1	502	332	42	48	1980	0	0	0	1	
7539	103516123	0	0	0	0	1	128	0	1	502	332	42	48	1990	0	0	0	1	
7540	103516157	0	0	0	0	1	128	0	1	502	332	42	48	2006	0	0	0	1	
7541	103516190	0	0	0	0	1	128	0	1	502	332	42	48	2019	0	0	0	1	
7542	103516223	0	0	0	0	1	128	0	1	502	332	42	48	2043	0	0	0	1	
7543	103516257	0	0	0	0	1	128	0	1	500	332	43	48	2063	0	0	0	1	
7544	103516290	0	0	0	0	1	128	0	1	500	334	43	48	2056	0	0	0	1	
7545	103516323	0	0	0	0	1	128	0	1	498	338	43	50	2131	0	0	0	1	
7546	103516357	0	0	0	0	1	128	0	0	0	0	0	0	0	0	0	0	1	
7547	103516390	0	0	0	0	1	128	0	0	0	0	0	0	0	0	0	0	1	
7548	103516423	0	0	0	0	1	128	0	0	0	0	0	0	0	0	0	0	1	
7549	103516457	0	0	0	0	1	128	0	0	0	0	0	0	0	0	0	0	1	
7550	103516490	0	0	0	0	1	128	0	0	0	0	0	0	0	0	0	0	1	
7551	103516524	0	0	0	0	1	128	0	1	500	346	45	58	2591	0	0	0	1	
7552	103516557	0	0	0	0	1	128	0	1	498	330	39	47	1805	0	0	0	1	
7553	103516590	0	0	0	0	1	128	0	1	502	334	43	49	2110	0	0	0	1	
7554	103516624	0	0	0	0	1	128	0	1	502	334	43	49	2124	0	0	0	1	
7555	103516657	0	0	0	0	1	128	0	1	502	332	43	50	2127	0	0	0	1	
7556	103516690	0	0	0	0	1	128	0	1	502	332	43	50	2132	0	0	0	1	
7557	103516724	0	0	0	0	1	128	0	1	500	332	43	49	2135	0	0	0	1	
7558	103516757	0	0	0	0	1	128	0	1	500	330	43	49	2138	0	0	0	1	
7559	103516790	0	0	0	0	1	128	0	1	500	330	43	50	2148	0	0	0	1	
7560	103516824	0	0	0	0	1	128	0	1	500	330	43	50	2154	0	0	0	1	
7561	103516857	0	0	0	0	1	128	0	1	500	330	43	50	2161	0	0	0	1	
7562	103516891	0	0	0	0	1	128	0	1	500	330	43	50	2162	0	0	0	1	
7563	103516924	0	0	0	0	1	128	0	1	500	330	43	50	2177	0	0	0	1	
7564	103516957	0	0	0	0	1	128	0	1	500	330	44	50	2183	0	0	0	1	
7565	103516991	0	0	0	0	1	128	0	1	500	330	44	50	2186	0	0	0	1	
7566	103517024	0	0	0	0	1	128	0	1	500	330	44	50	2177	0	0	0	1	
7567	103517057	0	0	0	0	1	128	0	1	500	330	44	50	2175	0	0	0	1	
7568	103517091	0	0	0	0	1	128	0	1	500	330	43	50	2157	0	0	0	1	
7569	103517124	0	0	0	0	1	128	0	1	500	330	43	49	2129	0	0	0	1	
7570	103517158	0	0	0	0	1	128	0	1	502	330	43	49	2123	0	0	0	1	
7571	103517191	0	0	0	0	1	128	0	1	500	330	43	49	2095	0	0	0	1	
7572	103517224	0	0	0	0	1	128	0	1	500	330	43	48	2084	0	0	0	1	
7573	103517258	0	0	0	0	1	128	0	1	500	330	43	48	2067	0	0	0	1	
7574	103517291	0	0	0	0	1	128	0	1	500	330	43	48	2046	0	0	0	1	
7575	103517324	0	0	0	0	1	128	0	1	500	332	42	48	2020	0	0	0	1	
7576	103517358	0	0	0	0	1	128	0	1	502	332	42	48	1996	0	0	0	1	
7577	103517391	0	0	0	0	1	128	0	1	502	332	42	47	1974	0	0	0	1	
7578	103517424	0	0	0	0	1	128	0	1	502	332	41	47	1946	0	0	0	1	
7579	103517458	0	0	0	0	1	128	0	1	504	332	41	47	1909	0	0	0	1	
7580	103517491	0	0	0	0	1	128	0	1	504	332	41	47	1895	0	0	0	1	
7581	103517525	0	0	0	0	1	128	0	1	504	332	41	46	1884	0	0	0	1	
7582	103517558	0	0	0	0	1	128	0	1	504	332	40	46	1874	0	0	0	1	
7583	103517591	0	0	0	0	1	128	0	1	504	332	40	46	1872	0	0	0	1	
7584	103517625	0	0	0	0	1	128	0	1	504	332	40	46	1855	0	0	0	1	
7585	103517658	0	0	0	0	1	128	0	1	502	332	40	46	1850	0	0	0	1	
7586	103517691	0	0	0	0	1	128	0	1	502	332	41	46	1872	0	0	0	1	
7587	103517725	0	0	0	0	1	128	0	1	502	332	40	46	1849	0	0	0	1	
7588	103517758	0	0	0	0	1	128	0	1	502	332	41	46	1864	0	0	0	1	
7589	103517792	0	0	0	0	1	128	0	1	502	332	41	46	1866	0	0	0	1	
7590	103517825	0	0	0	0	1	128	0	1	500	332	41	46	1873	0	0	0	1	
7591	103517858	0	0	0	0	1	128	0	1	500	332	41	46	1887	0	0	0	1	
7592	103517892	0	0	0	0	1	128	0	1	502	332	41	46	1890	0	0	0	1	
7593	103517925	0	0	0	0	1	128	0	1	502	334	40	47	1899	0	0	0	1	
7594	103517958	0	0	0	0	1	128	0	1	502	334	41	47	1913	0	0	0	1	
7595	103517992	0	0	0	0	1	128	0	1	502	334	41	47	1937	0	0	0	1	
7596	103518025	0	0	0	0	1	128	0	1	502	334	41	48	1961	0	0	0	1	
7597	103518059	0	0	0	0	1	128	0	1	502	334	41	48	1983	0	0	0	1	
7598	103518092	0	0	0	0	1	128	0	1	502	334	42	48	2001	0	0	0	1	
7599	103518125	0	0	0	0	1	128	0	1	502	334	42	48	2015	0	0	0	1	
7600	103518159	0	0	0	0	1	128	0	1	500	332	42	48	2030	0	0	0	1	
7601	103518192	0	0	0	0	1	128	0	1	500	332	42	48	2045	0	0	0	1	
7602	103518225	0	0	0	0	1	128	0	1	500	332	42	48	2052	0	0	0	1	
7603	103518259	0	0	0	0	1	128	0	1	500	332	42	48	2059	0	0	0	1	
7604	103518292	0	0	0	0	1	128	0	1	500	332	42	49	2061	0	0	0	1	
7605	103518325	0	0	0	0	1	128	0	1	500	332	43	49	2067	0	0	0	1	
7606	103518359	0	0	0	0	1	128	0	1	500	332	43	49	2073	0	0	0	1	
7607	103518392	0	0	0	0	1	128	0	1	500	332	43	49	2085	0	0	0	1	
7608	103518426	0	0	0	0	1	128	0	1	500	332	43	49	2095	0	0	0	1	
7609	103518459	0	0	0	0	1	128	0	1	500	332	43	49	2109	0	0	0	1	
7610	103518492	0	0	0	0	1	128	0	1	502	332	43	49	2104	0	0	0	1	
7611	103518526	0	0	0	0	1	128	0	1	502	334	43	49	2121	0	0	0	1	
7612	103518559	0	0	0	0	1	128	0	1	502	334	43	49	2128	0	0	0	1	
7613	103518592	0	0	0	0	1	128	0	1	502	332	43	50	2150	0	0	0	1	
7614	103518626	0	0	0	0	1	128	0	1	502	334	43	50	2156	0	0	0	1	
7615	103518659	0	0	0	0	1	128	0	1	502	334	44	50	2162	0	0	0	1	
7616	103518692	0	0	0	0	1	128	0	1	502	334	44	50	2159	0	0	0	1	
7617	103518726	0	0	0	0	1	128	0	1	502	334	44	50	2167	0	0	0	1	
7618	103518759	0	0	0	0	1	128	0	1	502	334	44	50	2166	0	0	0	1	
7619	103518793	0	0	0	0	1	128	0	1	502	332	44	50	2170	0	0	0	1	
7620	103518826	0	0	0	0	1	128	0	1	502	332	44	50	2171	0	0	0	1	
7621	103518859	0	0	0	0	1	128	0	1	498	332	44	50	2187	0	0	0	1	
7622	103518893	0	0	0	0	1	128	0	1	498	332	44	50	2194	0	0	0	1	
7623	103518926	0	0	0	0	1	128	0	1	498	332	44	50	2194	0	0	0	1	
7624	103518959	0	0	0	0	1	128	0	1	498	332	44	50	2200	0	0	0	1	
7625	103518993	0	0	0	0	1	128	0	1	498	332	44	50	2196	0	0	0	1	
7626	103519026	0	0	0	0	1	128	0	1	498	332	44	50	2205	0	0	0	1	
7627	103519060	0	0	0	0	1	128	0	1	498	332	44	50	2201	0	0	0	1	
7628	103519093	0	0	0	0	1	128	0	1	498	332	44	50	2206	0	0	0	1	
7629	103519126	0	0	0	0	1	128	0	1	498	332	44	50	2206	0	0	0	1	
7630	103519160	0	0	0	0	1	128	0	1	496	332	44	50	2201	0	0	0	1	
7631	103519193	0	0	0	0	1	128	0	1	498	332	44	50	2192	0	0	0	1	
7632	103519226	0	0	0	0	1	128	0	1	494	332	44	49	2198	0	0	0	1	
7633	103519260	0	0	0	0	1	128	0	1	494	332	44	49	2182	0	0	0	1	
7634	103519293	0	0	0	0	1	128	0	1	494	334	44	49	2170	0	0	0	1	
7635	103519327	0	0	0	0	1	128	0	1	494	334	44	49	2136	0	0	0	1	
7636	103519360	0	0	0	0	1	128	0	1	492	328	37	44	1600	0	0	0	1	
7637	103519393	0	0	0	0	1	128	0	0	0	0	0	0	0	0	0	0	1	
7638	103519427	0	0	0	0	1	128	0	0	0	0	0	0	0	0	0	0	1	
7639	103519460	0	0	0	0	1	128	0	0	0	0	0	0	0	0	0	0	1	
7640	103519493	0	0	0	0	1	128	0	0	0	0	0	0	0	0	0	0	1	
7641	103519527	0	0	0	0	1	128	0	0	0	0	0	0	0	0	0	0	1	
7642	103519560	0	0	0	0	1	128	0	0	0	0	0	0	0	0	0	0	1	
7643	103519593	0	0	0	0	1	128	0	1	528	378	131	179	23539	0	0	0	1	
7644	103519627	0	0	0	0	1	128	0	1	506	332	41	48	1967	0	0	0	1	
7645	103519660	0	0	0	0	1	128	0	1	508	330	41	47	1925	0	0	0	1	
