Version	1.08	gmtime	1441194972
index	timestamp	eyeroihoriz	eyeroivert	eyeroizoomx	eyeroizoomy	blendmode	blendfactor	onlinecalib	eye_valid	eye_x	eye_y	eye_w	eye_h	eye_a	field_x	field_y	displaymode	displayeyedetection	event
10743	17290106	0	0	0	0	1	128	0	1	490	342	50	55	2766	0	0	0	1	
10744	17290139	0	0	0	0	1	128	0	1	490	342	50	55	2775	0	0	0	1	
10745	17290173	0	0	0	0	1	128	0	1	490	344	51	55	2780	0	0	0	1	
10746	17290206	0	0	0	0	1	128	0	1	490	342	51	55	2788	0	0	0	1	
10747	17290239	0	0	0	0	1	128	0	1	490	342	51	55	2785	0	0	0	1	
10748	17290273	0	0	0	0	1	128	0	1	490	342	51	55	2790	0	0	0	1	
10749	17290306	0	0	0	0	1	128	0	1	490	342	50	55	2783	0	0	0	1	
10750	17290339	0	0	0	0	1	128	0	1	490	342	51	55	2788	0	0	0	1	
10751	17290373	0	0	0	0	1	128	0	1	490	342	50	55	2788	0	0	0	1	
10752	17290406	0	0	0	0	1	128	0	1	490	344	50	55	2782	0	0	0	1	
10753	17290439	0	0	0	0	1	128	0	1	490	344	50	55	2773	0	0	0	1	
10754	17290473	0	0	0	0	1	128	0	1	490	344	50	55	2756	0	0	0	1	
10755	17290506	0	0	0	0	1	128	0	1	492	342	50	55	2756	0	0	0	1	
10756	17290540	0	0	0	0	1	128	0	1	496	344	49	55	2688	0	0	0	1	
10757	17290573	0	0	0	0	1	128	0	1	496	344	49	55	2687	0	0	0	1	
10758	17290606	0	0	0	0	1	128	0	1	496	344	49	55	2674	0	0	0	1	
10759	17290640	0	0	0	0	1	128	0	1	494	344	49	55	2667	0	0	0	1	
10760	17290673	0	0	0	0	1	128	0	1	494	344	49	55	2668	0	0	0	1	
10761	17290706	0	0	0	0	1	128	0	1	496	344	49	55	2667	0	0	0	1	
10762	17290740	0	0	0	0	1	128	0	1	496	344	49	55	2668	0	0	0	1	
10763	17290773	0	0	0	0	1	128	0	1	496	344	49	55	2666	0	0	0	1	
10764	17290807	0	0	0	0	1	128	0	1	494	344	49	55	2658	0	0	0	1	
10765	17290840	0	0	0	0	1	128	0	1	496	344	49	55	2658	0	0	0	1	
10766	17290873	0	0	0	0	1	128	0	1	496	344	49	54	2644	0	0	0	1	
10767	17290907	0	0	0	0	1	128	0	1	496	344	49	54	2649	0	0	0	1	
10768	17290940	0	0	0	0	1	128	0	1	496	344	49	54	2649	0	0	0	1	
10769	17290973	0	0	0	0	1	128	0	1	496	344	49	55	2659	0	0	0	1	
10770	17291007	0	0	0	0	1	128	0	1	496	344	49	54	2644	0	0	0	1	
10771	17291040	0	0	0	0	1	128	0	1	496	344	49	54	2652	0	0	0	1	
10772	17291073	0	0	0	0	1	128	0	1	496	344	49	55	2660	0	0	0	1	
10773	17291107	0	0	0	0	1	128	0	1	494	344	49	55	2659	0	0	0	1	
10774	17291140	0	0	0	0	1	128	0	1	496	344	49	55	2664	0	0	0	1	
10775	17291174	0	0	0	0	1	128	0	1	496	344	49	55	2669	0	0	0	1	
10776	17291207	0	0	0	0	1	128	0	1	496	344	49	55	2663	0	0	0	1	
10777	17291240	0	0	0	0	1	128	0	1	496	344	49	55	2661	0	0	0	1	
10778	17291274	0	0	0	0	1	128	0	1	496	344	49	55	2674	0	0	0	1	
10779	17291307	0	0	0	0	1	128	0	1	496	344	49	55	2675	0	0	0	1	
10780	17291340	0	0	0	0	1	128	0	1	496	344	49	55	2676	0	0	0	1	
10781	17291374	0	0	0	0	1	128	0	1	496	344	49	55	2686	0	0	0	1	
10782	17291407	0	0	0	0	1	128	0	1	494	344	49	55	2697	0	0	0	1	
10783	17291441	0	0	0	0	1	128	0	1	494	344	49	55	2692	0	0	0	1	
10784	17291474	0	0	0	0	1	128	0	1	496	344	49	55	2706	0	0	0	1	
10785	17291507	0	0	0	0	1	128	0	1	494	344	49	55	2709	0	0	0	1	
10786	17291541	0	0	0	0	1	128	0	1	494	344	49	55	2721	0	0	0	1	
10787	17291574	0	0	0	0	1	128	0	1	494	344	50	55	2740	0	0	0	1	
10788	17291607	0	0	0	0	1	128	0	1	494	344	50	55	2751	0	0	0	1	
10789	17291641	0	0	0	0	1	128	0	1	494	344	50	56	2756	0	0	0	1	
10790	17291674	0	0	0	0	1	128	0	1	494	344	50	55	2765	0	0	0	1	
10791	17291707	0	0	0	0	1	128	0	1	494	344	50	56	2778	0	0	0	1	
10792	17291741	0	0	0	0	1	128	0	1	494	344	50	56	2781	0	0	0	1	
10793	17291774	0	0	0	0	1	128	0	1	494	344	50	56	2792	0	0	0	1	
10794	17291808	0	0	0	0	1	128	0	1	494	344	50	56	2795	0	0	0	1	
10795	17291841	0	0	0	0	1	128	0	1	494	344	50	56	2805	0	0	0	1	
10796	17291874	0	0	0	0	1	128	0	1	494	344	50	56	2810	0	0	0	1	
10797	17291908	0	0	0	0	1	128	0	1	494	344	50	56	2814	0	0	0	1	
10798	17291941	0	0	0	0	1	128	0	1	494	344	50	56	2819	0	0	0	1	
10799	17291974	0	0	0	0	1	128	0	1	494	344	50	56	2831	0	0	0	1	
10800	17292008	0	0	0	0	1	128	0	1	494	344	50	56	2835	0	0	0	1	
10801	17292041	0	0	0	0	1	128	0	1	494	344	50	56	2833	0	0	0	1	
10802	17292075	0	0	0	0	1	128	0	1	494	346	50	56	2822	0	0	0	1	
10803	17292108	0	0	0	0	1	128	0	1	486	394	49	53	2628	0	0	0	1	
10804	17292141	0	0	0	0	1	128	0	1	482	402	50	56	2818	0	0	0	1	
10805	17292175	0	0	0	0	1	128	0	1	482	402	50	56	2804	0	0	0	1	
10806	17292208	0	0	0	0	1	128	0	1	482	404	50	56	2798	0	0	0	1	
10807	17292241	0	0	0	0	1	128	0	1	480	408	50	56	2803	0	0	0	1	
10808	17292275	0	0	0	0	1	128	0	1	480	408	50	56	2786	0	0	0	1	
10809	17292308	0	0	0	0	1	128	0	1	480	408	50	56	2794	0	0	0	1	
10810	17292341	0	0	0	0	1	128	0	1	480	408	49	56	2784	0	0	0	1	
10811	17292375	0	0	0	0	1	128	0	1	480	408	49	56	2765	0	0	0	1	
10812	17292408	0	0	0	0	1	128	0	1	480	410	49	56	2777	0	0	0	1	
10813	17292442	0	0	0	0	1	128	0	1	480	410	49	56	2744	0	0	0	1	
10814	17292475	0	0	0	0	1	128	0	1	480	410	49	56	2713	0	0	0	1	
10815	17292508	0	0	0	0	1	128	0	1	480	410	49	55	2697	0	0	0	1	
10816	17292542	0	0	0	0	1	128	0	1	480	410	49	56	2709	0	0	0	1	
10817	17292575	0	0	0	0	1	128	0	1	504	362	59	69	4100	0	0	0	1	
10818	17292608	0	0	0	0	1	128	0	1	546	342	37	54	1994	0	0	0	1	
10819	17292642	0	0	0	0	1	128	0	1	548	340	37	53	2000	0	0	0	1	
10820	17292675	0	0	0	0	1	128	0	1	548	340	37	54	1988	0	0	0	1	
10821	17292709	0	0	0	0	1	128	0	1	548	340	37	53	1966	0	0	0	1	
10822	17292742	0	0	0	0	1	128	0	1	548	340	36	53	1937	0	0	0	1	
10823	17292775	0	0	0	0	1	128	0	1	548	340	36	53	1918	0	0	0	1	
10824	17292809	0	0	0	0	1	128	0	1	550	336	36	52	1853	0	0	0	1	
10825	17292842	0	0	0	0	1	128	0	1	550	334	36	51	1840	0	0	0	1	
10826	17292875	0	0	0	0	1	128	0	1	550	334	36	51	1821	0	0	0	1	
10827	17292909	0	0	0	0	1	128	0	1	550	334	35	51	1818	0	0	0	1	
10828	17292942	0	0	0	0	1	128	0	1	550	334	35	51	1812	0	0	0	1	
10829	17292976	0	0	0	0	1	128	0	1	550	334	35	51	1811	0	0	0	1	
10830	17293009	0	0	0	0	1	128	0	1	550	334	35	51	1799	0	0	0	1	
10831	17293042	0	0	0	0	1	128	0	1	550	334	35	51	1800	0	0	0	1	
10832	17293076	0	0	0	0	1	128	0	1	550	334	35	51	1806	0	0	0	1	
10833	17293109	0	0	0	0	1	128	0	1	550	334	35	51	1802	0	0	0	1	
10834	17293142	0	0	0	0	1	128	0	1	550	334	35	51	1808	0	0	0	1	
10835	17293176	0	0	0	0	1	128	0	1	550	334	35	51	1819	0	0	0	1	
10836	17293209	0	0	0	0	1	128	0	1	548	334	35	51	1823	0	0	0	1	
10837	17293242	0	0	0	0	1	128	0	1	538	320	32	52	1675	0	0	0	1	
10838	17293276	0	0	0	0	1	128	0	1	502	288	35	53	1877	0	0	0	1	
10839	17293309	0	0	0	0	1	128	0	1	496	274	42	54	2275	0	0	0	1	
10840	17293343	0	0	0	0	1	128	0	1	496	274	42	53	2265	0	0	0	1	
10841	17293376	0	0	0	0	1	128	0	1	496	274	42	54	2274	0	0	0	1	
10842	17293409	0	0	0	0	1	128	0	1	496	274	42	54	2279	0	0	0	1	
10843	17293443	0	0	0	0	1	128	0	1	496	274	42	54	2271	0	0	0	1	
10844	17293476	0	0	0	0	1	128	0	1	494	274	43	54	2287	0	0	0	1	
10845	17293509	0	0	0	0	1	128	0	1	494	274	43	54	2296	0	0	0	1	
10846	17293543	0	0	0	0	1	128	0	1	494	272	43	54	2289	0	0	0	1	
10847	17293576	0	0	0	0	1	128	0	1	494	272	42	54	2289	0	0	0	1	
10848	17293609	0	0	0	0	1	128	0	1	496	274	42	52	2182	0	0	0	1	
10849	17293643	0	0	0	0	1	128	0	1	494	272	42	54	2288	0	0	0	1	
10850	17293676	0	0	0	0	1	128	0	1	494	272	42	54	2278	0	0	0	1	
10851	17293710	0	0	0	0	1	128	0	1	494	272	42	54	2277	0	0	0	1	
10852	17293743	0	0	0	0	1	128	0	1	494	272	42	53	2260	0	0	0	1	
10853	17293776	0	0	0	0	1	128	0	1	494	274	42	53	2236	0	0	0	1	
10854	17293810	0	0	0	0	1	128	0	1	466	290	48	61	2887	0	0	0	1	
10855	17293843	0	0	0	0	1	128	0	1	424	334	49	57	2820	0	0	0	1	
10856	17293876	0	0	0	0	1	128	0	1	426	338	51	54	2723	0	0	0	1	
10857	17293910	0	0	0	0	1	128	0	1	424	336	50	56	2779	0	0	0	1	
10858	17293943	0	0	0	0	1	128	0	1	426	336	49	55	2701	0	0	0	1	
10859	17293977	0	0	0	0	1	128	0	1	426	336	49	55	2696	0	0	0	1	
10860	17294010	0	0	0	0	1	128	0	1	426	336	48	53	2567	0	0	0	1	
10861	17294043	0	0	0	0	1	128	0	1	426	336	48	54	2600	0	0	0	1	
10862	17294077	0	0	0	0	1	128	0	1	426	336	48	54	2601	0	0	0	1	
10863	17294110	0	0	0	0	1	128	0	1	426	336	48	53	2551	0	0	0	1	
10864	17294143	0	0	0	0	1	128	0	1	428	336	48	51	2463	0	0	0	1	
10865	17294177	0	0	0	0	1	128	0	1	428	336	48	51	2438	0	0	0	1	
10866	17294210	0	0	0	0	1	128	0	1	426	336	47	53	2482	0	0	0	1	
10867	17294244	0	0	0	0	1	128	0	1	426	336	47	53	2483	0	0	0	1	
10868	17294277	0	0	0	0	1	128	0	1	428	336	47	51	2418	0	0	0	1	
10869	17294310	0	0	0	0	1	128	0	1	426	334	47	54	2564	0	0	0	1	
10870	17294344	0	0	0	0	1	128	0	1	426	336	47	52	2443	0	0	0	1	
10871	17294377	0	0	0	0	1	128	0	1	426	336	47	52	2468	0	0	0	1	
10872	17294410	0	0	0	0	1	128	0	0	0	0	0	0	0	0	0	0	1	
10873	17294444	0	0	0	0	1	128	0	1	430	382	102	151	15388	0	0	0	1	
10874	17294477	0	0	0	0	1	128	0	1	480	406	43	48	2058	0	0	0	1	
10875	17294510	0	0	0	0	1	128	0	1	480	406	43	48	2065	0	0	0	1	
10876	17294544	0	0	0	0	1	128	0	1	482	406	43	48	2066	0	0	0	1	
10877	17294577	0	0	0	0	1	128	0	1	482	406	43	48	2058	0	0	0	1	
10878	17294611	0	0	0	0	1	128	0	1	480	410	43	48	2032	0	0	0	1	
10879	17294644	0	0	0	0	1	128	0	1	480	410	43	48	2035	0	0	0	1	
10880	17294677	0	0	0	0	1	128	0	1	480	410	42	48	2022	0	0	0	1	
10881	17294711	0	0	0	0	1	128	0	1	480	410	42	47	1990	0	0	0	1	
10882	17294744	0	0	0	0	1	128	0	1	480	410	42	47	1975	0	0	0	1	
10883	17294777	0	0	0	0	1	128	0	1	480	410	42	47	1975	0	0	0	1	
10884	17294811	0	0	0	0	1	128	0	1	480	410	42	47	1975	0	0	0	1	
10885	17294844	0	0	0	0	1	128	0	1	480	410	42	47	1980	0	0	0	1	
10886	17294877	0	0	0	0	1	128	0	1	480	410	42	47	1978	0	0	0	1	
10887	17294911	0	0	0	0	1	128	0	1	480	410	42	47	1984	0	0	0	1	
10888	17294944	0	0	0	0	1	128	0	1	480	410	42	47	1997	0	0	0	1	
10889	17294978	0	0	0	0	1	128	0	1	480	410	42	48	2012	0	0	0	1	
10890	17295011	0	0	0	0	1	128	0	1	480	410	42	48	2012	0	0	0	1	
10891	17295044	0	0	0	0	1	128	0	1	480	410	43	48	2036	0	0	0	1	
10892	17295078	0	0	0	0	1	128	0	1	480	410	43	48	2037	0	0	0	1	
10893	17295111	0	0	0	0	1	128	0	1	480	410	43	48	2043	0	0	0	1	
10894	17295144	0	0	0	0	1	128	0	1	480	410	43	48	2044	0	0	0	1	
10895	17295178	0	0	0	0	1	128	0	1	482	410	42	48	1981	0	0	0	1	
10896	17295211	0	0	0	0	1	128	0	0	0	0	0	0	0	0	0	0	1	
10897	17295245	0	0	0	0	1	128	0	1	546	338	32	47	1513	0	0	0	1	
10898	17295278	0	0	0	0	1	128	0	1	548	336	32	47	1512	0	0	0	1	
10899	17295311	0	0	0	0	1	128	0	1	548	336	32	47	1499	0	0	0	1	
10900	17295345	0	0	0	0	1	128	0	1	548	336	32	47	1502	0	0	0	1	
10901	17295378	0	0	0	0	1	128	0	1	548	336	32	47	1496	0	0	0	1	
10902	17295411	0	0	0	0	1	128	0	1	548	336	32	47	1486	0	0	0	1	
10903	17295445	0	0	0	0	1	128	0	1	548	336	32	47	1484	0	0	0	1	
10904	17295478	0	0	0	0	1	128	0	1	548	336	32	47	1470	0	0	0	1	
10905	17295511	0	0	0	0	1	128	0	1	548	336	31	46	1447	0	0	0	1	
10906	17295545	0	0	0	0	1	128	0	1	548	336	31	46	1448	0	0	0	1	
10907	17295578	0	0	0	0	1	128	0	1	548	336	31	46	1448	0	0	0	1	
10908	17295612	0	0	0	0	1	128	0	1	548	336	31	46	1447	0	0	0	1	
10909	17295645	0	0	0	0	1	128	0	1	548	336	31	46	1440	0	0	0	1	
10910	17295678	0	0	0	0	1	128	0	1	548	334	31	47	1450	0	0	0	1	
10911	17295712	0	0	0	0	1	128	0	1	550	334	31	47	1455	0	0	0	1	
10912	17295745	0	0	0	0	1	128	0	1	550	334	31	46	1451	0	0	0	1	
10913	17295778	0	0	0	0	1	128	0	1	548	334	32	46	1467	0	0	0	1	
10914	17295812	0	0	0	0	1	128	0	1	548	334	32	47	1498	0	0	0	1	
10915	17295845	0	0	0	0	1	128	0	1	548	332	32	47	1521	0	0	0	1	
10916	17295879	0	0	0	0	1	128	0	1	530	300	36	47	1672	0	0	0	1	
10917	17295912	0	0	0	0	1	128	0	1	500	276	39	49	1896	0	0	0	1	
10918	17295945	0	0	0	0	1	128	0	1	498	276	39	49	1906	0	0	0	1	
10919	17295979	0	0	0	0	1	128	0	1	498	276	39	49	1931	0	0	0	1	
10920	17296012	0	0	0	0	1	128	0	1	498	276	39	49	1946	0	0	0	1	
10921	17296045	0	0	0	0	1	128	0	1	494	272	39	50	1964	0	0	0	1	
10922	17296079	0	0	0	0	1	128	0	1	494	272	40	50	1985	0	0	0	1	
10923	17296112	0	0	0	0	1	128	0	1	494	272	40	50	2001	0	0	0	1	
10924	17296146	0	0	0	0	1	128	0	1	494	272	40	51	2018	0	0	0	1	
10925	17296179	0	0	0	0	1	128	0	1	494	272	40	51	2018	0	0	0	1	
10926	17296212	0	0	0	0	1	128	0	1	494	272	40	50	2024	0	0	0	1	
10927	17296246	0	0	0	0	1	128	0	1	494	272	40	51	2029	0	0	0	1	
10928	17296279	0	0	0	0	1	128	0	1	494	272	40	51	2040	0	0	0	1	
10929	17296312	0	0	0	0	1	128	0	1	494	272	40	51	2035	0	0	0	1	
10930	17296346	0	0	0	0	1	128	0	1	492	274	40	50	2002	0	0	0	1	
10931	17296379	0	0	0	0	1	128	0	0	0	0	0	0	0	0	0	0	1	
10932	17296412	0	0	0	0	1	128	0	1	428	332	42	49	2042	0	0	0	1	
10933	17296446	0	0	0	0	1	128	0	1	428	338	48	51	2478	0	0	0	1	
10934	17296479	0	0	0	0	1	128	0	1	428	338	48	52	2482	0	0	0	1	
10935	17296513	0	0	0	0	1	128	0	1	428	336	48	52	2470	0	0	0	1	
10936	17296546	0	0	0	0	1	128	0	1	430	336	48	50	2395	0	0	0	1	
10937	17296579	0	0	0	0	1	128	0	1	430	336	47	50	2366	0	0	0	1	
10938	17296613	0	0	0	0	1	128	0	1	430	336	47	50	2341	0	0	0	1	
10939	17296646	0	0	0	0	1	128	0	1	426	338	47	50	2341	0	0	0	1	
10940	17296679	0	0	0	0	1	128	0	1	428	338	47	49	2305	0	0	0	1	
10941	17296713	0	0	0	0	1	128	0	1	428	338	47	49	2314	0	0	0	1	
10942	17296746	0	0	0	0	1	128	0	1	428	338	47	50	2311	0	0	0	1	
10943	17296779	0	0	0	0	1	128	0	1	428	338	47	49	2282	0	0	0	1	
10944	17296813	0	0	0	0	1	128	0	1	428	338	46	49	2291	0	0	0	1	
10945	17296846	0	0	0	0	1	128	0	1	428	338	47	49	2260	0	0	0	1	
10946	17296880	0	0	0	0	1	128	0	1	428	338	46	50	2311	0	0	0	1	
10947	17296913	0	0	0	0	1	128	0	1	428	338	46	50	2330	0	0	0	1	
10948	17296946	0	0	0	0	1	128	0	1	428	338	47	50	2316	0	0	0	1	
10949	17296980	0	0	0	0	1	128	0	1	428	338	47	50	2331	0	0	0	1	
10950	17297013	0	0	0	0	1	128	0	1	428	338	46	50	2336	0	0	0	1	
10951	17297046	0	0	0	0	1	128	0	1	428	338	47	50	2315	0	0	0	1	
10952	17297080	0	0	0	0	1	128	0	0	0	0	0	0	0	0	0	0	1	
10953	17297113	0	0	0	0	1	128	0	1	490	342	43	47	2028	0	0	0	1	
10954	17297147	0	0	0	0	1	128	0	1	490	342	44	46	2021	0	0	0	1	
10955	17297180	0	0	0	0	1	128	0	1	490	342	44	47	2034	0	0	0	1	
10956	17297213	0	0	0	0	1	128	0	1	492	340	43	46	2015	0	0	0	1	
10957	17297247	0	0	0	0	1	128	0	1	494	336	43	46	2006	0	0	0	1	
10958	17297280	0	0	0	0	1	128	0	1	494	336	43	46	1991	0	0	0	1	
10959	17297313	0	0	0	0	1	128	0	1	494	336	43	46	1998	0	0	0	1	
10960	17297347	0	0	0	0	1	128	0	1	494	336	43	46	2000	0	0	0	1	
10961	17297380	0	0	0	0	1	128	0	1	494	336	43	46	2000	0	0	0	1	
10962	17297413	0	0	0	0	1	128	0	1	494	336	43	46	2000	0	0	0	1	
10963	17297447	0	0	0	0	1	128	0	1	494	336	43	46	2010	0	0	0	1	
10964	17297480	0	0	0	0	1	128	0	1	494	336	43	46	2015	0	0	0	1	
10965	17297514	0	0	0	0	1	128	0	1	494	336	43	47	2023	0	0	0	1	
10966	17297547	0	0	0	0	1	128	0	1	494	336	44	47	2038	0	0	0	1	
10967	17297580	0	0	0	0	1	128	0	1	494	336	44	47	2054	0	0	0	1	
10968	17297614	0	0	0	0	1	128	0	1	494	336	44	47	2071	0	0	0	1	
10969	17297647	0	0	0	0	1	128	0	1	494	336	44	47	2078	0	0	0	1	
10970	17297680	0	0	0	0	1	128	0	1	494	336	44	47	2092	0	0	0	1	
10971	17297714	0	0	0	0	1	128	0	1	494	336	44	48	2099	0	0	0	1	
10972	17297747	0	0	0	0	1	128	0	1	494	336	44	48	2102	0	0	0	1	
10973	17297780	0	0	0	0	1	128	0	1	494	336	44	48	2115	0	0	0	1	
10974	17297814	0	0	0	0	1	128	0	1	494	336	44	48	2105	0	0	0	1	
10975	17297847	0	0	0	0	1	128	0	1	494	336	44	48	2108	0	0	0	1	
10976	17297881	0	0	0	0	1	128	0	1	494	336	44	48	2115	0	0	0	1	
10977	17297914	0	0	0	0	1	128	0	1	494	336	44	48	2121	0	0	0	1	
10978	17297947	0	0	0	0	1	128	0	1	494	336	45	48	2124	0	0	0	1	
10979	17297981	0	0	0	0	1	128	0	1	494	336	44	48	2124	0	0	0	1	
10980	17298014	0	0	0	0	1	128	0	1	494	336	45	48	2137	0	0	0	1	
10981	17298047	0	0	0	0	1	128	0	1	494	336	45	48	2142	0	0	0	1	
10982	17298081	0	0	0	0	1	128	0	1	494	336	45	48	2143	0	0	0	1	
10983	17298114	0	0	0	0	1	128	0	1	494	336	45	48	2148	0	0	0	1	
10984	17298148	0	0	0	0	1	128	0	1	494	336	45	48	2147	0	0	0	1	
10985	17298181	0	0	0	0	1	128	0	1	494	336	45	48	2157	0	0	0	1	
10986	17298214	0	0	0	0	1	128	0	1	494	336	45	48	2164	0	0	0	1	
10987	17298248	0	0	0	0	1	128	0	1	494	336	45	48	2162	0	0	0	1	
10988	17298281	0	0	0	0	1	128	0	1	494	336	45	48	2176	0	0	0	1	
10989	17298314	0	0	0	0	1	128	0	1	494	336	45	48	2187	0	0	0	1	
10990	17298348	0	0	0	0	1	128	0	1	494	336	45	48	2185	0	0	0	1	
10991	17298381	0	0	0	0	1	128	0	1	494	336	45	49	2190	0	0	0	1	
10992	17298414	0	0	0	0	1	128	0	1	494	336	45	48	2196	0	0	0	1	
10993	17298448	0	0	0	0	1	128	0	1	494	336	45	48	2199	0	0	0	1	
10994	17298481	0	0	0	0	1	128	0	1	494	336	45	49	2204	0	0	0	1	
10995	17298515	0	0	0	0	1	128	0	1	494	336	45	49	2205	0	0	0	1	
10996	17298548	0	0	0	0	1	128	0	1	494	336	45	48	2201	0	0	0	1	
10997	17298581	0	0	0	0	1	128	0	1	494	336	45	48	2199	0	0	0	1	
10998	17298615	0	0	0	0	1	128	0	1	494	336	46	49	2210	0	0	0	1	
10999	17298648	0	0	0	0	1	128	0	1	494	336	46	49	2214	0	0	0	1	
11000	17298682	0	0	0	0	1	128	0	1	494	336	46	49	2208	0	0	0	1	
11001	17298715	0	0	0	0	1	128	0	1	494	336	45	49	2225	0	0	0	1	
11002	17298748	0	0	0	0	1	128	0	1	494	336	46	49	2215	0	0	0	1	
11003	17298782	0	0	0	0	1	128	0	1	494	336	46	49	2226	0	0	0	1	
11004	17298815	0	0	0	0	1	128	0	1	494	336	46	49	2237	0	0	0	1	
11005	17298848	0	0	0	0	1	128	0	1	494	336	46	49	2252	0	0	0	1	
11006	17298882	0	0	0	0	1	128	0	1	494	336	46	49	2262	0	0	0	1	
11007	17298915	0	0	0	0	1	128	0	1	494	336	46	49	2267	0	0	0	1	
11008	17298948	0	0	0	0	1	128	0	1	494	336	46	49	2278	0	0	0	1	
11009	17298982	0	0	0	0	1	128	0	1	494	336	46	49	2288	0	0	0	1	
11010	17299015	0	0	0	0	1	128	0	1	494	336	46	49	2290	0	0	0	1	
11011	17299049	0	0	0	0	1	128	0	1	498	358	46	50	2274	0	0	0	1	
11012	17299082	0	0	0	0	1	128	0	1	504	368	45	50	2218	0	0	0	1	
11013	17299115	0	0	0	0	1	128	0	1	504	368	45	50	2226	0	0	0	1	
11014	17299149	0	0	0	0	1	128	0	1	504	370	45	50	2241	0	0	0	1	
11015	17299182	0	0	0	0	1	128	0	1	504	370	45	50	2247	0	0	0	1	
11016	17299215	0	0	0	0	1	128	0	1	504	370	45	50	2252	0	0	0	1	
11017	17299249	0	0	0	0	1	128	0	1	504	370	45	50	2282	0	0	0	1	
11018	17299282	0	0	0	0	1	128	0	1	504	370	45	50	2276	0	0	0	1	
11019	17299315	0	0	0	0	1	128	0	1	504	370	45	50	2289	0	0	0	1	
11020	17299349	0	0	0	0	1	128	0	1	502	370	46	50	2297	0	0	0	1	
11021	17299382	0	0	0	0	1	128	0	1	502	370	46	50	2301	0	0	0	1	
11022	17299416	0	0	0	0	1	128	0	1	502	370	45	51	2303	0	0	0	1	
11023	17299449	0	0	0	0	1	128	0	1	502	370	45	50	2294	0	0	0	1	
11024	17299482	0	0	0	0	1	128	0	1	502	370	45	50	2292	0	0	0	1	
11025	17299516	0	0	0	0	1	128	0	1	502	370	45	51	2297	0	0	0	1	
11026	17299549	0	0	0	0	1	128	0	1	504	368	45	50	2286	0	0	0	1	
11027	17299582	0	0	0	0	1	128	0	1	504	368	45	50	2278	0	0	0	1	
11028	17299616	0	0	0	0	1	128	0	1	504	368	45	50	2287	0	0	0	1	
11029	17299649	0	0	0	0	1	128	0	1	504	368	45	50	2285	0	0	0	1	
11030	17299683	0	0	0	0	1	128	0	1	504	368	45	50	2290	0	0	0	1	
11031	17299716	0	0	0	0	1	128	0	1	504	368	46	50	2294	0	0	0	1	
11032	17299749	0	0	0	0	1	128	0	1	504	368	46	50	2296	0	0	0	1	
11033	17299783	0	0	0	0	1	128	0	1	506	368	45	51	2317	0	0	0	1	
11034	17299816	0	0	0	0	1	128	0	1	534	350	38	52	1962	0	0	0	1	
11035	17299849	0	0	0	0	1	128	0	1	538	344	39	50	1941	0	0	0	1	
11036	17299883	0	0	0	0	1	128	0	1	538	344	38	50	1920	0	0	0	1	
11037	17299916	0	0	0	0	1	128	0	1	538	344	39	50	1937	0	0	0	1	
11038	17299949	0	0	0	0	1	128	0	1	538	344	39	51	1946	0	0	0	1	
11039	17299983	0	0	0	0	1	128	0	1	538	344	39	50	1944	0	0	0	1	
11040	17300016	0	0	0	0	1	128	0	1	538	344	39	50	1954	0	0	0	1	
11041	17300050	0	0	0	0	1	128	0	1	538	344	39	51	1971	0	0	0	1	
11042	17300083	0	0	0	0	1	128	0	1	538	344	39	50	1954	0	0	0	1	
11043	17300116	0	0	0	0	1	128	0	1	538	344	39	51	1966	0	0	0	1	
11044	17300150	0	0	0	0	1	128	0	1	538	344	39	51	1970	0	0	0	1	
11045	17300183	0	0	0	0	1	128	0	1	538	344	39	51	1974	0	0	0	1	
11046	17300216	0	0	0	0	1	128	0	1	538	344	39	51	1977	0	0	0	1	
11047	17300250	0	0	0	0	1	128	0	1	538	344	39	51	1970	0	0	0	1	
11048	17300283	0	0	0	0	1	128	0	1	538	344	39	51	1982	0	0	0	1	
11049	17300317	0	0	0	0	1	128	0	1	538	344	39	51	1970	0	0	0	1	
11050	17300350	0	0	0	0	1	128	0	1	538	344	39	51	1969	0	0	0	1	
11051	17300383	0	0	0	0	1	128	0	1	538	344	39	51	1958	0	0	0	1	
11052	17300417	0	0	0	0	1	128	0	1	538	344	39	51	1962	0	0	0	1	
11053	17300450	0	0	0	0	1	128	0	1	538	344	39	51	1971	0	0	0	1	
11054	17300483	0	0	0	0	1	128	0	1	538	344	39	51	1954	0	0	0	1	
11055	17300517	0	0	0	0	1	128	0	1	536	344	39	51	1955	0	0	0	1	
11056	17300550	0	0	0	0	1	128	0	1	508	342	46	51	2349	0	0	0	1	
11057	17300583	0	0	0	0	1	128	0	1	508	342	45	51	2305	0	0	0	1	
11058	17300617	0	0	0	0	1	128	0	1	510	342	45	52	2319	0	0	0	1	
11059	17300650	0	0	0	0	1	128	0	1	508	342	45	52	2327	0	0	0	1	
11060	17300684	0	0	0	0	1	128	0	1	510	342	45	52	2333	0	0	0	1	
11061	17300717	0	0	0	0	1	128	0	1	510	342	45	52	2338	0	0	0	1	
11062	17300750	0	0	0	0	1	128	0	1	512	342	45	52	2318	0	0	0	1	
11063	17300784	0	0	0	0	1	128	0	1	512	342	45	52	2336	0	0	0	1	
11064	17300817	0	0	0	0	1	128	0	1	512	342	45	52	2352	0	0	0	1	
11065	17300850	0	0	0	0	1	128	0	1	512	342	45	52	2370	0	0	0	1	
11066	17300884	0	0	0	0	1	128	0	1	512	342	46	52	2372	0	0	0	1	
11067	17300917	0	0	0	0	1	128	0	1	512	342	46	52	2384	0	0	0	1	
11068	17300951	0	0	0	0	1	128	0	1	512	342	46	52	2390	0	0	0	1	
11069	17300984	0	0	0	0	1	128	0	1	512	342	45	52	2383	0	0	0	1	
11070	17301017	0	0	0	0	1	128	0	1	512	342	46	52	2398	0	0	0	1	
11071	17301051	0	0	0	0	1	128	0	1	510	342	46	52	2390	0	0	0	1	
11072	17301084	0	0	0	0	1	128	0	1	510	342	46	52	2388	0	0	0	1	
11073	17301117	0	0	0	0	1	128	0	1	510	342	46	52	2389	0	0	0	1	
11074	17301151	0	0	0	0	1	128	0	1	512	342	45	52	2380	0	0	0	1	
11075	17301184	0	0	0	0	1	128	0	1	512	342	46	52	2383	0	0	0	1	
11076	17301217	0	0	0	0	1	128	0	1	512	342	46	52	2379	0	0	0	1	
11077	17301251	0	0	0	0	1	128	0	1	512	342	46	52	2399	0	0	0	1	
11078	17301284	0	0	0	0	1	128	0	1	508	338	46	53	2405	0	0	0	1	
11079	17301318	0	0	0	0	1	128	0	1	498	328	48	53	2512	0	0	0	1	
11080	17301351	0	0	0	0	1	128	0	1	498	328	48	53	2506	0	0	0	1	
11081	17301384	0	0	0	0	1	128	0	1	498	328	48	53	2518	0	0	0	1	
11082	17301418	0	0	0	0	1	128	0	1	498	328	48	53	2528	0	0	0	1	
11083	17301451	0	0	0	0	1	128	0	1	500	328	48	53	2533	0	0	0	1	
11084	17301484	0	0	0	0	1	128	0	1	498	328	48	53	2544	0	0	0	1	
11085	17301518	0	0	0	0	1	128	0	1	498	328	48	53	2562	0	0	0	1	
11086	17301551	0	0	0	0	1	128	0	1	500	328	48	53	2544	0	0	0	1	
11087	17301585	0	0	0	0	1	128	0	1	500	330	48	53	2555	0	0	0	1	
11088	17301618	0	0	0	0	1	128	0	1	500	330	48	53	2560	0	0	0	1	
11089	17301651	0	0	0	0	1	128	0	1	500	330	48	53	2556	0	0	0	1	
11090	17301685	0	0	0	0	1	128	0	1	500	330	48	53	2562	0	0	0	1	
11091	17301718	0	0	0	0	1	128	0	1	500	330	48	53	2548	0	0	0	1	
11092	17301751	0	0	0	0	1	128	0	1	500	330	48	53	2550	0	0	0	1	
11093	17301785	0	0	0	0	1	128	0	1	500	330	48	53	2527	0	0	0	1	
11094	17301818	0	0	0	0	1	128	0	1	500	330	48	53	2518	0	0	0	1	
11095	17301851	0	0	0	0	1	128	0	1	500	330	47	53	2510	0	0	0	1	
11096	17301885	0	0	0	0	1	128	0	1	500	330	47	53	2485	0	0	0	1	
11097	17301918	0	0	0	0	1	128	0	1	500	330	47	53	2478	0	0	0	1	
11098	17301952	0	0	0	0	1	128	0	1	500	330	47	52	2451	0	0	0	1	
11099	17301985	0	0	0	0	1	128	0	1	500	330	47	52	2444	0	0	0	1	
11100	17302018	0	0	0	0	1	128	0	1	500	328	47	53	2446	0	0	0	1	
11101	17302052	0	0	0	0	1	128	0	1	482	304	48	54	2543	0	0	0	1	
11102	17302085	0	0	0	0	1	128	0	1	478	306	48	53	2518	0	0	0	1	
11103	17302118	0	0	0	0	1	128	0	1	478	306	48	53	2513	0	0	0	1	
11104	17302152	0	0	0	0	1	128	0	1	474	298	47	53	2514	0	0	0	1	
11105	17302185	0	0	0	0	1	128	0	1	472	298	47	53	2524	0	0	0	1	
11106	17302219	0	0	0	0	1	128	0	1	472	298	48	53	2537	0	0	0	1	
11107	17302252	0	0	0	0	1	128	0	1	472	298	48	54	2548	0	0	0	1	
11108	17302285	0	0	0	0	1	128	0	1	472	298	48	54	2555	0	0	0	1	
11109	17302319	0	0	0	0	1	128	0	1	472	298	48	54	2563	0	0	0	1	
11110	17302352	0	0	0	0	1	128	0	1	472	298	48	54	2560	0	0	0	1	
11111	17302385	0	0	0	0	1	128	0	1	472	298	48	54	2566	0	0	0	1	
11112	17302419	0	0	0	0	1	128	0	1	472	298	48	54	2557	0	0	0	1	
11113	17302452	0	0	0	0	1	128	0	1	472	298	48	54	2548	0	0	0	1	
11114	17302485	0	0	0	0	1	128	0	1	472	298	47	53	2519	0	0	0	1	
11115	17302519	0	0	0	0	1	128	0	1	472	298	47	53	2476	0	0	0	1	
11116	17302552	0	0	0	0	1	128	0	1	472	298	47	52	2432	0	0	0	1	
11117	17302586	0	0	0	0	1	128	0	1	472	298	46	52	2401	0	0	0	1	
11118	17302619	0	0	0	0	1	128	0	1	472	298	46	52	2362	0	0	0	1	
11119	17302652	0	0	0	0	1	128	0	1	472	298	45	51	2321	0	0	0	1	
11120	17302686	0	0	0	0	1	128	0	1	472	298	45	51	2279	0	0	0	1	
11121	17302719	0	0	0	0	1	128	0	1	472	298	45	50	2249	0	0	0	1	
11122	17302752	0	0	0	0	1	128	0	1	472	298	44	50	2220	0	0	0	1	
11123	17302786	0	0	0	0	1	128	0	1	472	298	44	49	2174	0	0	0	1	
11124	17302819	0	0	0	0	1	128	0	1	472	298	44	49	2157	0	0	0	1	
11125	17302853	0	0	0	0	1	128	0	1	472	298	43	49	2137	0	0	0	1	
11126	17302886	0	0	0	0	1	128	0	1	472	298	43	49	2115	0	0	0	1	
11127	17302919	0	0	0	0	1	128	0	1	472	298	43	49	2102	0	0	0	1	
11128	17302953	0	0	0	0	1	128	0	1	472	298	43	49	2108	0	0	0	1	
11129	17302986	0	0	0	0	1	128	0	1	472	298	43	49	2098	0	0	0	1	
11130	17303019	0	0	0	0	1	128	0	1	472	298	43	49	2101	0	0	0	1	
11131	17303053	0	0	0	0	1	128	0	1	472	298	43	49	2103	0	0	0	1	
11132	17303086	0	0	0	0	1	128	0	1	472	298	43	49	2122	0	0	0	1	
11133	17303119	0	0	0	0	1	128	0	1	472	298	43	49	2128	0	0	0	1	
11134	17303153	0	0	0	0	1	128	0	1	472	298	43	49	2136	0	0	0	1	
11135	17303186	0	0	0	0	1	128	0	1	472	298	44	49	2155	0	0	0	1	
11136	17303220	0	0	0	0	1	128	0	1	472	298	44	50	2181	0	0	0	1	
11137	17303253	0	0	0	0	1	128	0	1	472	298	44	50	2199	0	0	0	1	
11138	17303286	0	0	0	0	1	128	0	1	472	298	44	50	2220	0	0	0	1	
11139	17303320	0	0	0	0	1	128	0	1	472	298	45	50	2239	0	0	0	1	
11140	17303353	0	0	0	0	1	128	0	1	472	298	45	50	2261	0	0	0	1	
11141	17303386	0	0	0	0	1	128	0	1	472	298	45	51	2279	0	0	0	1	
11142	17303420	0	0	0	0	1	128	0	1	472	298	45	51	2281	0	0	0	1	
11143	17303453	0	0	0	0	1	128	0	1	472	298	45	51	2287	0	0	0	1	
11144	17303487	0	0	0	0	1	128	0	1	472	298	45	51	2295	0	0	0	1	
11145	17303520	0	0	0	0	1	128	0	1	472	298	45	51	2294	0	0	0	1	
11146	17303553	0	0	0	0	1	128	0	1	472	298	45	51	2296	0	0	0	1	
11147	17303587	0	0	0	0	1	128	0	1	472	298	45	51	2295	0	0	0	1	
11148	17303620	0	0	0	0	1	128	0	1	472	298	45	51	2277	0	0	0	1	
11149	17303653	0	0	0	0	1	128	0	1	472	298	45	51	2277	0	0	0	1	
11150	17303687	0	0	0	0	1	128	0	1	472	298	45	50	2271	0	0	0	1	
11151	17303720	0	0	0	0	1	128	0	1	472	298	45	51	2273	0	0	0	1	
11152	17303754	0	0	0	0	1	128	0	1	472	298	45	50	2263	0	0	0	1	
11153	17303787	0	0	0	0	1	128	0	1	472	298	45	50	2251	0	0	0	1	
11154	17303820	0	0	0	0	1	128	0	1	472	300	45	50	2242	0	0	0	1	
11155	17303854	0	0	0	0	1	128	0	1	474	300	45	50	2221	0	0	0	1	
11156	17303887	0	0	0	0	1	128	0	1	480	300	44	50	2201	0	0	0	1	
11157	17303920	0	0	0	0	1	128	0	1	480	302	44	50	2186	0	0	0	1	
11158	17303954	0	0	0	0	1	128	0	1	480	302	44	49	2184	0	0	0	1	
11159	17303987	0	0	0	0	1	128	0	1	482	302	44	49	2167	0	0	0	1	
11160	17304020	0	0	0	0	1	128	0	1	484	304	44	49	2166	0	0	0	1	
11161	17304054	0	0	0	0	1	128	0	1	484	304	44	49	2147	0	0	0	1	
11162	17304087	0	0	0	0	1	128	0	1	486	304	43	49	2137	0	0	0	1	
11163	17304121	0	0	0	0	1	128	0	1	486	304	43	49	2145	0	0	0	1	
11164	17304154	0	0	0	0	1	128	0	1	488	304	43	49	2130	0	0	0	1	
11165	17304187	0	0	0	0	1	128	0	1	488	304	43	49	2130	0	0	0	1	
11166	17304221	0	0	0	0	1	128	0	1	488	306	43	49	2128	0	0	0	1	
11167	17304254	0	0	0	0	1	128	0	1	490	306	43	49	2119	0	0	0	1	
11168	17304287	0	0	0	0	1	128	0	1	490	306	43	49	2114	0	0	0	1	
11169	17304321	0	0	0	0	1	128	0	1	492	306	43	49	2113	0	0	0	1	
11170	17304354	0	0	0	0	1	128	0	1	492	306	43	49	2093	0	0	0	1	
11171	17304387	0	0	0	0	1	128	0	1	492	306	43	49	2090	0	0	0	1	
11172	17304421	0	0	0	0	1	128	0	1	492	306	43	48	2084	0	0	0	1	
11173	17304454	0	0	0	0	1	128	0	1	492	306	43	49	2088	0	0	0	1	
11174	17304488	0	0	0	0	1	128	0	1	492	306	43	48	2085	0	0	0	1	
11175	17304521	0	0	0	0	1	128	0	1	492	306	43	49	2085	0	0	0	1	
11176	17304554	0	0	0	0	1	128	0	1	490	306	43	48	2075	0	0	0	1	
11177	17304588	0	0	0	0	1	128	0	1	490	306	43	48	2071	0	0	0	1	
11178	17304621	0	0	0	0	1	128	0	1	490	306	43	48	2069	0	0	0	1	
11179	17304654	0	0	0	0	1	128	0	1	490	306	43	48	2068	0	0	0	1	
11180	17304688	0	0	0	0	1	128	0	1	490	306	43	48	2077	0	0	0	1	
11181	17304721	0	0	0	0	1	128	0	1	490	306	43	48	2080	0	0	0	1	
11182	17304755	0	0	0	0	1	128	0	1	490	306	43	49	2095	0	0	0	1	
11183	17304788	0	0	0	0	1	128	0	1	490	306	43	49	2095	0	0	0	1	
11184	17304821	0	0	0	0	1	128	0	1	490	306	43	49	2107	0	0	0	1	
11185	17304855	0	0	0	0	1	128	0	1	488	306	44	49	2122	0	0	0	1	
11186	17304888	0	0	0	0	1	128	0	1	488	306	43	49	2131	0	0	0	1	
11187	17304921	0	0	0	0	1	128	0	1	488	306	43	49	2137	0	0	0	1	
11188	17304955	0	0	0	0	1	128	0	1	488	306	43	49	2133	0	0	0	1	
11189	17304988	0	0	0	0	1	128	0	1	488	306	44	49	2137	0	0	0	1	
11190	17305021	0	0	0	0	1	128	0	1	488	306	43	49	2123	0	0	0	1	
11191	17305055	0	0	0	0	1	128	0	1	488	306	43	49	2127	0	0	0	1	
11192	17305088	0	0	0	0	1	128	0	1	488	306	43	49	2119	0	0	0	1	
11193	17305122	0	0	0	0	1	128	0	1	488	306	43	49	2100	0	0	0	1	
11194	17305155	0	0	0	0	1	128	0	1	484	302	44	55	2438	0	0	0	1	
11195	17305188	0	0	0	0	1	128	0	1	488	306	43	49	2096	0	0	0	1	
11196	17305222	0	0	0	0	1	128	0	1	488	306	43	49	2091	0	0	0	1	
11197	17305255	0	0	0	0	1	128	0	1	488	306	43	49	2091	0	0	0	1	
11198	17305288	0	0	0	0	1	128	0	1	488	306	43	48	2077	0	0	0	1	
11199	17305322	0	0	0	0	1	128	0	1	488	306	43	49	2082	0	0	0	1	
11200	17305355	0	0	0	0	1	128	0	1	488	306	43	48	2082	0	0	0	1	
11201	17305389	0	0	0	0	1	128	0	1	488	306	43	48	2077	0	0	0	1	
11202	17305422	0	0	0	0	1	128	0	1	490	306	43	48	2066	0	0	0	1	
11203	17305455	0	0	0	0	1	128	0	1	490	306	43	48	2069	0	0	0	1	
11204	17305489	0	0	0	0	1	128	0	1	494	308	43	48	2069	0	0	0	1	
11205	17305522	0	0	0	0	1	128	0	1	494	310	43	48	2055	0	0	0	1	
11206	17305555	0	0	0	0	1	128	0	1	496	310	43	48	2047	0	0	0	1	
11207	17305589	0	0	0	0	1	128	0	1	496	312	43	48	2049	0	0	0	1	
11208	17305622	0	0	0	0	1	128	0	1	498	312	43	48	2056	0	0	0	1	
11209	17305656	0	0	0	0	1	128	0	1	498	312	43	48	2052	0	0	0	1	
11210	17305689	0	0	0	0	1	128	0	1	498	314	42	48	2041	0	0	0	1	
11211	17305722	0	0	0	0	1	128	0	1	498	314	43	48	2047	0	0	0	1	
11212	17305756	0	0	0	0	1	128	0	1	500	314	42	48	2029	0	0	0	1	
11213	17305789	0	0	0	0	1	128	0	1	500	316	42	48	2027	0	0	0	1	
11214	17305822	0	0	0	0	1	128	0	1	502	316	42	48	2007	0	0	0	1	
11215	17305856	0	0	0	0	1	128	0	1	502	316	42	48	2002	0	0	0	1	
11216	17305889	0	0	0	0	1	128	0	1	502	316	42	48	1999	0	0	0	1	
11217	17305922	0	0	0	0	1	128	0	1	502	318	42	48	1988	0	0	0	1	
11218	17305956	0	0	0	0	1	128	0	1	504	318	42	47	1976	0	0	0	1	
11219	17305989	0	0	0	0	1	128	0	1	504	318	42	47	1976	0	0	0	1	
11220	17306023	0	0	0	0	1	128	0	1	504	318	41	47	1967	0	0	0	1	
11221	17306056	0	0	0	0	1	128	0	1	504	320	42	47	1959	0	0	0	1	
11222	17306089	0	0	0	0	1	128	0	1	506	320	41	47	1958	0	0	0	1	
11223	17306123	0	0	0	0	1	128	0	1	506	320	41	47	1945	0	0	0	1	
11224	17306156	0	0	0	0	1	128	0	1	506	320	41	47	1941	0	0	0	1	
11225	17306189	0	0	0	0	1	128	0	1	508	322	41	47	1922	0	0	0	1	
11226	17306223	0	0	0	0	1	128	0	1	508	322	41	47	1915	0	0	0	1	
11227	17306256	0	0	0	0	1	128	0	1	508	324	41	47	1911	0	0	0	1	
11228	17306289	0	0	0	0	1	128	0	1	508	324	40	47	1888	0	0	0	1	
11229	17306323	0	0	0	0	1	128	0	1	508	324	40	46	1881	0	0	0	1	
11230	17306356	0	0	0	0	1	128	0	1	510	324	40	47	1883	0	0	0	1	
11231	17306390	0	0	0	0	1	128	0	1	510	324	40	46	1865	0	0	0	1	
11232	17306423	0	0	0	0	1	128	0	1	512	326	40	46	1837	0	0	0	1	
11233	17306456	0	0	0	0	1	128	0	1	512	326	40	46	1824	0	0	0	1	
11234	17306490	0	0	0	0	1	128	0	1	514	328	40	46	1828	0	0	0	1	
11235	17306523	0	0	0	0	1	128	0	1	514	328	40	46	1834	0	0	0	1	
11236	17306556	0	0	0	0	1	128	0	1	514	328	40	46	1835	0	0	0	1	
11237	17306590	0	0	0	0	1	128	0	1	516	332	40	46	1830	0	0	0	1	
11238	17306623	0	0	0	0	1	128	0	1	516	330	40	47	1847	0	0	0	1	
11239	17306657	0	0	0	0	1	128	0	1	516	330	40	46	1846	0	0	0	1	
11240	17306690	0	0	0	0	1	128	0	1	516	330	40	47	1852	0	0	0	1	
11241	17306723	0	0	0	0	1	128	0	1	516	330	40	47	1845	0	0	0	1	
11242	17306757	0	0	0	0	1	128	0	1	516	330	40	46	1841	0	0	0	1	
11243	17306790	0	0	0	0	1	128	0	1	516	330	40	46	1842	0	0	0	1	
11244	17306823	0	0	0	0	1	128	0	1	516	330	40	46	1836	0	0	0	1	
11245	17306857	0	0	0	0	1	128	0	1	516	330	40	46	1835	0	0	0	1	
11246	17306890	0	0	0	0	1	128	0	1	514	332	40	47	1851	0	0	0	1	
11247	17306923	0	0	0	0	1	128	0	1	514	332	40	47	1859	0	0	0	1	
11248	17306957	0	0	0	0	1	128	0	1	514	332	40	47	1856	0	0	0	1	
11249	17306990	0	0	0	0	1	128	0	1	514	332	40	46	1854	0	0	0	1	
11250	17307024	0	0	0	0	1	128	0	1	514	332	40	47	1864	0	0	0	1	
11251	17307057	0	0	0	0	1	128	0	1	514	332	40	47	1867	0	0	0	1	
11252	17307090	0	0	0	0	1	128	0	1	514	332	40	47	1871	0	0	0	1	
11253	17307124	0	0	0	0	1	128	0	1	514	332	40	47	1872	0	0	0	1	
11254	17307157	0	0	0	0	1	128	0	1	514	332	40	47	1890	0	0	0	1	
11255	17307190	0	0	0	0	1	128	0	1	514	332	40	47	1891	0	0	0	1	
11256	17307224	0	0	0	0	1	128	0	1	514	332	40	47	1899	0	0	0	1	
11257	17307257	0	0	0	0	1	128	0	1	514	332	40	47	1898	0	0	0	1	
11258	17307290	0	0	0	0	1	128	0	1	514	332	41	47	1914	0	0	0	1	
11259	17307324	0	0	0	0	1	128	0	1	514	332	40	47	1911	0	0	0	1	
11260	17307357	0	0	0	0	1	128	0	1	514	332	40	47	1904	0	0	0	1	
11261	17307391	0	0	0	0	1	128	0	1	514	332	40	47	1901	0	0	0	1	
11262	17307424	0	0	0	0	1	128	0	1	514	332	40	47	1908	0	0	0	1	
11263	17307457	0	0	0	0	1	128	0	1	514	330	41	47	1909	0	0	0	1	
11264	17307491	0	0	0	0	1	128	0	1	514	330	40	47	1909	0	0	0	1	
11265	17307524	0	0	0	0	1	128	0	1	514	330	40	47	1903	0	0	0	1	
11266	17307557	0	0	0	0	1	128	0	1	514	330	41	47	1911	0	0	0	1	
11267	17307591	0	0	0	0	1	128	0	1	514	330	41	47	1919	0	0	0	1	
11268	17307624	0	0	0	0	1	128	0	1	514	330	41	47	1916	0	0	0	1	
11269	17307658	0	0	0	0	1	128	0	1	494	332	45	48	2164	0	0	0	1	
11270	17307691	0	0	0	0	1	128	0	1	488	328	45	48	2151	0	0	0	1	
11271	17307724	0	0	0	0	1	128	0	1	486	328	45	48	2154	0	0	0	1	
11272	17307758	0	0	0	0	1	128	0	1	476	324	46	49	2252	0	0	0	1	
11273	17307791	0	0	0	0	1	128	0	1	476	324	46	49	2254	0	0	0	1	
11274	17307824	0	0	0	0	1	128	0	1	476	322	46	49	2258	0	0	0	1	
11275	17307858	0	0	0	0	1	128	0	1	476	322	47	49	2278	0	0	0	1	
11276	17307891	0	0	0	0	1	128	0	1	476	322	47	49	2291	0	0	0	1	
11277	17307924	0	0	0	0	1	128	0	1	474	324	47	49	2314	0	0	0	1	
11278	17307958	0	0	0	0	1	128	0	1	474	324	47	49	2333	0	0	0	1	
11279	17307991	0	0	0	0	1	128	0	1	474	324	47	50	2345	0	0	0	1	
11280	17308025	0	0	0	0	1	128	0	1	474	324	47	50	2356	0	0	0	1	
11281	17308058	0	0	0	0	1	128	0	1	474	324	48	50	2367	0	0	0	1	
11282	17308091	0	0	0	0	1	128	0	1	474	324	48	50	2368	0	0	0	1	
11283	17308125	0	0	0	0	1	128	0	1	474	324	47	50	2366	0	0	0	1	
11284	17308158	0	0	0	0	1	128	0	1	474	324	47	50	2351	0	0	0	1	
11285	17308191	0	0	0	0	1	128	0	1	474	324	47	50	2331	0	0	0	1	
11286	17308225	0	0	0	0	1	128	0	1	474	324	47	49	2303	0	0	0	1	
11287	17308258	0	0	0	0	1	128	0	1	474	324	47	49	2287	0	0	0	1	
11288	17308292	0	0	0	0	1	128	0	1	474	324	47	49	2278	0	0	0	1	
11289	17308325	0	0	0	0	1	128	0	1	474	324	46	49	2254	0	0	0	1	
11290	17308358	0	0	0	0	1	128	0	1	474	324	46	50	2312	0	0	0	1	
11291	17308392	0	0	0	0	1	128	0	1	474	324	46	48	2229	0	0	0	1	
11292	17308425	0	0	0	0	1	128	0	1	468	316	46	49	2258	0	0	0	1	
11293	17308458	0	0	0	0	1	128	0	1	464	314	46	48	2174	0	0	0	1	
11294	17308492	0	0	0	0	1	128	0	1	464	314	45	49	2203	0	0	0	1	
11295	17308525	0	0	0	0	1	128	0	1	464	314	45	48	2180	0	0	0	1	
11296	17308559	0	0	0	0	1	128	0	1	464	314	45	48	2157	0	0	0	1	
11297	17308592	0	0	0	0	1	128	0	1	464	314	45	47	2130	0	0	0	1	
11298	17308625	0	0	0	0	1	128	0	1	464	314	45	48	2178	0	0	0	1	
11299	17308659	0	0	0	0	1	128	0	1	464	312	45	48	2185	0	0	0	1	
11300	17308692	0	0	0	0	1	128	0	1	464	312	46	48	2211	0	0	0	1	
11301	17308725	0	0	0	0	1	128	0	1	464	312	46	49	2215	0	0	0	1	
11302	17308759	0	0	0	0	1	128	0	1	462	312	46	49	2224	0	0	0	1	
11303	17308792	0	0	0	0	1	128	0	1	462	312	46	49	2238	0	0	0	1	
11304	17308825	0	0	0	0	1	128	0	1	462	312	46	49	2236	0	0	0	1	
11305	17308859	0	0	0	0	1	128	0	1	462	312	46	49	2241	0	0	0	1	
11306	17308892	0	0	0	0	1	128	0	1	462	310	46	52	2381	0	0	0	1	
11307	17308926	0	0	0	0	1	128	0	1	462	312	46	49	2240	0	0	0	1	
11308	17308959	0	0	0	0	1	128	0	1	462	312	46	49	2231	0	0	0	1	
11309	17308992	0	0	0	0	1	128	0	1	462	312	46	49	2225	0	0	0	1	
11310	17309026	0	0	0	0	1	128	0	1	464	312	46	48	2205	0	0	0	1	
11311	17309059	0	0	0	0	1	128	0	1	464	312	45	48	2193	0	0	0	1	
11312	17309092	0	0	0	0	1	128	0	1	464	312	45	48	2181	0	0	0	1	
11313	17309126	0	0	0	0	1	128	0	0	0	0	0	0	0	0	0	0	1	
11314	17309159	0	0	0	0	1	128	0	1	442	342	47	47	2196	0	0	0	1	
11315	17309193	0	0	0	0	1	128	0	1	442	342	47	48	2252	0	0	0	1	
11316	17309226	0	0	0	0	1	128	0	1	376	370	54	87	4652	0	0	0	1	
11317	17309259	0	0	0	0	1	128	0	1	442	342	47	48	2250	0	0	0	1	
11318	17309293	0	0	0	0	1	128	0	1	442	342	47	48	2249	0	0	0	1	
11319	17309326	0	0	0	0	1	128	0	1	442	342	47	49	2290	0	0	0	1	
11320	17309359	0	0	0	0	1	128	0	1	438	342	47	49	2302	0	0	0	1	
11321	17309393	0	0	0	0	1	128	0	1	440	342	47	49	2291	0	0	0	1	
11322	17309426	0	0	0	0	1	128	0	1	440	342	47	49	2312	0	0	0	1	
11323	17309459	0	0	0	0	1	128	0	1	440	342	47	49	2324	0	0	0	1	
11324	17309493	0	0	0	0	1	128	0	1	440	342	48	49	2333	0	0	0	1	
11325	17309526	0	0	0	0	1	128	0	1	440	342	48	49	2352	0	0	0	1	
11326	17309559	0	0	0	0	1	128	0	1	440	342	48	49	2365	0	0	0	1	
11327	17309593	0	0	0	0	1	128	0	1	440	342	48	50	2402	0	0	0	1	
11328	17309626	0	0	0	0	1	128	0	1	440	342	48	50	2408	0	0	0	1	
11329	17309660	0	0	0	0	1	128	0	1	440	342	48	49	2377	0	0	0	1	
11330	17309693	0	0	0	0	1	128	0	1	440	342	48	50	2407	0	0	0	1	
11331	17309726	0	0	0	0	1	128	0	1	440	342	48	50	2422	0	0	0	1	
11332	17309760	0	0	0	0	1	128	0	1	440	342	48	49	2378	0	0	0	1	
11333	17309793	0	0	0	0	1	128	0	1	440	342	48	50	2413	0	0	0	1	
11334	17309827	0	0	0	0	1	128	0	1	440	342	48	50	2419	0	0	0	1	
11335	17309860	0	0	0	0	1	128	0	0	0	0	0	0	0	0	0	0	1	
11336	17309893	0	0	0	0	1	128	0	1	474	354	47	48	2297	0	0	0	1	
11337	17309927	0	0	0	0	1	128	0	1	472	354	47	49	2297	0	0	0	1	
11338	17309960	0	0	0	0	1	128	0	1	472	354	47	49	2317	0	0	0	1	
11339	17309993	0	0	0	0	1	128	0	1	472	354	47	49	2318	0	0	0	1	
11340	17310027	0	0	0	0	1	128	0	1	472	354	48	49	2344	0	0	0	1	
11341	17310060	0	0	0	0	1	128	0	1	472	354	48	49	2351	0	0	0	1	
11342	17310093	0	0	0	0	1	128	0	1	472	354	48	49	2353	0	0	0	1	
11343	17310127	0	0	0	0	1	128	0	1	472	354	48	49	2366	0	0	0	1	
11344	17310160	0	0	0	0	1	128	0	1	472	352	48	49	2384	0	0	0	1	
11345	17310193	0	0	0	0	1	128	0	1	472	352	48	49	2385	0	0	0	1	
11346	17310227	0	0	0	0	1	128	0	1	472	352	48	49	2387	0	0	0	1	
11347	17310260	0	0	0	0	1	128	0	1	472	352	49	49	2393	0	0	0	1	
11348	17310294	0	0	0	0	1	128	0	1	472	352	49	49	2402	0	0	0	1	
11349	17310327	0	0	0	0	1	128	0	1	472	352	49	49	2396	0	0	0	1	
11350	17310360	0	0	0	0	1	128	0	1	472	352	49	49	2416	0	0	0	1	
11351	17310394	0	0	0	0	1	128	0	1	472	352	49	50	2436	0	0	0	1	
11352	17310427	0	0	0	0	1	128	0	1	472	352	49	50	2437	0	0	0	1	
11353	17310460	0	0	0	0	1	128	0	1	472	352	49	50	2458	0	0	0	1	
11354	17310494	0	0	0	0	1	128	0	1	472	352	49	50	2463	0	0	0	1	
11355	17310527	0	0	0	0	1	128	0	1	472	352	49	50	2469	0	0	0	1	
11356	17310561	0	0	0	0	1	128	0	1	472	352	49	50	2473	0	0	0	1	
11357	17310594	0	0	0	0	1	128	0	1	472	352	49	50	2486	0	0	0	1	
11358	17310627	0	0	0	0	1	128	0	1	484	338	54	56	3009	0	0	0	1	
11359	17310661	0	0	0	0	1	128	0	1	504	334	45	50	2228	0	0	0	1	
11360	17310694	0	0	0	0	1	128	0	1	504	332	45	50	2216	0	0	0	1	
11361	17310727	0	0	0	0	1	128	0	1	504	334	45	50	2215	0	0	0	1	
11362	17310761	0	0	0	0	1	128	0	1	504	334	45	50	2217	0	0	0	1	
11363	17310794	0	0	0	0	1	128	0	1	504	334	44	50	2205	0	0	0	1	
11364	17310828	0	0	0	0	1	128	0	1	504	332	44	50	2213	0	0	0	1	
11365	17310861	0	0	0	0	1	128	0	1	504	332	44	50	2205	0	0	0	1	
11366	17310894	0	0	0	0	1	128	0	1	504	332	44	50	2202	0	0	0	1	
11367	17310928	0	0	0	0	1	128	0	1	504	332	44	50	2192	0	0	0	1	
11368	17310961	0	0	0	0	1	128	0	1	504	332	44	49	2181	0	0	0	1	
11369	17310994	0	0	0	0	1	128	0	1	504	332	44	49	2177	0	0	0	1	
11370	17311028	0	0	0	0	1	128	0	1	504	332	44	49	2165	0	0	0	1	
11371	17311061	0	0	0	0	1	128	0	1	504	332	44	49	2157	0	0	0	1	
11372	17311095	0	0	0	0	1	128	0	1	504	332	44	49	2149	0	0	0	1	
11373	17311128	0	0	0	0	1	128	0	1	504	332	44	49	2145	0	0	0	1	
11374	17311161	0	0	0	0	1	128	0	1	504	332	44	49	2136	0	0	0	1	
11375	17311195	0	0	0	0	1	128	0	1	502	332	44	49	2126	0	0	0	1	
11376	17311228	0	0	0	0	1	128	0	1	498	332	44	49	2154	0	0	0	1	
11377	17311261	0	0	0	0	1	128	0	1	498	332	44	49	2157	0	0	0	1	
11378	17311295	0	0	0	0	1	128	0	1	498	332	44	49	2158	0	0	0	1	
11379	17311328	0	0	0	0	1	128	0	1	498	332	45	49	2166	0	0	0	1	
11380	17311361	0	0	0	0	1	128	0	1	498	332	45	49	2177	0	0	0	1	
11381	17311395	0	0	0	0	1	128	0	1	498	332	45	49	2183	0	0	0	1	
11382	17311428	0	0	0	0	1	128	0	1	498	332	45	49	2199	0	0	0	1	
11383	17311462	0	0	0	0	1	128	0	1	498	332	45	49	2219	0	0	0	1	
11384	17311495	0	0	0	0	1	128	0	1	498	332	45	49	2232	0	0	0	1	
11385	17311528	0	0	0	0	1	128	0	1	498	332	45	50	2237	0	0	0	1	
11386	17311562	0	0	0	0	1	128	0	1	498	332	45	50	2256	0	0	0	1	
11387	17311595	0	0	0	0	1	128	0	1	498	332	45	50	2253	0	0	0	1	
11388	17311628	0	0	0	0	1	128	0	1	498	332	46	50	2270	0	0	0	1	
11389	17311662	0	0	0	0	1	128	0	1	498	332	46	50	2276	0	0	0	1	
11390	17311695	0	0	0	0	1	128	0	1	498	332	46	50	2291	0	0	0	1	
11391	17311728	0	0	0	0	1	128	0	1	500	332	46	50	2283	0	0	0	1	
11392	17311762	0	0	0	0	1	128	0	1	504	334	44	49	2144	0	0	0	1	
11393	17311795	0	0	0	0	1	128	0	1	502	332	45	50	2285	0	0	0	1	
11394	17311829	0	0	0	0	1	128	0	1	502	332	46	50	2301	0	0	0	1	
11395	17311862	0	0	0	0	1	128	0	1	502	332	46	50	2305	0	0	0	1	
11396	17311895	0	0	0	0	1	128	0	1	502	332	46	50	2307	0	0	0	1	
11397	17311929	0	0	0	0	1	128	0	1	502	332	46	51	2308	0	0	0	1	
11398	17311962	0	0	0	0	1	128	0	1	502	332	46	50	2308	0	0	0	1	
11399	17311995	0	0	0	0	1	128	0	1	502	332	46	50	2297	0	0	0	1	
11400	17312029	0	0	0	0	1	128	0	1	502	332	45	50	2292	0	0	0	1	
11401	17312062	0	0	0	0	1	128	0	1	502	332	45	50	2272	0	0	0	1	
11402	17312096	0	0	0	0	1	128	0	1	502	332	45	50	2256	0	0	0	1	
11403	17312129	0	0	0	0	1	128	0	1	502	332	45	50	2236	0	0	0	1	
11404	17312162	0	0	0	0	1	128	0	1	502	332	44	50	2210	0	0	0	1	
11405	17312196	0	0	0	0	1	128	0	1	502	332	44	49	2178	0	0	0	1	
11406	17312229	0	0	0	0	1	128	0	1	504	334	44	49	2140	0	0	0	1	
11407	17312262	0	0	0	0	1	128	0	1	504	334	43	49	2100	0	0	0	1	
11408	17312296	0	0	0	0	1	128	0	1	504	334	43	48	2072	0	0	0	1	
11409	17312329	0	0	0	0	1	128	0	1	504	334	43	48	2055	0	0	0	1	
11410	17312363	0	0	0	0	1	128	0	1	504	334	42	48	2028	0	0	0	1	
11411	17312396	0	0	0	0	1	128	0	1	504	334	42	48	1992	0	0	0	1	
11412	17312429	0	0	0	0	1	128	0	1	504	334	42	47	1961	0	0	0	1	
11413	17312463	0	0	0	0	1	128	0	1	512	330	40	47	1843	0	0	0	1	
11414	17312496	0	0	0	0	1	128	0	1	514	330	39	46	1823	0	0	0	1	
11415	17312529	0	0	0	0	1	128	0	1	516	330	39	46	1792	0	0	0	1	
11416	17312563	0	0	0	0	1	128	0	1	524	328	37	45	1669	0	0	0	1	
11417	17312596	0	0	0	0	1	128	0	1	524	328	37	45	1668	0	0	0	1	
11418	17312629	0	0	0	0	1	128	0	1	526	328	36	45	1641	0	0	0	1	
11419	17312663	0	0	0	0	1	128	0	1	526	328	36	45	1625	0	0	0	1	
11420	17312696	0	0	0	0	1	128	0	1	528	326	36	45	1606	0	0	0	1	
11421	17312730	0	0	0	0	1	128	0	1	530	326	36	45	1592	0	0	0	1	
11422	17312763	0	0	0	0	1	128	0	1	530	326	35	45	1569	0	0	0	1	
11423	17312796	0	0	0	0	1	128	0	1	532	326	35	45	1588	0	0	0	1	
11424	17312830	0	0	0	0	1	128	0	1	534	324	35	45	1581	0	0	0	1	
11425	17312863	0	0	0	0	1	128	0	1	536	322	34	46	1535	0	0	0	1	
11426	17312896	0	0	0	0	1	128	0	1	538	322	34	46	1552	0	0	0	1	
11427	17312930	0	0	0	0	1	128	0	1	538	320	34	46	1537	0	0	0	1	
11428	17312963	0	0	0	0	1	128	0	1	540	320	34	46	1550	0	0	0	1	
11429	17312997	0	0	0	0	1	128	0	1	540	320	34	46	1559	0	0	0	1	
11430	17313030	0	0	0	0	1	128	0	1	540	320	34	46	1580	0	0	0	1	
11431	17313063	0	0	0	0	1	128	0	1	540	320	34	46	1588	0	0	0	1	
11432	17313097	0	0	0	0	1	128	0	1	540	320	34	47	1599	0	0	0	1	
11433	17313130	0	0	0	0	1	128	0	1	536	322	35	47	1656	0	0	0	1	
11434	17313163	0	0	0	0	1	128	0	1	536	322	35	47	1658	0	0	0	1	
11435	17313197	0	0	0	0	1	128	0	1	536	322	35	48	1686	0	0	0	1	
11436	17313230	0	0	0	0	1	128	0	1	536	322	36	47	1685	0	0	0	1	
11437	17313263	0	0	0	0	1	128	0	1	536	322	36	48	1705	0	0	0	1	
11438	17313297	0	0	0	0	1	128	0	1	536	322	36	48	1715	0	0	0	1	
11439	17313330	0	0	0	0	1	128	0	1	536	322	36	48	1724	0	0	0	1	
11440	17313364	0	0	0	0	1	128	0	1	536	322	36	48	1736	0	0	0	1	
11441	17313397	0	0	0	0	1	128	0	1	536	322	36	48	1745	0	0	0	1	
11442	17313430	0	0	0	0	1	128	0	1	536	322	36	48	1755	0	0	0	1	
11443	17313464	0	0	0	0	1	128	0	1	536	322	37	49	1772	0	0	0	1	
11444	17313497	0	0	0	0	1	128	0	1	536	322	37	48	1777	0	0	0	1	
11445	17313530	0	0	0	0	1	128	0	1	536	322	37	49	1787	0	0	0	1	
11446	17313564	0	0	0	0	1	128	0	1	536	322	37	49	1790	0	0	0	1	
11447	17313597	0	0	0	0	1	128	0	1	536	322	37	49	1813	0	0	0	1	
11448	17313631	0	0	0	0	1	128	0	1	536	322	37	49	1815	0	0	0	1	
11449	17313664	0	0	0	0	1	128	0	1	536	322	37	49	1828	0	0	0	1	
11450	17313697	0	0	0	0	1	128	0	1	536	322	37	49	1840	0	0	0	1	
11451	17313731	0	0	0	0	1	128	0	1	536	322	38	49	1845	0	0	0	1	
11452	17313764	0	0	0	0	1	128	0	1	536	322	37	49	1847	0	0	0	1	
11453	17313797	0	0	0	0	1	128	0	1	536	322	37	50	1856	0	0	0	1	
11454	17313831	0	0	0	0	1	128	0	1	536	322	38	49	1857	0	0	0	1	
11455	17313864	0	0	0	0	1	128	0	1	536	322	38	49	1859	0	0	0	1	
11456	17313897	0	0	0	0	1	128	0	1	536	322	38	49	1850	0	0	0	1	
11457	17313931	0	0	0	0	1	128	0	1	536	322	38	49	1850	0	0	0	1	
11458	17313964	0	0	0	0	1	128	0	1	536	322	38	49	1845	0	0	0	1	
11459	17313998	0	0	0	0	1	128	0	1	536	322	38	49	1845	0	0	0	1	
11460	17314031	0	0	0	0	1	128	0	1	536	322	38	49	1863	0	0	0	1	
11461	17314064	0	0	0	0	1	128	0	1	534	320	38	50	1878	0	0	0	1	
11462	17314098	0	0	0	0	1	128	0	1	522	312	41	50	2026	0	0	0	1	
11463	17314131	0	0	0	0	1	128	0	1	520	310	41	50	2018	0	0	0	1	
11464	17314164	0	0	0	0	1	128	0	1	520	310	41	49	2011	0	0	0	1	
11465	17314198	0	0	0	0	1	128	0	1	520	312	40	47	1871	0	0	0	1	
11466	17314231	0	0	0	0	1	128	0	1	518	310	41	50	2031	0	0	0	1	
11467	17314264	0	0	0	0	1	128	0	1	516	308	41	50	2044	0	0	0	1	
11468	17314298	0	0	0	0	1	128	0	1	514	308	41	49	2049	0	0	0	1	
11469	17314331	0	0	0	0	1	128	0	1	514	306	41	50	2054	0	0	0	1	
11470	17314365	0	0	0	0	1	128	0	1	512	306	42	50	2074	0	0	0	1	
11471	17314398	0	0	0	0	1	128	0	1	510	306	42	50	2085	0	0	0	1	
11472	17314431	0	0	0	0	1	128	0	1	510	304	42	50	2093	0	0	0	1	
11473	17314465	0	0	0	0	1	128	0	1	508	304	42	50	2104	0	0	0	1	
11474	17314498	0	0	0	0	1	128	0	1	506	304	42	49	2096	0	0	0	1	
11475	17314531	0	0	0	0	1	128	0	1	504	304	43	50	2119	0	0	0	1	
11476	17314565	0	0	0	0	1	128	0	1	500	296	42	50	2110	0	0	0	1	
11477	17314598	0	0	0	0	1	128	0	1	500	296	43	50	2113	0	0	0	1	
11478	17314632	0	0	0	0	1	128	0	1	498	296	42	50	2100	0	0	0	1	
11479	17314665	0	0	0	0	1	128	0	1	498	294	42	49	2080	0	0	0	1	
11480	17314698	0	0	0	0	1	128	0	1	496	294	42	49	2047	0	0	0	1	
11481	17314732	0	0	0	0	1	128	0	1	496	294	42	48	2030	0	0	0	1	
11482	17314765	0	0	0	0	1	128	0	1	494	292	42	48	2017	0	0	0	1	
11483	17314798	0	0	0	0	1	128	0	1	494	292	41	48	1988	0	0	0	1	
11484	17314832	0	0	0	0	1	128	0	1	494	292	41	48	1972	0	0	0	1	
11485	17314865	0	0	0	0	1	128	0	1	492	292	41	48	1966	0	0	0	1	
11486	17314898	0	0	0	0	1	128	0	1	488	288	41	48	1998	0	0	0	1	
11487	17314932	0	0	0	0	1	128	0	1	486	288	41	48	1980	0	0	0	1	
11488	17314965	0	0	0	0	1	128	0	1	486	288	41	48	1964	0	0	0	1	
11489	17314999	0	0	0	0	1	128	0	1	486	288	41	48	1970	0	0	0	1	
11490	17315032	0	0	0	0	1	128	0	1	486	286	41	48	1961	0	0	0	1	
11491	17315065	0	0	0	0	1	128	0	1	484	286	41	48	1956	0	0	0	1	
11492	17315099	0	0	0	0	1	128	0	1	482	284	41	48	1968	0	0	0	1	
11493	17315132	0	0	0	0	1	128	0	1	482	284	41	48	1970	0	0	0	1	
11494	17315165	0	0	0	0	1	128	0	1	482	284	41	48	1960	0	0	0	1	
11495	17315199	0	0	0	0	1	128	0	1	482	284	41	48	1964	0	0	0	1	
11496	17315232	0	0	0	0	1	128	0	1	482	284	41	48	1964	0	0	0	1	
11497	17315265	0	0	0	0	1	128	0	1	482	284	41	48	1964	0	0	0	1	
11498	17315299	0	0	0	0	1	128	0	1	482	284	41	48	1974	0	0	0	1	
11499	17315332	0	0	0	0	1	128	0	1	482	284	41	48	1972	0	0	0	1	
11500	17315366	0	0	0	0	1	128	0	1	482	284	41	48	1976	0	0	0	1	
11501	17315399	0	0	0	0	1	128	0	1	482	284	41	48	1976	0	0	0	1	
11502	17315432	0	0	0	0	1	128	0	1	482	286	41	48	1963	0	0	0	1	
11503	17315466	0	0	0	0	1	128	0	1	482	286	41	48	1960	0	0	0	1	
11504	17315499	0	0	0	0	1	128	0	1	482	286	41	48	1960	0	0	0	1	
11505	17315532	0	0	0	0	1	128	0	1	482	286	41	48	1948	0	0	0	1	
11506	17315566	0	0	0	0	1	128	0	1	482	286	40	48	1923	0	0	0	1	
11507	17315599	0	0	0	0	1	128	0	1	482	286	40	48	1928	0	0	0	1	
11508	17315633	0	0	0	0	1	128	0	1	482	286	40	48	1913	0	0	0	1	
11509	17315666	0	0	0	0	1	128	0	1	482	286	40	47	1903	0	0	0	1	
11510	17315699	0	0	0	0	1	128	0	1	482	286	40	48	1913	0	0	0	1	
11511	17315733	0	0	0	0	1	128	0	1	482	286	40	47	1891	0	0	0	1	
11512	17315766	0	0	0	0	1	128	0	1	482	286	40	47	1893	0	0	0	1	
11513	17315799	0	0	0	0	1	128	0	1	482	286	40	47	1898	0	0	0	1	
11514	17315833	0	0	0	0	1	128	0	1	482	286	40	47	1902	0	0	0	1	
11515	17315866	0	0	0	0	1	128	0	1	482	286	40	47	1901	0	0	0	1	
11516	17315900	0	0	0	0	1	128	0	1	482	286	40	47	1906	0	0	0	1	
11517	17315933	0	0	0	0	1	128	0	1	482	286	40	48	1920	0	0	0	1	
11518	17315966	0	0	0	0	1	128	0	1	482	286	40	48	1925	0	0	0	1	
11519	17316000	0	0	0	0	1	128	0	1	482	286	41	48	1933	0	0	0	1	
11520	17316033	0	0	0	0	1	128	0	1	482	286	41	48	1934	0	0	0	1	
11521	17316066	0	0	0	0	1	128	0	1	482	286	41	48	1935	0	0	0	1	
11522	17316100	0	0	0	0	1	128	0	1	482	286	41	48	1939	0	0	0	1	
11523	17316133	0	0	0	0	1	128	0	1	482	286	41	48	1935	0	0	0	1	
11524	17316166	0	0	0	0	1	128	0	1	484	286	40	48	1930	0	0	0	1	
11525	17316200	0	0	0	0	1	128	0	1	492	292	40	47	1888	0	0	0	1	
11526	17316233	0	0	0	0	1	128	0	1	494	294	40	47	1885	0	0	0	1	
11527	17316267	0	0	0	0	1	128	0	1	494	296	40	47	1890	0	0	0	1	
11528	17316300	0	0	0	0	1	128	0	1	496	296	40	47	1873	0	0	0	1	
11529	17316333	0	0	0	0	1	128	0	1	498	298	40	47	1880	0	0	0	1	
11530	17316367	0	0	0	0	1	128	0	1	502	302	40	47	1853	0	0	0	1	
11531	17316400	0	0	0	0	1	128	0	1	502	302	40	47	1848	0	0	0	1	
11532	17316433	0	0	0	0	1	128	0	1	504	304	40	47	1851	0	0	0	1	
11533	17316467	0	0	0	0	1	128	0	1	506	304	40	46	1838	0	0	0	1	
11534	17316500	0	0	0	0	1	128	0	1	506	306	40	46	1842	0	0	0	1	
11535	17316534	0	0	0	0	1	128	0	1	508	306	40	46	1836	0	0	0	1	
11536	17316567	0	0	0	0	1	128	0	1	508	308	39	47	1834	0	0	0	1	
11537	17316600	0	0	0	0	1	128	0	1	510	310	39	47	1818	0	0	0	1	
11538	17316634	0	0	0	0	1	128	0	1	512	310	39	47	1819	0	0	0	1	
11539	17316667	0	0	0	0	1	128	0	1	512	312	39	46	1797	0	0	0	1	
11540	17316700	0	0	0	0	1	128	0	1	514	312	39	46	1777	0	0	0	1	
11541	17316734	0	0	0	0	1	128	0	1	514	314	39	46	1780	0	0	0	1	
11542	17316767	0	0	0	0	1	128	0	1	516	314	39	46	1768	0	0	0	1	
11543	17316801	0	0	0	0	1	128	0	1	518	316	38	46	1767	0	0	0	1	
11544	17316834	0	0	0	0	1	128	0	1	518	316	39	46	1767	0	0	0	1	
11545	17316867	0	0	0	0	1	128	0	1	518	318	38	46	1771	0	0	0	1	
11546	17316901	0	0	0	0	1	128	0	1	520	318	38	46	1766	0	0	0	1	
11547	17316934	0	0	0	0	1	128	0	1	520	320	38	46	1781	0	0	0	1	
11548	17316967	0	0	0	0	1	128	0	1	522	320	38	47	1780	0	0	0	1	
11549	17317001	0	0	0	0	1	128	0	1	522	322	38	47	1777	0	0	0	1	
11550	17317034	0	0	0	0	1	128	0	1	526	324	38	47	1767	0	0	0	1	
11551	17317067	0	0	0	0	1	128	0	1	526	326	38	47	1774	0	0	0	1	
11552	17317101	0	0	0	0	1	128	0	1	526	326	38	47	1777	0	0	0	1	
11553	17317134	0	0	0	0	1	128	0	1	526	326	37	47	1758	0	0	0	1	
11554	17317168	0	0	0	0	1	128	0	1	528	330	38	47	1777	0	0	0	1	
11555	17317201	0	0	0	0	1	128	0	1	532	332	37	47	1761	0	0	0	1	
11556	17317234	0	0	0	0	1	128	0	1	532	334	37	48	1781	0	0	0	1	
11557	17317268	0	0	0	0	1	128	0	1	532	334	37	48	1779	0	0	0	1	
11558	17317301	0	0	0	0	1	128	0	1	534	334	37	48	1796	0	0	0	1	
11559	17317334	0	0	0	0	1	128	0	1	534	334	37	48	1786	0	0	0	1	
11560	17317368	0	0	0	0	1	128	0	1	538	340	36	48	1753	0	0	0	1	
11561	17317401	0	0	0	0	1	128	0	1	538	340	36	49	1766	0	0	0	1	
11562	17317434	0	0	0	0	1	128	0	1	538	342	36	49	1769	0	0	0	1	
11563	17317468	0	0	0	0	1	128	0	1	540	342	36	48	1758	0	0	0	1	
11564	17317501	0	0	0	0	1	128	0	1	540	344	36	49	1761	0	0	0	1	
11565	17317535	0	0	0	0	1	128	0	1	540	344	36	49	1753	0	0	0	1	
11566	17317568	0	0	0	0	1	128	0	1	540	344	36	49	1753	0	0	0	1	
11567	17317601	0	0	0	0	1	128	0	1	540	344	36	48	1753	0	0	0	1	
11568	17317635	0	0	0	0	1	128	0	1	540	344	36	49	1759	0	0	0	1	
11569	17317668	0	0	0	0	1	128	0	1	540	344	36	48	1745	0	0	0	1	
11570	17317701	0	0	0	0	1	128	0	1	540	344	36	49	1747	0	0	0	1	
11571	17317735	0	0	0	0	1	128	0	1	540	344	36	48	1744	0	0	0	1	
11572	17317768	0	0	0	0	1	128	0	1	540	344	36	48	1737	0	0	0	1	
11573	17317802	0	0	0	0	1	128	0	1	540	344	36	48	1741	0	0	0	1	
11574	17317835	0	0	0	0	1	128	0	1	540	344	36	48	1721	0	0	0	1	
11575	17317868	0	0	0	0	1	128	0	1	540	344	36	48	1732	0	0	0	1	
11576	17317902	0	0	0	0	1	128	0	1	540	344	36	48	1733	0	0	0	1	
11577	17317935	0	0	0	0	1	128	0	1	540	344	36	48	1738	0	0	0	1	
11578	17317968	0	0	0	0	1	128	0	1	540	344	36	48	1730	0	0	0	1	
11579	17318002	0	0	0	0	1	128	0	1	540	344	36	48	1728	0	0	0	1	
11580	17318035	0	0	0	0	1	128	0	1	540	344	36	48	1734	0	0	0	1	
11581	17318068	0	0	0	0	1	128	0	1	540	344	36	48	1741	0	0	0	1	
11582	17318102	0	0	0	0	1	128	0	1	540	344	36	49	1750	0	0	0	1	
11583	17318135	0	0	0	0	1	128	0	1	540	344	36	48	1740	0	0	0	1	
11584	17318169	0	0	0	0	1	128	0	1	540	344	36	49	1751	0	0	0	1	
11585	17318202	0	0	0	0	1	128	0	1	540	344	36	48	1746	0	0	0	1	
11586	17318235	0	0	0	0	1	128	0	1	540	344	36	48	1768	0	0	0	1	
11587	17318269	0	0	0	0	1	128	0	1	540	344	36	49	1763	0	0	0	1	
11588	17318302	0	0	0	0	1	128	0	1	540	346	36	48	1762	0	0	0	1	
11589	17318335	0	0	0	0	1	128	0	1	540	346	37	48	1765	0	0	0	1	
11590	17318369	0	0	0	0	1	128	0	1	540	346	37	48	1769	0	0	0	1	
11591	17318402	0	0	0	0	1	128	0	1	540	346	36	49	1776	0	0	0	1	
11592	17318436	0	0	0	0	1	128	0	1	540	346	37	49	1786	0	0	0	1	
11593	17318469	0	0	0	0	1	128	0	1	540	346	37	49	1792	0	0	0	1	
11594	17318502	0	0	0	0	1	128	0	1	538	346	37	49	1808	0	0	0	1	
11595	17318536	0	0	0	0	1	128	0	1	538	346	37	49	1803	0	0	0	1	
11596	17318569	0	0	0	0	1	128	0	1	538	344	37	49	1817	0	0	0	1	
11597	17318602	0	0	0	0	1	128	0	1	532	342	39	49	1930	0	0	0	1	
11598	17318636	0	0	0	0	1	128	0	1	530	342	39	49	1936	0	0	0	1	
11599	17318669	0	0	0	0	1	128	0	1	528	342	40	49	1963	0	0	0	1	
11600	17318703	0	0	0	0	1	128	0	1	526	342	40	50	1985	0	0	0	1	
11601	17318736	0	0	0	0	1	128	0	1	524	342	40	50	2006	0	0	0	1	
11602	17318769	0	0	0	0	1	128	0	1	522	342	41	50	2034	0	0	0	1	
11603	17318803	0	0	0	0	1	128	0	1	522	342	41	50	2048	0	0	0	1	
11604	17318836	0	0	0	0	1	128	0	1	516	338	43	50	2133	0	0	0	1	
11605	17318869	0	0	0	0	1	128	0	1	514	338	43	50	2141	0	0	0	1	
11606	17318903	0	0	0	0	1	128	0	1	512	338	43	50	2145	0	0	0	1	
11607	17318936	0	0	0	0	1	128	0	1	510	336	43	50	2166	0	0	0	1	
11608	17318969	0	0	0	0	1	128	0	1	508	336	44	50	2187	0	0	0	1	
11609	17319003	0	0	0	0	1	128	0	1	506	336	44	50	2190	0	0	0	1	
11610	17319036	0	0	0	0	1	128	0	1	504	336	44	50	2191	0	0	0	1	
11611	17319070	0	0	0	0	1	128	0	1	502	336	44	50	2194	0	0	0	1	
11612	17319103	0	0	0	0	1	128	0	1	500	336	44	49	2188	0	0	0	1	
11613	17319136	0	0	0	0	1	128	0	1	500	336	44	49	2184	0	0	0	1	
11614	17319170	0	0	0	0	1	128	0	1	498	336	45	49	2183	0	0	0	1	
11615	17319203	0	0	0	0	1	128	0	1	496	334	44	49	2168	0	0	0	1	
11616	17319236	0	0	0	0	1	128	0	1	494	334	44	49	2150	0	0	0	1	
11617	17319270	0	0	0	0	1	128	0	1	494	336	44	48	2138	0	0	0	1	
11618	17319303	0	0	0	0	1	128	0	1	492	334	44	48	2115	0	0	0	1	
11619	17319337	0	0	0	0	1	128	0	1	490	334	44	48	2103	0	0	0	1	
11620	17319370	0	0	0	0	1	128	0	1	490	334	44	48	2087	0	0	0	1	
11621	17319403	0	0	0	0	1	128	0	1	488	334	44	47	2065	0	0	0	1	
11622	17319437	0	0	0	0	1	128	0	1	488	334	44	47	2062	0	0	0	1	
11623	17319470	0	0	0	0	1	128	0	1	488	334	43	47	2040	0	0	0	1	
11624	17319503	0	0	0	0	1	128	0	1	488	334	43	47	2032	0	0	0	1	
11625	17319537	0	0	0	0	1	128	0	1	488	334	43	47	2017	0	0	0	1	
11626	17319570	0	0	0	0	1	128	0	1	488	334	43	46	2009	0	0	0	1	
11627	17319603	0	0	0	0	1	128	0	1	488	334	43	46	2011	0	0	0	1	
11628	17319637	0	0	0	0	1	128	0	1	486	330	44	51	2255	0	0	0	1	
11629	17319670	0	0	0	0	1	128	0	1	490	332	43	46	1974	0	0	0	1	
11630	17319704	0	0	0	0	1	128	0	1	490	332	43	46	1977	0	0	0	1	
11631	17319737	0	0	0	0	1	128	0	1	490	334	43	46	1987	0	0	0	1	
11632	17319770	0	0	0	0	1	128	0	1	490	332	43	46	1983	0	0	0	1	
11633	17319804	0	0	0	0	1	128	0	1	490	332	43	46	1984	0	0	0	1	
11634	17319837	0	0	0	0	1	128	0	1	490	332	43	47	1997	0	0	0	1	
11635	17319870	0	0	0	0	1	128	0	1	488	334	43	47	1998	0	0	0	1	
11636	17319904	0	0	0	0	1	128	0	1	488	332	43	47	2004	0	0	0	1	
11637	17319937	0	0	0	0	1	128	0	1	488	334	43	47	2008	0	0	0	1	
11638	17319970	0	0	0	0	1	128	0	1	490	334	43	47	2002	0	0	0	1	
11639	17320004	0	0	0	0	1	128	0	1	490	334	43	47	1999	0	0	0	1	
11640	17320037	0	0	0	0	1	128	0	1	488	334	43	47	2007	0	0	0	1	
11641	17320071	0	0	0	0	1	128	0	1	490	332	43	47	2005	0	0	0	1	
11642	17320104	0	0	0	0	1	128	0	1	490	334	43	47	2015	0	0	0	1	
11643	17320137	0	0	0	0	1	128	0	1	490	334	43	47	2003	0	0	0	1	
11644	17320171	0	0	0	0	1	128	0	1	490	334	43	47	2010	0	0	0	1	
11645	17320204	0	0	0	0	1	128	0	1	488	334	43	47	2016	0	0	0	1	
11646	17320237	0	0	0	0	1	128	0	1	456	336	46	48	2204	0	0	0	1	
11647	17320271	0	0	0	0	1	128	0	1	452	336	46	47	2173	0	0	0	1	
11648	17320304	0	0	0	0	1	128	0	1	452	334	46	48	2237	0	0	0	1	
11649	17320337	0	0	0	0	1	128	0	1	452	336	46	47	2188	0	0	0	1	
11650	17320371	0	0	0	0	1	128	0	1	452	336	46	48	2194	0	0	0	1	
11651	17320404	0	0	0	0	1	128	0	1	446	336	46	48	2221	0	0	0	1	
11652	17320438	0	0	0	0	1	128	0	1	446	336	46	48	2232	0	0	0	1	
11653	17320471	0	0	0	0	1	128	0	1	446	336	46	48	2187	0	0	0	1	
11654	17320504	0	0	0	0	1	128	0	1	446	336	46	48	2233	0	0	0	1	
11655	17320538	0	0	0	0	1	128	0	1	446	336	46	49	2267	0	0	0	1	
11656	17320571	0	0	0	0	1	128	0	1	446	336	47	49	2291	0	0	0	1	
11657	17320604	0	0	0	0	1	128	0	1	446	336	47	49	2286	0	0	0	1	
11658	17320638	0	0	0	0	1	128	0	1	446	334	47	49	2316	0	0	0	1	
11659	17320671	0	0	0	0	1	128	0	1	446	334	47	50	2357	0	0	0	1	
11660	17320705	0	0	0	0	1	128	0	1	446	334	47	50	2341	0	0	0	1	
11661	17320738	0	0	0	0	1	128	0	1	456	336	47	49	2292	0	0	0	1	
11662	17320771	0	0	0	0	1	128	0	1	458	338	47	49	2301	0	0	0	1	
11663	17320805	0	0	0	0	1	128	0	1	458	338	47	49	2278	0	0	0	1	
11664	17320838	0	0	0	0	1	128	0	1	458	338	47	48	2264	0	0	0	1	
11665	17320871	0	0	0	0	1	128	0	1	458	338	47	49	2276	0	0	0	1	
11666	17320905	0	0	0	0	1	128	0	1	458	338	47	49	2294	0	0	0	1	
11667	17320938	0	0	0	0	1	128	0	1	460	338	47	49	2279	0	0	0	1	
11668	17320972	0	0	0	0	1	128	0	1	464	336	46	49	2275	0	0	0	1	
11669	17321005	0	0	0	0	1	128	0	1	484	324	45	47	2096	0	0	0	1	
11670	17321038	0	0	0	0	1	128	0	1	482	324	45	47	2108	0	0	0	1	
11671	17321072	0	0	0	0	1	128	0	1	482	324	45	47	2104	0	0	0	1	
11672	17321105	0	0	0	0	1	128	0	1	484	324	45	47	2111	0	0	0	1	
11673	17321138	0	0	0	0	1	128	0	1	482	324	45	48	2126	0	0	0	1	
11674	17321172	0	0	0	0	1	128	0	1	482	324	45	48	2142	0	0	0	1	
11675	17321205	0	0	0	0	1	128	0	1	482	324	45	48	2152	0	0	0	1	
11676	17321238	0	0	0	0	1	128	0	1	482	324	45	48	2180	0	0	0	1	
11677	17321272	0	0	0	0	1	128	0	1	480	324	45	48	2186	0	0	0	1	
11678	17321305	0	0	0	0	1	128	0	1	480	324	45	48	2195	0	0	0	1	
11679	17321339	0	0	0	0	1	128	0	1	482	324	46	48	2218	0	0	0	1	
11680	17321372	0	0	0	0	1	128	0	1	482	324	46	49	2225	0	0	0	1	
11681	17321405	0	0	0	0	1	128	0	1	480	324	46	49	2237	0	0	0	1	
11682	17321439	0	0	0	0	1	128	0	1	480	324	46	49	2251	0	0	0	1	
11683	17321472	0	0	0	0	1	128	0	1	480	324	46	49	2268	0	0	0	1	
11684	17321505	0	0	0	0	1	128	0	1	480	324	46	49	2281	0	0	0	1	
11685	17321539	0	0	0	0	1	128	0	1	480	324	47	49	2300	0	0	0	1	
11686	17321572	0	0	0	0	1	128	0	1	480	324	47	49	2309	0	0	0	1	
11687	17321605	0	0	0	0	1	128	0	1	480	324	47	50	2312	0	0	0	1	
11688	17321639	0	0	0	0	1	128	0	1	480	326	47	50	2321	0	0	0	1	
11689	17321672	0	0	0	0	1	128	0	1	480	326	47	49	2317	0	0	0	1	
11690	17321706	0	0	0	0	1	128	0	1	462	332	49	61	3014	0	0	0	1	
11691	17321739	0	0	0	0	1	128	0	1	466	342	48	50	2400	0	0	0	1	
11692	17321772	0	0	0	0	1	128	0	1	466	342	48	50	2405	0	0	0	1	
11693	17321806	0	0	0	0	1	128	0	1	466	342	48	50	2418	0	0	0	1	
11694	17321839	0	0	0	0	1	128	0	1	466	342	49	50	2442	0	0	0	1	
11695	17321872	0	0	0	0	1	128	0	1	466	342	49	51	2474	0	0	0	1	
11696	17321906	0	0	0	0	1	128	0	1	466	342	49	51	2462	0	0	0	1	
11697	17321939	0	0	0	0	1	128	0	1	468	340	49	51	2488	0	0	0	1	
11698	17321973	0	0	0	0	1	128	0	1	470	338	49	51	2476	0	0	0	1	
11699	17322006	0	0	0	0	1	128	0	1	470	338	49	51	2477	0	0	0	1	
11700	17322039	0	0	0	0	1	128	0	1	468	338	49	53	2572	0	0	0	1	
11701	17322073	0	0	0	0	1	128	0	1	470	338	49	51	2494	0	0	0	1	
11702	17322106	0	0	0	0	1	128	0	1	470	338	49	51	2470	0	0	0	1	
11703	17322139	0	0	0	0	1	128	0	1	470	338	49	51	2490	0	0	0	1	
11704	17322173	0	0	0	0	1	128	0	1	470	338	48	51	2478	0	0	0	1	
11705	17322206	0	0	0	0	1	128	0	1	470	338	48	51	2476	0	0	0	1	
11706	17322239	0	0	0	0	1	128	0	1	470	338	48	51	2463	0	0	0	1	
11707	17322273	0	0	0	0	1	128	0	1	470	338	48	50	2417	0	0	0	1	
11708	17322306	0	0	0	0	1	128	0	1	470	338	48	50	2381	0	0	0	1	
11709	17322340	0	0	0	0	1	128	0	1	470	338	48	50	2371	0	0	0	1	
11710	17322373	0	0	0	0	1	128	0	1	470	338	47	50	2352	0	0	0	1	
11711	17322406	0	0	0	0	1	128	0	1	470	338	47	49	2332	0	0	0	1	
11712	17322440	0	0	0	0	1	128	0	1	472	338	47	49	2318	0	0	0	1	
11713	17322473	0	0	0	0	1	128	0	1	504	326	42	48	2003	0	0	0	1	
11714	17322506	0	0	0	0	1	128	0	1	506	324	42	48	2004	0	0	0	1	
11715	17322540	0	0	0	0	1	128	0	1	506	324	42	48	1994	0	0	0	1	
11716	17322573	0	0	0	0	1	128	0	1	506	324	42	48	1994	0	0	0	1	
11717	17322607	0	0	0	0	1	128	0	1	506	324	42	48	1990	0	0	0	1	
11718	17322640	0	0	0	0	1	128	0	1	510	322	41	47	1947	0	0	0	1	
11719	17322673	0	0	0	0	1	128	0	1	510	322	41	48	1952	0	0	0	1	
11720	17322707	0	0	0	0	1	128	0	1	510	322	41	48	1952	0	0	0	1	
11721	17322740	0	0	0	0	1	128	0	1	510	322	41	47	1944	0	0	0	1	
11722	17322773	0	0	0	0	1	128	0	1	510	322	41	47	1929	0	0	0	1	
11723	17322807	0	0	0	0	1	128	0	1	510	322	41	47	1932	0	0	0	1	
11724	17322840	0	0	0	0	1	128	0	1	510	322	41	47	1926	0	0	0	1	
11725	17322873	0	0	0	0	1	128	0	1	510	322	41	47	1926	0	0	0	1	
11726	17322907	0	0	0	0	1	128	0	1	508	324	41	47	1903	0	0	0	1	
11727	17322940	0	0	0	0	1	128	0	1	508	324	41	47	1919	0	0	0	1	
11728	17322974	0	0	0	0	1	128	0	1	508	324	41	47	1927	0	0	0	1	
11729	17323007	0	0	0	0	1	128	0	1	508	324	41	47	1924	0	0	0	1	
11730	17323040	0	0	0	0	1	128	0	1	508	324	41	47	1933	0	0	0	1	
11731	17323074	0	0	0	0	1	128	0	1	508	324	41	47	1939	0	0	0	1	
11732	17323107	0	0	0	0	1	128	0	1	508	324	41	47	1941	0	0	0	1	
11733	17323140	0	0	0	0	1	128	0	1	508	324	41	47	1953	0	0	0	1	
11734	17323174	0	0	0	0	1	128	0	1	508	324	41	47	1963	0	0	0	1	
11735	17323207	0	0	0	0	1	128	0	1	508	328	42	47	1934	0	0	0	1	
11736	17323241	0	0	0	0	1	128	0	1	502	340	43	48	2059	0	0	0	1	
11737	17323274	0	0	0	0	1	128	0	1	502	340	43	48	2059	0	0	0	1	
11738	17323307	0	0	0	0	1	128	0	1	502	340	43	48	2073	0	0	0	1	
11739	17323341	0	0	0	0	1	128	0	1	502	340	43	48	2079	0	0	0	1	
11740	17323374	0	0	0	0	1	128	0	1	502	340	44	48	2096	0	0	0	1	
11741	17323407	0	0	0	0	1	128	0	1	502	340	44	48	2105	0	0	0	1	
11742	17323441	0	0	0	0	1	128	0	1	502	340	44	48	2125	0	0	0	1	
11743	17323474	0	0	0	0	1	128	0	1	502	340	44	49	2134	0	0	0	1	
11744	17323507	0	0	0	0	1	128	0	1	502	340	44	48	2138	0	0	0	1	
11745	17323541	0	0	0	0	1	128	0	1	502	340	44	49	2138	0	0	0	1	
11746	17323574	0	0	0	0	1	128	0	1	502	340	44	49	2149	0	0	0	1	
11747	17323608	0	0	0	0	1	128	0	1	502	340	44	49	2154	0	0	0	1	
11748	17323641	0	0	0	0	1	128	0	1	502	340	44	49	2150	0	0	0	1	
11749	17323674	0	0	0	0	1	128	0	1	502	340	44	49	2160	0	0	0	1	
11750	17323708	0	0	0	0	1	128	0	1	502	340	44	49	2171	0	0	0	1	
11751	17323741	0	0	0	0	1	128	0	1	502	340	44	49	2161	0	0	0	1	
11752	17323774	0	0	0	0	1	128	0	1	502	340	44	49	2172	0	0	0	1	
11753	17323808	0	0	0	0	1	128	0	1	502	340	44	49	2166	0	0	0	1	
11754	17323841	0	0	0	0	1	128	0	1	502	340	44	49	2163	0	0	0	1	
11755	17323875	0	0	0	0	1	128	0	1	502	340	44	49	2178	0	0	0	1	
11756	17323908	0	0	0	0	1	128	0	1	502	340	44	49	2171	0	0	0	1	
11757	17323941	0	0	0	0	1	128	0	1	502	340	44	49	2196	0	0	0	1	
11758	17323975	0	0	0	0	1	128	0	1	502	340	45	49	2189	0	0	0	1	
11759	17324008	0	0	0	0	1	128	0	1	502	340	45	49	2206	0	0	0	1	
11760	17324041	0	0	0	0	1	128	0	1	502	340	45	49	2205	0	0	0	1	
11761	17324075	0	0	0	0	1	128	0	1	502	340	45	50	2228	0	0	0	1	
11762	17324108	0	0	0	0	1	128	0	1	502	340	45	50	2237	0	0	0	1	
11763	17324141	0	0	0	0	1	128	0	1	502	340	45	50	2250	0	0	0	1	
11764	17324175	0	0	0	0	1	128	0	1	502	340	45	50	2257	0	0	0	1	
11765	17324208	0	0	0	0	1	128	0	1	502	340	45	50	2271	0	0	0	1	
11766	17324242	0	0	0	0	1	128	0	1	502	340	45	50	2271	0	0	0	1	
11767	17324275	0	0	0	0	1	128	0	1	502	340	45	50	2280	0	0	0	1	
11768	17324308	0	0	0	0	1	128	0	1	502	340	45	50	2275	0	0	0	1	
11769	17324342	0	0	0	0	1	128	0	1	502	340	45	51	2287	0	0	0	1	
11770	17324375	0	0	0	0	1	128	0	1	502	340	45	50	2257	0	0	0	1	
11771	17324408	0	0	0	0	1	128	0	1	502	340	45	50	2242	0	0	0	1	
11772	17324442	0	0	0	0	1	128	0	1	502	340	45	49	2206	0	0	0	1	
11773	17324475	0	0	0	0	1	128	0	1	502	340	44	49	2188	0	0	0	1	
11774	17324509	0	0	0	0	1	128	0	1	502	340	44	49	2153	0	0	0	1	
11775	17324542	0	0	0	0	1	128	0	1	502	340	44	48	2128	0	0	0	1	
11776	17324575	0	0	0	0	1	128	0	1	502	340	44	48	2083	0	0	0	1	
11777	17324609	0	0	0	0	1	128	0	1	502	340	43	48	2058	0	0	0	1	
11778	17324642	0	0	0	0	1	128	0	1	502	340	43	47	2035	0	0	0	1	
11779	17324675	0	0	0	0	1	128	0	1	502	340	43	47	2003	0	0	0	1	
11780	17324709	0	0	0	0	1	128	0	1	502	340	42	47	1977	0	0	0	1	
11781	17324742	0	0	0	0	1	128	0	1	502	340	42	46	1953	0	0	0	1	
11782	17324776	0	0	0	0	1	128	0	1	502	340	42	46	1931	0	0	0	1	
11783	17324809	0	0	0	0	1	128	0	1	502	340	42	46	1917	0	0	0	1	
11784	17324842	0	0	0	0	1	128	0	1	502	340	42	46	1897	0	0	0	1	
11785	17324876	0	0	0	0	1	128	0	1	502	340	41	46	1886	0	0	0	1	
11786	17324909	0	0	0	0	1	128	0	1	502	340	41	45	1858	0	0	0	1	
11787	17324942	0	0	0	0	1	128	0	1	502	340	41	45	1837	0	0	0	1	
11788	17324976	0	0	0	0	1	128	0	1	502	340	40	45	1816	0	0	0	1	
11789	17325009	0	0	0	0	1	128	0	1	502	340	40	45	1825	0	0	0	1	
11790	17325042	0	0	0	0	1	128	0	1	508	328	39	44	1725	0	0	0	1	
11791	17325076	0	0	0	0	1	128	0	1	508	328	39	44	1722	0	0	0	1	
11792	17325109	0	0	0	0	1	128	0	1	514	318	37	44	1651	0	0	0	1	
11793	17325143	0	0	0	0	1	128	0	1	516	314	37	44	1607	0	0	0	1	
11794	17325176	0	0	0	0	1	128	0	1	518	312	36	44	1584	0	0	0	1	
11795	17325209	0	0	0	0	1	128	0	1	520	310	36	44	1560	0	0	0	1	
11796	17325243	0	0	0	0	1	128	0	1	520	308	35	44	1545	0	0	0	1	
11797	17325276	0	0	0	0	1	128	0	1	522	306	35	44	1530	0	0	0	1	
11798	17325309	0	0	0	0	1	128	0	1	524	302	34	44	1504	0	0	0	1	
11799	17325343	0	0	0	0	1	128	0	1	526	298	34	44	1476	0	0	0	1	
11800	17325376	0	0	0	0	1	128	0	1	526	296	34	44	1477	0	0	0	1	
11801	17325409	0	0	0	0	1	128	0	1	526	294	33	44	1467	0	0	0	1	
11802	17325443	0	0	0	0	1	128	0	1	528	294	33	44	1462	0	0	0	1	
11803	17325476	0	0	0	0	1	128	0	1	528	292	33	44	1463	0	0	0	1	
11804	17325510	0	0	0	0	1	128	0	1	530	288	32	44	1420	0	0	0	1	
11805	17325543	0	0	0	0	1	128	0	1	532	286	32	45	1448	0	0	0	1	
11806	17325576	0	0	0	0	1	128	0	1	532	284	32	44	1437	0	0	0	1	
11807	17325610	0	0	0	0	1	128	0	1	532	284	32	45	1449	0	0	0	1	
11808	17325643	0	0	0	0	1	128	0	1	532	282	32	45	1440	0	0	0	1	
11809	17325676	0	0	0	0	1	128	0	1	534	278	31	45	1416	0	0	0	1	
11810	17325710	0	0	0	0	1	128	0	1	534	276	32	45	1425	0	0	0	1	
11811	17325743	0	0	0	0	1	128	0	1	534	276	32	45	1439	0	0	0	1	
11812	17325777	0	0	0	0	1	128	0	1	534	278	32	46	1444	0	0	0	1	
11813	17325810	0	0	0	0	1	128	0	1	532	282	33	46	1521	0	0	0	1	
11814	17325843	0	0	0	0	1	128	0	1	532	282	33	46	1525	0	0	0	1	
11815	17325877	0	0	0	0	1	128	0	1	532	282	33	46	1537	0	0	0	1	
11816	17325910	0	0	0	0	1	128	0	1	532	282	33	46	1542	0	0	0	1	
11817	17325943	0	0	0	0	1	128	0	1	532	282	34	46	1552	0	0	0	1	
11818	17325977	0	0	0	0	1	128	0	1	532	282	33	46	1552	0	0	0	1	
11819	17326010	0	0	0	0	1	128	0	1	532	282	34	46	1568	0	0	0	1	
11820	17326044	0	0	0	0	1	128	0	1	532	282	34	47	1579	0	0	0	1	
11821	17326077	0	0	0	0	1	128	0	1	532	282	34	47	1584	0	0	0	1	
11822	17326110	0	0	0	0	1	128	0	1	532	282	34	47	1587	0	0	0	1	
11823	17326144	0	0	0	0	1	128	0	1	532	282	34	47	1583	0	0	0	1	
11824	17326177	0	0	0	0	1	128	0	1	532	282	34	47	1581	0	0	0	1	
11825	17326210	0	0	0	0	1	128	0	1	532	282	34	47	1578	0	0	0	1	
11826	17326244	0	0	0	0	1	128	0	1	532	282	34	47	1577	0	0	0	1	
11827	17326277	0	0	0	0	1	128	0	1	532	282	34	47	1572	0	0	0	1	
11828	17326310	0	0	0	0	1	128	0	1	532	282	34	47	1565	0	0	0	1	
11829	17326344	0	0	0	0	1	128	0	1	532	282	33	47	1554	0	0	0	1	
11830	17326377	0	0	0	0	1	128	0	1	532	282	34	46	1560	0	0	0	1	
11831	17326411	0	0	0	0	1	128	0	1	532	282	33	46	1531	0	0	0	1	
11832	17326444	0	0	0	0	1	128	0	1	532	282	33	46	1537	0	0	0	1	
11833	17326477	0	0	0	0	1	128	0	1	532	282	33	46	1535	0	0	0	1	
11834	17326511	0	0	0	0	1	128	0	1	532	282	33	46	1537	0	0	0	1	
11835	17326544	0	0	0	0	1	128	0	1	532	282	33	46	1534	0	0	0	1	
11836	17326577	0	0	0	0	1	128	0	1	532	282	33	46	1539	0	0	0	1	
11837	17326611	0	0	0	0	1	128	0	1	532	282	33	46	1526	0	0	0	1	
11838	17326644	0	0	0	0	1	128	0	1	534	282	32	44	1423	0	0	0	1	
11839	17326677	0	0	0	0	1	128	0	1	532	282	33	46	1541	0	0	0	1	
11840	17326711	0	0	0	0	1	128	0	1	532	282	33	46	1532	0	0	0	1	
11841	17326744	0	0	0	0	1	128	0	1	530	282	33	46	1546	0	0	0	1	
11842	17326778	0	0	0	0	1	128	0	1	526	288	35	46	1609	0	0	0	1	
11843	17326811	0	0	0	0	1	128	0	1	526	290	35	47	1628	0	0	0	1	
11844	17326844	0	0	0	0	1	128	0	1	526	292	35	46	1632	0	0	0	1	
11845	17326878	0	0	0	0	1	128	0	1	524	292	36	46	1656	0	0	0	1	
11846	17326911	0	0	0	0	1	128	0	1	524	294	36	47	1690	0	0	0	1	
11847	17326944	0	0	0	0	1	128	0	1	522	298	37	47	1720	0	0	0	1	
11848	17326978	0	0	0	0	1	128	0	1	520	300	37	47	1742	0	0	0	1	
11849	17327011	0	0	0	0	1	128	0	1	518	302	37	47	1752	0	0	0	1	
11850	17327045	0	0	0	0	1	128	0	1	518	302	38	47	1770	0	0	0	1	
11851	17327078	0	0	0	0	1	128	0	1	516	304	38	47	1790	0	0	0	1	
11852	17327111	0	0	0	0	1	128	0	1	516	306	38	47	1794	0	0	0	1	
11853	17327145	0	0	0	0	1	128	0	1	516	304	38	47	1758	0	0	0	1	
11854	17327178	0	0	0	0	1	128	0	1	516	306	39	47	1801	0	0	0	1	
11855	17327211	0	0	0	0	1	128	0	1	514	308	39	47	1822	0	0	0	1	
11856	17327245	0	0	0	0	1	128	0	1	514	308	39	47	1835	0	0	0	1	
11857	17327278	0	0	0	0	1	128	0	1	512	310	39	47	1832	0	0	0	1	
11858	17327311	0	0	0	0	1	128	0	1	512	312	39	47	1850	0	0	0	1	
11859	17327345	0	0	0	0	1	128	0	1	510	314	40	46	1843	0	0	0	1	
11860	17327378	0	0	0	0	1	128	0	1	508	314	40	47	1862	0	0	0	1	
11861	17327412	0	0	0	0	1	128	0	1	508	316	40	46	1856	0	0	0	1	
11862	17327445	0	0	0	0	1	128	0	1	506	318	40	47	1884	0	0	0	1	
11863	17327478	0	0	0	0	1	128	0	1	504	320	41	47	1903	0	0	0	1	
11864	17327512	0	0	0	0	1	128	0	1	504	322	41	47	1915	0	0	0	1	
11865	17327545	0	0	0	0	1	128	0	1	502	322	41	47	1939	0	0	0	1	
11866	17327578	0	0	0	0	1	128	0	1	500	324	42	47	1953	0	0	0	1	
11867	17327612	0	0	0	0	1	128	0	1	498	326	42	47	1946	0	0	0	1	
11868	17327645	0	0	0	0	1	128	0	1	498	328	42	47	1978	0	0	0	1	
11869	17327679	0	0	0	0	1	128	0	1	498	328	43	46	1975	0	0	0	1	
11870	17327712	0	0	0	0	1	128	0	1	496	330	42	47	1979	0	0	0	1	
11871	17327745	0	0	0	0	1	128	0	1	496	330	43	47	1999	0	0	0	1	
11872	17327779	0	0	0	0	1	128	0	1	494	332	43	47	2007	0	0	0	1	
11873	17327812	0	0	0	0	1	128	0	1	492	334	43	47	2016	0	0	0	1	
11874	17327845	0	0	0	0	1	128	0	1	488	338	44	47	2046	0	0	0	1	
11875	17327879	0	0	0	0	1	128	0	1	488	338	44	47	2046	0	0	0	1	
11876	17327912	0	0	0	0	1	128	0	1	488	340	44	47	2048	0	0	0	1	
11877	17327946	0	0	0	0	1	128	0	1	486	340	44	47	2056	0	0	0	1	
11878	17327979	0	0	0	0	1	128	0	1	486	342	44	46	2029	0	0	0	1	
11879	17328012	0	0	0	0	1	128	0	1	488	340	44	46	2029	0	0	0	1	
11880	17328046	0	0	0	0	1	128	0	1	490	338	43	46	1972	0	0	0	1	
11881	17328079	0	0	0	0	1	128	0	1	490	338	42	46	1937	0	0	0	1	
11882	17328112	0	0	0	0	1	128	0	1	490	338	42	45	1915	0	0	0	1	
11883	17328146	0	0	0	0	1	128	0	1	490	338	42	45	1899	0	0	0	1	
11884	17328179	0	0	0	0	1	128	0	1	490	338	42	45	1877	0	0	0	1	
11885	17328212	0	0	0	0	1	128	0	1	490	338	41	45	1856	0	0	0	1	
11886	17328246	0	0	0	0	1	128	0	1	490	338	41	45	1832	0	0	0	1	
11887	17328279	0	0	0	0	1	128	0	1	490	338	41	44	1811	0	0	0	1	
11888	17328313	0	0	0	0	1	128	0	1	490	336	41	44	1802	0	0	0	1	
11889	17328346	0	0	0	0	1	128	0	1	490	336	41	44	1790	0	0	0	1	
11890	17328379	0	0	0	0	1	128	0	1	490	336	41	44	1787	0	0	0	1	
11891	17328413	0	0	0	0	1	128	0	1	490	336	41	44	1789	0	0	0	1	
11892	17328446	0	0	0	0	1	128	0	1	490	338	41	44	1782	0	0	0	1	
11893	17328479	0	0	0	0	1	128	0	1	490	336	41	44	1783	0	0	0	1	
11894	17328513	0	0	0	0	1	128	0	1	490	336	40	44	1766	0	0	0	1	
11895	17328546	0	0	0	0	1	128	0	1	490	336	40	44	1764	0	0	0	1	
11896	17328580	0	0	0	0	1	128	0	1	490	336	40	44	1766	0	0	0	1	
11897	17328613	0	0	0	0	1	128	0	1	490	336	40	44	1757	0	0	0	1	
11898	17328646	0	0	0	0	1	128	0	1	490	336	40	44	1763	0	0	0	1	
11899	17328680	0	0	0	0	1	128	0	1	490	336	40	44	1749	0	0	0	1	
11900	17328713	0	0	0	0	1	128	0	1	490	338	40	43	1749	0	0	0	1	
11901	17328746	0	0	0	0	1	128	0	1	480	348	42	44	1841	0	0	0	1	
11902	17328780	0	0	0	0	1	128	0	1	478	348	42	44	1826	0	0	0	1	
11903	17328813	0	0	0	0	1	128	0	1	476	350	42	44	1836	0	0	0	1	
11904	17328846	0	0	0	0	1	128	0	1	476	350	42	44	1852	0	0	0	1	
11905	17328880	0	0	0	0	1	128	0	1	466	358	43	44	1888	0	0	0	1	
11906	17328913	0	0	0	0	1	128	0	1	462	360	44	44	1914	0	0	0	1	
11907	17328947	0	0	0	0	1	128	0	1	460	362	44	44	1936	0	0	0	1	
11908	17328980	0	0	0	0	1	128	0	1	458	364	44	44	1957	0	0	0	1	
11909	17329013	0	0	0	0	1	128	0	1	454	366	44	45	1980	0	0	0	1	
11910	17329047	0	0	0	0	1	128	0	1	452	368	45	46	2038	0	0	0	1	
11911	17329080	0	0	0	0	1	128	0	1	450	370	45	45	2045	0	0	0	1	
11912	17329113	0	0	0	0	1	128	0	1	448	372	45	46	2055	0	0	0	1	
11913	17329147	0	0	0	0	1	128	0	1	442	376	45	46	2066	0	0	0	1	
11914	17329180	0	0	0	0	1	128	0	1	438	378	45	47	2127	0	0	0	1	
11915	17329213	0	0	0	0	1	128	0	1	436	380	45	47	2136	0	0	0	1	
11916	17329247	0	0	0	0	1	128	0	1	434	382	46	47	2139	0	0	0	1	
11917	17329280	0	0	0	0	1	128	0	1	432	384	46	47	2165	0	0	0	1	
11918	17329314	0	0	0	0	1	128	0	1	430	386	45	47	2140	0	0	0	1	
11919	17329347	0	0	0	0	1	128	0	1	428	388	45	48	2131	0	0	0	1	
11920	17329380	0	0	0	0	1	128	0	1	424	390	44	47	2101	0	0	0	1	
11921	17329414	0	0	0	0	1	128	0	1	418	394	45	47	2104	0	0	0	1	
11922	17329447	0	0	0	0	1	128	0	1	416	394	45	48	2140	0	0	0	1	
11923	17329480	0	0	0	0	1	128	0	1	414	396	45	47	2122	0	0	0	1	
11924	17329514	0	0	0	0	1	128	0	1	412	398	44	47	2100	0	0	0	1	
11925	17329547	0	0	0	0	1	128	0	1	410	398	44	47	2097	0	0	0	1	
11926	17329581	0	0	0	0	1	128	0	1	408	400	44	47	2072	0	0	0	1	
11927	17329614	0	0	0	0	1	128	0	1	406	402	44	47	2083	0	0	0	1	
11928	17329647	0	0	0	0	1	128	0	1	406	402	44	47	2063	0	0	0	1	
11929	17329681	0	0	0	0	1	128	0	1	406	402	44	47	2052	0	0	0	1	
11930	17329714	0	0	0	0	1	128	0	1	412	398	44	47	2056	0	0	0	1	
11931	17329747	0	0	0	0	1	128	0	1	412	398	43	46	2010	0	0	0	1	
11932	17329781	0	0	0	0	1	128	0	1	412	398	44	47	2055	0	0	0	1	
11933	17329814	0	0	0	0	1	128	0	1	412	398	44	47	2073	0	0	0	1	
11934	17329848	0	0	0	0	1	128	0	1	412	398	44	47	2071	0	0	0	1	
11935	17329881	0	0	0	0	1	128	0	1	412	398	44	47	2090	0	0	0	1	
11936	17329914	0	0	0	0	1	128	0	1	412	398	44	47	2107	0	0	0	1	
11937	17329948	0	0	0	0	1	128	0	1	412	398	44	48	2122	0	0	0	1	
11938	17329981	0	0	0	0	1	128	0	1	412	398	45	48	2146	0	0	0	1	
11939	17330014	0	0	0	0	1	128	0	1	412	398	45	48	2164	0	0	0	1	
11940	17330048	0	0	0	0	1	128	0	1	412	398	45	49	2192	0	0	0	1	
11941	17330081	0	0	0	0	1	128	0	1	412	398	45	49	2207	0	0	0	1	
11942	17330114	0	0	0	0	1	128	0	1	412	398	46	49	2238	0	0	0	1	
11943	17330148	0	0	0	0	1	128	0	1	412	398	46	50	2260	0	0	0	1	
11944	17330181	0	0	0	0	1	128	0	1	412	398	46	49	2241	0	0	0	1	
11945	17330215	0	0	0	0	1	128	0	1	412	398	46	50	2295	0	0	0	1	
11946	17330248	0	0	0	0	1	128	0	1	414	398	46	50	2307	0	0	0	1	
11947	17330281	0	0	0	0	1	128	0	1	414	398	46	50	2321	0	0	0	1	
11948	17330315	0	0	0	0	1	128	0	1	414	398	46	50	2328	0	0	0	1	
11949	17330348	0	0	0	0	1	128	0	1	414	398	46	50	2332	0	0	0	1	
11950	17330381	0	0	0	0	1	128	0	1	416	398	46	49	2261	0	0	0	1	
11951	17330415	0	0	0	0	1	128	0	1	416	398	46	50	2316	0	0	0	1	
11952	17330448	0	0	0	0	1	128	0	1	416	396	46	50	2332	0	0	0	1	
11953	17330482	0	0	0	0	1	128	0	1	416	396	47	50	2342	0	0	0	1	
11954	17330515	0	0	0	0	1	128	0	1	416	396	46	50	2329	0	0	0	1	
11955	17330548	0	0	0	0	1	128	0	1	412	398	46	50	2303	0	0	0	1	
11956	17330582	0	0	0	0	1	128	0	1	412	398	46	50	2321	0	0	0	1	
11957	17330615	0	0	0	0	1	128	0	1	414	398	46	50	2325	0	0	0	1	
11958	17330648	0	0	0	0	1	128	0	1	414	398	46	50	2320	0	0	0	1	
11959	17330682	0	0	0	0	1	128	0	1	414	398	46	50	2337	0	0	0	1	
11960	17330715	0	0	0	0	1	128	0	1	414	398	46	50	2337	0	0	0	1	
11961	17330748	0	0	0	0	1	128	0	1	414	398	46	51	2344	0	0	0	1	
11962	17330782	0	0	0	0	1	128	0	1	414	398	46	51	2351	0	0	0	1	
11963	17330815	0	0	0	0	1	128	0	1	414	398	47	51	2361	0	0	0	1	
11964	17330849	0	0	0	0	1	128	0	1	414	398	47	51	2388	0	0	0	1	
11965	17330882	0	0	0	0	1	128	0	1	410	400	47	51	2404	0	0	0	1	
11966	17330915	0	0	0	0	1	128	0	1	410	400	47	51	2395	0	0	0	1	
11967	17330949	0	0	0	0	1	128	0	1	412	400	47	51	2411	0	0	0	1	
11968	17330982	0	0	0	0	1	128	0	1	412	398	47	52	2428	0	0	0	1	
11969	17331015	0	0	0	0	1	128	0	1	412	400	47	52	2437	0	0	0	1	
11970	17331049	0	0	0	0	1	128	0	1	412	400	47	51	2414	0	0	0	1	
11971	17331082	0	0	0	0	1	128	0	1	412	400	47	52	2431	0	0	0	1	
11972	17331115	0	0	0	0	1	128	0	1	412	398	47	52	2453	0	0	0	1	
11973	17331149	0	0	0	0	1	128	0	1	412	398	47	52	2445	0	0	0	1	
11974	17331182	0	0	0	0	1	128	0	1	412	400	47	52	2464	0	0	0	1	
11975	17331216	0	0	0	0	1	128	0	1	412	398	48	52	2492	0	0	0	1	
11976	17331249	0	0	0	0	1	128	0	1	412	398	48	52	2477	0	0	0	1	
11977	17331282	0	0	0	0	1	128	0	1	412	398	48	52	2488	0	0	0	1	
11978	17331316	0	0	0	0	1	128	0	1	412	400	48	52	2484	0	0	0	1	
11979	17331349	0	0	0	0	1	128	0	1	412	398	48	52	2518	0	0	0	1	
11980	17331382	0	0	0	0	1	128	0	1	412	398	48	52	2516	0	0	0	1	
11981	17331416	0	0	0	0	1	128	0	1	412	398	48	52	2519	0	0	0	1	
11982	17331449	0	0	0	0	1	128	0	1	412	398	48	52	2530	0	0	0	1	
11983	17331483	0	0	0	0	1	128	0	1	412	398	48	52	2530	0	0	0	1	
11984	17331516	0	0	0	0	1	128	0	1	412	398	49	52	2540	0	0	0	1	
11985	17331549	0	0	0	0	1	128	0	1	412	398	48	52	2539	0	0	0	1	
11986	17331583	0	0	0	0	1	128	0	1	412	398	48	53	2537	0	0	0	1	
11987	17331616	0	0	0	0	1	128	0	1	412	398	48	53	2538	0	0	0	1	
11988	17331649	0	0	0	0	1	128	0	1	416	396	48	53	2562	0	0	0	1	
11989	17331683	0	0	0	0	1	128	0	1	450	344	59	70	4121	0	0	0	1	
11990	17331716	0	0	0	0	1	128	0	1	474	354	49	49	2400	0	0	0	1	
11991	17331750	0	0	0	0	1	128	0	1	474	354	48	49	2385	0	0	0	1	
11992	17331783	0	0	0	0	1	128	0	1	474	354	48	49	2389	0	0	0	1	
11993	17331816	0	0	0	0	1	128	0	1	478	348	48	50	2384	0	0	0	1	
11994	17331850	0	0	0	0	1	128	0	1	484	344	47	49	2322	0	0	0	1	
11995	17331883	0	0	0	0	1	128	0	1	484	344	47	49	2313	0	0	0	1	
11996	17331916	0	0	0	0	1	128	0	1	484	344	47	49	2308	0	0	0	1	
11997	17331950	0	0	0	0	1	128	0	1	484	344	47	49	2296	0	0	0	1	
11998	17331983	0	0	0	0	1	128	0	1	486	344	47	49	2280	0	0	0	1	
11999	17332016	0	0	0	0	1	128	0	1	486	344	46	49	2262	0	0	0	1	
12000	17332050	0	0	0	0	1	128	0	1	496	332	44	48	2129	0	0	0	1	
12001	17332083	0	0	0	0	1	128	0	1	498	330	44	48	2121	0	0	0	1	
12002	17332117	0	0	0	0	1	128	0	1	498	330	44	48	2093	0	0	0	1	
12003	17332150	0	0	0	0	1	128	0	1	498	330	44	48	2094	0	0	0	1	
12004	17332183	0	0	0	0	1	128	0	1	498	330	44	48	2084	0	0	0	1	
12005	17332217	0	0	0	0	1	128	0	1	498	330	43	48	2058	0	0	0	1	
12006	17332250	0	0	0	0	1	128	0	1	498	330	43	47	2048	0	0	0	1	
12007	17332283	0	0	0	0	1	128	0	1	498	330	43	47	2034	0	0	0	1	
12008	17332317	0	0	0	0	1	128	0	1	498	330	43	47	2025	0	0	0	1	
12009	17332350	0	0	0	0	1	128	0	1	490	336	44	47	2047	0	0	0	1	
12010	17332384	0	0	0	0	1	128	0	1	490	338	44	47	2050	0	0	0	1	
12011	17332417	0	0	0	0	1	128	0	1	490	338	44	47	2058	0	0	0	1	
12012	17332450	0	0	0	0	1	128	0	1	490	338	43	47	2029	0	0	0	1	
12013	17332484	0	0	0	0	1	128	0	1	490	338	43	47	2028	0	0	0	1	
12014	17332517	0	0	0	0	1	128	0	1	488	338	43	46	2010	0	0	0	1	
12015	17332550	0	0	0	0	1	128	0	1	484	342	41	44	1805	0	0	0	1	
