RowNumber	TimeStamp	X_Position_Degree_Right_Eye	Y_Position_Degree_Right_Eye	Distance_From_RightEye	Validity_Right_Eye	Pupil_Diameter_RightEye	X_Position_Degree_Left_Eye	Y_Position_Degree_Left_Eye	Distance_From_LeftEye	Validity_Left_Eye	Pupil_Diameter_LeftEye	Target X	Target Y
0	0	0	0	0	4	0	1.834628	7.450926	0	0	863.000000	0.000000	0.000000
1	1	0	0	0	4	0	1.694506	7.412781	0	0	858.000000	0.000000	0.000000
2	2	0	0	0	4	0	1.685561	7.489064	0	0	839.000000	0.000000	0.000000
3	3	0	0	0	4	0	1.816741	7.515465	0	0	851.000000	0.000000	0.000000
4	4	0	0	0	4	0	1.736247	7.230769	0	0	873.000000	0.000000	0.000000
5	5	0	0	0	4	0	1.596110	7.048609	0	0	883.000000	0.000000	0.000000
6	6	0	0	0	4	0	1.527526	7.125016	0	0	879.000000	0.000000	0.000000
7	7	0	0	0	4	0	1.441043	5.101319	0	0	868.000000	0.000000	0.000000
8	8	0	0	0	4	0	1.324729	1.020474	0	0	944.000000	0.000000	0.000000
9	9	0	0	0	4	0	1.241215	0.772849	0	0	961.000000	0.000000	0.000000
10	10	0	0	0	4	0	1.133831	0.644551	0	0	977.000000	0.000000	0.000000
11	11	0	0	0	4	0	0.853405	0.549068	0	0	976.000000	0.000000	0.000000
12	12	0	0	0	4	0	0.182033	0.277524	0	0	981.000000	0.000000	0.000000
13	13	0	0	0	4	0	0.116382	0.167112	0	0	1003.000000	0.000000	0.000000
14	14	0	0	0	4	0	0.035810	0.077588	0	0	1020.000000	0.000000	0.000000
15	15	0	0	0	4	0	0.056699	0.092509	0	0	1028.000000	0.000000	0.000000
16	16	0	0	0	4	0	0.053714	0.110414	0	0	1031.000000	0.000000	0.000000
17	17	0	0	0	4	0	0.128318	0.125335	0	0	1025.000000	0.000000	0.000000
18	18	0	0	0	4	0	0.128318	0.107430	0	0	1031.000000	0.000000	0.000000
19	19	0	0	0	4	0	0.029842	-0.020889	0	0	1044.000000	0.000000	0.000000
20	20	0	0	0	4	0	0.056699	0.002984	0	0	1037.000000	0.000000	0.000000
21	21	0	0	0	4	0	0.086540	0.071620	0	0	1024.000000	0.000000	0.000000
22	22	0	0	0	4	0	0.158159	0.056699	0	0	1011.000000	0.000000	0.000000
23	23	0	0	0	4	0	0.146223	0.074604	0	0	1011.000000	0.000000	0.000000
24	24	0	0	0	4	0	0.071620	0.035810	0	0	1017.000000	0.000000	0.000000
25	25	0	0	0	4	0	0.041778	-0.119366	0	0	1026.000000	0.000000	0.000000
26	26	0	0	0	4	0	0.041778	0.035810	0	0	1010.000000	0.000000	0.000000
27	27	0	0	0	4	0	0.062667	0.119366	0	0	990.000000	0.000000	0.000000
28	28	0	0	0	4	0	0.161144	0.092509	0	0	983.000000	0.000000	0.000000
29	29	0	0	0	4	0	0.053714	-0.044762	0	0	991.000000	0.000000	0.000000
30	30	0	0	0	4	0	0.026857	-0.062667	0	0	987.000000	0.000000	0.000000
31	31	0	0	0	4	0	0.011936	-0.068635	0	0	978.000000	-0.310681	0.316082
32	32	0	0	0	4	0	0.095493	0.035810	0	0	961.000000	-0.776702	0.790204
33	33	0	0	0	4	0	0.190985	0.083556	0	0	957.000000	-1.242723	1.264327
34	34	0	0	0	4	0	0.116382	-0.035810	0	0	972.000000	-1.708743	1.738450
35	35	0	0	0	4	0	0.056699	-0.116382	0	0	979.000000	-2.174764	2.212572
36	36	0	0	0	4	0	0.044762	0.032826	0	0	982.000000	-2.640785	2.686695
37	37	0	0	0	4	0	0.038794	0.056699	0	0	976.000000	-3.106806	3.160818
38	38	0	0	0	4	0	-2.374027	2.728438	0	0	962.000000	-3.572827	3.634940
39	39	0	0	0	4	0	-2.755234	3.043956	0	0	976.000000	-4.038848	4.109063
40	40	0	0	0	4	0	-3.035028	3.219495	0	0	989.000000	-4.504869	4.583186
41	41	0	0	0	4	0	-3.317652	3.463364	0	0	1005.000000	-4.970890	5.057308
42	42	0	0	0	4	0	-4.722148	6.132783	0	0	979.000000	-5.436911	5.531431
43	43	0	0	0	4	0	-5.754909	8.045693	0	0	959.000000	-5.902932	6.005554
44	44	0	0	0	4	0	-6.289091	8.168534	0	0	985.000000	-6.368953	6.479676
45	45	0	0	0	4	0	-6.704470	8.022285	0	0	1018.000000	-6.834973	6.953799
46	46	0	0	0	4	0	-6.966296	8.133445	0	0	1029.000000	-7.300994	7.427922
47	47	0	0	0	4	0	-7.210210	8.390627	0	0	1030.000000	-7.767015	7.902044
48	48	0	0	0	4	0	-7.585847	8.973852	0	0	1003.000000	-8.233036	8.376167
49	49	0	0	0	4	0	-7.984243	9.418764	0	0	989.000000	-8.699058	8.850289
50	50	0	0	0	4	0	-9.511675	10.829954	0	0	978.000000	-9.165078	9.324412
51	51	0	0	0	4	0	-9.714740	10.039130	0	0	991.000000	-9.631099	9.798534
52	52	0	0	0	4	0	-9.737932	9.819078	0	0	988.000000	-9.984145	10.157719
53	53	0	0	0	4	0	-9.894393	10.062277	0	0	976.000000	-9.984145	10.157719
54	54	0	0	0	4	0	-9.960988	10.409066	0	0	966.000000	-9.984145	10.157719
55	55	0	0	0	4	0	-10.030449	10.452361	0	0	961.000000	-9.984145	10.157719
56	56	0	0	0	4	0	-10.039131	10.094097	0	0	977.000000	-9.984145	10.157719
57	57	0	0	0	4	0	-9.984144	9.978355	0	0	982.000000	-9.984145	10.157719
58	58	0	0	0	4	0	-10.015980	9.998616	0	0	982.000000	-9.984145	10.157719
59	59	0	0	0	4	0	-10.027556	10.432158	0	0	959.000000	-9.984145	10.157719
60	60	0	0	0	4	0	-10.114343	10.466791	0	0	962.000000	-9.984145	10.157719
61	61	0	0	0	4	0	-10.169284	10.585057	0	0	976.000000	-9.984145	10.157719
62	62	0	0	0	4	0	-10.050704	10.177957	0	0	998.000000	-9.984145	10.157719
63	63	0	0	0	4	0	-10.065169	10.310886	0	0	996.000000	-9.984145	10.157719
64	64	0	0	0	4	0	-10.123019	10.579290	0	0	979.000000	-9.984145	10.157719
65	65	0	0	0	4	0	-10.255995	10.841470	0	0	972.000000	-9.984145	10.157719
66	66	0	0	0	4	0	-10.189520	10.432158	0	0	1000.000000	-9.984145	10.157719
67	67	0	0	0	4	0	-10.102774	10.258883	0	0	1009.000000	-9.984145	10.157719
68	68	0	0	0	4	0	-10.056491	10.322440	0	0	1010.000000	-9.984145	10.157719
69	69	0	0	0	4	0	-10.137478	10.585057	0	0	1001.000000	-9.984145	10.157719
70	70	0	0	0	4	0	-10.163502	10.824197	0	0	997.000000	-9.984145	10.157719
71	71	0	0	0	4	0	-10.166392	10.475447	0	0	1027.000000	-9.984145	10.157719
72	72	0	0	0	4	0	-10.091205	10.267551	0	0	1048.000000	-9.984145	10.157719
73	73	0	0	0	4	0	-10.111451	10.359984	0	0	1060.000000	-9.984145	10.157719
74	74	0	0	0	4	0	-10.079633	10.567756	0	0	1068.000000	-9.984145	10.157719
75	75	0	0	0	4	0	-10.212646	10.818439	0	0	1060.000000	-9.984145	10.157719
76	76	0	0	0	4	0	-10.177958	10.559105	0	0	1088.000000	-9.984145	10.157719
77	77	0	0	0	4	0	-10.203973	10.333993	0	0	1108.000000	-9.984145	10.157719
78	78	0	0	0	4	0	-10.218425	10.432158	0	0	1107.000000	-9.984145	10.157719
79	79	0	0	0	4	0	-10.299333	10.726281	0	0	1095.000000	-9.984145	10.157719
80	80	0	0	0	4	0	-10.420612	10.947939	0	0	1087.000000	-9.984145	10.157719
81	81	0	0	0	4	0	-10.342658	10.613890	0	0	1110.000000	-9.984145	10.157719
82	82	0	0	0	4	0	-10.336882	10.461019	0	0	1125.000000	-9.984145	10.157719
83	83	0	0	0	4	0	-9.926246	10.536032	0	0	1130.000000	-9.473405	9.638100
84	84	0	0	0	4	0	-9.900184	10.587940	0	0	1123.000000	-8.929714	9.084956
85	85	0	0	0	4	0	-10.024664	11.008333	0	0	1110.000000	-8.386023	8.531814
86	86	0	0	0	4	0	-10.053597	10.743566	0	0	1128.000000	-7.842332	7.978670
87	87	0	0	0	4	0	-9.989934	10.536032	0	0	1146.000000	-7.298641	7.425527
88	88	0	0	0	4	0	-10.050704	10.703234	0	0	1151.000000	-6.754950	6.872384
89	89	0	0	0	4	0	-9.697343	11.094568	0	0	1132.000000	-6.211258	6.319241
90	90	0	0	0	4	0	-6.630872	6.480663	0	0	1204.000000	-5.667568	5.766098
91	91	0	0	0	4	0	-6.138683	5.607163	0	0	1215.000000	-5.123877	5.212955
92	92	0	0	0	4	0	-5.716503	4.965105	0	0	1238.000000	-4.580185	4.659811
93	93	0	0	0	4	0	-5.352868	4.722149	0	0	1227.000000	-4.036494	4.106668
94	94	0	0	0	4	0	-4.923638	4.051684	0	0	1237.000000	-3.492803	3.553525
95	95	0	0	0	4	0	-4.226832	3.493096	0	0	1261.000000	-2.949112	3.000382
96	96	0	0	0	4	0	-2.743324	2.651020	0	0	1288.000000	-2.405421	2.447239
97	97	0	0	0	4	0	-2.314444	1.989632	0	0	1297.000000	-1.861730	1.894096
98	98	0	0	0	4	0	-1.864439	1.455954	0	0	1302.000000	-1.318039	1.340953
99	99	0	0	0	4	0	-1.363502	1.202438	0	0	1310.000000	-0.774348	0.787810
100	100	0	0	0	4	0	-0.853405	0.838488	0	0	1324.000000	-0.230657	0.234667
101	101	0	0	0	4	0	-0.519230	0.250667	0	0	1331.000000	0.000000	0.000000
102	102	0	0	0	4	0	-0.074604	-0.211874	0	0	1317.000000	0.000000	0.000000
103	103	0	0	0	4	0	0.375998	-0.716160	0	0	1301.000000	0.000000	0.000000
104	104	0	0	0	4	0	0.942908	-1.160677	0	0	1277.000000	0.000000	0.000000
105	105	0	0	0	4	0	1.846552	-2.829660	0	0	1274.000000	0.000000	0.000000
106	106	0	0	0	4	0	2.120765	-3.180822	0	0	1252.000000	0.000000	0.000000
107	107	0	0	0	4	0	0.316317	-1.938961	0	0	1244.000000	0.000000	0.000000
108	108	0	0	0	4	0	0.504309	-1.348589	0	0	1216.000000	0.000000	0.000000
109	109	0	0	0	4	0	0.596809	-1.333677	0	0	1195.000000	0.000000	0.000000
110	110	0	0	0	4	0	0.569955	-1.384378	0	0	1190.000000	0.000000	0.000000
111	111	0	0	0	4	0	0.537132	-1.327711	0	0	1186.000000	0.000000	0.000000
112	112	0	0	0	4	0	0.062667	-0.829537	0	0	1171.000000	0.000000	0.000000
113	113	0	0	0	4	0	0.173080	-0.787767	0	0	1152.000000	0.000000	0.000000
114	114	0	0	0	4	0	0.131302	-0.802685	0	0	1139.000000	0.000000	0.000000
115	115	0	0	0	4	0	0.122350	-0.880257	0	0	1120.000000	0.000000	0.000000
116	116	0	0	0	4	0	0.095493	-0.913074	0	0	1124.000000	0.000000	0.000000
117	117	0	0	0	4	0	0.041778	-0.990641	0	0	1116.000000	0.000000	0.000000
118	118	0	0	0	4	0	0.002984	-1.029423	0	0	1094.000000	0.000000	0.000000
119	119	0	0	0	4	0	0.092509	-0.865339	0	0	1065.000000	0.000000	0.000000
120	120	0	0	0	4	0	0.122350	-0.880257	0	0	1055.000000	0.000000	0.000000
121	121	0	0	0	4	0	0.047747	-0.925008	0	0	1053.000000	0.000000	0.000000
122	122	0	0	0	4	0	0.026857	-0.957825	0	0	1042.000000	0.000000	0.000000
123	123	0	0	0	4	0	0.029842	-0.963791	0	0	1028.000000	0.000000	0.000000
124	124	0	0	0	4	0	0.071620	-0.856389	0	0	1004.000000	0.000000	0.000000
125	125	0	0	0	4	0	0.167112	-0.802685	0	0	993.000000	0.000000	0.000000
126	126	0	0	0	4	0	0.092509	-0.865339	0	0	998.000000	0.000000	0.000000
127	127	0	0	0	4	0	0.053714	-0.895174	0	0	995.000000	0.000000	0.000000
128	128	0	0	0	4	0	0.023873	-0.880257	0	0	986.000000	0.000000	0.000000
129	129	0	0	0	4	0	0.035810	-0.677372	0	0	966.000000	0.000000	0.000000
130	130	0	0	0	4	0	0.080573	-0.605761	0	0	954.000000	0.000000	0.000000
131	131	0	0	0	4	0	0.014921	-0.719144	0	0	965.000000	-9.984145	10.157719
132	132	0	0	0	4	0	-0.002983	-0.692291	0	0	962.000000	-9.984145	10.157719
133	133	0	0	0	4	0	-0.020889	-0.680355	0	0	958.000000	-9.984145	10.157719
134	134	0	0	0	4	0	0.038794	-0.614713	0	0	944.000000	-9.984145	10.157719
135	135	0	0	0	4	0	0.131302	-0.608745	0	0	934.000000	-9.984145	10.157719
136	136	0	0	0	4	0	0.146223	-0.701241	0	0	942.000000	-9.984145	10.157719
137	137	0	0	0	4	0	-3.002294	3.392000	0	0	930.000000	-9.984145	10.157719
138	138	0	0	0	4	0	-8.854440	10.953691	0	0	850.000000	-9.984145	10.157719
139	139	0	0	0	4	0	-9.113552	10.305108	0	0	852.000000	-9.984145	10.157719
140	140	0	0	0	4	0	-9.192087	10.099881	0	0	847.000000	-9.984145	10.157719
141	141	0	0	0	4	0	-9.311274	10.331105	0	0	833.000000	-9.984145	10.157719
142	142	0	0	0	4	0	-9.436188	10.452361	0	0	824.000000	-9.984145	10.157719
143	143	0	0	0	4	0	-10.255995	11.054332	0	0	833.000000	-9.984145	10.157719
144	144	0	0	0	4	0	-10.091205	10.873130	0	0	844.000000	-9.984145	10.157719
145	145	0	0	0	4	0	-10.120129	10.922048	0	0	839.000000	-9.984145	10.157719
146	146	0	0	0	4	0	-10.192412	11.083073	0	0	834.000000	-9.984145	10.157719
147	147	0	0	0	4	0	-10.316663	11.292715	0	0	829.000000	-9.984145	10.157719
148	148	0	0	0	4	0	-10.290665	11.083073	0	0	845.000000	-9.984145	10.157719
149	149	0	0	0	4	0	-10.255995	11.008333	0	0	860.000000	-9.984145	10.157719
150	150	0	0	0	4	0	-10.261773	10.973825	0	0	865.000000	-9.984145	10.157719
151	151	0	0	0	4	0	-10.296443	11.114683	0	0	858.000000	-9.984145	10.157719
152	152	0	0	0	4	0	-10.374421	11.307063	0	0	849.000000	-9.984145	10.157719
153	153	0	0	0	4	0	-10.380197	11.195112	0	0	861.000000	-9.984145	10.157719
154	154	0	0	0	4	0	-10.299333	11.051457	0	0	872.000000	-9.984145	10.157719
155	155	0	0	0	4	0	-10.270442	11.025584	0	0	866.000000	-9.984145	10.157719
156	156	0	0	0	4	0	-10.339769	11.189368	0	0	864.000000	-9.984145	10.157719
157	157	0	0	0	4	0	-10.440817	11.459063	0	0	853.000000	-9.984145	10.157719
158	158	0	0	0	4	0	-10.469675	11.304193	0	0	865.000000	-9.984145	10.157719
159	159	0	0	0	4	0	-10.368647	11.172136	0	0	878.000000	-9.984145	10.157719
160	160	0	0	0	4	0	-10.365760	11.103189	0	0	887.000000	-9.984145	10.157719
161	161	0	0	0	4	0	-10.394632	11.172136	0	0	880.000000	-9.984145	10.157719
162	162	0	0	0	4	0	-10.486990	11.441863	0	0	880.000000	0.000000	0.000000
163	163	0	0	0	4	0	-10.498529	11.301324	0	0	887.000000	0.000000	0.000000
164	164	0	0	0	4	0	-10.409066	11.108935	0	0	903.000000	0.000000	0.000000
165	165	0	0	0	4	0	-10.403293	10.996831	0	0	908.000000	0.000000	0.000000
166	166	0	0	0	4	0	-9.215348	10.916293	0	0	907.000000	0.000000	0.000000
167	167	0	0	0	4	0	0.310349	-1.673635	0	0	1040.000000	0.000000	0.000000
168	168	0	0	0	4	0	0.271556	-2.231019	0	0	1044.000000	0.000000	0.000000
169	169	0	0	0	4	0	0.301397	-2.260815	0	0	1059.000000	0.000000	0.000000
170	170	0	0	0	4	0	0.325269	-2.174404	0	0	1068.000000	0.000000	0.000000
171	171	0	0	0	4	0	0.086540	-0.990641	0	0	1075.000000	0.000000	0.000000
172	172	0	0	0	4	0	-0.220827	-0.188001	0	0	1088.000000	0.000000	0.000000
173	173	0	0	0	4	0	-0.253652	-0.280508	0	0	1111.000000	0.000000	0.000000
174	174	0	0	0	4	0	-0.247683	-0.250667	0	0	1121.000000	0.000000	0.000000
175	175	0	0	0	4	0	-0.193969	-0.199938	0	0	1116.000000	0.000000	0.000000
176	176	0	0	0	4	0	-0.137270	-0.179049	0	0	1110.000000	0.000000	0.000000
177	177	0	0	0	4	0	-0.116383	-0.289461	0	0	1110.000000	0.000000	0.000000
178	178	0	0	0	4	0	-0.173080	-0.301397	0	0	1110.000000	0.000000	0.000000
179	179	0	0	0	4	0	-0.190986	-0.334222	0	0	1098.000000	0.000000	0.000000
180	180	0	0	0	4	0	-0.155176	-0.277524	0	0	1086.000000	0.000000	0.000000
181	181	0	0	0	4	0	-0.098477	-0.250667	0	0	1069.000000	0.000000	0.000000
182	182	0	0	0	4	0	-0.095493	-0.277524	0	0	1070.000000	0.000000	0.000000
183	183	0	0	0	4	0	-0.185017	-0.373014	0	0	1079.000000	0.000000	0.000000
184	184	0	0	0	4	0	-0.217842	-0.423743	0	0	1076.000000	0.000000	0.000000
185	185	0	0	0	4	0	-0.199938	-0.349142	0	0	1073.000000	0.000000	0.000000
186	186	0	0	0	4	0	-0.182032	-0.286477	0	0	1053.000000	0.000000	0.000000
187	187	0	0	0	4	0	-0.158159	-0.277524	0	0	1058.000000	0.000000	0.000000
188	188	0	0	0	4	0	-0.199938	-0.373014	0	0	1064.000000	0.000000	0.000000
189	189	0	0	0	4	0	-0.262603	-0.420759	0	0	1068.000000	0.000000	0.000000
190	190	0	0	0	4	0	-0.268572	-0.375998	0	0	1056.000000	0.000000	0.000000
191	191	0	0	0	4	0	-0.244700	-0.337205	0	0	1045.000000	0.000000	0.000000
192	192	0	0	0	4	0	-0.268572	-0.352126	0	0	1058.000000	-0.413656	-0.420847
193	193	0	0	0	4	0	-0.307365	-0.402854	0	0	1072.000000	-1.034139	-1.052118
194	194	0	0	0	4	0	-0.352126	-0.468502	0	0	1081.000000	-1.654623	-1.683388
195	195	0	0	0	4	0	-0.349142	-0.393903	0	0	1080.000000	-2.275106	-2.314659
196	196	0	0	0	4	0	-0.340190	-0.334222	0	0	1076.000000	-2.895590	-2.945930
197	197	0	0	0	4	0	-0.331237	-0.358094	0	0	1084.000000	-3.516074	-3.577200
198	198	0	0	0	4	0	-0.429711	-0.471486	0	0	1107.000000	-4.136557	-4.208471
199	199	0	0	0	4	0	-2.698663	-3.906164	0	0	1130.000000	-4.757041	-4.839742
200	200	0	0	0	4	0	-3.362262	-5.246353	0	0	1131.000000	-5.377524	-5.471012
201	201	0	0	0	4	0	-3.612004	-5.432726	0	0	1140.000000	-5.998008	-6.102283
202	202	0	0	0	4	0	-3.900224	-5.616030	0	0	1150.000000	-6.618492	-6.733553
203	203	0	0	0	4	0	-6.619093	-6.839831	0	0	1154.000000	-7.238976	-7.364824
204	204	0	0	0	4	0	-6.983938	-7.365825	0	0	1171.000000	-7.859459	-7.996095
205	205	0	0	0	4	0	-7.336472	-7.600507	0	0	1174.000000	-8.479942	-8.627365
206	206	0	0	0	4	0	-7.553590	-7.685517	0	0	1185.000000	-9.100426	-9.258636
207	207	0	0	0	4	0	-7.799787	-7.949121	0	0	1191.000000	-9.720910	-9.889907
208	208	0	0	0	4	0	-8.874833	-8.688299	0	0	1202.000000	-9.984145	-10.157719
209	209	0	0	0	4	0	-10.082527	-9.810385	0	0	1191.000000	-9.984145	-10.157719
210	210	0	0	0	4	0	-10.212646	-9.926246	0	0	1190.000000	-9.984145	-10.157719
211	211	0	0	0	4	0	-10.235766	-9.807489	0	0	1188.000000	-9.984145	-10.157719
212	212	0	0	0	4	0	-10.293554	-9.865431	0	0	1179.000000	-9.984145	-10.157719
213	213	0	0	0	4	0	-10.244436	-9.894393	0	0	1181.000000	-9.984145	-10.157719
214	214	0	0	0	4	0	-10.247324	-9.969672	0	0	1177.000000	-9.984145	-10.157719
215	215	0	0	0	4	0	-10.175065	-9.972566	0	0	1174.000000	-9.984145	-10.157719
216	216	0	0	0	4	0	-9.790101	-10.021769	0	0	1175.000000	-9.984145	-10.157719
217	217	0	0	0	4	0	-9.888600	-9.995723	0	0	1161.000000	-9.984145	-10.157719
218	218	0	0	0	4	0	-9.879912	-10.036237	0	0	1167.000000	-9.984145	-10.157719
219	219	0	0	0	4	0	-9.874119	-10.128803	0	0	1169.000000	-9.984145	-10.157719
220	220	0	0	0	4	0	-9.853842	-10.189520	0	0	1176.000000	-9.984145	-10.157719
221	221	0	0	0	4	0	-9.798795	-10.024664	0	0	1180.000000	-9.984145	-10.157719
222	222	0	0	0	4	0	-9.801693	-10.010193	0	0	1181.000000	-9.984145	-10.157719
223	223	0	0	0	4	0	-9.775612	-10.024664	0	0	1187.000000	-9.984145	-10.157719
224	224	0	0	0	4	0	-9.792999	-10.079633	0	0	1190.000000	-9.984145	-10.157719
225	225	0	0	0	4	0	-9.755322	-10.123019	0	0	1208.000000	-9.984145	-10.157719
226	226	0	0	0	4	0	-9.714740	-10.030449	0	0	1210.000000	-9.984145	-10.157719
227	227	0	0	0	4	0	-9.700244	-9.972566	0	0	1215.000000	-9.984145	-10.157719
228	228	0	0	0	4	0	-9.717639	-10.001510	0	0	1228.000000	-9.984145	-10.157719
229	229	0	0	0	4	0	-9.784305	-9.937828	0	0	1227.000000	-9.984145	-10.157719
230	230	0	0	0	4	0	-9.758223	-9.984144	0	0	1232.000000	-9.984145	-10.157719
231	231	0	0	0	4	0	-9.659645	-9.914662	0	0	1239.000000	-9.984145	-10.157719
232	232	0	0	0	4	0	-9.694445	-9.842255	0	0	1241.000000	-9.984145	-10.157719
233	233	0	0	0	4	0	-9.662547	-9.888600	0	0	1247.000000	-9.984145	-10.157719
234	234	0	0	0	4	0	-9.703142	-9.975461	0	0	1245.000000	-9.984145	-10.157719
235	235	0	0	0	4	0	-9.685746	-10.036237	0	0	1240.000000	-9.984145	-10.157719
236	236	0	0	0	4	0	-9.732134	-9.969672	0	0	1236.000000	-9.984145	-10.157719
237	237	0	0	0	4	0	-9.717639	-9.885703	0	0	1232.000000	-9.984145	-10.157719
238	238	0	0	0	4	0	-9.769814	-9.963881	0	0	1232.000000	-9.793365	-9.963622
239	239	0	0	0	4	0	-9.804589	-10.007298	0	0	1227.000000	-9.093840	-9.251935
240	240	0	0	0	4	0	-9.781408	-10.082527	0	0	1227.000000	-8.394313	-8.540248
241	241	0	0	0	4	0	-9.735034	-10.053597	0	0	1233.000000	-7.694787	-7.828560
242	242	0	0	0	4	0	-9.706043	-9.937828	0	0	1231.000000	-6.995261	-7.116873
243	243	0	0	0	4	0	-9.645144	-9.911767	0	0	1227.000000	-6.295735	-6.405186
244	244	0	0	0	4	0	-9.514577	-9.717639	0	0	1231.000000	-5.596209	-5.693498
245	245	0	0	0	4	0	-6.159333	-6.978058	0	0	1232.000000	-4.896683	-4.981811
246	246	0	0	0	4	0	-5.675136	-6.501285	0	0	1234.000000	-4.197156	-4.270124
247	247	0	0	0	4	0	-5.172365	-6.230118	0	0	1227.000000	-3.497630	-3.558436
248	248	0	0	0	4	0	-4.734005	-5.976383	0	0	1236.000000	-2.798104	-2.846749
249	249	0	0	0	4	0	-4.303990	-5.672181	0	0	1239.000000	-2.098578	-2.135062
250	250	0	0	0	4	0	-2.981461	-4.209023	0	0	1233.000000	-1.399052	-1.423375
251	251	0	0	0	4	0	-2.090963	-2.350195	0	0	1220.000000	-0.699526	-0.711687
252	252	0	0	0	4	0	-1.512616	-1.739228	0	0	1214.000000	0.000000	0.000000
253	253	0	0	0	4	0	-1.124882	-1.354554	0	0	1210.000000	0.000000	0.000000
254	254	0	0	0	4	0	-0.725111	-1.020474	0	0	1199.000000	0.000000	0.000000
255	255	0	0	0	4	0	-0.438663	-0.787767	0	0	1194.000000	0.000000	0.000000
256	256	0	0	0	4	0	0.581890	0.217842	0	0	1166.000000	0.000000	0.000000
257	257	0	0	0	4	0	0.865339	1.038372	0	0	1128.000000	0.000000	0.000000
258	258	0	0	0	4	0	0.963791	1.181558	0	0	1102.000000	0.000000	0.000000
259	259	0	0	0	4	0	1.011523	1.106984	0	0	1090.000000	0.000000	0.000000
260	260	0	0	0	4	0	0.023873	-0.059683	0	0	1087.000000	0.000000	0.000000
261	261	0	0	0	4	0	-0.083556	-0.155176	0	0	1073.000000	0.000000	0.000000
262	262	0	0	0	4	0	-0.062667	-0.077588	0	0	1043.000000	0.000000	0.000000
263	263	0	0	0	4	0	-0.050731	-0.086540	0	0	1032.000000	0.000000	0.000000
264	264	0	0	0	4	0	-0.050731	-0.193969	0	0	1031.000000	0.000000	0.000000
265	265	0	0	0	4	0	-0.074604	-0.235747	0	0	1028.000000	0.000000	0.000000
266	266	0	0	0	4	0	-0.080573	-0.271556	0	0	1025.000000	0.000000	0.000000
267	267	0	0	0	4	0	-0.068635	-0.190985	0	0	1006.000000	0.000000	0.000000
268	268	0	0	0	4	0	-0.008952	-0.158159	0	0	995.000000	0.000000	0.000000
269	269	0	0	0	4	0	-0.050731	-0.283492	0	0	1007.000000	0.000000	0.000000
270	270	0	0	0	4	0	-0.095493	-0.370030	0	0	1011.000000	0.000000	0.000000
271	271	0	0	0	4	0	-0.068635	-0.301397	0	0	1003.000000	0.000000	0.000000
272	272	0	0	0	4	0	-0.053714	-0.343174	0	0	989.000000	0.000000	0.000000
273	273	0	0	0	4	0	0.017905	-0.208890	0	0	972.000000	0.000000	0.000000
274	274	0	0	0	4	0	-0.122349	-0.358094	0	0	989.000000	0.000000	0.000000
275	275	0	0	0	4	0	-0.164128	-0.441646	0	0	985.000000	0.000000	0.000000
276	276	0	0	0	4	0	-0.176065	-0.450598	0	0	990.000000	0.000000	0.000000
277	277	0	0	0	4	0	-0.065652	-0.286477	0	0	977.000000	0.000000	0.000000
278	278	0	0	0	4	0	-0.035810	-0.193969	0	0	961.000000	0.000000	0.000000
279	279	0	0	0	4	0	-0.086541	-0.331238	0	0	973.000000	0.000000	0.000000
280	280	0	0	0	4	0	-0.131303	-0.396886	0	0	990.000000	0.000000	0.000000
281	281	0	0	0	4	0	-0.119366	-0.417774	0	0	995.000000	0.000000	0.000000
282	282	0	0	0	4	0	-0.101462	-0.399870	0	0	994.000000	0.000000	0.000000
283	283	0	0	0	4	0	-0.089525	-0.286477	0	0	986.000000	-9.984145	-10.157719
284	284	0	0	0	4	0	-0.101462	-0.381966	0	0	998.000000	-9.984145	-10.157719
285	285	0	0	0	4	0	-0.137270	-0.402854	0	0	1006.000000	-9.984145	-10.157719
286	286	0	0	0	4	0	-0.167111	-0.373014	0	0	1014.000000	-9.984145	-10.157719
287	287	0	0	0	4	0	-0.176065	-0.361078	0	0	1019.000000	-9.984145	-10.157719
288	288	0	0	0	4	0	-0.158159	-0.435678	0	0	1016.000000	-9.984145	-10.157719
289	289	0	0	0	4	0	-8.466548	-8.498661	0	0	1027.000000	-9.984145	-10.157719
290	290	0	0	0	4	0	-9.415860	-9.960988	0	0	1032.000000	-9.984145	-10.157719
291	291	0	0	0	4	0	-9.441996	-10.004404	0	0	1031.000000	-9.984145	-10.157719
292	292	0	0	0	4	0	-9.383909	-9.949408	0	0	1027.000000	-9.984145	-10.157719
293	293	0	0	0	4	0	-9.450707	-9.853842	0	0	1034.000000	-9.984145	-10.157719
294	294	0	0	0	4	0	-9.517480	-9.833564	0	0	1032.000000	-9.984145	-10.157719
295	295	0	0	0	4	0	-9.726336	-9.824872	0	0	1032.000000	-9.984145	-10.157719
296	296	0	0	0	4	0	-9.749527	-9.920454	0	0	1033.000000	-9.984145	-10.157719
297	297	0	0	0	4	0	-9.749527	-10.004404	0	0	1033.000000	-9.984145	-10.157719
298	298	0	0	0	4	0	-9.735034	-9.824872	0	0	1036.000000	-9.984145	-10.157719
299	299	0	0	0	4	0	-9.795897	-9.842255	0	0	1039.000000	-9.984145	-10.157719
300	300	0	0	0	4	0	-9.804589	-9.882808	0	0	1049.000000	-9.984145	-10.157719
301	301	0	0	0	4	0	-9.746627	-9.984144	0	0	1051.000000	-9.984145	-10.157719
302	302	0	0	0	4	0	-9.697343	-10.056491	0	0	1062.000000	-9.984145	-10.157719
303	303	0	0	0	4	0	-9.717639	-9.937828	0	0	1072.000000	-9.984145	-10.157719
304	304	0	0	0	4	0	-9.775612	-9.882808	0	0	1063.000000	-9.984145	-10.157719
305	305	0	0	0	4	0	-9.836462	-9.752425	0	0	1071.000000	-9.984145	-10.157719
306	306	0	0	0	4	0	-9.816180	-9.900184	0	0	1084.000000	-9.984145	-10.157719
307	307	0	0	0	4	0	-9.778510	-9.987039	0	0	1083.000000	-9.984145	-10.157719
308	308	0	0	0	4	0	-9.821976	-9.908873	0	0	1083.000000	-9.984145	-10.157719
309	309	0	0	0	4	0	-9.821976	-9.795897	0	0	1096.000000	-9.984145	-10.157719
310	310	0	0	0	4	0	-9.891496	-9.839358	0	0	1096.000000	-9.984145	-10.157719
311	311	0	0	0	4	0	-9.911767	-9.926246	0	0	1104.000000	-9.984145	-10.157719
312	312	0	0	0	4	0	-9.853842	-9.969672	0	0	1098.000000	-9.984145	-10.157719
313	313	0	0	0	4	0	-9.795897	-9.882808	0	0	1105.000000	0.000000	0.000000
314	314	0	0	0	4	0	-9.813282	-9.778510	0	0	1105.000000	0.000000	0.000000
315	315	0	0	0	4	0	-9.772714	-9.850946	0	0	1102.000000	0.000000	0.000000
316	316	0	0	0	4	0	-9.755322	-9.940722	0	0	1110.000000	0.000000	0.000000
317	317	0	0	0	4	0	-9.781408	-10.030449	0	0	1121.000000	0.000000	0.000000
318	318	0	0	0	4	0	-9.668346	-9.923350	0	0	1127.000000	0.000000	0.000000
319	319	0	0	0	4	0	-4.259478	-5.787402	0	0	1148.000000	0.000000	0.000000
320	320	0	0	0	4	0	0.071620	-0.232762	0	0	1138.000000	0.000000	0.000000
321	321	0	0	0	4	0	0.146223	0.035810	0	0	1164.000000	0.000000	0.000000
322	322	0	0	0	4	0	0.208890	0.143239	0	0	1176.000000	0.000000	0.000000
323	323	0	0	0	4	0	0.271556	0.119366	0	0	1183.000000	0.000000	0.000000
324	324	0	0	0	4	0	0.259620	0.032826	0	0	1198.000000	0.000000	0.000000
325	325	0	0	0	4	0	0.259620	-0.041778	0	0	1209.000000	0.000000	0.000000
326	326	0	0	0	4	0	0.020889	-0.510277	0	0	1226.000000	0.000000	0.000000
327	327	0	0	0	4	0	0.035810	-0.450598	0	0	1242.000000	0.000000	0.000000
328	328	0	0	0	4	0	0.065652	-0.552052	0	0	1247.000000	0.000000	0.000000
329	329	0	0	0	4	0	0.059683	-0.534148	0	0	1237.000000	0.000000	0.000000
330	330	0	0	0	4	0	0.056699	-0.578906	0	0	1230.000000	0.000000	0.000000
331	331	0	0	0	4	0	0.119366	-0.546084	0	0	1220.000000	0.000000	0.000000
332	332	0	0	0	4	0	0.050731	-0.578906	0	0	1217.000000	0.000000	0.000000
333	333	0	0	0	4	0	0.086540	-0.522213	0	0	1200.000000	0.000000	0.000000
334	334	0	0	0	4	0	0.074604	-0.504309	0	0	1180.000000	0.000000	0.000000
335	335	0	0	0	4	0	0.089525	-0.447614	0	0	1156.000000	0.000000	0.000000
336	336	0	0	0	4	0	0.050731	-0.584874	0	0	1168.000000	0.000000	0.000000
337	337	0	0	0	4	0	0.041778	-0.516244	0	0	1155.000000	0.000000	0.000000
338	338	0	0	0	4	0	0.062667	-0.534148	0	0	1143.000000	0.000000	0.000000
339	339	0	0	0	4	0	0.017905	-0.516244	0	0	1124.000000	0.000000	0.000000
340	340	0	0	0	4	0	0.095493	-0.450598	0	0	1100.000000	0.000000	0.000000
341	341	0	0	0	4	0	-0.011937	-0.546084	0	0	1099.000000	0.000000	0.000000
342	342	0	0	0	4	0	-0.104445	-0.510277	0	0	1093.000000	0.000000	0.000000
343	343	0	0	0	4	0	-0.083556	-0.498342	0	0	1083.000000	0.070476	-0.071702
344	344	0	0	0	4	0	-0.053714	-0.459550	0	0	1066.000000	0.845716	-0.860418
345	345	0	0	0	4	0	-0.023873	-0.465518	0	0	1053.000000	1.620955	-1.649135
346	346	0	0	0	4	0	-0.053714	-0.507293	0	0	1047.000000	2.396195	-2.437852
347	347	0	0	0	4	0	-0.119366	-0.519229	0	0	1046.000000	3.171434	-3.226569
348	348	0	0	0	4	0	-0.095493	-0.507293	0	0	1043.000000	3.946674	-4.015286
349	349	0	0	0	4	0	-0.056700	-0.534148	0	0	1026.000000	4.721913	-4.804003
350	350	0	0	0	4	0	4.102159	-5.358782	0	0	1044.000000	5.497153	-5.592721
351	351	0	0	0	4	0	4.351465	-6.395211	0	0	1042.000000	6.272392	-6.381437
352	352	0	0	0	4	0	4.579851	-6.648537	0	0	1039.000000	7.047632	-7.170155
353	353	0	0	0	4	0	4.917713	-6.892777	0	0	1033.000000	7.822871	-7.958871
354	354	0	0	0	4	0	5.210842	-6.848656	0	0	1031.000000	8.598111	-8.747588
355	355	0	0	0	4	0	5.509611	-6.857482	0	0	1025.000000	9.373350	-9.536305
356	356	0	0	0	4	0	7.697240	-8.629969	0	0	1027.000000	9.984145	-10.157719
357	357	0	0	0	4	0	8.016434	-8.813648	0	0	1029.000000	9.984145	-10.157719
358	358	0	0	0	4	0	8.145142	-8.997144	0	0	1023.000000	9.984145	-10.157719
359	359	0	0	0	4	0	8.107123	-9.046627	0	0	1035.000000	9.984145	-10.157719
360	360	0	0	0	4	0	9.761121	-9.885703	0	0	1042.000000	9.984145	-10.157719
361	361	0	0	0	4	0	10.111450	-10.177958	0	0	1040.000000	9.984145	-10.157719
362	362	0	0	0	4	0	10.105666	-10.232875	0	0	1039.000000	9.984145	-10.157719
363	363	0	0	0	4	0	10.070955	-10.319551	0	0	1040.000000	9.984145	-10.157719
364	364	0	0	0	4	0	9.978355	-10.307998	0	0	1049.000000	9.984145	-10.157719
365	365	0	0	0	4	0	9.775612	-10.062278	0	0	1059.000000	9.984145	-10.157719
366	366	0	0	0	4	0	9.645144	-9.766917	0	0	1063.000000	9.984145	-10.157719
367	367	0	0	0	4	0	9.639344	-9.787204	0	0	1062.000000	9.984145	-10.157719
368	368	0	0	0	4	0	9.619040	-9.917560	0	0	1066.000000	9.984145	-10.157719
369	369	0	0	0	4	0	9.531993	-9.920454	0	0	1066.000000	9.984145	-10.157719
370	370	0	0	0	4	0	9.444900	-9.732134	0	0	1076.000000	9.984145	-10.157719
371	371	0	0	0	4	0	9.642244	-9.714740	0	0	1061.000000	9.984145	-10.157719
372	372	0	0	0	4	0	9.616138	-9.746627	0	0	1067.000000	9.984145	-10.157719
373	373	0	0	0	4	0	9.633542	-9.891496	0	0	1065.000000	9.984145	-10.157719
374	374	0	0	0	4	0	9.558111	-9.908873	0	0	1063.000000	9.984145	-10.157719
375	375	0	0	0	4	0	9.517479	-9.723436	0	0	1076.000000	9.984145	-10.157719
376	376	0	0	0	4	0	9.642244	-9.729235	0	0	1067.000000	9.984145	-10.157719
377	377	0	0	0	4	0	9.636444	-9.830667	0	0	1072.000000	9.984145	-10.157719
378	378	0	0	0	4	0	9.633542	-9.929141	0	0	1063.000000	9.984145	-10.157719
379	379	0	0	0	4	0	9.642244	-9.995723	0	0	1063.000000	9.984145	-10.157719
380	380	0	0	0	4	0	9.619040	-9.816180	0	0	1068.000000	9.984145	-10.157719
381	381	0	0	0	4	0	9.691545	-9.790101	0	0	1062.000000	9.984145	-10.157719
382	382	0	0	0	4	0	9.662546	-9.894393	0	0	1067.000000	9.984145	-10.157719
383	383	0	0	0	4	0	9.604534	-10.010193	0	0	1072.000000	9.984145	-10.157719
384	384	0	0	0	4	0	9.601634	-10.082527	0	0	1076.000000	9.984145	-10.157719
385	385	0	0	0	4	0	9.595832	-9.929141	0	0	1079.000000	9.984145	-10.157719
386	386	0	0	0	4	0	9.674146	-9.891496	0	0	1083.000000	9.984145	-10.157719
387	387	0	0	0	4	0	9.732134	-9.923350	0	0	1087.000000	9.208176	-9.368258
388	388	0	0	0	4	0	9.636444	-10.021769	0	0	1094.000000	8.354609	-8.499853
389	389	0	0	0	4	0	9.642244	-10.166392	0	0	1092.000000	7.501042	-7.631447
390	390	0	0	0	4	0	9.558111	-10.010193	0	0	1108.000000	6.647475	-6.763041
391	391	0	0	0	4	0	9.648046	-9.850946	0	0	1108.000000	5.793908	-5.894635
392	392	0	0	0	4	0	9.621941	-9.885703	0	0	1099.000000	4.940341	-5.026228
393	393	0	0	0	4	0	5.654450	-6.359843	0	0	1115.000000	4.086774	-4.157823
394	394	0	0	0	4	0	3.879431	-3.484176	0	0	1096.000000	3.233208	-3.289417
395	395	0	0	0	4	0	3.534717	-2.951699	0	0	1081.000000	2.379641	-2.421011
396	396	0	0	0	4	0	3.055858	-2.624220	0	0	1073.000000	1.526074	-1.552605
397	397	0	0	0	4	0	2.478286	-2.359133	0	0	1070.000000	0.672507	-0.684199
398	398	0	0	0	4	0	1.670653	-1.962806	0	0	1084.000000	0.000000	0.000000
399	399	0	0	0	4	0	0.942908	-1.345607	0	0	1064.000000	0.000000	0.000000
400	400	0	0	0	4	0	0.283492	-1.142780	0	0	1057.000000	0.000000	0.000000
401	401	0	0	0	4	0	-0.131303	-0.731078	0	0	1045.000000	0.000000	0.000000
402	402	0	0	0	4	0	-0.668421	0.020889	0	0	1030.000000	0.000000	0.000000
403	403	0	0	0	4	0	-1.259111	0.853405	0	0	1015.000000	0.000000	0.000000
404	404	0	0	0	4	0	-1.333677	0.865339	0	0	992.000000	0.000000	0.000000
405	405	0	0	0	4	0	-1.378414	0.871306	0	0	985.000000	0.000000	0.000000
406	406	0	0	0	4	0	-1.354555	0.993624	0	0	944.000000	0.000000	0.000000
407	407	0	0	0	4	0	0.155176	-0.408823	0	0	942.000000	0.000000	0.000000
408	408	0	0	0	4	0	0.131302	-0.561003	0	0	932.000000	0.000000	0.000000
409	409	0	0	0	4	0	0.110414	-0.641567	0	0	922.000000	0.000000	0.000000
410	410	0	0	0	4	0	0.023873	-0.683339	0	0	905.000000	0.000000	0.000000
411	411	0	0	0	4	0	0.098477	-0.429710	0	0	876.000000	0.000000	0.000000
412	412	0	0	0	4	0	0.065652	-0.465518	0	0	869.000000	0.000000	0.000000
413	413	0	0	0	4	0	0.032826	-0.659469	0	0	875.000000	0.000000	0.000000
414	414	0	0	0	4	0	0.005969	-0.701241	0	0	879.000000	0.000000	0.000000
415	415	0	0	0	4	0	0.011936	-0.629632	0	0	870.000000	0.000000	0.000000
416	416	0	0	0	4	0	0.065652	-0.444630	0	0	846.000000	0.000000	0.000000
417	417	0	0	0	4	0	0.050731	-0.417774	0	0	838.000000	0.000000	0.000000
418	418	0	0	0	4	0	0.011936	-0.572939	0	0	852.000000	0.000000	0.000000
419	419	0	0	0	4	0	-0.008952	-0.605761	0	0	862.000000	0.000000	0.000000
420	420	0	0	0	4	0	0.002984	-0.638583	0	0	859.000000	0.000000	0.000000
421	421	0	0	0	4	0	0.026857	-0.504309	0	0	844.000000	0.000000	0.000000
422	422	0	0	0	4	0	0.020889	-0.465518	0	0	848.000000	0.000000	0.000000
423	423	0	0	0	4	0	0.041778	-0.471486	0	0	851.000000	0.000000	0.000000
424	424	0	0	0	4	0	-0.071620	-0.680355	0	0	867.000000	0.000000	0.000000
425	425	0	0	0	4	0	-0.068635	-0.644551	0	0	869.000000	0.000000	0.000000
426	426	0	0	0	4	0	0.000000	-0.393903	0	0	855.000000	0.000000	0.000000
427	427	0	0	0	4	0	0.041778	-0.373014	0	0	853.000000	0.000000	0.000000
428	428	0	0	0	4	0	0.023873	-0.462534	0	0	858.000000	0.000000	0.000000
429	429	0	0	0	4	0	0.023873	-0.572939	0	0	868.000000	9.984145	-10.157719
430	430	0	0	0	4	0	-0.005969	-0.650518	0	0	869.000000	9.984145	-10.157719
431	431	0	0	0	4	0	0.038794	-0.370030	0	0	850.000000	9.984145	-10.157719
432	432	0	0	0	4	0	0.095493	-0.316317	0	0	844.000000	9.984145	-10.157719
433	433	0	0	0	4	0	0.083556	-0.432694	0	0	850.000000	9.984145	-10.157719
434	434	0	0	0	4	0	2.683775	-2.981461	0	0	870.000000	9.984145	-10.157719
435	435	0	0	0	4	0	9.537797	-10.339769	0	0	864.000000	9.984145	-10.157719
436	436	0	0	0	4	0	9.441997	-10.203973	0	0	861.000000	9.984145	-10.157719
437	437	0	0	0	4	0	9.514577	-10.068063	0	0	863.000000	9.984145	-10.157719
438	438	0	0	0	4	0	9.648046	-10.105666	0	0	854.000000	9.984145	-10.157719
439	439	0	0	0	4	0	9.711841	-10.175065	0	0	848.000000	9.984145	-10.157719
440	440	0	0	0	4	0	9.700243	-10.342658	0	0	842.000000	9.984145	-10.157719
441	441	0	0	0	4	0	9.668347	-10.206864	0	0	853.000000	9.984145	-10.157719
442	442	0	0	0	4	0	9.711841	-10.039131	0	0	849.000000	9.984145	-10.157719
443	443	0	0	0	4	0	9.778509	-10.085419	0	0	857.000000	9.984145	-10.157719
444	444	0	0	0	4	0	9.758222	-10.198193	0	0	858.000000	9.984145	-10.157719
445	445	0	0	0	4	0	9.735033	-10.310885	0	0	857.000000	9.984145	-10.157719
446	446	0	0	0	4	0	9.587128	-10.247324	0	0	877.000000	9.984145	-10.157719
447	447	0	0	0	4	0	9.563915	-10.068063	0	0	886.000000	9.984145	-10.157719
448	448	0	0	0	4	0	9.682846	-10.082527	0	0	884.000000	9.984145	-10.157719
449	449	0	0	0	4	0	9.639344	-10.151937	0	0	891.000000	9.984145	-10.157719
450	450	0	0	0	4	0	9.769815	-10.281998	0	0	888.000000	9.984145	-10.157719
451	451	0	0	0	4	0	9.677046	-10.261773	0	0	891.000000	9.984145	-10.157719
452	452	0	0	0	4	0	9.706042	-10.050704	0	0	906.000000	9.984145	-10.157719
453	453	0	0	0	4	0	9.819078	-10.099881	0	0	904.000000	9.984145	-10.157719
454	454	0	0	0	4	0	9.882808	-10.125913	0	0	904.000000	9.984145	-10.157719
455	455	0	0	0	4	0	9.877015	-10.307998	0	0	900.000000	9.984145	-10.157719
456	456	0	0	0	4	0	9.798795	-10.284887	0	0	904.000000	9.984145	-10.157719
457	457	0	0	0	4	0	9.697344	-10.091205	0	0	908.000000	9.984145	-10.157719
458	458	0	0	0	4	0	9.819078	-10.099881	0	0	915.000000	9.984145	-10.157719
459	459	0	0	0	4	0	9.859636	-10.120129	0	0	917.000000	0.000000	0.000000
460	460	0	0	0	4	0	9.853842	-10.305108	0	0	921.000000	0.000000	0.000000
461	461	0	0	0	4	0	9.871222	-10.284887	0	0	926.000000	0.000000	0.000000
462	462	0	0	0	4	0	9.801692	-10.059382	0	0	945.000000	0.000000	0.000000
463	463	0	0	0	4	0	9.952302	-10.013087	0	0	946.000000	0.000000	0.000000
464	464	0	0	0	4	0	8.530766	-9.276398	0	0	962.000000	0.000000	0.000000
465	465	0	0	0	4	0	0.584874	-2.439563	0	0	960.000000	0.000000	0.000000
466	466	0	0	0	4	0	0.250667	-1.423150	0	0	964.000000	0.000000	0.000000
467	467	0	0	0	4	0	0.131302	-1.309816	0	0	960.000000	0.000000	0.000000
468	468	0	0	0	4	0	0.128318	-1.363502	0	0	967.000000	0.000000	0.000000
469	469	0	0	0	4	0	0.062667	-1.321746	0	0	975.000000	0.000000	0.000000
470	470	0	0	0	4	0	-0.020889	-1.470865	0	0	996.000000	0.000000	0.000000
471	471	0	0	0	4	0	-0.086541	-1.578219	0	0	1004.000000	0.000000	0.000000
472	472	0	0	0	4	0	-0.023873	-1.444025	0	0	988.000000	0.000000	0.000000
473	473	0	0	0	4	0	-0.044762	-1.396308	0	0	981.000000	0.000000	0.000000
474	474	0	0	0	4	0	0.447614	-0.626648	0	0	975.000000	0.000000	0.000000
475	475	0	0	0	4	0	0.310349	-0.543100	0	0	981.000000	0.000000	0.000000
476	476	0	0	0	4	0	0.352126	-0.590841	0	0	968.000000	0.000000	0.000000
477	477	0	0	0	4	0	0.361078	-0.581890	0	0	951.000000	0.000000	0.000000
478	478	0	0	0	4	0	0.301397	-0.441646	0	0	939.000000	0.000000	0.000000
479	479	0	0	0	4	0	0.328253	-0.465518	0	0	931.000000	0.000000	0.000000
480	480	0	0	0	4	0	0.349142	-0.516244	0	0	929.000000	0.000000	0.000000
481	481	0	0	0	4	0	0.304381	-0.590841	0	0	923.000000	0.000000	0.000000
482	482	0	0	0	4	0	0.265588	-0.563987	0	0	909.000000	0.000000	0.000000
483	483	0	0	0	4	0	0.307365	-0.465518	0	0	892.000000	0.000000	0.000000
484	484	0	0	0	4	0	0.274541	-0.549068	0	0	888.000000	0.000000	0.000000
485	485	0	0	0	4	0	0.334222	-0.543100	0	0	886.000000	0.000000	0.000000
486	486	0	0	0	4	0	0.247683	-0.662453	0	0	881.000000	0.000000	0.000000
487	487	0	0	0	4	0	0.214859	-0.686323	0	0	870.000000	0.000000	0.000000
488	488	0	0	0	4	0	0.340189	-0.444630	0	0	849.000000	0.000000	0.000000
489	489	0	0	0	4	0	0.334222	-0.456566	0	0	850.000000	0.282837	0.287754
490	490	0	0	0	4	0	0.232762	-0.644551	0	0	864.000000	1.216199	1.237342
491	491	0	0	0	4	0	0.211874	-0.659469	0	0	867.000000	2.149561	2.186931
492	492	0	0	0	4	0	0.208890	-0.659469	0	0	862.000000	3.082923	3.136519
493	493	0	0	0	4	0	0.232762	-0.471486	0	0	848.000000	4.016285	4.086108
494	494	0	0	0	4	0	0.367046	-0.399870	0	0	844.000000	4.949647	5.035696
495	495	0	0	0	4	0	0.301397	-0.555036	0	0	865.000000	5.883009	5.985285
496	496	0	0	0	4	0	2.814776	1.447008	0	0	855.000000	6.816371	6.934873
497	497	0	0	0	4	0	7.641551	8.507416	0	0	822.000000	7.749733	7.884461
498	498	0	0	0	4	0	7.424519	9.032074	0	0	825.000000	8.683095	8.834050
499	499	0	0	0	4	0	7.706031	9.192086	0	0	824.000000	9.616457	9.783638
500	500	0	0	0	4	0	8.036916	9.189178	0	0	832.000000	9.984145	10.157719
501	501	0	0	0	4	0	8.294223	9.192086	0	0	854.000000	9.984145	10.157719
502	502	0	0	0	4	0	12.119618	12.481404	0	0	855.000000	9.984145	10.157719
503	503	0	0	0	4	0	11.819760	12.208019	0	0	874.000000	9.984145	10.157719
504	504	0	0	0	4	0	11.736825	12.282117	0	0	875.000000	9.984145	10.157719
505	505	0	0	0	4	0	11.859779	12.472869	0	0	870.000000	9.984145	10.157719
506	506	0	0	0	4	0	11.951208	12.393187	0	0	875.000000	9.984145	10.157719
507	507	0	0	0	4	0	11.939783	12.216571	0	0	880.000000	9.984145	10.157719
508	508	0	0	0	4	0	11.719661	12.122471	0	0	879.000000	9.984145	10.157719
509	509	0	0	0	4	0	11.828337	12.273570	0	0	875.000000	9.984145	10.157719
510	510	0	0	0	4	0	12.011174	12.489938	0	0	865.000000	9.984145	10.157719
511	511	0	0	0	4	0	12.002609	12.421649	0	0	859.000000	9.984145	10.157719
512	512	0	0	0	4	0	12.005465	12.304909	0	0	861.000000	9.984145	10.157719
513	513	0	0	0	4	0	11.796885	12.119617	0	0	871.000000	9.984145	10.157719
514	514	0	0	0	4	0	11.802605	12.230824	0	0	869.000000	9.984145	10.157719
515	515	0	0	0	4	0	11.902643	12.413112	0	0	864.000000	9.984145	10.157719
516	516	0	0	0	4	0	11.936926	12.492783	0	0	867.000000	9.984145	10.157719
517	517	0	0	0	4	0	11.453329	12.600828	0	0	882.000000	9.984145	10.157719
518	518	0	0	0	4	0	11.281236	12.438725	0	0	892.000000	9.984145	10.157719
519	519	0	0	0	4	0	11.157775	12.475714	0	0	897.000000	9.984145	10.157719
520	520	0	0	0	4	0	11.284106	12.711623	0	0	898.000000	9.984145	10.157719
521	521	0	0	0	4	0	11.375913	12.728662	0	0	901.000000	9.984145	10.157719
522	522	0	0	0	4	0	11.424662	12.640613	0	0	918.000000	9.984145	10.157719
523	523	0	0	0	4	0	11.249662	12.535443	0	0	930.000000	9.984145	10.157719
524	524	0	0	0	4	0	11.120429	12.524068	0	0	938.000000	9.984145	10.157719
525	525	0	0	0	4	0	11.281236	12.793947	0	0	941.000000	9.984145	10.157719
526	526	0	0	0	4	0	11.330016	12.796785	0	0	952.000000	9.984145	10.157719
527	527	0	0	0	4	0	11.398856	12.612196	0	0	970.000000	9.984145	10.157719
528	528	0	0	0	4	0	11.275496	12.512692	0	0	992.000000	9.984145	10.157719
529	529	0	0	0	4	0	11.143412	12.472869	0	0	1003.000000	9.984145	10.157719
530	530	0	0	0	4	0	11.235310	12.674703	0	0	1003.000000	9.678352	9.846609
531	531	0	0	0	4	0	11.324279	12.768404	0	0	1012.000000	8.669235	8.819948
532	532	0	0	0	4	0	11.355835	12.674703	0	0	1026.000000	7.660118	7.793288
533	533	0	0	0	4	0	11.286976	12.586617	0	0	1028.000000	6.651000	6.766627
534	534	0	0	0	4	0	11.154902	12.509849	0	0	1028.000000	5.641883	5.739966
535	535	0	0	0	4	0	11.327147	12.686064	0	0	1014.000000	4.632766	4.713306
536	536	0	0	0	4	0	6.035413	7.083878	0	0	1040.000000	3.623648	3.686645
537	537	0	0	0	4	0	2.966581	3.466337	0	0	1073.000000	2.614531	2.659985
538	538	0	0	0	4	0	2.433606	3.180822	0	0	1084.000000	1.605414	1.633324
539	539	0	0	0	4	0	2.073083	2.996341	0	0	1080.000000	0.596297	0.606663
540	540	0	0	0	4	0	1.581201	2.728438	0	0	1086.000000	-0.412821	-0.419998
541	541	0	0	0	4	0	1.065221	2.525942	0	0	1103.000000	-1.421938	-1.446658
542	542	0	0	0	4	0	0.596809	2.067122	0	0	1123.000000	-2.431055	-2.473319
543	543	0	0	0	4	0	-0.754947	-1.336659	0	0	1160.000000	-3.440172	-3.499980
544	544	0	0	0	4	0	-0.969758	-1.393326	0	0	1163.000000	-4.449290	-4.526640
545	545	0	0	0	4	0	-1.208404	-1.524544	0	0	1151.000000	-5.458407	-5.553301
546	546	0	0	0	4	0	-1.452972	-1.640837	0	0	1167.000000	-6.467525	-6.579962
547	547	0	0	0	4	0	-1.572255	-1.673635	0	0	1171.000000	-7.476642	-7.606622
548	548	0	0	0	4	0	-2.347217	-2.665909	0	0	1170.000000	-8.485759	-8.633283
549	549	0	0	0	4	0	-5.201962	-6.138683	0	0	1162.000000	-9.494876	-9.659944
550	550	0	0	0	4	0	-5.654449	-6.533689	0	0	1145.000000	-9.984145	-10.157719
551	551	0	0	0	4	0	-5.958672	-6.857482	0	0	1142.000000	-9.984145	-10.157719
552	552	0	0	0	4	0	-8.629969	-8.860267	0	0	1153.000000	-9.984145	-10.157719
553	553	0	0	0	4	0	-10.163502	-10.065169	0	0	1147.000000	-9.984145	-10.157719
554	554	0	0	0	4	0	-10.290665	-10.010193	0	0	1159.000000	-9.984145	-10.157719
555	555	0	0	0	4	0	-10.400407	-9.955198	0	0	1151.000000	-9.984145	-10.157719
556	556	0	0	0	4	0	-10.374421	-9.992828	0	0	1154.000000	-9.984145	-10.157719
557	557	0	0	0	4	0	-10.336882	-10.033344	0	0	1170.000000	-9.984145	-10.157719
558	558	0	0	0	4	0	-9.923350	-9.784305	0	0	1165.000000	-9.984145	-10.157719
559	559	0	0	0	4	0	-9.810385	-9.737932	0	0	1181.000000	-9.984145	-10.157719
560	560	0	0	0	4	0	-9.821976	-9.711840	0	0	1197.000000	-9.984145	-10.157719
561	561	0	0	0	4	0	-9.790101	-9.732134	0	0	1205.000000	-9.984145	-10.157719
562	562	0	0	0	4	0	-9.798795	-9.848048	0	0	1224.000000	-9.984145	-10.157719
563	563	0	0	0	4	0	-9.801693	-9.914662	0	0	1231.000000	-9.984145	-10.157719
564	564	0	0	0	4	0	-9.764019	-9.807489	0	0	1235.000000	-9.984145	-10.157719
565	565	0	0	0	4	0	-9.801693	-9.729235	0	0	1235.000000	-9.984145	-10.157719
566	566	0	0	0	4	0	-9.787204	-9.729235	0	0	1245.000000	-9.984145	-10.157719
567	567	0	0	0	4	0	-9.839358	-9.868325	0	0	1257.000000	-9.984145	-10.157719
568	568	0	0	0	4	0	-9.798795	-9.995723	0	0	1256.000000	-9.984145	-10.157719
569	569	0	0	0	4	0	-9.819077	-9.932036	0	0	1266.000000	-9.984145	-10.157719
570	570	0	0	0	4	0	-9.819077	-9.903081	0	0	1277.000000	-9.984145	-10.157719
571	571	0	0	0	4	0	-9.801693	-9.917560	0	0	1284.000000	-9.984145	-10.157719
572	572	0	0	0	4	0	-9.827769	-9.963881	0	0	1296.000000	-9.984145	-10.157719
573	573	0	0	0	4	0	-9.848048	-10.062278	0	0	1303.000000	-9.984145	-10.157719
574	574	0	0	0	4	0	-9.804589	-10.007298	0	0	1317.000000	-9.984145	-10.157719
575	575	0	0	0	4	0	-9.804589	-9.937828	0	0	1326.000000	-9.984145	-10.157719
576	576	0	0	0	4	0	-9.856738	-9.937828	0	0	1335.000000	-9.984145	-10.157719
577	577	0	0	0	4	0	-9.827769	-9.952303	0	0	1343.000000	-9.984145	-10.157719
578	578	0	0	0	4	0	-9.897288	-10.070955	0	0	1355.000000	-9.984145	-10.157719
579	579	0	0	0	4	0	-9.874119	-10.042024	0	0	1366.000000	-9.984145	-10.157719
580	580	0	0	0	4	0	-9.839358	-9.891496	0	0	1377.000000	-9.753868	-9.923438
581	581	0	0	0	4	0	-9.842255	-9.920454	0	0	1397.000000	-8.668278	-8.818974
582	582	0	0	0	4	0	-9.821976	-9.937828	0	0	1411.000000	-7.582687	-7.714511
583	583	0	0	0	4	0	-9.868325	-9.984144	0	0	1422.000000	-6.497096	-6.610047
584	584	0	0	0	4	0	-9.813282	-9.963881	0	0	1440.000000	-5.411505	-5.505584
585	585	0	0	0	4	0	-9.723436	-9.868325	0	0	1456.000000	-4.325915	-4.401120
586	586	0	0	0	4	0	-9.688644	-9.833564	0	0	1471.000000	-3.240324	-3.296657
587	587	0	0	0	4	0	-4.209023	-4.885126	0	0	1475.000000	-2.154733	-2.192193
588	588	0	0	0	4	0	-3.490122	-3.897253	0	0	1499.000000	-1.069142	-1.087729
589	589	0	0	0	4	0	-3.052883	-3.305755	0	0	1500.000000	0.016448	0.016734
590	590	0	0	0	4	0	-2.442543	-2.990389	0	0	1501.000000	1.102039	1.121198
591	591	0	0	0	4	0	-1.590146	-2.752256	0	0	1510.000000	2.187630	2.225662
592	592	0	0	0	4	0	-0.525196	-1.402273	0	0	1521.000000	3.273221	3.330125
593	593	0	0	0	4	0	2.603374	3.436604	0	0	1493.000000	4.358811	4.434589
594	594	0	0	0	4	0	3.314678	4.214960	0	0	1494.000000	5.444402	5.539052
595	595	0	0	0	4	0	3.840813	4.303990	0	0	1480.000000	6.529993	6.643516
596	596	0	0	0	4	0	4.217928	4.464193	0	0	1454.000000	7.615583	7.747980
597	597	0	0	0	4	0	4.799203	4.698437	0	0	1425.000000	8.701175	8.852444
598	598	0	0	0	4	0	10.241546	11.264015	0	0	1326.000000	9.786765	9.956907
599	599	0	0	0	4	0	11.456196	12.165253	0	0	1316.000000	9.984145	10.157719
600	600	0	0	0	4	0	11.542163	12.088235	0	0	1288.000000	9.984145	10.157719
601	601	0	0	0	4	0	11.628077	12.162400	0	0	1253.000000	9.984145	10.157719
602	602	0	0	0	4	0	11.876927	12.273570	0	0	1228.000000	9.984145	10.157719
603	603	0	0	0	4	0	12.051137	12.176658	0	0	1211.000000	9.984145	10.157719
604	604	0	0	0	4	0	12.028303	12.113913	0	0	1195.000000	9.984145	10.157719
605	605	0	0	0	4	0	11.968344	12.421649	0	0	1181.000000	9.984145	10.157719
606	606	0	0	0	4	0	11.836911	12.333391	0	0	1165.000000	9.984145	10.157719
607	607	0	0	0	4	0	11.936926	12.495627	0	0	1143.000000	9.984145	10.157719
608	608	0	0	0	4	0	12.022593	12.455797	0	0	1138.000000	9.984145	10.157719
609	609	0	0	0	4	0	12.045429	12.401726	0	0	1134.000000	9.984145	10.157719
610	610	0	0	0	4	0	11.931213	12.296362	0	0	1134.000000	9.984145	10.157719
611	611	0	0	0	4	0	11.774009	12.287815	0	0	1119.000000	9.984145	10.157719
612	612	0	0	0	4	0	11.936926	12.461489	0	0	1106.000000	9.984145	10.157719
613	613	0	0	0	4	0	12.056846	12.455797	0	0	1101.000000	9.984145	10.157719
614	614	0	0	0	4	0	12.019739	12.356174	0	0	1099.000000	9.984145	10.157719
615	615	0	0	0	4	0	11.931213	12.253622	0	0	1098.000000	9.984145	10.157719
616	616	0	0	0	4	0	11.799746	12.210871	0	0	1095.000000	9.984145	10.157719
617	617	0	0	0	4	0	11.891214	12.396032	0	0	1087.000000	9.984145	10.157719
618	618	0	0	0	4	0	11.996900	12.478559	0	0	1077.000000	9.984145	10.157719
619	619	0	0	0	4	0	12.039721	12.339087	0	0	1086.000000	9.984145	10.157719
620	620	0	0	0	4	0	11.894073	12.250773	0	0	1093.000000	9.984145	10.157719
621	621	0	0	0	4	0	11.771149	12.225122	0	0	1091.000000	9.984145	10.157719
622	622	0	0	0	4	0	11.782589	12.418803	0	0	1091.000000	9.984145	10.157719
623	623	0	0	0	4	0	11.828337	12.444416	0	0	1094.000000	9.984145	10.157719
624	624	0	0	0	4	0	11.856920	12.339087	0	0	1105.000000	9.984145	10.157719
625	625	0	0	0	4	0	11.794027	12.287815	0	0	1118.000000	9.984145	10.157719
626	626	0	0	0	4	0	11.610898	12.273570	0	0	1119.000000	9.984145	10.157719
627	627	0	0	0	4	0	11.616625	12.373258	0	0	1121.000000	9.984145	10.157719
628	628	0	0	0	4	0	11.665290	12.410265	0	0	1121.000000	9.984145	10.157719
629	629	0	0	0	4	0	11.693909	12.324847	0	0	1133.000000	-9.984145	-10.157719
630	630	0	0	0	4	0	11.639527	12.247924	0	0	1147.000000	-9.984145	-10.157719
631	631	0	0	0	4	0	11.430395	12.165253	0	0	1150.000000	-9.984145	-10.157719
632	632	0	0	0	4	0	11.421795	12.293513	0	0	1147.000000	-9.984145	-10.157719
633	633	0	0	0	4	0	11.513514	12.353326	0	0	1152.000000	-9.984145	-10.157719
634	634	0	0	0	4	0	11.484858	12.267871	0	0	1157.000000	-9.984145	-10.157719
635	635	0	0	0	4	0	2.079044	2.645066	0	0	1251.000000	-9.984145	-10.157719
636	636	0	0	0	4	0	-7.447993	-6.560196	0	0	1244.000000	-9.984145	-10.157719
637	637	0	0	0	4	0	-8.431511	-7.981318	0	0	1256.000000	-9.984145	-10.157719
638	638	0	0	0	4	0	-8.580374	-7.843720	0	0	1265.000000	-9.984145	-10.157719
639	639	0	0	0	4	0	-8.676634	-7.925704	0	0	1267.000000	-9.984145	-10.157719
640	640	0	0	0	4	0	-8.729118	-8.001804	0	0	1263.000000	-9.984145	-10.157719
641	641	0	0	0	4	0	-9.746627	-9.813282	0	0	1276.000000	-9.984145	-10.157719
642	642	0	0	0	4	0	-9.682845	-9.505869	0	0	1270.000000	-9.984145	-10.157719
643	643	0	0	0	4	0	-9.659645	-9.581324	0	0	1279.000000	-9.984145	-10.157719
644	644	0	0	0	4	0	-9.706043	-9.648046	0	0	1288.000000	-9.984145	-10.157719
645	645	0	0	0	4	0	-9.737932	-9.752425	0	0	1293.000000	-9.984145	-10.157719
646	646	0	0	0	4	0	-9.665446	-9.671247	0	0	1289.000000	-9.984145	-10.157719
647	647	0	0	0	4	0	-9.735034	-9.665446	0	0	1291.000000	-9.984145	-10.157719
648	648	0	0	0	4	0	-9.752425	-9.711840	0	0	1294.000000	-9.984145	-10.157719
649	649	0	0	0	4	0	-9.790101	-9.755322	0	0	1293.000000	-9.984145	-10.157719
650	650	0	0	0	4	0	-9.792999	-9.905975	0	0	1288.000000	-9.984145	-10.157719
651	651	0	0	0	4	0	-9.790101	-9.894393	0	0	1280.000000	-9.984145	-10.157719
652	652	0	0	0	4	0	-9.790101	-9.810385	0	0	1266.000000	-9.984145	-10.157719
653	653	0	0	0	4	0	-9.856738	-9.879912	0	0	1267.000000	-9.984145	-10.157719
654	654	0	0	0	4	0	-9.853842	-9.969672	0	0	1261.000000	-9.984145	-10.157719
655	655	0	0	0	4	0	-9.865431	-10.033344	0	0	1259.000000	-9.984145	-10.157719
656	656	0	0	0	4	0	-9.865431	-10.018875	0	0	1257.000000	-9.984145	-10.157719
657	657	0	0	0	4	0	-9.845153	-9.955198	0	0	1259.000000	-9.984145	-10.157719
658	658	0	0	0	4	0	-9.874119	-9.955198	0	0	1260.000000	-9.984145	-10.157719
659	659	0	0	0	4	0	-9.903081	-9.972566	0	0	1256.000000	9.984145	10.157719
660	660	0	0	0	4	0	-9.905975	-10.120129	0	0	1254.000000	9.984145	10.157719
661	661	0	0	0	4	0	-9.871222	-10.123019	0	0	1261.000000	9.984145	10.157719
662	662	0	0	0	4	0	-9.894393	-9.903081	0	0	1256.000000	9.984145	10.157719
663	663	0	0	0	4	0	-9.897288	-9.926246	0	0	1262.000000	9.984145	10.157719
664	664	0	0	0	4	0	-9.874119	-9.978354	0	0	1269.000000	9.984145	10.157719
665	665	0	0	0	4	0	-7.248390	-7.623961	0	0	1290.000000	9.984145	10.157719
666	666	0	0	0	4	0	4.256510	5.973430	0	0	1225.000000	9.984145	10.157719
667	667	0	0	0	4	0	8.434431	10.149045	0	0	1209.000000	9.984145	10.157719
668	668	0	0	0	4	0	8.434431	10.414840	0	0	1207.000000	9.984145	10.157719
669	669	0	0	0	4	0	8.574537	10.371533	0	0	1222.000000	9.984145	10.157719
670	670	0	0	0	4	0	8.740781	10.362871	0	0	1243.000000	9.984145	10.157719
671	671	0	0	0	4	0	8.784504	10.359984	0	0	1260.000000	9.984145	10.157719
672	672	0	0	0	4	0	10.953692	12.022593	0	0	1260.000000	9.984145	10.157719
673	673	0	0	0	4	0	11.281236	12.139585	0	0	1252.000000	9.984145	10.157719
674	674	0	0	0	4	0	11.341493	12.105353	0	0	1256.000000	9.984145	10.157719
675	675	0	0	0	4	0	11.335754	12.002609	0	0	1263.000000	9.984145	10.157719
676	676	0	0	0	4	0	11.281236	11.902643	0	0	1266.000000	9.984145	10.157719
677	677	0	0	0	4	0	11.077326	11.794027	0	0	1263.000000	9.984145	10.157719
678	678	0	0	0	4	0	11.077326	11.859779	0	0	1255.000000	9.984145	10.157719
679	679	0	0	0	4	0	11.192239	11.942639	0	0	1247.000000	9.984145	10.157719
680	680	0	0	0	4	0	11.223825	11.885500	0	0	1252.000000	9.984145	10.157719
681	681	0	0	0	4	0	11.200854	11.851205	0	0	1243.000000	9.984145	10.157719
682	682	0	0	0	4	0	11.065828	11.848346	0	0	1239.000000	9.984145	10.157719
683	683	0	0	0	4	0	11.060081	11.951208	0	0	1222.000000	9.984145	10.157719
684	684	0	0	0	4	0	11.166392	12.042576	0	0	1210.000000	9.984145	10.157719
685	685	0	0	0	4	0	11.226697	12.025449	0	0	1205.000000	9.984145	10.157719
686	686	0	0	0	4	0	11.195112	11.965488	0	0	1200.000000	9.984145	10.157719
687	687	0	0	0	4	0	11.143412	11.908359	0	0	1189.000000	9.984145	10.157719
688	688	0	0	0	4	0	11.111810	11.979767	0	0	1175.000000	9.984145	10.157719
689	689	0	0	0	4	0	11.232438	12.176658	0	0	1157.000000	9.984145	10.157719
690	690	0	0	0	4	0	11.261146	12.119617	0	0	1159.000000	8.486524	10.157719
691	691	0	0	0	4	0	11.264015	12.093942	0	0	1156.000000	6.839139	10.157719
692	692	0	0	0	4	0	11.117557	12.016884	0	0	1158.000000	5.191755	10.157719
693	693	0	0	0	4	0	11.103189	12.088235	0	0	1149.000000	3.544372	10.157719
694	694	0	0	0	4	0	11.166392	12.267871	0	0	1138.000000	1.896988	10.157719
695	695	0	0	0	4	0	11.255404	12.279269	0	0	1134.000000	0.249604	10.157719
696	696	0	0	0	4	0	4.630255	11.088820	0	0	1143.000000	-1.397780	10.157719
697	697	0	0	0	4	0	3.154046	10.680182	0	0	1138.000000	-3.045164	10.157719
698	698	0	0	0	4	0	2.400839	10.622539	0	0	1126.000000	-4.692548	10.157719
699	699	0	0	0	4	0	-2.841568	11.065828	0	0	1121.000000	-6.339932	10.157719
700	700	0	0	0	4	0	-3.290884	11.407457	0	0	1110.000000	-7.987316	10.157719
701	701	0	0	0	4	0	-3.814075	11.341493	0	0	1133.000000	-9.634700	10.157719
702	702	0	0	0	4	0	-4.446396	11.298454	0	0	1148.000000	-9.984145	10.157719
703	703	0	0	0	4	0	-5.589429	10.945063	0	0	1151.000000	-9.984145	10.157719
704	704	0	0	0	4	0	-9.241516	11.499187	0	0	1124.000000	-9.984145	10.157719
705	705	0	0	0	4	0	-9.900184	11.796885	0	0	1114.000000	-9.984145	10.157719
706	706	0	0	0	4	0	-10.224206	11.484858	0	0	1129.000000	-9.984145	10.157719
707	707	0	0	0	4	0	-10.331105	11.312802	0	0	1126.000000	-9.984145	10.157719
708	708	0	0	0	4	0	-10.383083	11.309933	0	0	1120.000000	-9.984145	10.157719
709	709	0	0	0	4	0	-10.397518	11.355835	0	0	1101.000000	-9.984145	10.157719
710	710	0	0	0	4	0	-10.437931	11.613762	0	0	1075.000000	-9.984145	10.157719
711	711	0	0	0	4	0	-10.406178	11.504916	0	0	1067.000000	-9.984145	10.157719
712	712	0	0	0	4	0	-10.333993	11.315671	0	0	1065.000000	-9.984145	10.157719
713	713	0	0	0	4	0	-10.247324	11.172136	0	0	1063.000000	-9.984145	10.157719
714	714	0	0	0	4	0	-10.307998	11.152030	0	0	1058.000000	-9.984145	10.157719
715	715	0	0	0	4	0	-10.333993	11.502051	0	0	1035.000000	-9.984145	10.157719
716	716	0	0	0	4	0	-10.331105	11.519243	0	0	1035.000000	-9.984145	10.157719
717	717	0	0	0	4	0	-10.255995	11.284106	0	0	1043.000000	-9.984145	10.157719
718	718	0	0	0	4	0	-10.221315	11.108935	0	0	1053.000000	-9.984145	10.157719
719	719	0	0	0	4	0	-10.163502	11.120429	0	0	1043.000000	-9.984145	10.157719
720	720	0	0	0	4	0	-10.203973	11.507782	0	0	1025.000000	-9.984145	10.157719
721	721	0	0	0	4	0	-10.261773	11.519243	0	0	1030.000000	-9.984145	10.157719
722	722	0	0	0	4	0	-10.195301	11.249662	0	0	1046.000000	-9.984145	10.157719
723	723	0	0	0	4	0	-10.227097	11.126175	0	0	1041.000000	-9.984145	10.157719
724	724	0	0	0	4	0	-10.215536	11.172136	0	0	1044.000000	-9.984145	10.157719
725	725	0	0	0	4	0	-10.253104	11.484858	0	0	1041.000000	-9.984145	10.157719
726	726	0	0	0	4	0	-10.287776	11.570807	0	0	1041.000000	-9.984145	10.157719
727	727	0	0	0	4	0	-10.319551	11.381649	0	0	1058.000000	-9.984145	10.157719
728	728	0	0	0	4	0	-10.218425	11.246792	0	0	1074.000000	-9.984145	10.157719
729	729	0	0	0	4	0	-10.209755	11.235310	0	0	1084.000000	-9.984145	10.157719
730	730	0	0	0	4	0	-10.322440	11.427528	0	0	1093.000000	-9.984145	10.157719
731	731	0	0	0	4	0	-10.302220	11.499187	0	0	1104.000000	-9.984145	10.157719
732	732	0	0	0	4	0	-10.293554	11.387385	0	0	1120.000000	-9.419670	9.583430
733	733	0	0	0	4	0	-10.284887	11.189368	0	0	1147.000000	-8.255442	8.398962
734	734	0	0	0	4	0	-10.227097	11.200854	0	0	1159.000000	-7.091213	7.214493
735	735	0	0	0	4	0	-10.270442	11.436130	0	0	1156.000000	-5.926984	6.030024
736	736	0	0	0	4	0	-10.287776	11.464794	0	0	1172.000000	-4.762755	4.845555
737	737	0	0	0	4	0	-10.201083	11.436130	0	0	1200.000000	-3.598526	3.661086
738	738	0	0	0	4	0	-4.873277	6.566087	0	0	1272.000000	-2.434297	2.476617
739	739	0	0	0	4	0	-2.064142	2.189304	0	0	1304.000000	-1.270068	1.292148
740	740	0	0	0	4	0	-1.733265	1.521561	0	0	1324.000000	-0.105839	0.107679
741	741	0	0	0	4	0	-1.256127	1.092069	0	0	1350.000000	1.058390	-1.076790
742	742	0	0	0	4	0	-0.626648	0.489389	0	0	1381.000000	2.222619	-2.261259
743	743	0	0	0	4	0	0.104445	0.083556	0	0	1391.000000	3.386848	-3.445728
744	744	0	0	0	4	0	0.611729	-0.635599	0	0	1398.000000	4.551077	-4.630197
745	745	0	0	0	4	0	4.030899	-5.474128	0	0	1441.000000	5.715306	-5.814666
746	746	0	0	0	4	0	4.603572	-6.153433	0	0	1451.000000	6.879535	-6.999135
747	747	0	0	0	4	0	4.985837	-6.421733	0	0	1452.000000	8.043763	-8.183603
748	748	0	0	0	4	0	5.317367	-6.595536	0	0	1436.000000	9.207993	-9.368073
749	749	0	0	0	4	0	6.218323	-6.933952	0	0	1420.000000	9.984145	-10.157719
750	750	0	0	0	4	0	9.624842	-9.630642	0	0	1416.000000	9.984145	-10.157719
751	751	0	0	0	4	0	9.824872	-9.833564	0	0	1412.000000	9.984145	-10.157719
752	752	0	0	0	4	0	10.010192	-9.946512	0	0	1395.000000	9.984145	-10.157719
753	753	0	0	0	4	0	10.099881	-10.076741	0	0	1386.000000	9.984145	-10.157719
754	754	0	0	0	4	0	10.042024	-9.946512	0	0	1388.000000	9.984145	-10.157719
755	755	0	0	0	4	0	10.079634	-9.975461	0	0	1383.000000	9.984145	-10.157719
756	756	0	0	0	4	0	10.073848	-10.001510	0	0	1379.000000	9.984145	-10.157719
757	757	0	0	0	4	0	10.085419	-10.047811	0	0	1377.000000	9.984145	-10.157719
758	758	0	0	0	4	0	10.036237	-10.123019	0	0	1370.000000	9.984145	-10.157719
759	759	0	0	0	4	0	10.039130	-10.033344	0	0	1381.000000	9.984145	-10.157719
760	760	0	0	0	4	0	10.027556	-9.960988	0	0	1375.000000	9.984145	-10.157719
761	761	0	0	0	4	0	10.068062	-10.007298	0	0	1378.000000	9.984145	-10.157719
762	762	0	0	0	4	0	10.042024	-10.099881	0	0	1374.000000	9.984145	-10.157719
763	763	0	0	0	4	0	10.094097	-10.175065	0	0	1373.000000	9.984145	-10.157719
764	764	0	0	0	4	0	9.995723	-10.079633	0	0	1372.000000	9.984145	-10.157719
765	765	0	0	0	4	0	9.987040	-10.018875	0	0	1371.000000	9.984145	-10.157719
766	766	0	0	0	4	0	10.033343	-10.042024	0	0	1370.000000	9.984145	-10.157719
767	767	0	0	0	4	0	10.018874	-10.036237	0	0	1366.000000	9.984145	-10.157719
768	768	0	0	0	4	0	10.056491	-10.177958	0	0	1355.000000	9.984145	-10.157719
769	769	0	0	0	4	0	9.972567	-10.099881	0	0	1360.000000	9.984145	-10.157719
770	770	0	0	0	4	0	9.955198	-10.013087	0	0	1363.000000	9.984145	-10.157719
771	771	0	0	0	4	0	9.975461	-10.021769	0	0	1353.000000	9.984145	-10.157719
772	772	0	0	0	4	0	10.007298	-10.073847	0	0	1350.000000	9.984145	-10.157719
773	773	0	0	0	4	0	10.024663	-10.154828	0	0	1351.000000	9.984145	-10.157719
774	774	0	0	0	4	0	9.937827	-10.143261	0	0	1353.000000	9.984145	-10.157719
775	775	0	0	0	4	0	9.929142	-10.091205	0	0	1354.000000	9.984145	-10.157719
776	776	0	0	0	4	0	9.958093	-10.073847	0	0	1356.000000	9.984145	-10.157719
777	777	0	0	0	4	0	9.923349	-10.091205	0	0	1351.000000	9.984145	-10.157719
778	778	0	0	0	4	0	9.984144	-10.177958	0	0	1351.000000	9.984145	-10.157719
779	779	0	0	0	4	0	9.937827	-10.186629	0	0	1344.000000	9.946540	-10.119460
780	780	0	0	0	4	0	9.850945	-10.047811	0	0	1350.000000	8.705573	-8.856918
781	781	0	0	0	4	0	9.926246	-10.039131	0	0	1341.000000	7.464606	-7.594377
782	782	0	0	0	4	0	9.926246	-10.007298	0	0	1349.000000	6.223639	-6.331836
783	783	0	0	0	4	0	9.955198	-10.085419	0	0	1338.000000	4.982671	-5.069294
784	784	0	0	0	4	0	9.853842	-10.114343	0	0	1328.000000	3.741704	-3.806753
785	785	0	0	0	4	0	9.735033	-9.946512	0	0	1329.000000	2.500737	-2.544212
786	786	0	0	0	4	0	5.556912	-5.973432	0	0	1325.000000	1.259770	-1.281671
787	787	0	0	0	4	0	2.487222	-1.536471	0	0	1300.000000	0.018803	-0.019129
788	788	0	0	0	4	0	1.971748	-0.910091	0	0	1301.000000	-1.222165	1.243412
789	789	0	0	0	4	0	1.375432	-0.378983	0	0	1300.000000	-2.463132	2.505953
790	790	0	0	0	4	0	0.743013	0.038794	0	0	1290.000000	-3.704099	3.768495
791	791	0	0	0	4	0	-2.400839	2.642087	0	0	1273.000000	-4.945066	5.031036
792	792	0	0	0	4	0	-3.840813	6.032461	0	0	1251.000000	-6.186033	6.293577
793	793	0	0	0	4	0	-4.579851	6.707413	0	0	1248.000000	-7.427001	7.556118
794	794	0	0	0	4	0	-5.187164	7.415716	0	0	1239.000000	-8.667968	8.818660
795	795	0	0	0	4	0	-5.672181	8.086649	0	0	1214.000000	-9.908935	10.081201
796	796	0	0	0	4	0	-6.845715	9.421668	0	0	1186.000000	-9.984145	10.157719
797	797	0	0	0	4	0	-9.212442	11.473392	0	0	1132.000000	-9.984145	10.157719
798	798	0	0	0	4	0	-9.650946	10.890397	0	0	1130.000000	-9.984145	10.157719
799	799	0	0	0	4	0	-9.737932	10.654244	0	0	1133.000000	-9.984145	10.157719
800	800	0	0	0	4	0	-9.755322	10.579290	0	0	1124.000000	-9.984145	10.157719
801	801	0	0	0	4	0	-9.798795	10.688827	0	0	1102.000000	-9.984145	10.157719
802	802	0	0	0	4	0	-9.781408	11.034209	0	0	1081.000000	-9.984145	10.157719
803	803	0	0	0	4	0	-9.839358	10.985329	0	0	1079.000000	-9.984145	10.157719
804	804	0	0	0	4	0	-10.287776	11.272626	0	0	1078.000000	-9.984145	10.157719
805	805	0	0	0	4	0	-10.169284	10.942185	0	0	1085.000000	-9.984145	10.157719
806	806	0	0	0	4	0	-10.157718	11.002583	0	0	1077.000000	-9.984145	10.157719
807	807	0	0	0	4	0	-10.195301	11.275496	0	0	1070.000000	-9.984145	10.157719
808	808	0	0	0	4	0	-10.247324	11.373044	0	0	1070.000000	-9.984145	10.157719
809	809	0	0	0	4	0	-10.215536	11.149158	0	0	1090.000000	-9.984145	10.157719
810	810	0	0	0	4	0	-10.125913	11.028459	0	0	1099.000000	-9.984145	10.157719
811	811	0	0	0	4	0	-10.137478	11.083073	0	0	1103.000000	-9.984145	10.157719
812	812	0	0	0	4	0	-10.175065	11.424662	0	0	1092.000000	-9.984145	10.157719
813	813	0	0	0	4	0	-10.177958	11.510648	0	0	1086.000000	-9.984145	10.157719
814	814	0	0	0	4	0	-10.143261	11.261145	0	0	1101.000000	-9.984145	10.157719
815	815	0	0	0	4	0	-10.123019	11.186497	0	0	1107.000000	-9.984145	10.157719
816	816	0	0	0	4	0	-10.123019	11.192239	0	0	1112.000000	-9.984145	10.157719
817	817	0	0	0	4	0	-10.079633	11.479126	0	0	1098.000000	-9.984145	10.157719
818	818	0	0	0	4	0	-10.091205	11.556485	0	0	1097.000000	-9.984145	10.157719
819	819	0	0	0	4	0	-10.088311	11.304193	0	0	1129.000000	-9.984145	10.157719
820	820	0	0	0	4	0	-9.978354	11.186497	0	0	1139.000000	-9.984145	10.157719
821	821	0	0	0	4	0	-9.978354	11.281236	0	0	1147.000000	-9.984145	10.157719
822	822	0	0	0	4	0	-9.981251	11.467661	0	0	1142.000000	-9.984145	10.157719
823	823	0	0	0	4	0	-10.004404	11.527839	0	0	1145.000000	-9.984145	10.157719
824	824	0	0	0	4	0	-10.001510	11.220954	0	0	1164.000000	-9.984145	10.157719
825	825	0	0	0	4	0	-10.024664	11.106063	0	0	1175.000000	-9.984145	10.157719
826	826	0	0	0	4	0	-9.952303	11.085947	0	0	1178.000000	9.984145	-10.157719
827	827	0	0	0	4	0	-9.992828	11.189368	0	0	1168.000000	9.984145	-10.157719
828	828	0	0	0	4	0	-10.024664	11.324279	0	0	1164.000000	9.984145	-10.157719
829	829	0	0	0	4	0	-9.949408	11.091696	0	0	1177.000000	9.984145	-10.157719
830	830	0	0	0	4	0	-9.874119	11.060081	0	0	1187.000000	9.984145	-10.157719
831	831	0	0	0	4	0	-5.681046	8.247464	0	0	1215.000000	9.984145	-10.157719
832	832	0	0	0	4	0	6.474771	-5.456386	0	0	1310.000000	9.984145	-10.157719
833	833	0	0	0	4	0	9.285118	-8.186077	0	0	1329.000000	9.984145	-10.157719
834	834	0	0	0	4	0	9.322898	-8.238695	0	0	1341.000000	9.984145	-10.157719
835	835	0	0	0	4	0	9.369386	-8.302989	0	0	1336.000000	9.984145	-10.157719
836	836	0	0	0	4	0	9.296743	-8.206542	0	0	1346.000000	9.984145	-10.157719
837	837	0	0	0	4	0	9.412955	-8.171459	0	0	1345.000000	9.984145	-10.157719
838	838	0	0	0	4	0	9.375196	-8.186077	0	0	1349.000000	9.984145	-10.157719
839	839	0	0	0	4	0	9.395529	-8.265000	0	0	1356.000000	9.984145	-10.157719
840	840	0	0	0	4	0	9.398434	-8.340970	0	0	1354.000000	9.984145	-10.157719
841	841	0	0	0	4	0	9.311275	-8.291300	0	0	1363.000000	9.984145	-10.157719
842	842	0	0	0	4	0	10.221315	-9.958093	0	0	1365.000000	9.984145	-10.157719
843	843	0	0	0	4	0	10.374421	-9.929141	0	0	1361.000000	9.984145	-10.157719
844	844	0	0	0	4	0	10.348433	-10.015980	0	0	1359.000000	9.984145	-10.157719
845	845	0	0	0	4	0	10.403293	-10.123019	0	0	1346.000000	9.984145	-10.157719
846	846	0	0	0	4	0	10.305109	-10.004404	0	0	1349.000000	9.984145	-10.157719
847	847	0	0	0	4	0	10.276220	-9.934932	0	0	1345.000000	9.984145	-10.157719
848	848	0	0	0	4	0	10.299332	-9.960988	0	0	1342.000000	9.984145	-10.157719
849	849	0	0	0	4	0	10.264663	-10.030449	0	0	1330.000000	9.984145	-10.157719
850	850	0	0	0	4	0	10.267551	-10.096990	0	0	1319.000000	9.984145	-10.157719
851	851	0	0	0	4	0	10.206864	-10.039131	0	0	1321.000000	9.984145	-10.157719
852	852	0	0	0	4	0	10.198193	-10.018875	0	0	1316.000000	9.984145	-10.157719
853	853	0	0	0	4	0	10.284887	-10.015980	0	0	1315.000000	9.984145	-10.157719
854	854	0	0	0	4	0	10.328216	-10.053597	0	0	1317.000000	9.984145	-10.157719
855	855	0	0	0	4	0	10.348433	-10.111451	0	0	1307.000000	9.984145	-10.157719
856	856	0	0	0	4	0	10.267551	-10.076741	0	0	1316.000000	-9.984145	10.157719
857	857	0	0	0	4	0	10.279109	-9.995723	0	0	1320.000000	-9.984145	10.157719
858	858	0	0	0	4	0	10.281998	-10.027556	0	0	1326.000000	-9.984145	10.157719
859	859	0	0	0	4	0	10.290666	-10.065169	0	0	1328.000000	-9.984145	10.157719
860	860	0	0	0	4	0	10.261773	-10.157718	0	0	1329.000000	-9.984145	10.157719
861	861	0	0	0	4	0	10.198193	-10.105666	0	0	1330.000000	-9.984145	10.157719
862	862	0	0	0	4	0	5.754909	-5.210841	0	0	1352.000000	-9.984145	10.157719
863	863	0	0	0	4	0	-5.999996	9.305462	0	0	1223.000000	-9.984145	10.157719
864	864	0	0	0	4	0	-8.702879	11.739686	0	0	1199.000000	-9.984145	10.157719
865	865	0	0	0	4	0	-8.772844	10.247325	0	0	1221.000000	-9.984145	10.157719
866	866	0	0	0	4	0	-8.834045	9.946512	0	0	1230.000000	-9.984145	10.157719
867	867	0	0	0	4	0	-8.895224	10.004404	0	0	1225.000000	-9.984145	10.157719
868	868	0	0	0	4	0	-10.085419	10.605241	0	0	1214.000000	-9.984145	10.157719
869	869	0	0	0	4	0	-10.073847	10.801164	0	0	1212.000000	-9.984145	10.157719
870	870	0	0	0	4	0	-10.050704	10.654244	0	0	1200.000000	-9.984145	10.157719
871	871	0	0	0	4	0	-10.018875	10.492760	0	0	1205.000000	-9.984145	10.157719
872	872	0	0	0	4	0	-9.992828	10.553336	0	0	1184.000000	-9.984145	10.157719
873	873	0	0	0	4	0	-10.010193	10.636951	0	0	1169.000000	-9.984145	10.157719
874	874	0	0	0	4	0	-10.056491	10.864497	0	0	1154.000000	-9.984145	10.157719
875	875	0	0	0	4	0	-9.995723	10.703234	0	0	1142.000000	-9.984145	10.157719
876	876	0	0	0	4	0	-9.998616	10.602357	0	0	1140.000000	-9.984145	10.157719
877	877	0	0	0	4	0	-9.920454	10.538916	0	0	1129.000000	-9.984145	10.157719
878	878	0	0	0	4	0	-9.952303	10.677300	0	0	1108.000000	-9.984145	10.157719
879	879	0	0	0	4	0	-10.021769	10.913416	0	0	1084.000000	-9.984145	10.157719
880	880	0	0	0	4	0	-10.062278	10.904784	0	0	1078.000000	-9.984145	10.157719
881	881	0	0	0	4	0	-10.013087	10.654244	0	0	1078.000000	-9.984145	10.157719
882	882	0	0	0	4	0	-9.949408	10.533146	0	0	1077.000000	-9.984145	10.157719
883	883	0	0	0	4	0	-10.033344	10.662891	0	0	1063.000000	-9.984145	10.157719
884	884	0	0	0	4	0	-10.082527	10.939309	0	0	1048.000000	-9.984145	10.157719
885	885	0	0	0	4	0	-10.082527	10.933556	0	0	1040.000000	-9.984145	10.157719
886	886	0	0	0	4	0	-10.015980	10.657127	0	0	1051.000000	-9.984145	-10.157719
887	887	0	0	0	4	0	-9.966779	10.553336	0	0	1049.000000	-9.984145	-10.157719
888	888	0	0	0	4	0	-9.966779	10.619655	0	0	1046.000000	-9.984145	-10.157719
889	889	0	0	0	4	0	-10.007298	10.904784	0	0	1038.000000	-9.984145	-10.157719
890	890	0	0	0	4	0	-10.044917	10.962320	0	0	1036.000000	-9.984145	-10.157719
891	891	0	0	0	4	0	-9.966779	10.625422	0	0	1051.000000	-9.984145	-10.157719
892	892	0	0	0	4	0	-9.476839	7.415716	0	0	1079.000000	-9.984145	-10.157719
893	893	0	0	0	4	0	-10.726282	-8.343891	0	0	1137.000000	-9.984145	-10.157719
894	894	0	0	0	4	0	-10.907661	-8.892312	0	0	1146.000000	-9.984145	-10.157719
895	895	0	0	0	4	0	-10.901907	-8.973853	0	0	1164.000000	-9.984145	-10.157719
896	896	0	0	0	4	0	-10.942186	-9.090278	0	0	1184.000000	-9.984145	-10.157719
897	897	0	0	0	4	0	-10.890398	-9.014609	0	0	1198.000000	-9.984145	-10.157719
898	898	0	0	0	4	0	-10.091205	-9.630642	0	0	1217.000000	-9.984145	-10.157719
899	899	0	0	0	4	0	-10.160610	-9.569718	0	0	1242.000000	-9.984145	-10.157719
900	900	0	0	0	4	0	-10.137478	-9.656746	0	0	1253.000000	-9.984145	-10.157719
901	901	0	0	0	4	0	-10.105666	-9.740829	0	0	1266.000000	-9.984145	-10.157719
902	902	0	0	0	4	0	-10.065169	-9.656746	0	0	1285.000000	-9.984145	-10.157719
903	903	0	0	0	4	0	-10.053597	-9.592930	0	0	1300.000000	-9.984145	-10.157719
904	904	0	0	0	4	0	-10.044917	-9.555209	0	0	1311.000000	-9.984145	-10.157719
905	905	0	0	0	4	0	-10.065169	-9.584227	0	0	1315.000000	-9.984145	-10.157719
906	906	0	0	0	4	0	-10.068063	-9.688644	0	0	1319.000000	-9.984145	-10.157719
907	907	0	0	0	4	0	-10.085419	-9.711840	0	0	1315.000000	-9.984145	-10.157719
908	908	0	0	0	4	0	-10.085419	-9.610336	0	0	1320.000000	-9.984145	-10.157719
909	909	0	0	0	4	0	-10.085419	-9.616138	0	0	1319.000000	-9.984145	-10.157719
910	910	0	0	0	4	0	-10.123019	-9.668346	0	0	1315.000000	-9.984145	-10.157719
911	911	0	0	0	4	0	-10.172175	-9.784305	0	0	1311.000000	-9.984145	-10.157719
912	912	0	0	0	4	0	-10.140371	-9.778510	0	0	1305.000000	-9.984145	-10.157719
913	913	0	0	0	4	0	-10.120129	-9.665446	0	0	1298.000000	-9.984145	-10.157719
914	914	0	0	0	4	0	-10.163502	-9.636444	0	0	1294.000000	-9.984145	-10.157719
915	915	0	0	0	4	0	-10.169284	-9.659645	0	0	1296.000000	-9.984145	-10.157719
916	916	0	0	0	4	0	-10.149045	-9.764019	0	0	1297.000000	-9.984145	-10.157719
917	917	0	0	0	4	0	-10.108559	-9.746627	0	0	1299.000000	9.984145	-10.157719
918	918	0	0	0	4	0	-10.146152	-9.682845	0	0	1297.000000	9.984145	-10.157719
919	919	0	0	0	4	0	-10.160610	-9.653846	0	0	1304.000000	9.984145	-10.157719
920	920	0	0	0	4	0	-10.146152	-9.700244	0	0	1308.000000	9.984145	-10.157719
921	921	0	0	0	4	0	-10.169284	-9.708941	0	0	1310.000000	9.984145	-10.157719
922	922	0	0	0	4	0	-10.108559	-9.801693	0	0	1328.000000	9.984145	-10.157719
923	923	0	0	0	4	0	-10.059382	-9.691545	0	0	1333.000000	9.984145	-10.157719
924	924	0	0	0	4	0	-10.015980	-9.636444	0	0	1330.000000	9.984145	-10.157719
925	925	0	0	0	4	0	-10.068063	-9.656746	0	0	1330.000000	9.984145	-10.157719
926	926	0	0	0	4	0	-7.095632	-10.394632	0	0	1368.000000	9.984145	-10.157719
927	927	0	0	0	4	0	6.907484	-10.362871	0	0	1353.000000	9.984145	-10.157719
928	928	0	0	0	4	0	10.351320	-10.281998	0	0	1385.000000	9.984145	-10.157719
929	929	0	0	0	4	0	10.608124	-10.229987	0	0	1382.000000	9.984145	-10.157719
930	930	0	0	0	4	0	10.683063	-10.227097	0	0	1391.000000	9.984145	-10.157719
931	931	0	0	0	4	0	10.783886	-10.218425	0	0	1398.000000	9.984145	-10.157719
932	932	0	0	0	4	0	10.801164	-10.313775	0	0	1399.000000	9.984145	-10.157719
933	933	0	0	0	4	0	10.015981	-10.128803	0	0	1416.000000	9.984145	-10.157719
934	934	0	0	0	4	0	10.036237	-10.042024	0	0	1418.000000	9.984145	-10.157719
935	935	0	0	0	4	0	10.123020	-10.027556	0	0	1418.000000	9.984145	-10.157719
936	936	0	0	0	4	0	9.992828	-10.091205	0	0	1427.000000	9.984145	-10.157719
937	937	0	0	0	4	0	10.108559	-10.203973	0	0	1405.000000	9.984145	-10.157719
938	938	0	0	0	4	0	10.010192	-10.209755	0	0	1401.000000	9.984145	-10.157719
939	939	0	0	0	4	0	10.065169	-10.099881	0	0	1379.000000	9.984145	-10.157719
940	940	0	0	0	4	0	10.157718	-10.094096	0	0	1365.000000	9.984145	-10.157719
941	941	0	0	0	4	0	10.117235	-10.140371	0	0	1355.000000	9.984145	-10.157719
942	942	0	0	0	4	0	10.195302	-10.244436	0	0	1330.000000	9.984145	-10.157719
943	943	0	0	0	4	0	10.186629	-10.279109	0	0	1315.000000	9.984145	-10.157719
944	944	0	0	0	4	0	10.120128	-10.175065	0	0	1302.000000	9.984145	-10.157719
945	945	0	0	0	4	0	10.169283	-10.209755	0	0	1291.000000	9.984145	-10.157719
946	946	0	0	0	4	0	10.192411	-10.215536	0	0	1280.000000	9.984145	-10.157719
947	947	0	0	0	4	0	10.218426	-10.319551	0	0	1270.000000	9.984145	10.157719
948	948	0	0	0	4	0	10.088312	-10.319551	0	0	1263.000000	9.984145	10.157719
949	949	0	0	0	4	0	10.036237	-10.232875	0	0	1262.000000	9.984145	10.157719
950	950	0	0	0	4	0	10.099881	-10.238656	0	0	1256.000000	9.984145	10.157719
951	951	0	0	0	4	0	10.091205	-10.299333	0	0	1250.000000	9.984145	10.157719
952	952	0	0	0	4	0	10.053596	-10.336882	0	0	1249.000000	9.984145	10.157719
953	953	0	0	0	4	0	9.177546	-2.796914	0	0	1236.000000	9.984145	10.157719
954	954	0	0	0	4	0	10.786767	11.696770	0	0	1142.000000	9.984145	10.157719
955	955	0	0	0	4	0	10.838591	11.713939	0	0	1149.000000	9.984145	10.157719
956	956	0	0	0	4	0	10.876007	11.545028	0	0	1153.000000	9.984145	10.157719
957	957	0	0	0	4	0	10.878886	11.470528	0	0	1153.000000	9.984145	10.157719
958	958	0	0	0	4	0	10.927801	11.496320	0	0	1161.000000	9.984145	10.157719
959	959	0	0	0	4	0	10.827075	11.573670	0	0	1157.000000	9.984145	10.157719
960	960	0	0	0	4	0	11.668151	11.762569	0	0	1147.000000	9.984145	10.157719
961	961	0	0	0	4	0	11.794027	11.888357	0	0	1140.000000	9.984145	10.157719
962	962	0	0	0	4	0	11.856920	11.851205	0	0	1136.000000	9.984145	10.157719
963	963	0	0	0	4	0	11.874069	11.771149	0	0	1131.000000	9.984145	10.157719
964	964	0	0	0	4	0	11.728243	11.719661	0	0	1122.000000	9.984145	10.157719
965	965	0	0	0	4	0	11.759708	11.825477	0	0	1112.000000	9.984145	10.157719
966	966	0	0	0	4	0	11.902643	11.922644	0	0	1103.000000	9.984145	10.157719
967	967	0	0	0	4	0	11.925500	11.882642	0	0	1110.000000	9.984145	10.157719
968	968	0	0	0	4	0	11.894073	11.819760	0	0	1112.000000	9.984145	10.157719
969	969	0	0	0	4	0	11.768289	11.782589	0	0	1114.000000	9.984145	10.157719
970	970	0	0	0	4	0	11.785448	11.874069	0	0	1110.000000	9.984145	10.157719
971	971	0	0	0	4	0	11.914072	11.999755	0	0	1103.000000	9.984145	10.157719
972	972	0	0	0	4	0	11.965488	11.902643	0	0	1107.000000	9.984145	10.157719
973	973	0	0	0	4	0	11.951208	11.842629	0	0	1106.000000	9.984145	10.157719
974	974	0	0	0	4	0	11.845488	11.776868	0	0	1110.000000	9.984145	10.157719
975	975	0	0	0	4	0	11.759708	11.828337	0	0	1099.000000	9.984145	10.157719
976	976	0	0	0	4	0	11.891214	11.934070	0	0	1095.000000	9.984145	10.157719
977	977	0	0	0	4	0	11.942639	11.908359	0	0	1103.000000	-9.984145	10.157719
978	978	0	0	0	4	0	11.925500	11.879784	0	0	1102.000000	-9.984145	10.157719
979	979	0	0	0	4	0	11.814041	11.828337	0	0	1105.000000	-9.984145	10.157719
980	980	0	0	0	4	0	11.733965	11.862638	0	0	1109.000000	-9.984145	10.157719
981	981	0	0	0	4	0	11.871211	11.954064	0	0	1104.000000	-9.984145	10.157719
982	982	0	0	0	4	0	11.916929	11.988334	0	0	1116.000000	-9.984145	10.157719
983	983	0	0	0	4	0	8.212388	11.327147	0	0	1134.000000	-9.984145	10.157719
984	984	0	0	0	4	0	-6.972177	10.766607	0	0	1122.000000	-9.984145	10.157719
985	985	0	0	0	4	0	-8.842787	11.160647	0	0	1126.000000	-9.984145	10.157719
986	986	0	0	0	4	0	-9.032075	11.344361	0	0	1132.000000	-9.984145	10.157719
987	987	0	0	0	4	0	-9.189178	11.484858	0	0	1135.000000	-9.984145	10.157719
988	988	0	0	0	4	0	-9.253143	11.309933	0	0	1150.000000	-9.984145	10.157719
989	989	0	0	0	4	0	-9.253143	11.149158	0	0	1165.000000	-9.984145	10.157719
990	990	0	0	0	4	0	-9.946512	11.088820	0	0	1169.000000	-9.984145	10.157719
991	991	0	0	0	4	0	-10.082527	11.126175	0	0	1165.000000	-9.984145	10.157719
992	992	0	0	0	4	0	-10.154828	11.275496	0	0	1161.000000	-9.984145	10.157719
993	993	0	0	0	4	0	-10.154828	11.146285	0	0	1177.000000	-9.984145	10.157719
994	994	0	0	0	4	0	-10.120129	11.002583	0	0	1189.000000	-9.984145	10.157719
995	995	0	0	0	4	0	-10.096990	10.876008	0	0	1196.000000	-9.984145	10.157719
996	996	0	0	0	4	0	-10.096990	11.103189	0	0	1181.000000	-9.984145	10.157719
997	997	0	0	0	4	0	-10.140371	11.416060	0	0	1175.000000	-9.984145	10.157719
998	998	0	0	0	4	0	-10.140371	11.206598	0	0	1184.000000	-9.984145	10.157719
999	999	0	0	0	4	0	-10.131694	11.077326	0	0	1196.000000	-9.984145	10.157719
1000	1000	0	0	0	4	0	-10.111451	11.028459	0	0	1193.000000	-9.984145	10.157719
1001	1001	0	0	0	4	0	-10.091205	11.146285	0	0	1196.000000	-9.984145	10.157719
1002	1002	0	0	0	4	0	-10.151937	11.398856	0	0	1182.000000	-9.984145	10.157719
1003	1003	0	0	0	4	0	-10.160610	11.286976	0	0	1195.000000	-9.984145	10.157719
1004	1004	0	0	0	4	0	-10.117234	11.103189	0	0	1212.000000	-9.984145	10.157719
1005	1005	0	0	0	4	0	-10.076741	11.123302	0	0	1220.000000	-9.984145	10.157719
1006	1006	0	0	0	4	0	-10.056491	11.258274	0	0	1213.000000	-9.984145	10.157719
1007	1007	0	0	0	4	0	-10.105666	11.522109	0	0	1206.000000	-9.984145	10.157719
1008	1008	0	0	0	4	0	-10.134587	11.378781	0	0	1215.000000	0.000000	0.000000
1009	1009	0	0	0	4	0	-10.154828	11.126175	0	0	1233.000000	0.000000	0.000000
1010	1010	0	0	0	4	0	-10.120129	11.120429	0	0	1231.000000	0.000000	0.000000
1011	1011	0	0	0	4	0	-10.154828	11.246792	0	0	1231.000000	0.000000	0.000000
1012	1012	0	0	0	4	0	-10.140371	11.559350	0	0	1217.000000	0.000000	0.000000
1013	1013	0	0	0	4	0	-1.873381	3.463364	0	0	1321.000000	0.000000	0.000000
1014	1014	0	0	0	4	0	-0.086541	-0.304381	0	0	1327.000000	0.000000	0.000000
1015	1015	0	0	0	4	0	0.011936	-0.268572	0	0	1320.000000	0.000000	0.000000
1016	1016	0	0	0	4	0	0.056699	-0.217842	0	0	1318.000000	0.000000	0.000000
1017	1017	0	0	0	4	0	0.122350	-0.113397	0	0	1324.000000	0.000000	0.000000
1018	1018	0	0	0	4	0	0.116382	-0.086540	0	0	1323.000000	0.000000	0.000000
1019	1019	0	0	0	4	0	-0.086541	-0.653501	0	0	1330.000000	0.000000	0.000000
1020	1020	0	0	0	4	0	0.680355	-1.274025	0	0	1330.000000	0.000000	0.000000
1021	1021	0	0	0	4	0	-90.000000	-90.000000	0	4	0.000000	0.000000	0.000000
1022	1022	0	0	0	4	0	-90.000000	-90.000000	0	4	0.000000	0.000000	0.000000
1023	1023	0	0	0	4	0	-90.000000	-90.000000	0	4	0.000000	0.000000	0.000000
1024	1024	0	0	0	4	0	-90.000000	-90.000000	0	4	0.000000	0.000000	0.000000
1025	1025	0	0	0	4	0	-90.000000	-90.000000	0	4	0.000000	0.000000	0.000000
1026	1026	0	0	0	4	0	-90.000000	-90.000000	0	4	0.000000	0.000000	0.000000
1027	1027	0	0	0	4	0	2.090964	2.400839	0	0	1217.000000	0.000000	0.000000
1028	1028	0	0	0	4	0	2.004534	2.210162	0	0	1210.000000	0.000000	0.000000
1029	1029	0	0	0	4	0	1.277007	1.497705	0	0	1208.000000	0.000000	0.000000
1030	1030	0	0	0	4	0	0.883240	1.393326	0	0	1184.000000	0.000000	0.000000
1031	1031	0	0	0	4	0	0.793735	1.432096	0	0	1180.000000	0.000000	0.000000
1032	1032	0	0	0	4	0	0.963791	1.408238	0	0	1183.000000	0.000000	0.000000
1033	1033	0	0	0	4	0	1.032406	1.405255	0	0	1189.000000	0.000000	0.000000
1034	1034	0	0	0	4	0	0.886224	1.348589	0	0	1205.000000	0.000000	0.000000
1035	1035	0	0	0	4	0	0.811636	1.372449	0	0	1205.000000	0.000000	0.000000
1036	1036	0	0	0	4	0	0.766882	1.405255	0	0	1198.000000	0.000000	0.000000
1037	1037	0	0	0	4	0	0.757931	1.372449	0	0	1190.000000	0.000000	0.000000
1038	1038	0	0	0	4	0	0.766882	1.303851	0	0	1188.000000	0.000000	0.000000
1039	1039	0	0	0	4	0	0.641567	1.211387	0	0	1192.000000	0.000000	0.000000
1040	1040	0	0	0	4	0	0.608745	1.187523	0	0	1182.000000	0.000000	0.000000
1041	1041	0	0	0	4	0	0.611729	1.232266	0	0	1165.000000	0.000000	0.000000
1042	1042	0	0	0	4	0	0.653501	1.256128	0	0	1159.000000	0.000000	0.000000
1043	1043	0	0	0	4	0	0.662453	1.178575	0	0	1148.000000	0.000000	0.000000
1044	1044	0	0	0	4	0	0.644551	1.172609	0	0	1149.000000	0.000000	0.000000
1045	1045	0	0	0	4	0	0.656485	1.148746	0	0	1146.000000	0.000000	0.000000
1046	1046	0	0	0	4	0	0.593825	1.211387	0	0	1135.000000	0.000000	0.000000
1047	1047	0	0	0	4	0	0.713176	1.214370	0	0	1121.000000	0.000000	0.000000
1048	1048	0	0	0	4	0	0.772849	1.193489	0	0	1125.000000	0.000000	0.000000
1049	1049	0	0	0	4	0	0.751964	1.121899	0	0	1122.000000	0.000000	0.000000
1050	1050	0	0	0	4	0	0.766882	1.115933	0	0	1115.000000	0.000000	0.000000
1051	1051	0	0	0	4	0	0.695274	1.101017	0	0	1102.000000	0.000000	0.000000
1052	1052	0	0	0	4	0	0.740029	1.109967	0	0	1089.000000	0.000000	0.000000
1053	1053	0	0	0	4	0	0.743013	1.074170	0	0	1097.000000	0.000000	0.000000
1054	1054	0	0	0	4	0	0.725111	0.951858	0	0	1098.000000	0.000000	0.000000
1055	1055	0	0	0	4	0	0.722128	0.916058	0	0	1100.000000	0.000000	0.000000
1056	1056	0	0	0	4	0	0.674388	0.939925	0	0	1102.000000	0.000000	0.000000
1057	1057	0	0	0	4	0	0.686323	0.907107	0	0	1106.000000	0.000000	0.000000
1058	1058	0	0	0	4	0	0.734062	0.850422	0	0	1121.000000	0.000000	0.000000
1059	1059	0	0	0	4	0	0.716160	0.814619	0	0	1129.000000	0.000000	0.000000
1060	1060	0	0	0	4	0	0.698258	0.751964	0	0	1146.000000	0.000000	0.000000
1061	1061	0	0	0	4	0	0.611729	0.674388	0	0	1156.000000	0.000000	0.000000
1062	1062	0	0	0	4	0	0.665436	0.728094	0	0	1162.000000	0.000000	0.000000
1063	1063	0	0	0	4	0	0.704225	0.677372	0	0	1171.000000	0.000000	0.000000
1064	1064	0	0	0	4	0	0.665436	0.683339	0	0	1186.000000	0.000000	0.000000
1065	1065	0	0	0	4	0	0.686323	0.581890	0	0	1199.000000	0.000000	0.000000
1066	1066	0	0	0	4	0	0.686323	0.572939	0	0	1205.000000	0.000000	0.000000
1067	1067	0	0	0	4	0	0.710192	0.519229	0	0	1201.000000	0.000000	0.000000
