RowNumber	TimeStamp	X_Position_Degree_Right_Eye	Y_Position_Degree_Right_Eye	Distance_From_RightEye	Validity_Right_Eye	Pupil_Diameter_RightEye	X_Position_Degree_Left_Eye	Y_Position_Degree_Left_Eye	Distance_From_LeftEye	Validity_Left_Eye	Pupil_Diameter_LeftEye	Target X	Target Y
0	0	0	0	0	4	0	-0.134287	0.110414	0	0	1017.000000	0.000000	0.000000
1	1	0	0	0	4	0	-0.167111	0.137271	0	0	1029.000000	0.000000	0.000000
2	2	0	0	0	4	0	-0.238731	-0.029842	0	0	1027.000000	0.000000	0.000000
3	3	0	0	0	4	0	-0.113397	-0.029842	0	0	1014.000000	0.000000	0.000000
4	4	0	0	0	4	0	-0.083556	-0.047747	0	0	1023.000000	0.000000	0.000000
5	5	0	0	0	4	0	-0.164128	-0.095493	0	0	1041.000000	0.000000	0.000000
6	6	0	0	0	4	0	0.134287	-0.020889	0	0	1046.000000	0.000000	0.000000
7	7	0	0	0	4	0	0.202921	0.047747	0	0	1039.000000	0.000000	0.000000
8	8	0	0	0	4	0	0.086540	0.050731	0	0	1035.000000	0.000000	0.000000
9	9	0	0	0	4	0	0.026857	0.050731	0	0	1052.000000	0.000000	0.000000
10	10	0	0	0	4	0	0.047747	0.053714	0	0	1064.000000	0.000000	0.000000
11	11	0	0	0	4	0	0.041778	-0.065652	0	0	1049.000000	0.000000	0.000000
12	12	0	0	0	4	0	-0.005969	0.101461	0	0	1054.000000	0.000000	0.000000
13	13	0	0	0	4	0	-0.032825	0.053714	0	0	1085.000000	0.000000	0.000000
14	14	0	0	0	4	0	0.011936	0.173080	0	0	1091.000000	0.000000	0.000000
15	15	0	0	0	4	0	-0.110414	0.113397	0	0	1092.000000	0.000000	0.000000
16	16	0	0	0	4	0	-0.199938	0.202921	0	0	1098.000000	0.000000	0.000000
17	17	0	0	0	4	0	-0.310350	0.092509	0	0	1105.000000	0.000000	0.000000
18	18	0	0	0	4	0	-0.361077	0.083556	0	0	1105.000000	0.000000	0.000000
19	19	0	0	0	4	0	-0.373014	0.020889	0	0	1100.000000	0.000000	0.000000
20	20	0	0	0	4	0	-0.373014	-0.113397	0	0	1107.000000	0.000000	0.000000
21	21	0	0	0	4	0	-0.474471	-0.104445	0	0	1114.000000	-0.691970	0.704000
22	22	0	0	0	4	0	-0.498342	-0.199938	0	0	1130.000000	-1.398063	1.422368
23	23	0	0	0	4	0	-0.468502	-0.259620	0	0	1116.000000	-2.104155	2.140736
24	24	0	0	0	4	0	-0.480437	-0.196954	0	0	1113.000000	-2.810247	2.859103
25	25	0	0	0	4	0	-2.180363	2.665909	0	0	1124.000000	-3.516340	3.577471
26	26	0	0	0	4	0	-2.790959	2.621242	0	0	1119.000000	-4.222432	4.295838
27	27	0	0	0	4	0	-3.222469	3.406868	0	0	1066.000000	-4.928524	5.014206
28	28	0	0	0	4	0	-4.932524	5.213800	0	0	1078.000000	-5.634616	5.732574
29	29	0	0	0	4	0	-5.326242	5.580561	0	0	1083.000000	-6.340709	6.450942
30	30	0	0	0	4	0	-6.945714	6.751561	0	0	1078.000000	-7.046801	7.169309
31	31	0	0	0	4	0	-7.107387	6.919248	0	0	1032.000000	-7.752893	7.887677
32	32	0	0	0	4	0	-7.530129	7.424519	0	0	1000.000000	-8.458985	8.606045
33	33	0	0	0	4	0	-9.040806	8.399388	0	0	1026.000000	-9.165078	9.324412
34	34	0	0	0	4	0	-9.180454	8.434431	0	0	1009.000000	-9.871170	10.042780
35	35	0	0	0	4	0	-10.160610	9.572619	0	0	949.000000	-9.984145	10.157719
36	36	0	0	0	4	0	-10.371534	9.685745	0	0	946.000000	-9.984145	10.157719
37	37	0	0	0	4	0	-10.374421	9.415860	0	0	961.000000	-9.984145	10.157719
38	38	0	0	0	4	0	-10.388858	9.357764	0	0	947.000000	-9.984145	10.157719
39	39	0	0	0	4	0	-10.244436	10.279109	0	0	877.000000	-9.984145	10.157719
40	40	0	0	0	4	0	-10.180848	10.099881	0	0	913.000000	-9.984145	10.157719
41	41	0	0	0	4	0	-10.079633	9.816180	0	0	942.000000	-9.984145	10.157719
42	42	0	0	0	4	0	-10.120129	9.735034	0	0	942.000000	-9.984145	10.157719
43	43	0	0	0	4	0	-10.198193	10.270441	0	0	893.000000	-9.984145	10.157719
44	44	0	0	0	4	0	-10.192412	10.143261	0	0	923.000000	-9.984145	10.157719
45	45	0	0	0	4	0	-10.099881	9.816180	0	0	955.000000	-9.984145	10.157719
46	46	0	0	0	4	0	-10.137478	9.810385	0	0	960.000000	-9.984145	10.157719
47	47	0	0	0	4	0	-10.183741	10.203973	0	0	922.000000	-9.984145	10.157719
48	48	0	0	0	4	0	-10.120129	10.189521	0	0	954.000000	-9.984145	10.157719
49	49	0	0	0	4	0	-10.053597	9.842255	0	0	998.000000	-9.984145	10.157719
50	50	0	0	0	4	0	-9.955198	9.819078	0	0	1012.000000	-9.984145	10.157719
51	51	0	0	0	4	0	-9.839358	10.172175	0	0	1006.000000	-9.984145	10.157719
52	52	0	0	0	4	0	-9.685746	10.146152	0	0	1034.000000	-9.984145	10.157719
53	53	0	0	0	4	0	-9.479742	9.885704	0	0	1077.000000	-9.984145	10.157719
54	54	0	0	0	4	0	-9.972566	9.662546	0	0	1083.000000	-9.984145	10.157719
55	55	0	0	0	4	0	-9.801693	9.958093	0	0	1067.000000	-9.292174	9.453718
56	56	0	0	0	4	0	-9.685746	10.036237	0	0	1086.000000	-8.468400	8.615623
57	57	0	0	0	4	0	-9.334520	9.555209	0	0	1116.000000	-7.644626	7.777527
58	58	0	0	0	4	0	-9.072818	9.215348	0	0	1101.000000	-6.820852	6.939432
59	59	0	0	0	4	0	-7.336472	7.981318	0	0	1065.000000	-5.997077	6.101336
60	60	0	0	0	4	0	-6.654425	7.371694	0	0	1056.000000	-5.173303	5.263240
61	61	0	0	0	4	0	-5.689909	6.530743	0	0	1090.000000	-4.349529	4.425145
62	62	0	0	0	4	0	-4.185278	4.751787	0	0	1095.000000	-3.525754	3.587049
63	63	0	0	0	4	0	-3.290884	4.134814	0	0	1078.000000	-2.701980	2.748954
64	64	0	0	0	4	0	-2.558703	3.644697	0	0	1085.000000	-1.878206	1.910858
65	65	0	0	0	4	0	-1.479811	1.414202	0	0	1151.000000	-1.054431	1.072762
66	66	0	0	0	4	0	-0.763898	0.429710	0	0	1167.000000	-0.230657	0.234667
67	67	0	0	0	4	0	-0.131303	-0.250667	0	0	1156.000000	0.000000	0.000000
68	68	0	0	0	4	0	0.486405	-1.023456	0	0	1143.000000	0.000000	0.000000
69	69	0	0	0	4	0	1.092069	-1.757116	0	0	1167.000000	0.000000	0.000000
70	70	0	0	0	4	0	1.885306	-2.385944	0	0	1151.000000	0.000000	0.000000
71	71	0	0	0	4	0	0.910091	-1.670653	0	0	1122.000000	0.000000	0.000000
72	72	0	0	0	4	0	1.023456	-1.822704	0	0	1098.000000	0.000000	0.000000
73	73	0	0	0	4	0	0.429710	-1.041355	0	0	1106.000000	0.000000	0.000000
74	74	0	0	0	4	0	0.349142	-1.360519	0	0	1096.000000	0.000000	0.000000
75	75	0	0	0	4	0	0.355110	-1.282972	0	0	1077.000000	0.000000	0.000000
76	76	0	0	0	4	0	0.062667	-1.062238	0	0	1067.000000	0.000000	0.000000
77	77	0	0	0	4	0	0.092509	-1.032406	0	0	1080.000000	0.000000	0.000000
78	78	0	0	0	4	0	0.029842	-1.202438	0	0	1074.000000	0.000000	0.000000
79	79	0	0	0	4	0	0.155176	-1.008540	0	0	1033.000000	0.000000	0.000000
80	80	0	0	0	4	0	-0.170097	-0.596809	0	0	1012.000000	0.000000	0.000000
81	81	0	0	0	4	0	-0.226794	-0.677372	0	0	1004.000000	0.000000	0.000000
82	82	0	0	0	4	0	-0.265589	-0.623664	0	0	985.000000	0.000000	0.000000
83	83	0	0	0	4	0	-0.173080	-0.510277	0	0	962.000000	0.000000	0.000000
84	84	0	0	0	4	0	-0.190986	-0.474470	0	0	951.000000	0.000000	0.000000
85	85	0	0	0	4	0	-0.253652	-0.513261	0	0	958.000000	0.000000	0.000000
86	86	0	0	0	4	0	-0.262603	-0.590841	0	0	965.000000	0.000000	0.000000
87	87	0	0	0	4	0	-0.137270	-0.396886	0	0	943.000000	-9.984145	10.157719
88	88	0	0	0	4	0	-0.193969	-0.438663	0	0	943.000000	-9.984145	10.157719
89	89	0	0	0	4	0	-0.173080	-0.426726	0	0	962.000000	-9.984145	10.157719
90	90	0	0	0	4	0	-0.301396	-0.501325	0	0	979.000000	-9.984145	10.157719
91	91	0	0	0	4	0	-0.304381	-0.441646	0	0	962.000000	-9.984145	10.157719
92	92	0	0	0	4	0	-4.206056	5.358783	0	0	953.000000	-9.984145	10.157719
93	93	0	0	0	4	0	-8.057395	9.037896	0	0	955.000000	-9.984145	10.157719
94	94	0	0	0	4	0	-8.130520	8.927262	0	0	952.000000	-9.984145	10.157719
95	95	0	0	0	4	0	-9.897288	10.059383	0	0	950.000000	-9.984145	10.157719
96	96	0	0	0	4	0	-10.039131	10.446589	0	0	962.000000	-9.984145	10.157719
97	97	0	0	0	4	0	-9.992828	10.111450	0	0	1000.000000	-9.984145	10.157719
98	98	0	0	0	4	0	-10.042024	9.940722	0	0	1000.000000	-9.984145	10.157719
99	99	0	0	0	4	0	-10.094096	10.359984	0	0	973.000000	-9.984145	10.157719
100	100	0	0	0	4	0	-10.160610	10.388858	0	0	964.000000	-9.984145	10.157719
101	101	0	0	0	4	0	-10.099881	10.088311	0	0	985.000000	-9.984145	10.157719
102	102	0	0	0	4	0	-10.099881	9.932036	0	0	977.000000	-9.984145	10.157719
103	103	0	0	0	4	0	-10.175065	10.342657	0	0	940.000000	-9.984145	10.157719
104	104	0	0	0	4	0	-10.241547	10.449475	0	0	926.000000	-9.984145	10.157719
105	105	0	0	0	4	0	-10.160610	10.030450	0	0	941.000000	-9.984145	10.157719
106	106	0	0	0	4	0	-10.186629	9.937827	0	0	938.000000	-9.984145	10.157719
107	107	0	0	0	4	0	-10.232875	10.255995	0	0	920.000000	0.000000	0.000000
108	108	0	0	0	4	0	-10.232875	10.423500	0	0	920.000000	0.000000	0.000000
109	109	0	0	0	4	0	-10.047811	10.128803	0	0	949.000000	0.000000	0.000000
110	110	0	0	0	4	0	-10.013087	10.004404	0	0	982.000000	0.000000	0.000000
111	111	0	0	0	4	0	-2.082023	1.932998	0	0	1042.000000	0.000000	0.000000
112	112	0	0	0	4	0	-1.894248	0.713176	0	0	1071.000000	0.000000	0.000000
113	113	0	0	0	4	0	-2.123746	0.537132	0	0	1127.000000	0.000000	0.000000
114	114	0	0	0	4	0	-0.149207	-0.701241	0	0	1198.000000	0.000000	0.000000
115	115	0	0	0	4	0	-0.214859	-0.835504	0	0	1219.000000	0.000000	0.000000
116	116	0	0	0	4	0	-0.328253	-0.853405	0	0	1252.000000	0.000000	0.000000
117	117	0	0	0	4	0	-0.295429	-0.883240	0	0	1278.000000	0.000000	0.000000
118	118	0	0	0	4	0	-0.250668	-0.954841	0	0	1258.000000	0.000000	0.000000
119	119	0	0	0	4	0	-0.131303	-0.295429	0	0	1183.000000	0.000000	0.000000
120	120	0	0	0	4	0	0.029842	-0.265588	0	0	1137.000000	0.000000	0.000000
121	121	0	0	0	4	0	-0.002983	-0.134287	0	0	1121.000000	0.000000	0.000000
122	122	0	0	0	4	0	-0.011937	-0.188001	0	0	1083.000000	0.000000	0.000000
123	123	0	0	0	4	0	0.068635	-0.101461	0	0	1044.000000	0.000000	0.000000
124	124	0	0	0	4	0	0.086540	0.005969	0	0	1017.000000	0.000000	0.000000
125	125	0	0	0	4	0	-0.119366	-0.074604	0	0	1020.000000	0.000000	0.000000
126	126	0	0	0	4	0	-0.140255	-0.032826	0	0	1025.000000	0.000000	0.000000
127	127	0	0	0	4	0	-0.104445	-0.035810	0	0	1006.000000	-0.676891	-0.688659
128	128	0	0	0	4	0	-0.193969	0.020889	0	0	1013.000000	-1.617018	-1.645130
129	129	0	0	0	4	0	-0.190986	0.077588	0	0	1041.000000	-2.557145	-2.601600
130	130	0	0	0	4	0	-0.295429	-0.155176	0	0	1065.000000	-3.497271	-3.558071
131	131	0	0	0	4	0	-3.552554	-2.123746	0	0	1081.000000	-4.437398	-4.514542
132	132	0	0	0	4	0	-4.200119	-3.201646	0	0	1101.000000	-5.377524	-5.471012
133	133	0	0	0	4	0	-4.896976	-3.647670	0	0	1124.000000	-6.317651	-6.427483
134	134	0	0	0	4	0	-6.866307	-5.976383	0	0	1144.000000	-7.257778	-7.383954
135	135	0	0	0	4	0	-7.688447	-6.783931	0	0	1129.000000	-8.197905	-8.340425
136	136	0	0	0	4	0	-7.940340	-7.166148	0	0	1145.000000	-9.138031	-9.296895
137	137	0	0	0	4	0	-9.772714	-8.548275	0	0	1155.000000	-9.984145	-10.157719
138	138	0	0	0	4	0	-9.662547	-8.767015	0	0	1154.000000	-9.984145	-10.157719
139	139	0	0	0	4	0	-9.819077	-8.936000	0	0	1149.000000	-9.984145	-10.157719
140	140	0	0	0	4	0	-9.975461	-8.930175	0	0	1131.000000	-9.984145	-10.157719
141	141	0	0	0	4	0	-10.215536	-9.900184	0	0	1118.000000	-9.984145	-10.157719
142	142	0	0	0	4	0	-10.281998	-10.042024	0	0	1116.000000	-9.984145	-10.157719
143	143	0	0	0	4	0	-10.310885	-10.013087	0	0	1104.000000	-9.984145	-10.157719
144	144	0	0	0	4	0	-10.247324	-9.932036	0	0	1107.000000	-9.984145	-10.157719
145	145	0	0	0	4	0	-10.279109	-9.946512	0	0	1123.000000	-9.984145	-10.157719
146	146	0	0	0	4	0	-10.224206	-10.099881	0	0	1118.000000	-9.984145	-10.157719
147	147	0	0	0	4	0	-10.192412	-10.068063	0	0	1116.000000	-9.984145	-10.157719
148	148	0	0	0	4	0	-10.151937	-9.934932	0	0	1119.000000	-9.984145	-10.157719
149	149	0	0	0	4	0	-10.183741	-9.897288	0	0	1129.000000	-9.984145	-10.157719
150	150	0	0	0	4	0	-10.166392	-9.761120	0	0	1133.000000	-9.984145	-10.157719
151	151	0	0	0	4	0	-10.053597	-9.354859	0	0	1131.000000	-9.984145	-10.157719
152	152	0	0	0	4	0	-9.885703	-9.000054	0	0	1137.000000	-9.984145	-10.157719
153	153	0	0	0	4	0	-9.540699	-8.594962	0	0	1166.000000	-9.984145	-10.157719
154	154	0	0	0	4	0	-9.372291	-8.402308	0	0	1171.000000	-9.984145	-10.157719
155	155	0	0	0	4	0	-9.084458	-8.165610	0	0	1180.000000	-9.984145	-10.157719
156	156	0	0	0	4	0	-9.378099	-8.224081	0	0	1184.000000	-9.984145	-10.157719
157	157	0	0	0	4	0	-9.488453	-8.381866	0	0	1193.000000	-9.878157	-10.049888
158	158	0	0	0	4	0	-9.319991	-8.472387	0	0	1182.000000	-8.818269	-8.971573
159	159	0	0	0	4	0	-9.157187	-8.519091	0	0	1152.000000	-7.758380	-7.893259
160	160	0	0	0	4	0	-9.084458	-8.422751	0	0	1145.000000	-6.698493	-6.814945
161	161	0	0	0	4	0	-8.705794	-8.422751	0	0	1157.000000	-5.638604	-5.736631
162	162	0	0	0	4	0	-6.362790	-6.457093	0	0	1173.000000	-4.578716	-4.658317
163	163	0	0	0	4	0	-5.846472	-6.103281	0	0	1147.000000	-3.518828	-3.580003
164	164	0	0	0	4	0	-3.790307	-4.298055	0	0	1151.000000	-2.458940	-2.501689
165	165	0	0	0	4	0	-2.990389	-3.516880	0	0	1155.000000	-1.399052	-1.423375
166	166	0	0	0	4	0	-2.481265	-3.180822	0	0	1141.000000	-0.339164	-0.345060
167	167	0	0	0	4	0	-1.921077	-2.534877	0	0	1102.000000	0.000000	0.000000
168	168	0	0	0	4	0	-0.355111	-0.987658	0	0	1044.000000	0.000000	0.000000
169	169	0	0	0	4	0	0.008952	-0.259620	0	0	1048.000000	0.000000	0.000000
170	170	0	0	0	4	0	0.214859	0.196954	0	0	1040.000000	0.000000	0.000000
171	171	0	0	0	4	0	0.307365	0.208890	0	0	1006.000000	0.000000	0.000000
172	172	0	0	0	4	0	-0.220827	0.250667	0	0	981.000000	0.000000	0.000000
173	173	0	0	0	4	0	-0.170097	0.214859	0	0	991.000000	0.000000	0.000000
174	174	0	0	0	4	0	-0.226794	0.041778	0	0	973.000000	0.000000	0.000000
175	175	0	0	0	4	0	-0.116383	0.179049	0	0	944.000000	0.000000	0.000000
176	176	0	0	0	4	0	-0.241714	0.208890	0	0	936.000000	0.000000	0.000000
177	177	0	0	0	4	0	-0.262603	0.232762	0	0	951.000000	0.000000	0.000000
178	178	0	0	0	4	0	-0.277524	0.101461	0	0	946.000000	0.000000	0.000000
179	179	0	0	0	4	0	-0.256635	0.110414	0	0	931.000000	0.000000	0.000000
180	180	0	0	0	4	0	-0.161145	0.128318	0	0	943.000000	0.000000	0.000000
181	181	0	0	0	4	0	-0.256635	0.044762	0	0	967.000000	0.000000	0.000000
182	182	0	0	0	4	0	-0.277524	-0.059683	0	0	991.000000	0.000000	0.000000
183	183	0	0	0	4	0	-0.116383	-0.008952	0	0	972.000000	0.000000	0.000000
184	184	0	0	0	4	0	-0.086541	0.095493	0	0	981.000000	0.000000	0.000000
185	185	0	0	0	4	0	-0.170097	-0.086540	0	0	1015.000000	0.000000	0.000000
186	186	0	0	0	4	0	-0.217842	-0.089525	0	0	1028.000000	0.000000	0.000000
187	187	0	0	0	4	0	-0.158159	-0.044762	0	0	1021.000000	-9.984145	-10.157719
188	188	0	0	0	4	0	-0.256635	-0.146223	0	0	1036.000000	-9.984145	-10.157719
189	189	0	0	0	4	0	-0.196953	0.002984	0	0	1071.000000	-9.984145	-10.157719
190	190	0	0	0	4	0	-0.265589	-0.119366	0	0	1087.000000	-9.984145	-10.157719
191	191	0	0	0	4	0	-0.331237	-0.229779	0	0	1089.000000	-9.984145	-10.157719
192	192	0	0	0	4	0	-9.969672	-9.584227	0	0	1139.000000	-9.984145	-10.157719
193	193	0	0	0	4	0	-9.923350	-9.694445	0	0	1151.000000	-9.984145	-10.157719
194	194	0	0	0	4	0	-9.958093	-9.764019	0	0	1168.000000	-9.984145	-10.157719
195	195	0	0	0	4	0	-9.946512	-9.700244	0	0	1157.000000	-9.984145	-10.157719
196	196	0	0	0	4	0	-10.157718	-10.033344	0	0	1149.000000	-9.984145	-10.157719
197	197	0	0	0	4	0	-10.151937	-9.987039	0	0	1150.000000	-9.984145	-10.157719
198	198	0	0	0	4	0	-10.241547	-10.036237	0	0	1138.000000	-9.984145	-10.157719
199	199	0	0	0	4	0	-10.255995	-10.013087	0	0	1123.000000	-9.984145	-10.157719
200	200	0	0	0	4	0	-10.238656	-9.897288	0	0	1115.000000	-9.984145	-10.157719
201	201	0	0	0	4	0	-10.325329	-9.879912	0	0	1121.000000	-9.984145	-10.157719
202	202	0	0	0	4	0	-10.241547	-10.001510	0	0	1108.000000	-9.984145	-10.157719
203	203	0	0	0	4	0	-10.322440	-9.984144	0	0	1083.000000	-9.984145	-10.157719
204	204	0	0	0	4	0	-10.339769	-10.013087	0	0	1085.000000	-9.984145	-10.157719
205	205	0	0	0	4	0	-10.325329	-9.969672	0	0	1109.000000	-9.984145	-10.157719
206	206	0	0	0	4	0	-10.313775	-10.235766	0	0	1112.000000	-9.984145	-10.157719
207	207	0	0	0	4	0	-10.368647	-10.149045	0	0	1118.000000	0.000000	0.000000
208	208	0	0	0	4	0	-10.305108	-10.044917	0	0	1118.000000	0.000000	0.000000
209	209	0	0	0	4	0	-10.276219	-9.975461	0	0	1158.000000	0.000000	0.000000
210	210	0	0	0	4	0	-10.331105	-10.125913	0	0	1171.000000	0.000000	0.000000
211	211	0	0	0	4	0	-3.855667	-4.075437	0	0	1247.000000	0.000000	0.000000
212	212	0	0	0	4	0	-0.432694	-0.910091	0	0	1214.000000	0.000000	0.000000
213	213	0	0	0	4	0	-0.480437	-0.865339	0	0	1231.000000	0.000000	0.000000
214	214	0	0	0	4	0	-0.507293	-0.844454	0	0	1263.000000	0.000000	0.000000
215	215	0	0	0	4	0	-0.373014	-0.910091	0	0	1236.000000	0.000000	0.000000
216	216	0	0	0	4	0	-0.378983	-0.856389	0	0	1238.000000	0.000000	0.000000
217	217	0	0	0	4	0	-0.387934	-0.823570	0	0	1225.000000	0.000000	0.000000
218	218	0	0	0	4	0	-0.313333	-0.883240	0	0	1187.000000	0.000000	0.000000
219	219	0	0	0	4	0	-0.283492	-0.829537	0	0	1119.000000	0.000000	0.000000
220	220	0	0	0	4	0	-0.062667	-0.608745	0	0	1100.000000	0.000000	0.000000
221	221	0	0	0	4	0	-0.014921	-0.623664	0	0	1082.000000	0.000000	0.000000
222	222	0	0	0	4	0	-0.152191	-0.671404	0	0	1057.000000	0.000000	0.000000
223	223	0	0	0	4	0	-0.116383	-0.617697	0	0	1009.000000	0.000000	0.000000
224	224	0	0	0	4	0	-0.005969	-0.459550	0	0	999.000000	0.000000	0.000000
225	225	0	0	0	4	0	-0.065652	-0.507293	0	0	1016.000000	0.000000	0.000000
226	226	0	0	0	4	0	-0.113397	-0.501325	0	0	1020.000000	0.000000	0.000000
227	227	0	0	0	4	0	-0.134287	-0.617697	0	0	1001.000000	0.798732	-0.812617
228	228	0	0	0	4	0	-0.140255	-0.486405	0	0	1015.000000	1.973337	-2.007643
229	229	0	0	0	4	0	-0.167111	-0.501325	0	0	1030.000000	3.147942	-3.202669
230	230	0	0	0	4	0	-0.232762	-0.632616	0	0	1049.000000	4.322547	-4.397695
231	231	0	0	0	4	0	3.365236	-3.733851	0	0	1067.000000	5.497153	-5.592721
232	232	0	0	0	4	0	3.929926	-3.962597	0	0	1063.000000	6.671758	-6.787746
233	233	0	0	0	4	0	4.265413	-4.384101	0	0	1087.000000	7.846364	-7.982772
234	234	0	0	0	4	0	7.136769	-7.987171	0	0	1125.000000	9.020968	-9.177797
235	235	0	0	0	4	0	7.621030	-8.259155	0	0	1119.000000	9.984145	-10.157719
236	236	0	0	0	4	0	7.793928	-8.253310	0	0	1117.000000	9.984145	-10.157719
237	237	0	0	0	4	0	10.039130	-9.842255	0	0	1145.000000	9.984145	-10.157719
238	238	0	0	0	4	0	9.960987	-10.039131	0	0	1157.000000	9.984145	-10.157719
239	239	0	0	0	4	0	10.125911	-9.955198	0	0	1134.000000	9.984145	-10.157719
240	240	0	0	0	4	0	10.117235	-9.743731	0	0	1127.000000	9.984145	-10.157719
241	241	0	0	0	4	0	9.972567	-9.842255	0	0	1112.000000	9.984145	-10.157719
242	242	0	0	0	4	0	10.094097	-9.989934	0	0	1100.000000	9.984145	-10.157719
243	243	0	0	0	4	0	10.166392	-9.903081	0	0	1093.000000	9.984145	-10.157719
244	244	0	0	0	4	0	10.123020	-9.903081	0	0	1088.000000	9.984145	-10.157719
245	245	0	0	0	4	0	10.030451	-9.848048	0	0	1089.000000	9.984145	-10.157719
246	246	0	0	0	4	0	10.010192	-9.998616	0	0	1081.000000	9.984145	-10.157719
247	247	0	0	0	4	0	10.114343	-10.013087	0	0	1064.000000	9.984145	-10.157719
248	248	0	0	0	4	0	9.992828	-9.926246	0	0	1062.000000	9.984145	-10.157719
249	249	0	0	0	4	0	9.891496	-9.943617	0	0	1063.000000	9.984145	-10.157719
250	250	0	0	0	4	0	9.848048	-9.914662	0	0	1069.000000	9.984145	-10.157719
251	251	0	0	0	4	0	9.932036	-9.706043	0	0	1072.000000	9.984145	-10.157719
252	252	0	0	0	4	0	9.772714	-9.508772	0	0	1073.000000	9.984145	-10.157719
253	253	0	0	0	4	0	9.514577	-9.244423	0	0	1102.000000	9.984145	-10.157719
254	254	0	0	0	4	0	9.288024	-9.032075	0	0	1108.000000	9.984145	-10.157719
255	255	0	0	0	4	0	9.008787	-8.697046	0	0	1088.000000	9.751354	-9.920880
256	256	0	0	0	4	0	9.302556	-8.180230	0	0	1094.000000	8.458071	-8.605114
257	257	0	0	0	4	0	8.831132	-7.922776	0	0	1107.000000	7.164788	-7.289347
258	258	0	0	0	4	0	8.685382	-7.606372	0	0	1106.000000	5.871505	-5.973581
259	259	0	0	0	4	0	6.315626	-5.846472	0	0	1107.000000	4.578222	-4.657814
260	260	0	0	0	4	0	4.873277	-4.656938	0	0	1092.000000	3.284939	-3.342047
261	261	0	0	0	4	0	2.600397	-2.344237	0	0	1083.000000	1.991656	-2.026281
262	262	0	0	0	4	0	1.789911	-1.822704	0	0	1104.000000	0.698373	-0.710514
263	263	0	0	0	4	0	1.274025	-1.247180	0	0	1082.000000	0.000000	0.000000
264	264	0	0	0	4	0	0.913074	-0.922024	0	0	1072.000000	0.000000	0.000000
265	265	0	0	0	4	0	-0.271555	-0.295429	0	0	1065.000000	0.000000	0.000000
266	266	0	0	0	4	0	-0.358094	-0.244700	0	0	1054.000000	0.000000	0.000000
267	267	0	0	0	4	0	-0.361077	-0.235747	0	0	1018.000000	0.000000	0.000000
268	268	0	0	0	4	0	-0.340190	-0.223811	0	0	1011.000000	0.000000	0.000000
269	269	0	0	0	4	0	-0.265589	-0.226795	0	0	1011.000000	0.000000	0.000000
270	270	0	0	0	4	0	0.041778	-0.208890	0	0	1005.000000	0.000000	0.000000
271	271	0	0	0	4	0	-0.020889	-0.402854	0	0	975.000000	0.000000	0.000000
272	272	0	0	0	4	0	0.068635	-0.220826	0	0	971.000000	0.000000	0.000000
273	273	0	0	0	4	0	-0.044762	-0.196954	0	0	977.000000	0.000000	0.000000
274	274	0	0	0	4	0	-0.005969	-0.384950	0	0	974.000000	0.000000	0.000000
275	275	0	0	0	4	0	-0.005969	-0.373014	0	0	945.000000	0.000000	0.000000
276	276	0	0	0	4	0	-0.047746	-0.229779	0	0	939.000000	0.000000	0.000000
277	277	0	0	0	4	0	-0.095493	-0.161144	0	0	950.000000	0.000000	0.000000
278	278	0	0	0	4	0	-0.095493	-0.190985	0	0	962.000000	0.000000	0.000000
279	279	0	0	0	4	0	-0.104445	-0.113397	0	0	946.000000	0.000000	0.000000
280	280	0	0	0	4	0	-0.238731	-0.128318	0	0	948.000000	0.000000	0.000000
281	281	0	0	0	4	0	-0.241714	-0.104445	0	0	970.000000	0.000000	0.000000
282	282	0	0	0	4	0	-0.205907	-0.158159	0	0	1001.000000	0.000000	0.000000
283	283	0	0	0	4	0	-0.196953	-0.065652	0	0	992.000000	9.984145	-10.157719
284	284	0	0	0	4	0	-0.128318	0.002984	0	0	1020.000000	9.984145	-10.157719
285	285	0	0	0	4	0	-0.185017	-0.044762	0	0	1053.000000	9.984145	-10.157719
286	286	0	0	0	4	0	8.294223	-8.717459	0	0	1134.000000	9.984145	-10.157719
287	287	0	0	0	4	0	8.851526	-9.485548	0	0	1117.000000	9.984145	-10.157719
288	288	0	0	0	4	0	8.869006	-9.363574	0	0	1117.000000	9.984145	-10.157719
289	289	0	0	0	4	0	9.642244	-9.830667	0	0	1131.000000	9.984145	-10.157719
290	290	0	0	0	4	0	10.140370	-9.992828	0	0	1131.000000	9.984145	-10.157719
291	291	0	0	0	4	0	10.284887	-9.874119	0	0	1125.000000	9.984145	-10.157719
292	292	0	0	0	4	0	10.264663	-9.882808	0	0	1129.000000	9.984145	-10.157719
293	293	0	0	0	4	0	10.163502	-9.958093	0	0	1141.000000	9.984145	-10.157719
294	294	0	0	0	4	0	10.128803	-10.018875	0	0	1146.000000	9.984145	-10.157719
295	295	0	0	0	4	0	10.253105	-10.044917	0	0	1126.000000	9.984145	-10.157719
296	296	0	0	0	4	0	10.316663	-10.004404	0	0	1106.000000	9.984145	-10.157719
297	297	0	0	0	4	0	10.215536	-9.960988	0	0	1103.000000	9.984145	-10.157719
298	298	0	0	0	4	0	10.406179	-10.068063	0	0	1080.000000	9.984145	-10.157719
299	299	0	0	0	4	0	10.345545	-10.021769	0	0	1072.000000	9.984145	-10.157719
300	300	0	0	0	4	0	10.359984	-9.966779	0	0	1061.000000	9.984145	-10.157719
301	301	0	0	0	4	0	10.192411	-9.978354	0	0	1075.000000	9.984145	-10.157719
302	302	0	0	0	4	0	10.371533	-10.169284	0	0	1085.000000	9.984145	-10.157719
303	303	0	0	0	4	0	1.828665	-3.386053	0	0	1087.000000	0.000000	0.000000
304	304	0	0	0	4	0	1.622946	-3.222470	0	0	1086.000000	0.000000	0.000000
305	305	0	0	0	4	0	1.515597	-3.222470	0	0	1109.000000	0.000000	0.000000
306	306	0	0	0	4	0	0.101461	-0.468502	0	0	1122.000000	0.000000	0.000000
307	307	0	0	0	4	0	-0.047746	-0.486405	0	0	1092.000000	0.000000	0.000000
308	308	0	0	0	4	0	0.000000	-0.399870	0	0	1076.000000	0.000000	0.000000
309	309	0	0	0	4	0	0.002984	-0.322285	0	0	1057.000000	0.000000	0.000000
310	310	0	0	0	4	0	-0.050731	-0.334222	0	0	1047.000000	0.000000	0.000000
311	311	0	0	0	4	0	0.041778	-0.307365	0	0	1012.000000	0.000000	0.000000
312	312	0	0	0	4	0	0.146223	-0.250667	0	0	1000.000000	0.000000	0.000000
313	313	0	0	0	4	0	0.155176	-0.277524	0	0	982.000000	0.000000	0.000000
314	314	0	0	0	4	0	0.056699	-0.375998	0	0	982.000000	0.000000	0.000000
315	315	0	0	0	4	0	0.176064	-0.196954	0	0	947.000000	0.000000	0.000000
316	316	0	0	0	4	0	0.065652	-0.289461	0	0	935.000000	0.000000	0.000000
317	317	0	0	0	4	0	-0.017904	-0.247683	0	0	933.000000	0.000000	0.000000
318	318	0	0	0	4	0	-0.011937	-0.316317	0	0	934.000000	0.000000	0.000000
319	319	0	0	0	4	0	-0.008952	-0.337205	0	0	919.000000	0.000000	0.000000
320	320	0	0	0	4	0	0.080573	-0.232762	0	0	913.000000	0.000000	0.000000
321	321	0	0	0	4	0	-0.095493	-0.274541	0	0	925.000000	0.000000	0.000000
322	322	0	0	0	4	0	-0.086541	-0.384950	0	0	939.000000	0.000000	0.000000
323	323	0	0	0	4	0	-0.014921	-0.316317	0	0	921.000000	0.650525	0.661834
324	324	0	0	0	4	0	-0.107429	-0.280508	0	0	938.000000	2.064710	2.100605
325	325	0	0	0	4	0	-0.044762	-0.226795	0	0	944.000000	3.478895	3.539375
326	326	0	0	0	4	0	-0.104445	-0.247683	0	0	961.000000	4.893080	4.978146
327	327	0	0	0	4	0	5.024335	5.689910	0	0	902.000000	6.307264	6.416916
328	328	0	0	0	4	0	5.391321	6.132783	0	0	903.000000	7.721449	7.855686
329	329	0	0	0	4	0	5.601252	6.457093	0	0	916.000000	9.135634	9.294456
330	330	0	0	0	4	0	8.007655	8.796162	0	0	918.000000	9.984145	10.157719
331	331	0	0	0	4	0	8.297145	9.168820	0	0	903.000000	9.984145	10.157719
332	332	0	0	0	4	0	9.795897	10.757967	0	0	876.000000	9.984145	10.157719
333	333	0	0	0	4	0	9.839358	10.507185	0	0	904.000000	9.984145	10.157719
334	334	0	0	0	4	0	10.123020	10.443705	0	0	860.000000	9.984145	10.157719
335	335	0	0	0	4	0	10.333993	11.261145	0	0	845.000000	9.984145	10.157719
336	336	0	0	0	4	0	10.108559	11.243921	0	0	854.000000	9.984145	10.157719
337	337	0	0	0	4	0	9.911767	10.956569	0	0	864.000000	9.984145	10.157719
338	338	0	0	0	4	0	10.328216	11.025584	0	0	810.000000	9.984145	10.157719
339	339	0	0	0	4	0	10.276220	11.065828	0	0	813.000000	9.984145	10.157719
340	340	0	0	0	4	0	10.279109	11.223825	0	0	808.000000	9.984145	10.157719
341	341	0	0	0	4	0	10.169283	11.088820	0	0	815.000000	9.984145	10.157719
342	342	0	0	0	4	0	10.564872	11.091696	0	0	768.000000	9.984145	10.157719
343	343	0	0	0	4	0	10.443704	11.209469	0	0	787.000000	9.984145	10.157719
344	344	0	0	0	4	0	10.258883	11.352967	0	0	807.000000	9.984145	10.157719
345	345	0	0	0	4	0	10.004404	10.881763	0	0	846.000000	9.984145	10.157719
346	346	0	0	0	4	0	10.085419	10.683064	0	0	828.000000	9.984145	10.157719
347	347	0	0	0	4	0	10.120128	10.968073	0	0	835.000000	9.984145	10.157719
348	348	0	0	0	4	0	9.810385	10.783886	0	0	862.000000	9.984145	10.157719
349	349	0	0	0	4	0	9.258958	10.362871	0	0	900.000000	9.984145	10.157719
350	350	0	0	0	4	0	9.299649	9.897288	0	0	890.000000	9.372559	9.535501
351	351	0	0	0	4	0	9.002966	9.885704	0	0	906.000000	7.843594	7.979954
352	352	0	0	0	4	0	8.486983	9.735034	0	0	932.000000	6.314628	6.424407
353	353	0	0	0	4	0	7.729474	8.991322	0	0	970.000000	4.785662	4.868861
354	354	0	0	0	4	0	5.341034	5.763771	0	0	986.000000	3.256697	3.313314
355	355	0	0	0	4	0	4.636185	5.270027	0	0	992.000000	1.727731	1.757768
356	356	0	0	0	4	0	2.558703	3.638754	0	0	1021.000000	0.198766	0.202221
357	357	0	0	0	4	0	0.790751	1.479812	0	0	1031.000000	-1.330200	-1.353325
358	358	0	0	0	4	0	0.038794	0.731078	0	0	1033.000000	-2.859166	-2.908872
359	359	0	0	0	4	0	-1.581201	-1.175592	0	0	1001.000000	-4.388131	-4.464418
360	360	0	0	0	4	0	-1.447008	-1.336659	0	0	996.000000	-5.917097	-6.019965
361	361	0	0	0	4	0	-1.616983	-1.327711	0	0	1001.000000	-7.446062	-7.575511
362	362	0	0	0	4	0	-4.748824	-3.757623	0	0	1024.000000	-8.975028	-9.131058
363	363	0	0	0	4	0	-4.870313	-3.879431	0	0	1001.000000	-9.984145	-10.157719
364	364	0	0	0	4	0	-4.793276	-3.926956	0	0	997.000000	-9.984145	-10.157719
365	365	0	0	0	4	0	-11.876927	-9.862532	0	0	1000.000000	-9.984145	-10.157719
366	366	0	0	0	4	0	-12.190913	-10.221315	0	0	991.000000	-9.984145	-10.157719
367	367	0	0	0	4	0	-12.276419	-10.120129	0	0	1001.000000	-9.984145	-10.157719
368	368	0	0	0	4	0	-11.077326	-10.192412	0	0	1036.000000	-9.984145	-10.157719
369	369	0	0	0	4	0	-10.789646	-10.111451	0	0	1056.000000	-9.984145	-10.157719
370	370	0	0	0	4	0	-10.818439	-10.229987	0	0	1090.000000	-9.984145	-10.157719
371	371	0	0	0	4	0	-10.783887	-10.244436	0	0	1086.000000	-9.984145	-10.157719
372	372	0	0	0	4	0	-10.708996	-10.218425	0	0	1082.000000	-9.984145	-10.157719
373	373	0	0	0	4	0	-10.642716	-10.111451	0	0	1084.000000	-9.984145	-10.157719
374	374	0	0	0	4	0	-10.789646	-10.331105	0	0	1085.000000	-9.984145	-10.157719
375	375	0	0	0	4	0	-10.755087	-10.310885	0	0	1072.000000	-9.984145	-10.157719
376	376	0	0	0	4	0	-10.746447	-10.235766	0	0	1075.000000	-9.984145	-10.157719
377	377	0	0	0	4	0	-10.740685	-10.079633	0	0	1083.000000	-9.984145	-10.157719
378	378	0	0	0	4	0	-10.778128	-10.339769	0	0	1088.000000	-9.984145	-10.157719
379	379	0	0	0	4	0	-10.290665	-9.932036	0	0	1090.000000	-9.984145	-10.157719
380	380	0	0	0	4	0	-10.339769	-9.758223	0	0	1099.000000	-9.984145	-10.157719
381	381	0	0	0	4	0	-10.255995	-9.679947	0	0	1114.000000	-9.984145	-10.157719
382	382	0	0	0	4	0	-10.276219	-9.874119	0	0	1133.000000	-9.984145	-10.157719
383	383	0	0	0	4	0	-10.235766	-9.694445	0	0	1126.000000	-9.424901	-9.588753
384	384	0	0	0	4	0	-10.073847	-9.572619	0	0	1140.000000	-7.780067	-7.915323
385	385	0	0	0	4	0	-9.900184	-9.314181	0	0	1164.000000	-6.135232	-6.241893
386	386	0	0	0	4	0	-9.706043	-9.256052	0	0	1175.000000	-4.490398	-4.568463
387	387	0	0	0	4	0	-6.088528	-4.822908	0	0	1193.000000	-2.845564	-2.895034
388	388	0	0	0	4	0	-5.364699	-4.452328	0	0	1203.000000	-1.200729	-1.221604
389	389	0	0	0	4	0	-2.472330	-2.597419	0	0	1211.000000	0.444105	0.451826
390	390	0	0	0	4	0	-1.596110	-1.858476	0	0	1204.000000	2.088940	2.125256
391	391	0	0	0	4	0	1.002574	1.381396	0	0	1165.000000	3.733774	3.798686
392	392	0	0	0	4	0	1.530507	1.953864	0	0	1121.000000	5.378609	5.472116
393	393	0	0	0	4	0	1.849533	2.174404	0	0	1108.000000	7.023443	7.145545
394	394	0	0	0	4	0	5.639674	5.509610	0	0	1068.000000	8.668278	8.818974
395	395	0	0	0	4	0	6.221272	5.740138	0	0	1007.000000	9.984145	10.157719
396	396	0	0	0	4	0	8.662052	9.261865	0	0	974.000000	9.984145	10.157719
397	397	0	0	0	4	0	8.790333	9.511675	0	0	960.000000	9.984145	10.157719
398	398	0	0	0	4	0	10.570640	11.284106	0	0	926.000000	9.984145	10.157719
399	399	0	0	0	4	0	10.838591	11.625215	0	0	874.000000	9.984145	10.157719
400	400	0	0	0	4	0	10.674418	11.851205	0	0	868.000000	9.984145	10.157719
401	401	0	0	0	4	0	10.475447	11.536433	0	0	875.000000	9.984145	10.157719
402	402	0	0	0	4	0	10.166392	10.720520	0	0	894.000000	9.984145	10.157719
403	403	0	0	0	4	0	10.409065	11.048582	0	0	867.000000	9.984145	10.157719
404	404	0	0	0	4	0	10.255995	11.261145	0	0	889.000000	9.984145	10.157719
405	405	0	0	0	4	0	9.914663	10.982453	0	0	943.000000	9.984145	10.157719
406	406	0	0	0	4	0	9.874119	10.708997	0	0	955.000000	9.984145	10.157719
407	407	0	0	0	4	0	9.978355	10.815559	0	0	939.000000	9.984145	10.157719
408	408	0	0	0	4	0	9.824872	10.968073	0	0	969.000000	9.984145	10.157719
409	409	0	0	0	4	0	9.766917	10.855862	0	0	995.000000	9.984145	10.157719
410	410	0	0	0	4	0	9.813284	10.570640	0	0	1002.000000	9.984145	10.157719
411	411	0	0	0	4	0	9.981250	10.789645	0	0	1002.000000	9.984145	10.157719
412	412	0	0	0	4	0	9.743730	10.881763	0	0	1036.000000	9.984145	10.157719
413	413	0	0	0	4	0	9.619040	10.864497	0	0	1064.000000	9.984145	10.157719
414	414	0	0	0	4	0	9.523285	10.302220	0	0	1057.000000	9.984145	10.157719
415	415	0	0	0	4	0	9.410051	10.163502	0	0	1069.000000	-9.984145	-10.157719
416	416	0	0	0	4	0	8.793247	10.033344	0	0	1095.000000	-9.984145	-10.157719
417	417	0	0	0	4	0	8.133445	9.720538	0	0	1131.000000	-9.984145	-10.157719
418	418	0	0	0	4	0	7.767562	9.314180	0	0	1147.000000	-9.984145	-10.157719
419	419	0	0	0	4	0	7.348213	9.090277	0	0	1152.000000	-9.984145	-10.157719
420	420	0	0	0	4	0	6.807469	8.880659	0	0	1163.000000	-9.984145	-10.157719
421	421	0	0	0	4	0	6.513069	8.918525	0	0	1180.000000	-9.984145	-10.157719
422	422	0	0	0	4	0	-3.201647	8.373102	0	0	1214.000000	-9.984145	-10.157719
423	423	0	0	0	4	0	-5.133884	8.048619	0	0	1125.000000	-9.984145	-10.157719
424	424	0	0	0	4	0	-5.272986	8.186077	0	0	1109.000000	-9.984145	-10.157719
425	425	0	0	0	4	0	-5.429770	8.300067	0	0	1116.000000	-9.984145	-10.157719
426	426	0	0	0	4	0	-5.299614	7.741195	0	0	1137.000000	-9.984145	-10.157719
427	427	0	0	0	4	0	2.519985	6.589647	0	0	1124.000000	-9.984145	-10.157719
428	428	0	0	0	4	0	2.770120	6.786873	0	0	1072.000000	-9.984145	-10.157719
429	429	0	0	0	4	0	2.659954	6.695639	0	0	1078.000000	-9.984145	-10.157719
430	430	0	0	0	4	0	-1.375430	-1.876362	0	0	1214.000000	-9.984145	-10.157719
431	431	0	0	0	4	0	-3.745738	-6.430574	0	0	1212.000000	-9.984145	-10.157719
432	432	0	0	0	4	0	-3.692249	-6.309730	0	0	1184.000000	-9.984145	-10.157719
433	433	0	0	0	4	0	-3.620921	-6.294988	0	0	1190.000000	-9.984145	-10.157719
434	434	0	0	0	4	0	-3.707108	-6.300885	0	0	1204.000000	-9.984145	-10.157719
435	435	0	0	0	4	0	-9.276398	-9.253143	0	0	1185.000000	9.984145	10.157719
436	436	0	0	0	4	0	-9.830667	-9.363574	0	0	1191.000000	9.984145	10.157719
437	437	0	0	0	4	0	-9.691545	-9.369385	0	0	1214.000000	9.984145	10.157719
438	438	0	0	0	4	0	-9.775612	-9.456514	0	0	1236.000000	9.984145	10.157719
439	439	0	0	0	4	0	-9.862532	-9.404243	0	0	1241.000000	9.984145	10.157719
440	440	0	0	0	4	0	-9.842255	-9.386815	0	0	1232.000000	9.984145	10.157719
441	441	0	0	0	4	0	4.395967	3.267089	0	0	1248.000000	9.984145	10.157719
442	442	0	0	0	4	0	8.013508	7.998877	0	0	1200.000000	9.984145	10.157719
443	443	0	0	0	4	0	8.098349	8.215311	0	0	1162.000000	9.984145	10.157719
444	444	0	0	0	4	0	9.842255	10.163502	0	0	1154.000000	9.984145	10.157719
445	445	0	0	0	4	0	9.627742	10.466791	0	0	1176.000000	9.984145	10.157719
446	446	0	0	0	4	0	9.662546	10.094097	0	0	1181.000000	9.984145	10.157719
447	447	0	0	0	4	0	10.099881	10.463904	0	0	1146.000000	9.984145	10.157719
448	448	0	0	0	4	0	9.926246	10.547568	0	0	1136.000000	9.984145	10.157719
449	449	0	0	0	4	0	9.879911	10.651363	0	0	1151.000000	9.984145	10.157719
450	450	0	0	0	4	0	9.859636	10.221315	0	0	1172.000000	9.984145	10.157719
451	451	0	0	0	4	0	10.111450	10.383083	0	0	1150.000000	9.984145	10.157719
452	452	0	0	0	4	0	10.111450	10.437931	0	0	1157.000000	9.984145	10.157719
453	453	0	0	0	4	0	9.989934	10.579290	0	0	1158.000000	9.984145	10.157719
454	454	0	0	0	4	0	9.937827	10.169284	0	0	1158.000000	9.984145	10.157719
455	455	0	0	0	4	0	10.088312	10.432158	0	0	1134.000000	9.484938	10.157719
456	456	0	0	0	4	0	10.059383	10.631186	0	0	1140.000000	6.988902	10.157719
457	457	0	0	0	4	0	9.775612	10.662891	0	0	1172.000000	4.492866	10.157719
458	458	0	0	0	4	0	9.610337	10.400406	0	0	1186.000000	1.996829	10.157719
459	459	0	0	0	4	0	4.069499	10.541800	0	0	1180.000000	-0.499207	10.157719
460	460	0	0	0	4	0	0.653501	10.484103	0	0	1219.000000	-2.995244	10.157719
461	461	0	0	0	4	0	-1.062237	10.651363	0	0	1235.000000	-5.491280	10.157719
462	462	0	0	0	4	0	-2.427649	10.241546	0	0	1267.000000	-7.987316	10.157719
463	463	0	0	0	4	0	-7.113262	10.795404	0	0	1223.000000	-9.984145	10.157719
464	464	0	0	0	4	0	-10.896152	12.586617	0	0	1232.000000	-9.984145	10.157719
465	465	0	0	0	4	0	-10.801164	11.665290	0	0	1228.000000	-9.984145	10.157719
466	466	0	0	0	4	0	-11.054331	10.933556	0	0	1192.000000	-9.984145	10.157719
467	467	0	0	0	4	0	-11.264016	11.232438	0	0	1102.000000	-9.984145	10.157719
468	468	0	0	0	4	0	-11.542162	11.665290	0	0	1082.000000	-9.984145	10.157719
469	469	0	0	0	4	0	-10.203973	11.613762	0	0	1100.000000	-9.984145	10.157719
470	470	0	0	0	4	0	-10.018875	11.071577	0	0	1092.000000	-9.984145	10.157719
471	471	0	0	0	4	0	-10.018875	11.516377	0	0	1034.000000	-9.984145	10.157719
472	472	0	0	0	4	0	-10.079633	11.751128	0	0	1040.000000	-9.984145	10.157719
473	473	0	0	0	4	0	-9.958093	11.459063	0	0	1081.000000	-9.984145	10.157719
474	474	0	0	0	4	0	-9.749527	11.025584	0	0	1093.000000	-9.984145	10.157719
475	475	0	0	0	4	0	-9.766917	11.281236	0	0	1044.000000	-9.984145	10.157719
476	476	0	0	0	4	0	-9.937828	11.668151	0	0	1046.000000	-9.984145	10.157719
477	477	0	0	0	4	0	-9.653846	11.315671	0	0	1095.000000	-9.984145	10.157719
478	478	0	0	0	4	0	-9.337427	10.855862	0	0	1129.000000	-9.984145	10.157719
479	479	0	0	0	4	0	-9.354859	11.266886	0	0	1089.000000	-9.984145	10.157719
480	480	0	0	0	4	0	-9.270586	11.559350	0	0	1116.000000	-9.984145	10.157719
481	481	0	0	0	4	0	-9.072818	11.456196	0	0	1169.000000	-9.984145	10.157719
482	482	0	0	0	4	0	-8.723287	10.838591	0	0	1215.000000	-9.984145	10.157719
483	483	0	0	0	4	0	-8.673718	11.169264	0	0	1176.000000	-9.631349	9.798789
484	484	0	0	0	4	0	-8.685382	11.648116	0	0	1184.000000	-7.867365	8.004139
485	485	0	0	0	4	0	-9.891496	11.335754	0	0	1238.000000	-6.103382	6.209489
486	486	0	0	0	4	0	-9.630642	10.815559	0	0	1261.000000	-4.339399	4.414839
487	487	0	0	0	4	0	-7.415717	9.764018	0	0	1259.000000	-2.575416	2.620189
488	488	0	0	0	4	0	0.456566	0.731078	0	0	1399.000000	-0.811432	0.825539
489	489	0	0	0	4	0	1.360519	-0.295429	0	0	1384.000000	0.952551	-0.969111
490	490	0	0	0	4	0	2.451479	-1.262093	0	0	1378.000000	2.716534	-2.763761
491	491	0	0	0	4	0	3.552554	-2.144605	0	0	1357.000000	4.480517	-4.558411
492	492	0	0	0	4	0	4.624325	-3.073712	0	0	1363.000000	6.244501	-6.353061
493	493	0	0	0	4	0	5.556912	-3.885372	0	0	1376.000000	8.008484	-8.147711
494	494	0	0	0	4	0	7.884716	-8.051543	0	0	1407.000000	9.772468	-9.942361
495	495	0	0	0	4	0	8.206541	-8.454871	0	0	1376.000000	9.984145	-10.157719
496	496	0	0	0	4	0	8.460710	-8.624135	0	0	1354.000000	9.984145	-10.157719
497	497	0	0	0	4	0	10.432158	-9.905975	0	0	1344.000000	9.984145	-10.157719
498	498	0	0	0	4	0	10.423500	-10.073847	0	0	1345.000000	9.984145	-10.157719
499	499	0	0	0	4	0	10.478333	-10.120129	0	0	1343.000000	9.984145	-10.157719
500	500	0	0	0	4	0	10.397519	-10.149045	0	0	1338.000000	9.984145	-10.157719
501	501	0	0	0	4	0	10.409065	-10.123019	0	0	1341.000000	9.984145	-10.157719
502	502	0	0	0	4	0	10.394631	-10.149045	0	0	1342.000000	9.984145	-10.157719
503	503	0	0	0	4	0	10.423500	-10.180848	0	0	1324.000000	9.984145	-10.157719
504	504	0	0	0	4	0	10.510069	-10.255995	0	0	1295.000000	9.984145	-10.157719
505	505	0	0	0	4	0	10.452361	-10.209755	0	0	1285.000000	9.984145	-10.157719
506	506	0	0	0	4	0	10.466790	-10.328217	0	0	1281.000000	9.984145	-10.157719
507	507	0	0	0	4	0	10.553336	-10.394632	0	0	1258.000000	9.984145	-10.157719
508	508	0	0	0	4	0	10.547568	-10.305108	0	0	1251.000000	9.984145	-10.157719
509	509	0	0	0	4	0	10.432158	-10.322440	0	0	1266.000000	9.984145	-10.157719
510	510	0	0	0	4	0	10.420613	-10.354208	0	0	1276.000000	9.984145	-10.157719
511	511	0	0	0	4	0	10.461019	-10.362871	0	0	1279.000000	9.984145	-10.157719
512	512	0	0	0	4	0	10.466790	-10.299333	0	0	1289.000000	9.984145	-10.157719
513	513	0	0	0	4	0	10.336881	-10.157718	0	0	1300.000000	9.984145	-10.157719
514	514	0	0	0	4	0	10.229987	-10.195301	0	0	1318.000000	9.984145	-10.157719
515	515	0	0	0	4	0	10.279109	-9.998616	0	0	1304.000000	8.329522	-8.474330
516	516	0	0	0	4	0	10.114343	-9.853842	0	0	1302.000000	6.449269	-6.561389
517	517	0	0	0	4	0	9.824872	-9.784305	0	0	1302.000000	4.569016	-4.648448
518	518	0	0	0	4	0	9.447803	-9.668346	0	0	1318.000000	2.688762	-2.735506
519	519	0	0	0	4	0	5.036180	-4.932524	0	0	1282.000000	0.808509	-0.822565
520	520	0	0	0	4	0	1.497705	-1.646800	0	0	1238.000000	-1.071744	1.090377
521	521	0	0	0	4	0	0.065652	-0.307365	0	0	1206.000000	-2.951998	3.003318
522	522	0	0	0	4	0	-0.916058	0.841472	0	0	1197.000000	-4.832251	4.916259
523	523	0	0	0	4	0	-4.188246	4.369267	0	0	1110.000000	-6.712504	6.829201
524	524	0	0	0	4	0	-6.763332	8.098349	0	0	1024.000000	-8.592758	8.742142
525	525	0	0	0	4	0	-7.506665	8.036916	0	0	1017.000000	-9.984145	10.157719
526	526	0	0	0	4	0	-8.723287	9.116462	0	0	1022.000000	-9.984145	10.157719
527	527	0	0	0	4	0	-9.392624	10.076740	0	0	942.000000	-9.984145	10.157719
528	528	0	0	0	4	0	-9.621941	10.717639	0	0	904.000000	-9.984145	10.157719
529	529	0	0	0	4	0	-9.575521	10.313774	0	0	931.000000	-9.984145	10.157719
530	530	0	0	0	4	0	-9.436188	9.891496	0	0	932.000000	-9.984145	10.157719
531	531	0	0	0	4	0	-9.665446	10.622539	0	0	853.000000	-9.984145	10.157719
532	532	0	0	0	4	0	-10.270442	10.832833	0	0	865.000000	-9.984145	10.157719
533	533	0	0	0	4	0	-9.981251	10.365760	0	0	914.000000	-9.984145	10.157719
534	534	0	0	0	4	0	-9.839358	9.685745	0	0	929.000000	-9.984145	10.157719
535	535	0	0	0	4	0	-10.062278	10.403293	0	0	862.000000	-9.984145	10.157719
536	536	0	0	0	4	0	-10.137478	10.752207	0	0	876.000000	-9.984145	10.157719
537	537	0	0	0	4	0	-9.920454	10.238656	0	0	921.000000	-9.984145	10.157719
538	538	0	0	0	4	0	-9.934932	9.917559	0	0	944.000000	-9.984145	10.157719
539	539	0	0	0	4	0	-10.079633	10.186629	0	0	896.000000	-9.984145	10.157719
540	540	0	0	0	4	0	-10.140371	10.711877	0	0	912.000000	-9.984145	10.157719
541	541	0	0	0	4	0	-9.894393	10.172175	0	0	965.000000	-9.984145	10.157719
542	542	0	0	0	4	0	-9.761120	9.781408	0	0	1004.000000	-9.984145	10.157719
543	543	0	0	0	4	0	-9.732134	9.960987	0	0	952.000000	-9.984145	10.157719
544	544	0	0	0	4	0	-9.694445	10.305108	0	0	957.000000	-9.984145	10.157719
545	545	0	0	0	4	0	-9.378099	10.085419	0	0	995.000000	9.984145	-10.157719
546	546	0	0	0	4	0	-9.116462	9.372290	0	0	1026.000000	9.984145	-10.157719
547	547	0	0	0	4	0	-9.093186	9.749526	0	0	987.000000	9.984145	-10.157719
548	548	0	0	0	4	0	-9.136826	10.186629	0	0	973.000000	9.984145	-10.157719
549	549	0	0	0	4	0	-8.717459	9.874119	0	0	1012.000000	9.984145	-10.157719
550	550	0	0	0	4	0	3.157021	-4.387066	0	0	1160.000000	9.984145	-10.157719
551	551	0	0	0	4	0	5.429770	-7.207272	0	0	1152.000000	9.984145	-10.157719
552	552	0	0	0	4	0	5.302574	-7.312987	0	0	1132.000000	9.984145	-10.157719
553	553	0	0	0	4	0	10.348433	-9.471032	0	0	1152.000000	9.984145	-10.157719
554	554	0	0	0	4	0	10.293553	-9.842255	0	0	1165.000000	9.984145	-10.157719
555	555	0	0	0	4	0	10.391746	-9.795897	0	0	1176.000000	9.984145	-10.157719
556	556	0	0	0	4	0	10.357097	-9.682845	0	0	1194.000000	9.984145	-10.157719
557	557	0	0	0	4	0	10.195302	-9.630642	0	0	1228.000000	9.984145	-10.157719
558	558	0	0	0	4	0	10.172175	-9.772714	0	0	1243.000000	9.984145	-10.157719
559	559	0	0	0	4	0	10.140370	-9.798795	0	0	1240.000000	9.984145	-10.157719
560	560	0	0	0	4	0	10.151937	-9.766917	0	0	1218.000000	9.984145	-10.157719
561	561	0	0	0	4	0	10.015981	-9.911767	0	0	1203.000000	9.984145	-10.157719
562	562	0	0	0	4	0	9.940722	-9.937828	0	0	1186.000000	9.984145	-10.157719
563	563	0	0	0	4	0	10.036237	-9.914662	0	0	1162.000000	9.984145	-10.157719
564	564	0	0	0	4	0	9.894392	-9.821976	0	0	1147.000000	9.984145	-10.157719
565	565	0	0	0	4	0	9.810385	-9.746627	0	0	1141.000000	-9.984145	10.157719
566	566	0	0	0	4	0	9.662546	-9.877014	0	0	1154.000000	-9.984145	10.157719
567	567	0	0	0	4	0	9.674146	-9.821976	0	0	1155.000000	-9.984145	10.157719
568	568	0	0	0	4	0	9.624842	-9.827769	0	0	1165.000000	-9.984145	10.157719
569	569	0	0	0	4	0	1.351571	0.680355	0	0	1218.000000	-9.984145	10.157719
570	570	0	0	0	4	0	-7.993023	8.699962	0	0	1138.000000	-9.984145	10.157719
571	571	0	0	0	4	0	-8.121746	8.761186	0	0	1119.000000	-9.984145	10.157719
572	572	0	0	0	4	0	-9.351954	10.930677	0	0	1098.000000	-9.984145	10.157719
573	573	0	0	0	4	0	-10.056491	10.976701	0	0	1100.000000	-9.984145	10.157719
574	574	0	0	0	4	0	-9.848048	10.461019	0	0	1116.000000	-9.984145	10.157719
575	575	0	0	0	4	0	-10.050704	10.864497	0	0	1033.000000	-9.984145	10.157719
576	576	0	0	0	4	0	-10.189520	11.197984	0	0	1000.000000	-9.984145	10.157719
577	577	0	0	0	4	0	-10.053597	10.827075	0	0	1030.000000	-9.984145	10.157719
578	578	0	0	0	4	0	-9.920454	10.305108	0	0	1046.000000	-9.984145	10.157719
579	579	0	0	0	4	0	-10.114343	10.449475	0	0	987.000000	-9.984145	10.157719
580	580	0	0	0	4	0	-10.244436	11.060081	0	0	952.000000	-9.984145	10.157719
581	581	0	0	0	4	0	-10.128803	10.700353	0	0	969.000000	-9.984145	10.157719
582	582	0	0	0	4	0	-9.989934	10.267551	0	0	987.000000	-9.984145	10.157719
583	583	0	0	0	4	0	-10.154828	10.763727	0	0	919.000000	-9.984145	10.157719
584	584	0	0	0	4	0	-10.229987	10.988204	0	0	937.000000	-9.984145	10.157719
585	585	0	0	0	4	0	-10.070955	10.749326	0	0	976.000000	-9.984145	-10.157719
586	586	0	0	0	4	0	-9.929141	10.281998	0	0	1016.000000	-9.984145	-10.157719
587	587	0	0	0	4	0	-10.044917	10.521608	0	0	982.000000	-9.984145	-10.157719
588	588	0	0	0	4	0	-10.088311	11.042833	0	0	994.000000	-9.984145	-10.157719
589	589	0	0	0	4	0	-9.688644	9.674146	0	0	1079.000000	-9.984145	-10.157719
590	590	0	0	0	4	0	-9.636444	-9.952303	0	0	1236.000000	-9.984145	-10.157719
591	591	0	0	0	4	0	-9.258958	-9.613237	0	0	1238.000000	-9.984145	-10.157719
592	592	0	0	0	4	0	-9.157187	-9.662547	0	0	1269.000000	-9.984145	-10.157719
593	593	0	0	0	4	0	-9.078638	-9.587127	0	0	1300.000000	-9.984145	-10.157719
594	594	0	0	0	4	0	-10.021769	-9.885703	0	0	1317.000000	-9.984145	-10.157719
595	595	0	0	0	4	0	-9.932036	-9.813282	0	0	1327.000000	-9.984145	-10.157719
596	596	0	0	0	4	0	-10.062278	-9.813282	0	0	1330.000000	-9.984145	-10.157719
597	597	0	0	0	4	0	-10.018875	-9.746627	0	0	1326.000000	-9.984145	-10.157719
598	598	0	0	0	4	0	-10.065169	-9.882808	0	0	1335.000000	-9.984145	-10.157719
599	599	0	0	0	4	0	-10.036237	-9.943617	0	0	1314.000000	-9.984145	-10.157719
600	600	0	0	0	4	0	-9.981251	-9.949408	0	0	1279.000000	-9.984145	-10.157719
601	601	0	0	0	4	0	-10.007298	-9.932036	0	0	1256.000000	-9.984145	-10.157719
602	602	0	0	0	4	0	-9.975461	-9.975461	0	0	1243.000000	-9.984145	-10.157719
603	603	0	0	0	4	0	-9.923350	-10.027556	0	0	1222.000000	-9.984145	-10.157719
604	604	0	0	0	4	0	-9.978354	-9.998616	0	0	1209.000000	-9.984145	-10.157719
605	605	0	0	0	4	0	-9.984144	-9.859636	0	0	1206.000000	9.984145	-10.157719
606	606	0	0	0	4	0	-10.056491	-10.018875	0	0	1215.000000	9.984145	-10.157719
607	607	0	0	0	4	0	-10.091205	-9.966779	0	0	1204.000000	9.984145	-10.157719
608	608	0	0	0	4	0	-10.079633	-9.934932	0	0	1214.000000	9.984145	-10.157719
609	609	0	0	0	4	0	6.683864	-9.813282	0	0	1299.000000	9.984145	-10.157719
610	610	0	0	0	4	0	10.079634	-10.024664	0	0	1313.000000	9.984145	-10.157719
611	611	0	0	0	4	0	9.934932	-10.120129	0	0	1311.000000	9.984145	-10.157719
612	612	0	0	0	4	0	9.978355	-10.027556	0	0	1302.000000	9.984145	-10.157719
613	613	0	0	0	4	0	9.874119	-9.989934	0	0	1314.000000	9.984145	-10.157719
614	614	0	0	0	4	0	9.929142	-10.114343	0	0	1309.000000	9.984145	-10.157719
615	615	0	0	0	4	0	10.466790	-10.264663	0	0	1292.000000	9.984145	-10.157719
616	616	0	0	0	4	0	10.154827	-10.238656	0	0	1278.000000	9.984145	-10.157719
617	617	0	0	0	4	0	9.978355	-10.247324	0	0	1277.000000	9.984145	-10.157719
618	618	0	0	0	4	0	10.010192	-10.443705	0	0	1271.000000	9.984145	-10.157719
619	619	0	0	0	4	0	9.989934	-10.524493	0	0	1254.000000	9.984145	-10.157719
620	620	0	0	0	4	0	10.076740	-10.489875	0	0	1235.000000	9.984145	-10.157719
621	621	0	0	0	4	0	9.972567	-10.527376	0	0	1232.000000	9.984145	-10.157719
622	622	0	0	0	4	0	10.001511	-10.587941	0	0	1242.000000	9.984145	-10.157719
623	623	0	0	0	4	0	10.059383	-10.564871	0	0	1228.000000	9.984145	-10.157719
624	624	0	0	0	4	0	9.955198	-10.556220	0	0	1225.000000	9.984145	-10.157719
625	625	0	0	0	4	0	9.879911	-10.466791	0	0	1239.000000	9.984145	10.157719
626	626	0	0	0	4	0	9.775612	-10.599474	0	0	1252.000000	9.984145	10.157719
627	627	0	0	0	4	0	9.772714	-10.530263	0	0	1252.000000	9.984145	10.157719
628	628	0	0	0	4	0	9.958093	-10.406178	0	0	1251.000000	9.984145	10.157719
629	629	0	0	0	4	0	9.197902	2.341258	0	0	1248.000000	9.984145	10.157719
630	630	0	0	0	4	0	8.635802	6.851599	0	0	1199.000000	9.984145	10.157719
631	631	0	0	0	4	0	9.485549	8.259155	0	0	1129.000000	9.984145	10.157719
632	632	0	0	0	4	0	9.697344	9.706042	0	0	1103.000000	9.984145	10.157719
633	633	0	0	0	4	0	9.482645	9.578424	0	0	1102.000000	9.984145	10.157719
634	634	0	0	0	4	0	10.007298	10.775248	0	0	1085.000000	9.984145	10.157719
635	635	0	0	0	4	0	10.096990	10.608124	0	0	1015.000000	9.984145	10.157719
636	636	0	0	0	4	0	10.053596	10.708997	0	0	982.000000	9.984145	10.157719
637	637	0	0	0	4	0	9.807488	10.769487	0	0	976.000000	9.984145	10.157719
638	638	0	0	0	4	0	9.874119	10.365760	0	0	965.000000	9.984145	10.157719
639	639	0	0	0	4	0	10.198193	10.691709	0	0	916.000000	9.984145	10.157719
640	640	0	0	0	4	0	10.117235	10.870252	0	0	909.000000	9.984145	10.157719
641	641	0	0	0	4	0	9.853842	10.746446	0	0	939.000000	9.984145	10.157719
642	642	0	0	0	4	0	9.723436	9.943618	0	0	987.000000	9.984145	10.157719
643	643	0	0	0	4	0	10.079634	10.281998	0	0	941.000000	9.984145	10.157719
644	644	0	0	0	4	0	10.033343	10.455248	0	0	950.000000	9.984145	10.157719
645	645	0	0	0	4	0	9.894392	10.486989	0	0	993.000000	-9.984145	10.157719
646	646	0	0	0	4	0	9.700243	9.888600	0	0	1044.000000	-9.984145	10.157719
647	647	0	0	0	4	0	9.960987	10.172175	0	0	1018.000000	-9.984145	10.157719
648	648	0	0	0	4	0	9.845152	10.149045	0	0	1038.000000	-9.984145	10.157719
649	649	0	0	0	4	0	-1.804817	9.758223	0	0	1097.000000	-9.984145	10.157719
650	650	0	0	0	4	0	-5.976383	8.726203	0	0	1145.000000	-9.984145	10.157719
651	651	0	0	0	4	0	-9.389719	10.587940	0	0	1118.000000	-9.984145	10.157719
652	652	0	0	0	4	0	-9.497161	10.881763	0	0	1121.000000	-9.984145	10.157719
653	653	0	0	0	4	0	-9.520383	11.011209	0	0	1135.000000	-9.984145	10.157719
654	654	0	0	0	4	0	-9.401339	10.336881	0	0	1146.000000	-9.984145	10.157719
655	655	0	0	0	4	0	-9.946512	10.582174	0	0	1050.000000	-9.984145	10.157719
656	656	0	0	0	4	0	-10.099881	11.048582	0	0	1001.000000	-9.984145	10.157719
657	657	0	0	0	4	0	-10.039131	10.890397	0	0	1024.000000	-9.984145	10.157719
658	658	0	0	0	4	0	-9.929141	10.307998	0	0	1042.000000	-9.984145	10.157719
659	659	0	0	0	4	0	-10.134587	10.775248	0	0	957.000000	-9.984145	10.157719
660	660	0	0	0	4	0	-10.209755	11.048582	0	0	933.000000	-9.984145	10.157719
661	661	0	0	0	4	0	-10.108559	10.901907	0	0	955.000000	-9.984145	10.157719
662	662	0	0	0	4	0	-9.949408	10.146152	0	0	986.000000	-9.984145	10.157719
663	663	0	0	0	4	0	-10.157718	10.657127	0	0	924.000000	-9.984145	10.157719
664	664	0	0	0	4	0	-10.247324	11.106063	0	0	924.000000	-9.984145	10.157719
665	665	0	0	0	4	0	-10.102774	10.706115	0	0	978.000000	0.000000	0.000000
666	666	0	0	0	4	0	-10.059382	10.177957	0	0	1028.000000	0.000000	0.000000
667	667	0	0	0	4	0	-10.154828	10.446589	0	0	982.000000	0.000000	0.000000
668	668	0	0	0	4	0	-10.154828	10.904784	0	0	1005.000000	0.000000	0.000000
669	669	0	0	0	4	0	-1.485776	1.646800	0	0	1138.000000	0.000000	0.000000
670	670	0	0	0	4	0	-1.458937	1.190506	0	0	1175.000000	0.000000	0.000000
671	671	0	0	0	4	0	-1.369467	1.098034	0	0	1171.000000	0.000000	0.000000
672	672	0	0	0	4	0	-0.202921	0.250667	0	0	1184.000000	0.000000	0.000000
673	673	0	0	0	4	0	-0.304381	0.283492	0	0	1207.000000	0.000000	0.000000
674	674	0	0	0	4	0	-0.325270	0.310349	0	0	1243.000000	0.000000	0.000000
675	675	0	0	0	4	0	-0.355111	0.310349	0	0	1230.000000	0.000000	0.000000
676	676	0	0	0	4	0	0.035810	-0.161144	0	0	1199.000000	0.000000	0.000000
677	677	0	0	0	4	0	-0.080573	-0.131302	0	0	1166.000000	0.000000	0.000000
678	678	0	0	0	4	0	-0.095493	-0.068635	0	0	1147.000000	0.000000	0.000000
679	679	0	0	0	4	0	-0.092508	-0.226795	0	0	1111.000000	0.000000	0.000000
680	680	0	0	0	4	0	-0.029842	-0.217842	0	0	1063.000000	0.000000	0.000000
681	681	0	0	0	4	0	-0.011937	-0.193969	0	0	1029.000000	0.000000	0.000000
682	682	0	0	0	4	0	0.026857	-0.179049	0	0	1028.000000	0.000000	0.000000
683	683	0	0	0	4	0	0.000000	-0.208890	0	0	1009.000000	0.000000	0.000000
684	684	0	0	0	4	0	0.062667	-0.214859	0	0	982.000000	0.000000	0.000000
685	685	0	0	0	4	0	0.146223	0.026857	0	0	976.000000	0.000000	0.000000
686	686	0	0	0	4	0	0.119366	-0.005969	0	0	998.000000	0.000000	0.000000
687	687	0	0	0	4	0	0.101461	-0.211874	0	0	997.000000	0.000000	0.000000
688	688	0	0	0	4	0	0.101461	-0.110414	0	0	989.000000	0.000000	0.000000
689	689	0	0	0	4	0	0.098477	0.000000	0	0	997.000000	0.000000	0.000000
690	690	0	0	0	4	0	0.020889	-0.143239	0	0	1039.000000	0.000000	0.000000
691	691	0	0	0	4	0	0.110414	-0.280508	0	0	1040.000000	0.000000	0.000000
692	692	0	0	0	4	0	0.017905	-0.143239	0	0	1035.000000	0.000000	0.000000
693	693	0	0	0	4	0	0.095493	-0.110414	0	0	1039.000000	0.000000	0.000000
694	694	0	0	0	4	0	-0.119366	-0.280508	0	0	1073.000000	0.000000	0.000000
695	695	0	0	0	4	0	-0.008952	-0.134287	0	0	1073.000000	0.000000	0.000000
696	696	0	0	0	4	0	-0.005969	-0.208890	0	0	1057.000000	0.000000	0.000000
697	697	0	0	0	4	0	0.029842	-0.098477	0	0	1056.000000	0.000000	0.000000
698	698	0	0	0	4	0	-0.083556	-0.173080	0	0	1084.000000	0.000000	0.000000
699	699	0	0	0	4	0	-0.104445	-0.158159	0	0	1087.000000	0.000000	0.000000
700	700	0	0	0	4	0	-0.002983	-0.173080	0	0	1073.000000	0.000000	0.000000
701	701	0	0	0	4	0	-0.041779	-0.098477	0	0	1085.000000	0.000000	0.000000
702	702	0	0	0	4	0	-0.119366	-0.170097	0	0	1115.000000	0.000000	0.000000
703	703	0	0	0	4	0	-0.083556	-0.158159	0	0	1126.000000	0.000000	0.000000
704	704	0	0	0	4	0	-0.011937	-0.182033	0	0	1119.000000	0.000000	0.000000
