RowNumber	TimeStamp	X_Position_Degree_Right_Eye	Y_Position_Degree_Right_Eye	Distance_From_RightEye	Validity_Right_Eye	Pupil_Diameter_RightEye	X_Position_Degree_Left_Eye	Y_Position_Degree_Left_Eye	Distance_From_LeftEye	Validity_Left_Eye	Pupil_Diameter_LeftEye	Target X	Target Y
0	0	0	0	0	4	0	4.923637	8.273767	0	0	904.000000	0.000000	0.000000
1	1	0	0	0	4	0	4.852537	8.305910	0	0	919.000000	0.000000	0.000000
2	2	0	0	0	4	0	4.831797	8.051544	0	0	932.000000	0.000000	0.000000
3	3	0	0	0	4	0	4.879201	8.019360	0	0	889.000000	0.000000	0.000000
4	4	0	0	0	4	0	4.894014	8.466548	0	0	845.000000	0.000000	0.000000
5	5	0	0	0	4	0	-0.734061	0.393903	0	0	833.000000	0.000000	0.000000
6	6	0	0	0	4	0	-0.074604	-0.647534	0	0	874.000000	0.000000	0.000000
7	7	0	0	0	4	0	-0.020889	-1.590146	0	0	923.000000	0.000000	0.000000
8	8	0	0	0	4	0	0.188001	-0.638583	0	0	883.000000	0.000000	0.000000
9	9	0	0	0	4	0	0.035810	0.364062	0	0	852.000000	0.000000	0.000000
10	10	0	0	0	4	0	0.170097	0.134287	0	0	887.000000	0.000000	0.000000
11	11	0	0	0	4	0	0.205906	-0.763899	0	0	956.000000	0.000000	0.000000
12	12	0	0	0	4	0	0.286477	-0.393903	0	0	925.000000	0.000000	0.000000
13	13	0	0	0	4	0	0.065652	0.629632	0	0	849.000000	0.000000	0.000000
14	14	0	0	0	4	0	0.182033	0.417774	0	0	888.000000	0.000000	0.000000
15	15	0	0	0	4	0	0.214859	-0.399870	0	0	915.000000	0.000000	0.000000
16	16	0	0	0	4	0	0.190985	-0.208890	0	0	868.000000	0.000000	0.000000
17	17	0	0	0	4	0	0.008952	0.871306	0	0	797.000000	0.000000	0.000000
18	18	0	0	0	4	0	0.146223	0.423743	0	0	837.000000	0.000000	0.000000
19	19	0	0	0	4	0	0.158159	-0.277524	0	0	868.000000	0.000000	0.000000
20	20	0	0	0	4	0	0.080573	-0.134287	0	0	838.000000	0.000000	0.000000
21	21	0	0	0	4	0	-0.005969	0.922024	0	0	788.000000	-0.691970	0.704000
22	22	0	0	0	4	0	0.107430	0.471486	0	0	846.000000	-1.398063	1.422368
23	23	0	0	0	4	0	0.155176	-0.426726	0	0	881.000000	-2.104155	2.140736
24	24	0	0	0	4	0	0.107430	-0.274541	0	0	884.000000	-2.810247	2.859103
25	25	0	0	0	4	0	-0.053714	0.757931	0	0	842.000000	-3.516340	3.577471
26	26	0	0	0	4	0	-2.752256	3.130245	0	0	898.000000	-4.222432	4.295838
27	27	0	0	0	4	0	-3.980414	3.885371	0	0	907.000000	-4.928524	5.014206
28	28	0	0	0	4	0	-4.416732	4.197150	0	0	889.000000	-5.634616	5.732574
29	29	0	0	0	4	0	-4.763642	4.731040	0	0	928.000000	-6.340709	6.450942
30	30	0	0	0	4	0	-6.177031	6.362791	0	0	992.000000	-7.046801	7.169309
31	31	0	0	0	4	0	-6.683864	6.557251	0	0	997.000000	-7.752893	7.887677
32	32	0	0	0	4	0	-7.236642	7.036852	0	0	981.000000	-8.458985	8.606045
33	33	0	0	0	4	0	-8.714541	8.775760	0	0	1017.000000	-9.165078	9.324412
34	34	0	0	0	4	0	-9.133916	8.635802	0	0	1045.000000	-9.871170	10.042780
35	35	0	0	0	4	0	-9.584227	8.778675	0	0	1032.000000	-9.984145	10.157719
36	36	0	0	0	4	0	-9.853842	8.909788	0	0	1017.000000	-9.984145	10.157719
37	37	0	0	0	4	0	-10.907661	10.599474	0	0	1029.000000	-9.984145	10.157719
38	38	0	0	0	4	0	-10.913416	10.426385	0	0	1034.000000	-9.984145	10.157719
39	39	0	0	0	4	0	-11.152030	10.492760	0	0	1005.000000	-9.984145	10.157719
40	40	0	0	0	4	0	-9.871222	10.189521	0	0	1002.000000	-9.984145	10.157719
41	41	0	0	0	4	0	-9.798795	10.062277	0	0	1021.000000	-9.984145	10.157719
42	42	0	0	0	4	0	-9.798795	9.949408	0	0	1033.000000	-9.984145	10.157719
43	43	0	0	0	4	0	-9.940722	10.001511	0	0	1027.000000	-9.984145	10.157719
44	44	0	0	0	4	0	-10.007298	10.151937	0	0	1026.000000	-9.984145	10.157719
45	45	0	0	0	4	0	-9.911767	10.036237	0	0	1053.000000	-9.984145	10.157719
46	46	0	0	0	4	0	-9.845153	9.804590	0	0	1068.000000	-9.984145	10.157719
47	47	0	0	0	4	0	-9.972566	9.879911	0	0	1051.000000	-9.984145	10.157719
48	48	0	0	0	4	0	-9.975461	10.024663	0	0	1056.000000	-9.984145	10.157719
49	49	0	0	0	4	0	-9.937828	9.969672	0	0	1088.000000	-9.984145	10.157719
50	50	0	0	0	4	0	-9.824872	9.755323	0	0	1122.000000	-9.984145	10.157719
51	51	0	0	0	4	0	-9.987039	9.833564	0	0	1114.000000	-9.984145	10.157719
52	52	0	0	0	4	0	-9.969672	9.946512	0	0	1119.000000	-9.984145	10.157719
53	53	0	0	0	4	0	-9.937828	9.885704	0	0	1142.000000	-9.984145	10.157719
54	54	0	0	0	4	0	-9.816180	9.714740	0	0	1164.000000	-9.984145	10.157719
55	55	0	0	0	4	0	-9.969672	9.775612	0	0	1151.000000	-9.292174	9.453718
56	56	0	0	0	4	0	-9.978354	9.903080	0	0	1145.000000	-8.468400	8.615623
57	57	0	0	0	4	0	-9.856738	9.850946	0	0	1169.000000	-7.644626	7.777527
58	58	0	0	0	4	0	-9.740829	9.639344	0	0	1195.000000	-6.820852	6.939432
59	59	0	0	0	4	0	-9.769814	9.302556	0	0	1182.000000	-5.997077	6.101336
60	60	0	0	0	4	0	-5.574650	3.727909	0	0	1252.000000	-5.173303	5.263240
61	61	0	0	0	4	0	-5.092437	3.710079	0	0	1217.000000	-4.349529	4.425145
62	62	0	0	0	4	0	-4.315860	2.907054	0	0	1291.000000	-3.525754	3.587049
63	63	0	0	0	4	0	-3.594168	1.941941	0	0	1360.000000	-2.701980	2.748954
64	64	0	0	0	4	0	-2.981461	1.509633	0	0	1340.000000	-1.878206	1.910858
65	65	0	0	0	4	0	-1.479811	1.661709	0	0	1278.000000	-1.054431	1.072762
66	66	0	0	0	4	0	-1.366484	1.500687	0	0	1281.000000	-0.230657	0.234667
67	67	0	0	0	4	0	-0.778816	0.387934	0	0	1324.000000	0.000000	0.000000
68	68	0	0	0	4	0	-0.364062	-0.008952	0	0	1261.000000	0.000000	0.000000
69	69	0	0	0	4	0	0.772849	-0.710192	0	0	1191.000000	0.000000	0.000000
70	70	0	0	0	4	0	1.124882	-0.453582	0	0	1170.000000	0.000000	0.000000
71	71	0	0	0	4	0	1.229284	-1.282972	0	0	1234.000000	0.000000	0.000000
72	72	0	0	0	4	0	0.343174	-0.623664	0	0	1199.000000	0.000000	0.000000
73	73	0	0	0	4	0	0.280508	-0.029842	0	0	1127.000000	0.000000	0.000000
74	74	0	0	0	4	0	0.304381	0.241715	0	0	1116.000000	0.000000	0.000000
75	75	0	0	0	4	0	0.358094	-0.546084	0	0	1167.000000	0.000000	0.000000
76	76	0	0	0	4	0	0.334222	-0.531164	0	0	1101.000000	0.000000	0.000000
77	77	0	0	0	4	0	0.179049	0.211874	0	0	1018.000000	0.000000	0.000000
78	78	0	0	0	4	0	0.214859	0.322285	0	0	1007.000000	0.000000	0.000000
79	79	0	0	0	4	0	0.301397	-0.543100	0	0	1052.000000	0.000000	0.000000
80	80	0	0	0	4	0	0.235747	-0.474470	0	0	995.000000	0.000000	0.000000
81	81	0	0	0	4	0	0.050731	0.525197	0	0	913.000000	0.000000	0.000000
82	82	0	0	0	4	0	0.125335	0.378983	0	0	936.000000	0.000000	0.000000
83	83	0	0	0	4	0	0.226795	-0.522213	0	0	980.000000	0.000000	0.000000
84	84	0	0	0	4	0	0.202921	-0.429710	0	0	942.000000	0.000000	0.000000
85	85	0	0	0	4	0	0.002984	0.465518	0	0	874.000000	0.000000	0.000000
86	86	0	0	0	4	0	0.059683	0.414790	0	0	913.000000	0.000000	0.000000
87	87	0	0	0	4	0	0.125335	-0.531164	0	0	974.000000	-9.984145	10.157719
88	88	0	0	0	4	0	0.092509	-0.543100	0	0	947.000000	-9.984145	10.157719
89	89	0	0	0	4	0	-0.062667	0.578906	0	0	875.000000	-9.984145	10.157719
90	90	0	0	0	4	0	0.041778	0.462534	0	0	902.000000	-9.984145	10.157719
91	91	0	0	0	4	0	-6.592592	8.162687	0	0	862.000000	-9.984145	10.157719
92	92	0	0	0	4	0	-9.011699	9.575521	0	0	840.000000	-9.984145	10.157719
93	93	0	0	0	4	0	-9.034985	9.526187	0	0	852.000000	-9.984145	10.157719
94	94	0	0	0	4	0	-8.994233	9.401338	0	0	860.000000	-9.984145	10.157719
95	95	0	0	0	4	0	-10.085419	10.082526	0	0	825.000000	-9.984145	10.157719
96	96	0	0	0	4	0	-10.108559	10.180848	0	0	816.000000	-9.984145	10.157719
97	97	0	0	0	4	0	-10.021769	10.085419	0	0	826.000000	-9.984145	10.157719
98	98	0	0	0	4	0	-10.007298	9.943618	0	0	831.000000	-9.984145	10.157719
99	99	0	0	0	4	0	-10.149045	10.140370	0	0	818.000000	-9.984145	10.157719
100	100	0	0	0	4	0	-10.180848	10.229987	0	0	806.000000	-9.984145	10.157719
101	101	0	0	0	4	0	-10.036237	10.154827	0	0	815.000000	-9.984145	10.157719
102	102	0	0	0	4	0	-9.949408	10.024663	0	0	823.000000	-9.984145	10.157719
103	103	0	0	0	4	0	-10.198193	10.149045	0	0	799.000000	-9.984145	10.157719
104	104	0	0	0	4	0	-10.154828	10.238656	0	0	791.000000	-9.984145	10.157719
105	105	0	0	0	4	0	-10.114343	10.186629	0	0	800.000000	-9.984145	10.157719
106	106	0	0	0	4	0	-10.047811	10.094097	0	0	807.000000	-9.984145	10.157719
107	107	0	0	0	4	0	-10.172175	10.227097	0	0	787.000000	0.000000	0.000000
108	108	0	0	0	4	0	-10.177958	10.342657	0	0	782.000000	0.000000	0.000000
109	109	0	0	0	4	0	-10.039131	10.169284	0	0	800.000000	0.000000	0.000000
110	110	0	0	0	4	0	-9.581324	9.627742	0	0	818.000000	0.000000	0.000000
111	111	0	0	0	4	0	-0.686323	-0.501325	0	0	918.000000	0.000000	0.000000
112	112	0	0	0	4	0	-0.558020	-0.751964	0	0	899.000000	0.000000	0.000000
113	113	0	0	0	4	0	-0.683340	0.161144	0	0	863.000000	0.000000	0.000000
114	114	0	0	0	4	0	-0.641567	0.071620	0	0	926.000000	0.000000	0.000000
115	115	0	0	0	4	0	0.229779	-0.498342	0	0	1012.000000	0.000000	0.000000
116	116	0	0	0	4	0	0.217842	-0.522213	0	0	1012.000000	0.000000	0.000000
117	117	0	0	0	4	0	0.137271	0.170097	0	0	980.000000	0.000000	0.000000
118	118	0	0	0	4	0	0.185017	0.334222	0	0	1003.000000	0.000000	0.000000
119	119	0	0	0	4	0	0.232762	-0.558020	0	0	1066.000000	0.000000	0.000000
120	120	0	0	0	4	0	0.176064	-0.495358	0	0	1018.000000	0.000000	0.000000
121	121	0	0	0	4	0	0.026857	0.331238	0	0	937.000000	0.000000	0.000000
122	122	0	0	0	4	0	0.080573	0.375998	0	0	958.000000	0.000000	0.000000
123	123	0	0	0	4	0	0.161144	-0.593825	0	0	1025.000000	0.000000	0.000000
124	124	0	0	0	4	0	0.113397	-0.558020	0	0	995.000000	0.000000	0.000000
125	125	0	0	0	4	0	-0.095493	0.310349	0	0	930.000000	0.000000	0.000000
126	126	0	0	0	4	0	-0.011937	0.340189	0	0	966.000000	0.000000	0.000000
127	127	0	0	0	4	0	0.062667	-0.489389	0	0	1033.000000	-0.676891	-0.688659
128	128	0	0	0	4	0	0.793735	-0.510277	0	0	1021.000000	-1.617018	-1.645130
129	129	0	0	0	4	0	0.161144	0.292444	0	0	967.000000	-2.557145	-2.601600
130	130	0	0	0	4	0	0.235747	0.340189	0	0	1007.000000	-3.497271	-3.558071
131	131	0	0	0	4	0	0.226795	-0.647534	0	0	1096.000000	-4.437398	-4.514542
132	132	0	0	0	4	0	-3.433631	-4.449363	0	0	1048.000000	-5.377524	-5.471012
133	133	0	0	0	4	0	-4.541303	-4.484954	0	0	1043.000000	-6.317651	-6.427483
134	134	0	0	0	4	0	-4.891051	-4.745861	0	0	1083.000000	-7.257778	-7.383954
135	135	0	0	0	4	0	-8.697046	-8.326363	0	0	1082.000000	-8.197905	-8.340425
136	136	0	0	0	4	0	-9.253143	-8.746612	0	0	1064.000000	-9.138031	-9.296895
137	137	0	0	0	4	0	-10.059382	-8.574537	0	0	1065.000000	-9.984145	-10.157719
138	138	0	0	0	4	0	-10.039131	-8.562865	0	0	1125.000000	-9.984145	-10.157719
139	139	0	0	0	4	0	-9.963881	-9.093186	0	0	1150.000000	-9.984145	-10.157719
140	140	0	0	0	4	0	-10.475447	-10.570639	0	0	1116.000000	-9.984145	-10.157719
141	141	0	0	0	4	0	-11.065828	-10.221315	0	0	1097.000000	-9.984145	-10.157719
142	142	0	0	0	4	0	-10.806922	-10.111451	0	0	1147.000000	-9.984145	-10.157719
143	143	0	0	0	4	0	-10.527376	-10.507184	0	0	1180.000000	-9.984145	-10.157719
144	144	0	0	0	4	0	-10.183741	-10.385971	0	0	1137.000000	-9.984145	-10.157719
145	145	0	0	0	4	0	-10.587941	-9.903081	0	0	1107.000000	-9.984145	-10.157719
146	146	0	0	0	4	0	-10.302220	-9.862532	0	0	1159.000000	-9.984145	-10.157719
147	147	0	0	0	4	0	-9.998616	-10.290665	0	0	1184.000000	-9.984145	-10.157719
148	148	0	0	0	4	0	-10.183741	-10.264663	0	0	1124.000000	-9.984145	-10.157719
149	149	0	0	0	4	0	-10.642716	-9.877014	0	0	1083.000000	-9.984145	-10.157719
150	150	0	0	0	4	0	-10.279109	-9.862532	0	0	1115.000000	-9.984145	-10.157719
151	151	0	0	0	4	0	-9.934932	-10.316663	0	0	1127.000000	-9.984145	-10.157719
152	152	0	0	0	4	0	-10.123019	-10.400407	0	0	1065.000000	-9.984145	-10.157719
153	153	0	0	0	4	0	-10.596591	-9.940722	0	0	1024.000000	-9.984145	-10.157719
154	154	0	0	0	4	0	-10.215536	-9.784305	0	0	1077.000000	-9.984145	-10.157719
155	155	0	0	0	4	0	-9.862532	-10.258883	0	0	1102.000000	-9.984145	-10.157719
156	156	0	0	0	4	0	-10.047811	-10.229987	0	0	1065.000000	-9.984145	-10.157719
157	157	0	0	0	4	0	-10.394632	-9.714740	0	0	1041.000000	-9.878157	-10.049888
158	158	0	0	0	4	0	-10.102774	-9.630642	0	0	1102.000000	-8.818269	-8.971573
159	159	0	0	0	4	0	-9.781408	-10.120129	0	0	1125.000000	-7.758380	-7.893259
160	160	0	0	0	4	0	-10.015980	-10.111451	0	0	1094.000000	-6.698493	-6.814945
161	161	0	0	0	4	0	-10.385971	-9.514577	0	0	1083.000000	-5.638604	-5.736631
162	162	0	0	0	4	0	-0.146224	0.438663	0	0	1184.000000	-4.578716	-4.658317
163	163	0	0	0	4	0	-0.531164	-0.435678	0	0	1255.000000	-3.518828	-3.580003
164	164	0	0	0	4	0	-0.361077	-0.411806	0	0	1238.000000	-2.458940	-2.501689
165	165	0	0	0	4	0	-0.277524	0.113397	0	0	1214.000000	-1.399052	-1.423375
166	166	0	0	0	4	0	-0.349142	0.599793	0	0	1216.000000	-0.339164	-0.345060
167	167	0	0	0	4	0	-0.167111	-0.008952	0	0	1297.000000	0.000000	0.000000
168	168	0	0	0	4	0	-0.071620	-0.041778	0	0	1280.000000	0.000000	0.000000
169	169	0	0	0	4	0	2.219101	1.563309	0	0	1223.000000	0.000000	0.000000
170	170	0	0	0	4	0	2.010495	1.900210	0	0	1213.000000	0.000000	0.000000
171	171	0	0	0	4	0	2.016456	1.229284	0	0	1275.000000	0.000000	0.000000
172	172	0	0	0	4	0	1.175592	0.014921	0	0	1253.000000	0.000000	0.000000
173	173	0	0	0	4	0	0.462534	0.420759	0	0	1195.000000	0.000000	0.000000
174	174	0	0	0	4	0	0.364062	0.811636	0	0	1180.000000	0.000000	0.000000
175	175	0	0	0	4	0	0.417774	0.119366	0	0	1240.000000	0.000000	0.000000
176	176	0	0	0	4	0	0.298413	-0.444630	0	0	1226.000000	0.000000	0.000000
177	177	0	0	0	4	0	0.047747	0.083556	0	0	1178.000000	0.000000	0.000000
178	178	0	0	0	4	0	-0.029842	0.498342	0	0	1173.000000	0.000000	0.000000
179	179	0	0	0	4	0	0.089525	-0.253652	0	0	1230.000000	0.000000	0.000000
180	180	0	0	0	4	0	0.089525	-0.340189	0	0	1201.000000	0.000000	0.000000
181	181	0	0	0	4	0	-0.002983	0.101461	0	0	1145.000000	0.000000	0.000000
182	182	0	0	0	4	0	-0.053714	0.459550	0	0	1130.000000	0.000000	0.000000
183	183	0	0	0	4	0	0.065652	-0.286477	0	0	1169.000000	0.000000	0.000000
184	184	0	0	0	4	0	0.026857	-0.444630	0	0	1136.000000	0.000000	0.000000
185	185	0	0	0	4	0	-0.143239	0.008952	0	0	1081.000000	0.000000	0.000000
186	186	0	0	0	4	0	-0.173080	0.438663	0	0	1070.000000	0.000000	0.000000
187	187	0	0	0	4	0	-0.137270	-0.373014	0	0	1118.000000	-9.984145	-10.157719
188	188	0	0	0	4	0	-0.113397	-0.501325	0	0	1102.000000	-9.984145	-10.157719
189	189	0	0	0	4	0	-0.217842	0.080573	0	0	1044.000000	-9.984145	-10.157719
190	190	0	0	0	4	0	-0.238731	0.420759	0	0	1056.000000	-9.984145	-10.157719
191	191	0	0	0	4	0	-5.488913	-3.002294	0	0	1121.000000	-9.984145	-10.157719
192	192	0	0	0	4	0	-11.438996	-9.656746	0	0	1022.000000	-9.984145	-10.157719
193	193	0	0	0	4	0	-11.456195	-10.616774	0	0	988.000000	-9.984145	-10.157719
194	194	0	0	0	4	0	-11.266886	-10.631186	0	0	1046.000000	-9.984145	-10.157719
195	195	0	0	0	4	0	-11.094568	-10.959443	0	0	1091.000000	-9.984145	-10.157719
196	196	0	0	0	4	0	-10.296443	-10.333993	0	0	1043.000000	-9.984145	-10.157719
197	197	0	0	0	4	0	-10.596591	-9.975461	0	0	1039.000000	-9.984145	-10.157719
198	198	0	0	0	4	0	-10.435044	-9.853842	0	0	1088.000000	-9.984145	-10.157719
199	199	0	0	0	4	0	-10.044917	-10.238656	0	0	1141.000000	-9.984145	-10.157719
200	200	0	0	0	4	0	-10.391745	-10.342658	0	0	1072.000000	-9.984145	-10.157719
201	201	0	0	0	4	0	-10.743565	-9.998616	0	0	1049.000000	-9.984145	-10.157719
202	202	0	0	0	4	0	-10.544684	-9.842255	0	0	1079.000000	-9.984145	-10.157719
203	203	0	0	0	4	0	-10.160610	-10.290665	0	0	1122.000000	-9.984145	-10.157719
204	204	0	0	0	4	0	-10.429273	-10.357098	0	0	1053.000000	-9.984145	-10.157719
205	205	0	0	0	4	0	-10.775249	-9.987039	0	0	1025.000000	-9.984145	-10.157719
206	206	0	0	0	4	0	-10.556220	-9.885703	0	0	1072.000000	-9.984145	-10.157719
207	207	0	0	0	4	0	-10.192412	-10.307998	0	0	1118.000000	0.000000	0.000000
208	208	0	0	0	4	0	-10.429273	-10.368647	0	0	1060.000000	0.000000	0.000000
209	209	0	0	0	4	0	-10.792525	-9.908873	0	0	1037.000000	0.000000	0.000000
210	210	0	0	0	4	0	-8.162687	-8.142219	0	0	1087.000000	0.000000	0.000000
211	211	0	0	0	4	0	-0.098477	-0.904124	0	0	1204.000000	0.000000	0.000000
212	212	0	0	0	4	0	-0.205907	-0.972741	0	0	1196.000000	0.000000	0.000000
213	213	0	0	0	4	0	-0.408823	-0.590841	0	0	1157.000000	0.000000	0.000000
214	214	0	0	0	4	0	-0.543100	0.011936	0	0	1158.000000	0.000000	0.000000
215	215	0	0	0	4	0	0.253652	-0.340189	0	0	1250.000000	0.000000	0.000000
216	216	0	0	0	4	0	0.280508	-0.399870	0	0	1217.000000	0.000000	0.000000
217	217	0	0	0	4	0	0.167112	-0.053714	0	0	1148.000000	0.000000	0.000000
218	218	0	0	0	4	0	0.122350	0.483422	0	0	1113.000000	0.000000	0.000000
219	219	0	0	0	4	0	0.152192	-0.364062	0	0	1153.000000	0.000000	0.000000
220	220	0	0	0	4	0	0.110414	-0.378983	0	0	1110.000000	0.000000	0.000000
221	221	0	0	0	4	0	0.543100	0.173080	0	0	1029.000000	0.000000	0.000000
222	222	0	0	0	4	0	0.510277	0.608745	0	0	1010.000000	0.000000	0.000000
223	223	0	0	0	4	0	0.617697	-0.381966	0	0	1070.000000	0.000000	0.000000
224	224	0	0	0	4	0	0.525197	-0.304381	0	0	1030.000000	0.000000	0.000000
225	225	0	0	0	4	0	0.456566	0.235747	0	0	971.000000	0.000000	0.000000
226	226	0	0	0	4	0	0.411806	0.620680	0	0	977.000000	0.000000	0.000000
227	227	0	0	0	4	0	0.474470	-0.259620	0	0	1031.000000	0.798732	-0.812617
228	228	0	0	0	4	0	0.477454	-0.346158	0	0	1021.000000	1.973337	-2.007643
229	229	0	0	0	4	0	0.373014	0.229779	0	0	971.000000	3.147942	-3.202669
230	230	0	0	0	4	0	0.370030	0.543100	0	0	969.000000	4.322547	-4.397695
231	231	0	0	0	4	0	4.051684	-2.236979	0	0	1050.000000	5.497153	-5.592721
232	232	0	0	0	4	0	8.834044	-7.051548	0	0	1038.000000	6.671758	-6.787746
233	233	0	0	0	4	0	8.338049	-7.890571	0	0	974.000000	7.846364	-7.982772
234	234	0	0	0	4	0	8.408150	-7.805645	0	0	978.000000	9.020968	-9.177797
235	235	0	0	0	4	0	8.212388	-8.305910	0	0	1066.000000	9.984145	-10.157719
236	236	0	0	0	4	0	8.343892	-8.557031	0	0	1022.000000	9.984145	-10.157719
237	237	0	0	0	4	0	8.545358	-8.463629	0	0	1007.000000	9.984145	-10.157719
238	238	0	0	0	4	0	10.235765	-9.929141	0	0	1011.000000	9.984145	-10.157719
239	239	0	0	0	4	0	9.929142	-10.053597	0	0	1074.000000	9.984145	-10.157719
240	240	0	0	0	4	0	9.995723	-10.203973	0	0	1049.000000	9.984145	-10.157719
241	241	0	0	0	4	0	10.250215	-9.960988	0	0	994.000000	9.984145	-10.157719
242	242	0	0	0	4	0	10.368647	-9.749527	0	0	1005.000000	9.984145	-10.157719
243	243	0	0	0	4	0	10.010192	-10.123019	0	0	1067.000000	9.984145	-10.157719
244	244	0	0	0	4	0	10.250215	-10.357098	0	0	1041.000000	9.984145	-10.157719
245	245	0	0	0	4	0	10.498529	-10.169284	0	0	991.000000	9.984145	-10.157719
246	246	0	0	0	4	0	10.561989	-9.819077	0	0	1002.000000	9.984145	-10.157719
247	247	0	0	0	4	0	10.091205	-10.342658	0	0	1063.000000	9.984145	-10.157719
248	248	0	0	0	4	0	10.125911	-10.394632	0	0	1049.000000	9.984145	-10.157719
249	249	0	0	0	4	0	10.328216	-10.192412	0	0	992.000000	9.984145	-10.157719
250	250	0	0	0	4	0	11.215212	-9.929141	0	0	998.000000	9.984145	-10.157719
251	251	0	0	0	4	0	10.342657	-10.146152	0	0	1061.000000	9.984145	-10.157719
252	252	0	0	0	4	0	10.313774	-10.189520	0	0	1046.000000	9.984145	-10.157719
253	253	0	0	0	4	0	10.455248	-9.903081	0	0	994.000000	9.984145	-10.157719
254	254	0	0	0	4	0	10.316663	-9.502967	0	0	995.000000	9.984145	-10.157719
255	255	0	0	0	4	0	9.642244	-9.761120	0	0	1057.000000	9.751354	-9.920880
256	256	0	0	0	4	0	9.584226	-9.816180	0	0	1021.000000	8.458071	-8.605114
257	257	0	0	0	4	0	10.947939	-9.407146	0	0	961.000000	7.164788	-7.289347
258	258	0	0	0	4	0	10.053596	-9.020432	0	0	961.000000	5.871505	-5.973581
259	259	0	0	0	4	0	9.241515	-9.215348	0	0	1020.000000	4.578222	-4.657814
260	260	0	0	0	4	0	4.739932	-3.609031	0	0	983.000000	3.284939	-3.342047
261	261	0	0	0	4	0	3.635782	-2.537855	0	0	921.000000	1.991656	-2.026281
262	262	0	0	0	4	0	1.539454	-0.540116	0	0	915.000000	0.698373	-0.710514
263	263	0	0	0	4	0	1.053288	-1.196472	0	0	969.000000	0.000000	0.000000
264	264	0	0	0	4	0	0.561003	-1.080137	0	0	946.000000	0.000000	0.000000
265	265	0	0	0	4	0	0.188001	-0.238731	0	0	884.000000	0.000000	0.000000
266	266	0	0	0	4	0	0.435678	0.853405	0	0	880.000000	0.000000	0.000000
267	267	0	0	0	4	0	0.343174	-0.104445	0	0	926.000000	0.000000	0.000000
268	268	0	0	0	4	0	0.337205	-0.074604	0	0	896.000000	0.000000	0.000000
269	269	0	0	0	4	0	0.205906	0.853405	0	0	818.000000	0.000000	0.000000
270	270	0	0	0	4	0	0.232762	1.044339	0	0	834.000000	0.000000	0.000000
271	271	0	0	0	4	0	0.349142	0.026857	0	0	879.000000	0.000000	0.000000
272	272	0	0	0	4	0	0.271556	0.029842	0	0	846.000000	0.000000	0.000000
273	273	0	0	0	4	0	0.059683	1.148746	0	0	750.000000	0.000000	0.000000
274	274	0	0	0	4	0	0.104445	1.092069	0	0	776.000000	0.000000	0.000000
275	275	0	0	0	4	0	0.146223	0.179049	0	0	815.000000	0.000000	0.000000
276	276	0	0	0	4	0	0.134287	0.286477	0	0	767.000000	0.000000	0.000000
277	277	0	0	0	4	0	0.011936	1.306833	0	0	720.000000	0.000000	0.000000
278	278	0	0	0	4	0	0.128318	1.184541	0	0	742.000000	0.000000	0.000000
279	279	0	0	0	4	0	0.196954	0.238731	0	0	794.000000	0.000000	0.000000
280	280	0	0	0	4	0	0.149207	0.229779	0	0	757.000000	0.000000	0.000000
281	281	0	0	0	4	0	0.014921	1.205421	0	0	705.000000	0.000000	0.000000
282	282	0	0	0	4	0	5.961624	-1.515597	0	0	749.000000	0.000000	0.000000
283	283	0	0	0	4	0	4.152626	-2.594440	0	0	840.000000	9.984145	-10.157719
284	284	0	0	0	4	0	3.591197	-2.177384	0	0	821.000000	9.984145	-10.157719
285	285	0	0	0	4	0	3.653614	-1.616983	0	0	780.000000	9.984145	-10.157719
286	286	0	0	0	4	0	3.617948	-1.193489	0	0	784.000000	9.984145	-10.157719
287	287	0	0	0	4	0	3.499042	-2.281672	0	0	865.000000	9.984145	-10.157719
288	288	0	0	0	4	0	4.799203	-3.683334	0	0	842.000000	9.984145	-10.157719
289	289	0	0	0	4	0	10.050704	-8.267922	0	0	816.000000	9.984145	-10.157719
290	290	0	0	0	4	0	10.030451	-8.416910	0	0	843.000000	9.984145	-10.157719
291	291	0	0	0	4	0	9.543601	-8.985497	0	0	919.000000	9.984145	-10.157719
292	292	0	0	0	4	0	9.659646	-9.011699	0	0	894.000000	9.984145	-10.157719
293	293	0	0	0	4	0	9.969672	-8.603714	0	0	869.000000	9.984145	-10.157719
294	294	0	0	0	4	0	10.033343	-8.247464	0	0	872.000000	9.984145	-10.157719
295	295	0	0	0	4	0	10.446589	-10.495646	0	0	949.000000	9.984145	-10.157719
296	296	0	0	0	4	0	10.437931	-10.723400	0	0	943.000000	9.984145	-10.157719
297	297	0	0	0	4	0	10.671537	-10.495646	0	0	908.000000	9.984145	-10.157719
298	298	0	0	0	4	0	10.965196	-10.062278	0	0	897.000000	9.984145	-10.157719
299	299	0	0	0	4	0	10.351320	-10.613890	0	0	956.000000	9.984145	-10.157719
300	300	0	0	0	4	0	10.380197	-10.685945	0	0	959.000000	9.984145	-10.157719
301	301	0	0	0	4	0	10.631186	-10.377309	0	0	910.000000	9.984145	-10.157719
302	302	0	0	0	4	0	10.786767	-10.120129	0	0	900.000000	9.984145	-10.157719
303	303	0	0	0	4	0	10.299332	-10.420612	0	0	968.000000	0.000000	0.000000
304	304	0	0	0	4	0	9.543601	-9.781408	0	0	955.000000	0.000000	0.000000
305	305	0	0	0	4	0	0.668420	-0.677372	0	0	871.000000	0.000000	0.000000
306	306	0	0	0	4	0	-0.208890	-0.355110	0	0	886.000000	0.000000	0.000000
307	307	0	0	0	4	0	-0.205907	-1.324729	0	0	946.000000	0.000000	0.000000
308	308	0	0	0	4	0	0.922024	-0.110414	0	0	931.000000	0.000000	0.000000
309	309	0	0	0	4	0	0.358094	0.390918	0	0	865.000000	0.000000	0.000000
310	310	0	0	0	4	0	0.343174	0.626648	0	0	885.000000	0.000000	0.000000
311	311	0	0	0	4	0	0.438663	-0.262603	0	0	943.000000	0.000000	0.000000
312	312	0	0	0	4	0	0.402854	-0.396886	0	0	903.000000	0.000000	0.000000
313	313	0	0	0	4	0	-90.000000	-90.000000	0	4	0.000000	0.000000	0.000000
314	314	0	0	0	4	0	-90.000000	-90.000000	0	4	0.000000	0.000000	0.000000
315	315	0	0	0	4	0	-90.000000	-90.000000	0	4	0.000000	0.000000	0.000000
316	316	0	0	0	4	0	-6.023607	-5.213801	0	0	243.000000	0.000000	0.000000
317	317	0	0	0	4	0	1.047322	0.417774	0	0	880.000000	0.000000	0.000000
318	318	0	0	0	4	0	0.978707	0.653501	0	0	867.000000	0.000000	0.000000
319	319	0	0	0	4	0	0.895174	0.196954	0	0	901.000000	0.000000	0.000000
320	320	0	0	0	4	0	0.820587	0.205906	0	0	914.000000	0.000000	0.000000
321	321	0	0	0	4	0	0.772849	0.546084	0	0	880.000000	0.000000	0.000000
322	322	0	0	0	4	0	0.734062	0.844454	0	0	890.000000	0.000000	0.000000
323	323	0	0	0	4	0	0.751964	0.155176	0	0	935.000000	0.650525	0.661834
324	324	0	0	0	4	0	0.728094	0.170097	0	0	913.000000	2.064710	2.100605
325	325	0	0	0	4	0	0.623664	1.074170	0	0	825.000000	3.478895	3.539375
326	326	0	0	0	4	0	0.629632	1.142780	0	0	847.000000	4.893080	4.978146
327	327	0	0	0	4	0	5.397236	5.246354	0	0	857.000000	6.307264	6.416916
328	328	0	0	0	4	0	8.212388	9.128098	0	0	823.000000	7.721449	7.855686
329	329	0	0	0	4	0	8.194847	9.136826	0	0	826.000000	9.135634	9.294456
330	330	0	0	0	4	0	8.174382	9.020432	0	0	832.000000	9.984145	10.157719
331	331	0	0	0	4	0	8.332206	9.142644	0	0	822.000000	9.984145	10.157719
332	332	0	0	0	4	0	10.013087	11.002583	0	0	800.000000	9.984145	10.157719
333	333	0	0	0	4	0	10.036237	11.034209	0	0	812.000000	9.984145	10.157719
334	334	0	0	0	4	0	9.958093	10.864497	0	0	830.000000	9.984145	10.157719
335	335	0	0	0	4	0	10.096990	10.968073	0	0	811.000000	9.984145	10.157719
336	336	0	0	0	4	0	10.140370	11.246792	0	0	794.000000	9.984145	10.157719
337	337	0	0	0	4	0	10.036237	11.074450	0	0	809.000000	9.984145	10.157719
338	338	0	0	0	4	0	9.940722	10.896152	0	0	823.000000	9.984145	10.157719
339	339	0	0	0	4	0	10.146153	10.858740	0	0	808.000000	9.984145	10.157719
340	340	0	0	0	4	0	10.235765	11.120429	0	0	793.000000	9.984145	10.157719
341	341	0	0	0	4	0	10.105666	10.991080	0	0	813.000000	9.984145	10.157719
342	342	0	0	0	4	0	10.004404	10.789645	0	0	829.000000	9.984145	10.157719
343	343	0	0	0	4	0	10.079634	10.855862	0	0	819.000000	9.984145	10.157719
344	344	0	0	0	4	0	10.140370	11.062955	0	0	807.000000	9.984145	10.157719
345	345	0	0	0	4	0	9.914663	10.896152	0	0	827.000000	9.984145	10.157719
346	346	0	0	0	4	0	9.830667	10.740685	0	0	847.000000	9.984145	10.157719
347	347	0	0	0	4	0	9.932036	10.763727	0	0	845.000000	9.984145	10.157719
348	348	0	0	0	4	0	9.998616	11.022709	0	0	834.000000	9.984145	10.157719
349	349	0	0	0	4	0	9.865430	10.901907	0	0	873.000000	9.984145	10.157719
350	350	0	0	0	4	0	10.209755	10.579290	0	0	906.000000	9.372559	9.535501
351	351	0	0	0	4	0	10.305109	10.492760	0	0	920.000000	7.843594	7.979954
352	352	0	0	0	4	0	10.325329	10.755087	0	0	896.000000	6.314628	6.424407
353	353	0	0	0	4	0	9.992828	10.518723	0	0	927.000000	4.785662	4.868861
354	354	0	0	0	4	0	5.228599	6.595536	0	0	947.000000	3.256697	3.313314
355	355	0	0	0	4	0	2.913007	0.963791	0	0	998.000000	1.727731	1.757768
356	356	0	0	0	4	0	2.183344	0.364062	0	0	961.000000	0.198766	0.202221
357	357	0	0	0	4	0	1.414202	0.605761	0	0	928.000000	-1.330200	-1.353325
358	358	0	0	0	4	0	0.737046	0.578906	0	0	928.000000	-2.859166	-2.908872
359	359	0	0	0	4	0	0.370030	-0.480438	0	0	1011.000000	-4.388131	-4.464418
360	360	0	0	0	4	0	-1.930018	-1.721340	0	0	979.000000	-5.917097	-6.019965
361	361	0	0	0	4	0	-2.275712	-1.548399	0	0	927.000000	-7.446062	-7.575511
362	362	0	0	0	4	0	-2.508071	-1.202438	0	0	923.000000	-8.975028	-9.131058
363	363	0	0	0	4	0	-2.335299	-2.156525	0	0	959.000000	-9.984145	-10.157719
364	364	0	0	0	4	0	-7.741195	-7.104448	0	0	903.000000	-9.984145	-10.157719
365	365	0	0	0	4	0	-8.302989	-7.782212	0	0	854.000000	-9.984145	-10.157719
366	366	0	0	0	4	0	-8.317598	-7.544793	0	0	901.000000	-9.984145	-10.157719
367	367	0	0	0	4	0	-7.890571	-8.148067	0	0	944.000000	-9.984145	-10.157719
368	368	0	0	0	4	0	-10.068063	-10.201083	0	0	937.000000	-9.984145	-10.157719
369	369	0	0	0	4	0	-10.942186	-10.290665	0	0	902.000000	-9.984145	-10.157719
370	370	0	0	0	4	0	-10.962321	-10.068063	0	0	954.000000	-9.984145	-10.157719
371	371	0	0	0	4	0	-10.472563	-10.443705	0	0	1010.000000	-9.984145	-10.157719
372	372	0	0	0	4	0	-10.818439	-10.501415	0	0	985.000000	-9.984145	-10.157719
373	373	0	0	0	4	0	-10.478333	-10.047811	0	0	982.000000	-9.984145	-10.157719
374	374	0	0	0	4	0	-10.472563	-9.842255	0	0	1018.000000	-9.984145	-10.157719
375	375	0	0	0	4	0	-10.018875	-10.198193	0	0	1080.000000	-9.984145	-10.157719
376	376	0	0	0	4	0	-10.232875	-10.403293	0	0	1034.000000	-9.984145	-10.157719
377	377	0	0	0	4	0	-10.524493	-10.036237	0	0	1007.000000	-9.984145	-10.157719
378	378	0	0	0	4	0	-10.426385	-9.871222	0	0	1035.000000	-9.984145	-10.157719
379	379	0	0	0	4	0	-9.989934	-10.177958	0	0	1081.000000	-9.984145	-10.157719
380	380	0	0	0	4	0	-10.238656	-10.359984	0	0	1040.000000	-9.984145	-10.157719
381	381	0	0	0	4	0	-10.576407	-10.096990	0	0	1024.000000	-9.984145	-10.157719
382	382	0	0	0	4	0	-10.452362	-9.845153	0	0	1075.000000	-9.984145	-10.157719
383	383	0	0	0	4	0	-10.096990	-10.154828	0	0	1143.000000	-9.424901	-9.588753
384	384	0	0	0	4	0	-10.270442	-10.345545	0	0	1129.000000	-7.780067	-7.915323
385	385	0	0	0	4	0	-10.576407	-9.963881	0	0	1117.000000	-6.135232	-6.241893
386	386	0	0	0	4	0	-10.642716	-9.746627	0	0	1186.000000	-4.490398	-4.568463
387	387	0	0	0	4	0	-10.140371	-9.984144	0	0	1267.000000	-2.845564	-2.895034
388	388	0	0	0	4	0	0.101461	-2.254857	0	0	1365.000000	-1.200729	-1.221604
389	389	0	0	0	4	0	-0.080573	-1.202438	0	0	1358.000000	0.444105	0.451826
390	390	0	0	0	4	0	4.481989	4.117002	0	0	1370.000000	2.088940	2.125256
391	391	0	0	0	4	0	4.603572	4.051684	0	0	1459.000000	3.733774	3.798686
392	392	0	0	0	4	0	5.018413	4.372233	0	0	1443.000000	5.378609	5.472116
393	393	0	0	0	4	0	5.373574	5.394279	0	0	1392.000000	7.023443	7.145545
394	394	0	0	0	4	0	8.673717	9.581325	0	0	1398.000000	8.668278	8.818974
395	395	0	0	0	4	0	8.370182	9.282211	0	0	1397.000000	9.984145	10.157719
396	396	0	0	0	4	0	8.717458	9.616138	0	0	1319.000000	9.984145	10.157719
397	397	0	0	0	4	0	8.860267	10.088311	0	0	1299.000000	9.984145	10.157719
398	398	0	0	0	4	0	10.039130	11.039958	0	0	1309.000000	9.984145	10.157719
399	399	0	0	0	4	0	10.033343	10.962320	0	0	1304.000000	9.984145	10.157719
400	400	0	0	0	4	0	10.198193	11.111809	0	0	1264.000000	9.984145	10.157719
401	401	0	0	0	4	0	9.334521	11.189368	0	0	1259.000000	9.984145	10.157719
402	402	0	0	0	4	0	9.276399	11.005458	0	0	1279.000000	9.984145	10.157719
403	403	0	0	0	4	0	9.285118	10.881763	0	0	1283.000000	9.984145	10.157719
404	404	0	0	0	4	0	9.473935	11.123302	0	0	1233.000000	9.984145	10.157719
405	405	0	0	0	4	0	9.389719	11.258274	0	0	1254.000000	9.984145	10.157719
406	406	0	0	0	4	0	9.546503	10.968073	0	0	1295.000000	9.984145	10.157719
407	407	0	0	0	4	0	9.543601	10.783886	0	0	1312.000000	9.984145	10.157719
408	408	0	0	0	4	0	9.749526	10.945063	0	0	1270.000000	9.984145	10.157719
409	409	0	0	0	4	0	9.662546	11.111809	0	0	1295.000000	9.984145	10.157719
410	410	0	0	0	4	0	9.584226	10.959444	0	0	1341.000000	9.984145	10.157719
411	411	0	0	0	4	0	9.543601	10.804043	0	0	1363.000000	9.984145	10.157719
412	412	0	0	0	4	0	9.717639	10.945063	0	0	1325.000000	9.984145	10.157719
413	413	0	0	0	4	0	9.537797	11.103189	0	0	1338.000000	9.984145	10.157719
414	414	0	0	0	4	0	9.407147	10.899030	0	0	1375.000000	9.984145	10.157719
415	415	0	0	0	4	0	9.334521	10.708997	0	0	1406.000000	-9.984145	-10.157719
416	416	0	0	0	4	0	9.433285	10.841470	0	0	1342.000000	-9.984145	-10.157719
417	417	0	0	0	4	0	9.334521	11.108935	0	0	1338.000000	-9.984145	-10.157719
418	418	0	0	0	4	0	9.221165	10.884642	0	0	1368.000000	-9.984145	-10.157719
419	419	0	0	0	4	0	2.171424	4.111064	0	0	1465.000000	-9.984145	-10.157719
420	420	0	0	0	4	0	-9.665446	-8.194847	0	0	1321.000000	-9.984145	-10.157719
421	421	0	0	0	4	0	-11.278367	-10.798284	0	0	1279.000000	-9.984145	-10.157719
422	422	0	0	0	4	0	-11.321411	-10.553337	0	0	1288.000000	-9.984145	-10.157719
423	423	0	0	0	4	0	-10.804044	-10.878886	0	0	1348.000000	-9.984145	-10.157719
424	424	0	0	0	4	0	-10.512954	-10.250216	0	0	1318.000000	-9.984145	-10.157719
425	425	0	0	0	4	0	-10.804044	-9.995723	0	0	1279.000000	-9.984145	-10.157719
426	426	0	0	0	4	0	-10.878886	-9.792999	0	0	1296.000000	-9.984145	-10.157719
427	427	0	0	0	4	0	-10.365760	-10.059382	0	0	1321.000000	-9.984145	-10.157719
428	428	0	0	0	4	0	-10.651362	-10.253104	0	0	1254.000000	-9.984145	-10.157719
429	429	0	0	0	4	0	-10.804044	-10.030449	0	0	1214.000000	-9.984145	-10.157719
430	430	0	0	0	4	0	-10.798284	-9.772714	0	0	1227.000000	-9.984145	-10.157719
431	431	0	0	0	4	0	-10.319551	-10.160610	0	0	1264.000000	-9.984145	-10.157719
432	432	0	0	0	4	0	-10.596591	-10.357098	0	0	1198.000000	-9.984145	-10.157719
433	433	0	0	0	4	0	-10.749326	-10.059382	0	0	1158.000000	-9.984145	-10.157719
434	434	0	0	0	4	0	-10.847226	-9.775612	0	0	1177.000000	-9.984145	-10.157719
435	435	0	0	0	4	0	-10.267551	-10.128803	0	0	1224.000000	9.984145	10.157719
436	436	0	0	0	4	0	-10.495646	-10.261773	0	0	1171.000000	9.984145	10.157719
437	437	0	0	0	4	0	-10.795404	-10.015980	0	0	1147.000000	9.984145	10.157719
438	438	0	0	0	4	0	-10.720520	-9.792999	0	0	1179.000000	9.984145	10.157719
439	439	0	0	0	4	0	-2.117785	-2.040299	0	0	1305.000000	9.984145	10.157719
440	440	0	0	0	4	0	8.148066	8.072022	0	0	1242.000000	9.984145	10.157719
441	441	0	0	0	4	0	8.373102	8.761186	0	0	1226.000000	9.984145	10.157719
442	442	0	0	0	4	0	8.174382	8.618300	0	0	1260.000000	9.984145	10.157719
443	443	0	0	0	4	0	8.069097	8.440271	0	0	1283.000000	9.984145	10.157719
444	444	0	0	0	4	0	9.674146	10.478333	0	0	1254.000000	9.984145	10.157719
445	445	0	0	0	4	0	9.584226	10.766607	0	0	1257.000000	9.984145	10.157719
446	446	0	0	0	4	0	9.441997	10.602357	0	0	1297.000000	9.984145	10.157719
447	447	0	0	0	4	0	9.392624	10.391746	0	0	1309.000000	9.984145	10.157719
448	448	0	0	0	4	0	9.502966	10.461019	0	0	1250.000000	9.984145	10.157719
449	449	0	0	0	4	0	9.421668	10.677300	0	0	1238.000000	9.984145	10.157719
450	450	0	0	0	4	0	9.311275	10.461019	0	0	1259.000000	9.984145	10.157719
451	451	0	0	0	4	0	9.250237	10.203973	0	0	1259.000000	9.984145	10.157719
452	452	0	0	0	4	0	9.459418	10.388858	0	0	1209.000000	9.984145	10.157719
453	453	0	0	0	4	0	9.401338	10.642716	0	0	1206.000000	9.984145	10.157719
454	454	0	0	0	4	0	9.279305	10.437931	0	0	1240.000000	9.984145	10.157719
455	455	0	0	0	4	0	9.267679	10.276220	0	0	1253.000000	9.484938	10.157719
456	456	0	0	0	4	0	9.415860	10.475447	0	0	1212.000000	6.988902	10.157719
457	457	0	0	0	4	0	9.270585	10.677300	0	0	1227.000000	4.492866	10.157719
458	458	0	0	0	4	0	9.165913	10.458133	0	0	1277.000000	1.996829	10.157719
459	459	0	0	0	4	0	9.064088	10.264663	0	0	1309.000000	-0.499207	10.157719
460	460	0	0	0	4	0	6.586702	10.316663	0	0	1283.000000	-2.995244	10.157719
461	461	0	0	0	4	0	-1.190507	10.660009	0	0	1285.000000	-5.491280	10.157719
462	462	0	0	0	4	0	-2.382966	10.354209	0	0	1328.000000	-7.987316	10.157719
463	463	0	0	0	4	0	-3.763565	10.131694	0	0	1374.000000	-9.984145	10.157719
464	464	0	0	0	4	0	-9.386815	9.995723	0	0	1324.000000	-9.984145	10.157719
465	465	0	0	0	4	0	-10.325329	10.105666	0	0	1343.000000	-9.984145	10.157719
466	466	0	0	0	4	0	-10.806922	10.024663	0	0	1376.000000	-9.984145	10.157719
467	467	0	0	0	4	0	-10.991081	9.900185	0	0	1379.000000	-9.984145	10.157719
468	468	0	0	0	4	0	-11.243921	10.004404	0	0	1326.000000	-9.984145	10.157719
469	469	0	0	0	4	0	-10.345545	9.943618	0	0	1327.000000	-9.984145	10.157719
470	470	0	0	0	4	0	-10.102774	9.845152	0	0	1325.000000	-9.984145	10.157719
471	471	0	0	0	4	0	-10.172175	9.813283	0	0	1319.000000	-9.984145	10.157719
472	472	0	0	0	4	0	-10.319551	10.007298	0	0	1257.000000	-9.984145	10.157719
473	473	0	0	0	4	0	-10.247324	10.094097	0	0	1249.000000	-9.984145	10.157719
474	474	0	0	0	4	0	-10.172175	9.984144	0	0	1243.000000	-9.984145	10.157719
475	475	0	0	0	4	0	-10.218425	9.926246	0	0	1212.000000	-9.984145	10.157719
476	476	0	0	0	4	0	-10.423500	10.094097	0	0	1159.000000	-9.984145	10.157719
477	477	0	0	0	4	0	-10.316663	10.134586	0	0	1160.000000	-9.984145	10.157719
478	478	0	0	0	4	0	-10.177958	9.978355	0	0	1166.000000	-9.984145	10.157719
479	479	0	0	0	4	0	-10.224206	9.891496	0	0	1162.000000	-9.984145	10.157719
480	480	0	0	0	4	0	-10.377309	10.068063	0	0	1113.000000	-9.984145	10.157719
481	481	0	0	0	4	0	-10.325329	9.995723	0	0	1140.000000	-9.984145	10.157719
482	482	0	0	0	4	0	-10.201083	9.824872	0	0	1163.000000	-9.984145	10.157719
483	483	0	0	0	4	0	-10.258883	9.743730	0	0	1173.000000	-9.631349	9.798789
484	484	0	0	0	4	0	-10.403293	9.911767	0	0	1144.000000	-7.867365	8.004139
485	485	0	0	0	4	0	-10.374421	9.894392	0	0	1173.000000	-6.103382	6.209489
486	486	0	0	0	4	0	-10.238656	9.737932	0	0	1209.000000	-4.339399	4.414839
487	487	0	0	0	4	0	-10.021769	9.160095	0	0	1228.000000	-2.575416	2.620189
488	488	0	0	0	4	0	0.528181	0.474470	0	0	1373.000000	-0.811432	0.825539
489	489	0	0	0	4	0	2.102885	-3.067761	0	0	1379.000000	0.952551	-0.969111
490	490	0	0	0	4	0	2.954676	-3.326575	0	0	1367.000000	2.716534	-2.763761
491	491	0	0	0	4	0	3.204621	-3.834871	0	0	1459.000000	4.480517	-4.558411
492	492	0	0	0	4	0	3.629837	-4.327728	0	0	1451.000000	6.244501	-6.353061
493	493	0	0	0	4	0	4.096220	-4.502750	0	0	1420.000000	8.008484	-8.147711
494	494	0	0	0	4	0	8.478226	-8.422751	0	0	1432.000000	9.772468	-9.942361
495	495	0	0	0	4	0	8.145142	-9.165912	0	0	1461.000000	9.984145	-10.157719
496	496	0	0	0	4	0	8.320519	-9.421667	0	0	1417.000000	9.984145	-10.157719
497	497	0	0	0	4	0	8.492821	-9.444901	0	0	1362.000000	9.984145	-10.157719
498	498	0	0	0	4	0	9.819078	-10.281998	0	0	1334.000000	9.984145	-10.157719
499	499	0	0	0	4	0	10.120128	-10.455247	0	0	1366.000000	9.984145	-10.157719
500	500	0	0	0	4	0	10.065169	-10.645598	0	0	1338.000000	9.984145	-10.157719
501	501	0	0	0	4	0	10.094097	-10.550451	0	0	1318.000000	9.984145	-10.157719
502	502	0	0	0	4	0	9.891496	-10.206864	0	0	1276.000000	9.984145	-10.157719
503	503	0	0	0	4	0	10.030451	-10.154828	0	0	1329.000000	9.984145	-10.157719
504	504	0	0	0	4	0	9.998616	-10.258883	0	0	1295.000000	9.984145	-10.157719
505	505	0	0	0	4	0	10.050704	-10.151937	0	0	1246.000000	9.984145	-10.157719
506	506	0	0	0	4	0	10.264663	-9.960988	0	0	1225.000000	9.984145	-10.157719
507	507	0	0	0	4	0	10.079634	-10.050704	0	0	1263.000000	9.984145	-10.157719
508	508	0	0	0	4	0	10.276220	-10.313775	0	0	1241.000000	9.984145	-10.157719
509	509	0	0	0	4	0	10.469676	-10.218425	0	0	1217.000000	9.984145	-10.157719
510	510	0	0	0	4	0	10.734923	-9.958093	0	0	1178.000000	9.984145	-10.157719
511	511	0	0	0	4	0	10.475447	-10.076741	0	0	1245.000000	9.984145	-10.157719
512	512	0	0	0	4	0	10.255995	-10.296443	0	0	1211.000000	9.984145	-10.157719
513	513	0	0	0	4	0	10.186629	-10.137478	0	0	1210.000000	9.984145	-10.157719
514	514	0	0	0	4	0	10.328216	-9.795897	0	0	1193.000000	9.984145	-10.157719
515	515	0	0	0	4	0	10.024663	-9.934932	0	0	1261.000000	8.329522	-8.474330
516	516	0	0	0	4	0	9.830667	-10.134587	0	0	1248.000000	6.449269	-6.561389
517	517	0	0	0	4	0	9.833564	-9.943617	0	0	1229.000000	4.569016	-4.648448
518	518	0	0	0	4	0	9.732134	-9.494258	0	0	1211.000000	2.688762	-2.735506
519	519	0	0	0	4	0	-0.208890	2.782028	0	0	1247.000000	0.808509	-0.822565
520	520	0	0	0	4	0	-3.329549	7.016275	0	0	1174.000000	-1.071744	1.090377
521	521	0	0	0	4	0	-4.431564	7.336471	0	0	1132.000000	-2.951998	3.003318
522	522	0	0	0	4	0	-4.899938	7.459728	0	0	1146.000000	-4.832251	4.916259
523	523	0	0	0	4	0	-5.559870	7.588779	0	0	1153.000000	-6.712504	6.829201
524	524	0	0	0	4	0	-9.125190	9.319992	0	0	1065.000000	-8.592758	8.742142
525	525	0	0	0	4	0	-9.465225	9.450708	0	0	1078.000000	-9.984145	10.157719
526	526	0	0	0	4	0	-9.755322	9.459418	0	0	1084.000000	-9.984145	10.157719
527	527	0	0	0	4	0	-10.018875	9.479742	0	0	1073.000000	-9.984145	10.157719
528	528	0	0	0	4	0	-10.403293	9.752425	0	0	1022.000000	-9.984145	10.157719
529	529	0	0	0	4	0	-10.345545	9.735034	0	0	1029.000000	-9.984145	10.157719
530	530	0	0	0	4	0	-9.949408	10.047811	0	0	1034.000000	-9.984145	10.157719
531	531	0	0	0	4	0	-9.932036	9.891496	0	0	1028.000000	-9.984145	10.157719
532	532	0	0	0	4	0	-10.134587	10.172175	0	0	980.000000	-9.984145	10.157719
533	533	0	0	0	4	0	-10.044917	10.166392	0	0	992.000000	-9.984145	10.157719
534	534	0	0	0	4	0	-9.949408	10.096990	0	0	999.000000	-9.984145	10.157719
535	535	0	0	0	4	0	-9.978354	9.984144	0	0	988.000000	-9.984145	10.157719
536	536	0	0	0	4	0	-10.177958	10.232876	0	0	947.000000	-9.984145	10.157719
537	537	0	0	0	4	0	-10.056491	10.172175	0	0	956.000000	-9.984145	10.157719
538	538	0	0	0	4	0	-10.015980	10.105666	0	0	963.000000	-9.984145	10.157719
539	539	0	0	0	4	0	-10.044917	10.015981	0	0	957.000000	-9.984145	10.157719
540	540	0	0	0	4	0	-10.287776	10.264663	0	0	910.000000	-9.984145	10.157719
541	541	0	0	0	4	0	-10.166392	10.186629	0	0	930.000000	-9.984145	10.157719
542	542	0	0	0	4	0	-10.123019	10.082526	0	0	941.000000	-9.984145	10.157719
543	543	0	0	0	4	0	-10.209755	9.929141	0	0	943.000000	-9.984145	10.157719
544	544	0	0	0	4	0	-10.420612	10.163502	0	0	900.000000	-9.984145	10.157719
545	545	0	0	0	4	0	-10.305108	10.169284	0	0	921.000000	9.984145	-10.157719
546	546	0	0	0	4	0	-10.195301	10.039130	0	0	934.000000	9.984145	-10.157719
547	547	0	0	0	4	0	-10.186629	9.955198	0	0	941.000000	9.984145	-10.157719
548	548	0	0	0	4	0	-10.423500	10.177957	0	0	913.000000	9.984145	-10.157719
549	549	0	0	0	4	0	-1.849533	5.098359	0	0	978.000000	9.984145	-10.157719
550	550	0	0	0	4	0	8.968030	-7.116201	0	0	1019.000000	9.984145	-10.157719
551	551	0	0	0	4	0	8.758270	-9.627743	0	0	1084.000000	9.984145	-10.157719
552	552	0	0	0	4	0	8.656219	-9.784305	0	0	1094.000000	9.984145	-10.157719
553	553	0	0	0	4	0	8.836959	-9.743731	0	0	1092.000000	9.984145	-10.157719
554	554	0	0	0	4	0	9.002966	-9.418764	0	0	1090.000000	9.984145	-10.157719
555	555	0	0	0	4	0	10.073848	-10.169284	0	0	1175.000000	9.984145	-10.157719
556	556	0	0	0	4	0	9.900185	-10.411952	0	0	1190.000000	9.984145	-10.157719
557	557	0	0	0	4	0	9.888600	-10.333993	0	0	1183.000000	9.984145	-10.157719
558	558	0	0	0	4	0	10.146153	-9.952303	0	0	1161.000000	9.984145	-10.157719
559	559	0	0	0	4	0	9.859636	-10.091205	0	0	1228.000000	9.984145	-10.157719
560	560	0	0	0	4	0	9.766917	-10.255995	0	0	1229.000000	9.984145	-10.157719
561	561	0	0	0	4	0	9.804590	-10.128803	0	0	1216.000000	9.984145	-10.157719
562	562	0	0	0	4	0	10.027556	-9.850946	0	0	1199.000000	9.984145	-10.157719
563	563	0	0	0	4	0	9.764018	-9.981251	0	0	1283.000000	9.984145	-10.157719
564	564	0	0	0	4	0	9.688645	-10.195301	0	0	1279.000000	9.984145	-10.157719
565	565	0	0	0	4	0	9.697344	-10.157718	0	0	1265.000000	-9.984145	10.157719
566	566	0	0	0	4	0	9.914663	-9.926246	0	0	1261.000000	-9.984145	10.157719
567	567	0	0	0	4	0	9.650946	-10.039131	0	0	1345.000000	-9.984145	10.157719
568	568	0	0	0	4	0	9.604534	-10.128803	0	0	1340.000000	-9.984145	10.157719
569	569	0	0	0	4	0	0.745997	0.095493	0	0	1352.000000	-9.984145	10.157719
570	570	0	0	0	4	0	-7.421584	8.729119	0	0	1271.000000	-9.984145	10.157719
571	571	0	0	0	4	0	-8.063246	8.478226	0	0	1271.000000	-9.984145	10.157719
572	572	0	0	0	4	0	-8.440272	8.691216	0	0	1219.000000	-9.984145	10.157719
573	573	0	0	0	4	0	-8.463629	8.909788	0	0	1221.000000	-9.984145	10.157719
574	574	0	0	0	4	0	-9.430382	9.621941	0	0	1237.000000	-9.984145	10.157719
575	575	0	0	0	4	0	-9.479742	9.668347	0	0	1223.000000	-9.984145	10.157719
576	576	0	0	0	4	0	-9.720539	9.839358	0	0	1161.000000	-9.984145	10.157719
577	577	0	0	0	4	0	-9.688644	9.937827	0	0	1147.000000	-9.984145	10.157719
578	578	0	0	0	4	0	-9.621941	9.859636	0	0	1129.000000	-9.984145	10.157719
579	579	0	0	0	4	0	-9.665446	9.717639	0	0	1109.000000	-9.984145	10.157719
580	580	0	0	0	4	0	-11.393121	10.371533	0	0	1034.000000	-9.984145	10.157719
581	581	0	0	0	4	0	-11.209469	10.310886	0	0	1029.000000	-9.984145	10.157719
582	582	0	0	0	4	0	-11.206598	10.241546	0	0	1018.000000	-9.984145	10.157719
583	583	0	0	0	4	0	-11.220955	10.163502	0	0	1015.000000	-9.984145	10.157719
584	584	0	0	0	4	0	-10.293554	10.270441	0	0	967.000000	-9.984145	10.157719
585	585	0	0	0	4	0	-10.149045	10.212645	0	0	978.000000	-9.984145	-10.157719
586	586	0	0	0	4	0	-10.102774	10.065169	0	0	983.000000	-9.984145	-10.157719
587	587	0	0	0	4	0	-10.140371	10.044918	0	0	984.000000	-9.984145	-10.157719
588	588	0	0	0	4	0	-10.284887	10.287776	0	0	940.000000	-9.984145	-10.157719
589	589	0	0	0	4	0	-10.221315	8.449030	0	0	958.000000	-9.984145	-10.157719
590	590	0	0	0	4	0	-10.567757	-6.936892	0	0	1004.000000	-9.984145	-10.157719
591	591	0	0	0	4	0	-10.440817	-9.473937	0	0	1046.000000	-9.984145	-10.157719
592	592	0	0	0	4	0	-10.599474	-9.792999	0	0	992.000000	-9.984145	-10.157719
593	593	0	0	0	4	0	-10.654244	-9.607435	0	0	975.000000	-9.984145	-10.157719
594	594	0	0	0	4	0	-10.801164	-9.163005	0	0	983.000000	-9.984145	-10.157719
595	595	0	0	0	4	0	-9.929141	-9.856738	0	0	1056.000000	-9.984145	-10.157719
596	596	0	0	0	4	0	-10.114343	-10.229987	0	0	1017.000000	-9.984145	-10.157719
597	597	0	0	0	4	0	-10.322440	-10.091205	0	0	993.000000	-9.984145	-10.157719
598	598	0	0	0	4	0	-10.458134	-9.537796	0	0	1013.000000	-9.984145	-10.157719
599	599	0	0	0	4	0	-10.050704	-9.897288	0	0	1088.000000	-9.984145	-10.157719
600	600	0	0	0	4	0	-10.149045	-10.296443	0	0	1041.000000	-9.984145	-10.157719
601	601	0	0	0	4	0	-10.596591	-9.972566	0	0	1006.000000	-9.984145	-10.157719
602	602	0	0	0	4	0	-10.599474	-9.665446	0	0	1024.000000	-9.984145	-10.157719
603	603	0	0	0	4	0	-10.004404	-9.987039	0	0	1102.000000	-9.984145	-10.157719
604	604	0	0	0	4	0	-10.229987	-10.362871	0	0	1054.000000	-9.984145	-10.157719
605	605	0	0	0	4	0	-10.359984	-10.140371	0	0	1033.000000	9.984145	-10.157719
606	606	0	0	0	4	0	-10.556220	-9.717639	0	0	1036.000000	9.984145	-10.157719
607	607	0	0	0	4	0	-9.984144	-9.995723	0	0	1117.000000	9.984145	-10.157719
608	608	0	0	0	4	0	-10.201083	-10.307998	0	0	1074.000000	9.984145	-10.157719
609	609	0	0	0	4	0	0.101461	-9.412955	0	0	1130.000000	9.984145	-10.157719
610	610	0	0	0	4	0	8.988409	-10.536031	0	0	1183.000000	9.984145	-10.157719
611	611	0	0	0	4	0	8.810733	-10.970948	0	0	1240.000000	9.984145	-10.157719
612	612	0	0	0	4	0	8.737865	-11.180753	0	0	1243.000000	9.984145	-10.157719
613	613	0	0	0	4	0	10.510069	-10.559105	0	0	1246.000000	9.984145	-10.157719
614	614	0	0	0	4	0	10.001511	-10.357098	0	0	1239.000000	9.984145	-10.157719
615	615	0	0	0	4	0	9.798795	-10.515841	0	0	1298.000000	9.984145	-10.157719
616	616	0	0	0	4	0	9.679947	-10.726282	0	0	1308.000000	9.984145	-10.157719
617	617	0	0	0	4	0	9.752425	-10.564871	0	0	1279.000000	9.984145	-10.157719
618	618	0	0	0	4	0	9.958093	-10.244436	0	0	1235.000000	9.984145	-10.157719
619	619	0	0	0	4	0	10.186629	-10.388858	0	0	1260.000000	9.984145	-10.157719
620	620	0	0	0	4	0	10.284887	-10.267551	0	0	1234.000000	9.984145	-10.157719
621	621	0	0	0	4	0	10.281998	-10.195301	0	0	1207.000000	9.984145	-10.157719
622	622	0	0	0	4	0	10.576407	-9.903081	0	0	1168.000000	9.984145	-10.157719
623	623	0	0	0	4	0	10.348433	-9.987039	0	0	1218.000000	9.984145	-10.157719
624	624	0	0	0	4	0	10.209755	-10.250216	0	0	1197.000000	9.984145	-10.157719
625	625	0	0	0	4	0	10.296444	-10.062278	0	0	1162.000000	9.984145	10.157719
626	626	0	0	0	4	0	10.608124	-9.697343	0	0	1131.000000	9.984145	10.157719
627	627	0	0	0	4	0	10.267551	-9.746627	0	0	1180.000000	9.984145	10.157719
628	628	0	0	0	4	0	10.151937	-10.102774	0	0	1191.000000	9.984145	10.157719
629	629	0	0	0	4	0	11.192239	-1.074170	0	0	1183.000000	9.984145	10.157719
630	630	0	0	0	4	0	10.307998	8.405230	0	0	1161.000000	9.984145	10.157719
631	631	0	0	0	4	0	9.726336	8.045693	0	0	1201.000000	9.984145	10.157719
632	632	0	0	0	4	0	9.836461	9.572619	0	0	1180.000000	9.984145	10.157719
633	633	0	0	0	4	0	10.033343	10.651363	0	0	1185.000000	9.984145	10.157719
634	634	0	0	0	4	0	9.827769	10.345545	0	0	1239.000000	9.984145	10.157719
635	635	0	0	0	4	0	9.798795	10.091205	0	0	1270.000000	9.984145	10.157719
636	636	0	0	0	4	0	9.987040	10.195302	0	0	1221.000000	9.984145	10.157719
637	637	0	0	0	4	0	9.934932	10.466791	0	0	1193.000000	9.984145	10.157719
638	638	0	0	0	4	0	9.764018	10.305108	0	0	1205.000000	9.984145	10.157719
639	639	0	0	0	4	0	9.691545	10.140370	0	0	1208.000000	9.984145	10.157719
640	640	0	0	0	4	0	9.877015	10.241546	0	0	1145.000000	9.984145	10.157719
641	641	0	0	0	4	0	9.755323	10.510069	0	0	1137.000000	9.984145	10.157719
642	642	0	0	0	4	0	9.729235	10.281998	0	0	1168.000000	9.984145	10.157719
643	643	0	0	0	4	0	9.639344	10.114343	0	0	1186.000000	9.984145	10.157719
644	644	0	0	0	4	0	9.813284	10.302220	0	0	1136.000000	9.984145	10.157719
645	645	0	0	0	4	0	9.645144	10.536032	0	0	1135.000000	-9.984145	10.157719
646	646	0	0	0	4	0	9.505869	10.305108	0	0	1174.000000	-9.984145	10.157719
647	647	0	0	0	4	0	9.433285	10.070955	0	0	1201.000000	-9.984145	10.157719
648	648	0	0	0	4	0	9.566816	10.206864	0	0	1164.000000	-9.984145	10.157719
649	649	0	0	0	4	0	-5.024335	9.995723	0	0	1173.000000	-9.984145	10.157719
650	650	0	0	0	4	0	-9.261864	9.746627	0	0	1196.000000	-9.984145	10.157719
651	651	0	0	0	4	0	-9.302556	9.587128	0	0	1217.000000	-9.984145	10.157719
652	652	0	0	0	4	0	-9.502967	9.766917	0	0	1193.000000	-9.984145	10.157719
653	653	0	0	0	4	0	-9.479742	9.905975	0	0	1217.000000	-9.984145	10.157719
654	654	0	0	0	4	0	-9.378099	9.764018	0	0	1245.000000	-9.984145	10.157719
655	655	0	0	0	4	0	-9.349048	9.587128	0	0	1268.000000	-9.984145	10.157719
656	656	0	0	0	4	0	-10.521608	9.674146	0	0	1207.000000	-9.984145	10.157719
657	657	0	0	0	4	0	-10.527376	9.735034	0	0	1197.000000	-9.984145	10.157719
658	658	0	0	0	4	0	-10.524493	9.674146	0	0	1198.000000	-9.984145	10.157719
659	659	0	0	0	4	0	-10.521608	9.549405	0	0	1179.000000	-9.984145	10.157719
660	660	0	0	0	4	0	-10.766606	9.706042	0	0	1120.000000	-9.984145	10.157719
661	661	0	0	0	4	0	-10.662891	9.752425	0	0	1124.000000	-9.984145	10.157719
662	662	0	0	0	4	0	-10.596591	9.630642	0	0	1129.000000	-9.984145	10.157719
663	663	0	0	0	4	0	-10.570639	9.546503	0	0	1135.000000	-9.984145	10.157719
664	664	0	0	0	4	0	-10.781005	9.703142	0	0	1087.000000	-9.984145	10.157719
665	665	0	0	0	4	0	-10.755087	9.737932	0	0	1101.000000	0.000000	0.000000
666	666	0	0	0	4	0	-10.611007	9.604534	0	0	1125.000000	0.000000	0.000000
667	667	0	0	0	4	0	-10.613890	9.462322	0	0	1133.000000	0.000000	0.000000
668	668	0	0	0	4	0	-10.192412	9.662546	0	0	1104.000000	0.000000	0.000000
669	669	0	0	0	4	0	-9.827769	9.334520	0	0	1127.000000	0.000000	0.000000
670	670	0	0	0	4	0	1.864439	-0.590841	0	0	1214.000000	0.000000	0.000000
671	671	0	0	0	4	0	0.841472	-1.444025	0	0	1267.000000	0.000000	0.000000
672	672	0	0	0	4	0	0.838488	-1.855496	0	0	1303.000000	0.000000	0.000000
673	673	0	0	0	4	0	0.346158	-0.993624	0	0	1276.000000	0.000000	0.000000
674	674	0	0	0	4	0	0.086540	0.411806	0	0	1224.000000	0.000000	0.000000
675	675	0	0	0	4	0	0.125335	0.131302	0	0	1280.000000	0.000000	0.000000
676	676	0	0	0	4	0	0.196954	-0.370030	0	0	1299.000000	0.000000	0.000000
677	677	0	0	0	4	0	0.086540	-0.384950	0	0	1249.000000	0.000000	0.000000
678	678	0	0	0	4	0	0.000000	0.423743	0	0	1154.000000	0.000000	0.000000
679	679	0	0	0	4	0	0.014921	0.110414	0	0	1174.000000	0.000000	0.000000
680	680	0	0	0	4	0	0.089525	-0.295429	0	0	1182.000000	0.000000	0.000000
681	681	0	0	0	4	0	0.029842	-0.214859	0	0	1136.000000	0.000000	0.000000
682	682	0	0	0	4	0	0.095493	0.662453	0	0	1067.000000	0.000000	0.000000
683	683	0	0	0	4	0	0.307365	0.089525	0	0	1118.000000	0.000000	0.000000
684	684	0	0	0	4	0	0.277524	-0.328253	0	0	1133.000000	0.000000	0.000000
685	685	0	0	0	4	0	0.295429	-0.268572	0	0	1104.000000	0.000000	0.000000
686	686	0	0	0	4	0	0.032826	0.719144	0	0	1037.000000	0.000000	0.000000
687	687	0	0	0	4	0	0.065652	0.077588	0	0	1113.000000	0.000000	0.000000
688	688	0	0	0	4	0	-0.226794	-0.232762	0	0	1112.000000	0.000000	0.000000
689	689	0	0	0	4	0	-0.250668	-0.131302	0	0	1098.000000	0.000000	0.000000
690	690	0	0	0	4	0	-0.411806	0.814619	0	0	1042.000000	0.000000	0.000000
691	691	0	0	0	4	0	-0.220827	0.143239	0	0	1127.000000	0.000000	0.000000
692	692	0	0	0	4	0	-0.167111	-0.295429	0	0	1148.000000	0.000000	0.000000
693	693	0	0	0	4	0	0.250667	-0.367046	0	0	1125.000000	0.000000	0.000000
694	694	0	0	0	4	0	-0.014921	0.438663	0	0	1089.000000	0.000000	0.000000
695	695	0	0	0	4	0	0.182033	-0.044762	0	0	1176.000000	0.000000	0.000000
696	696	0	0	0	4	0	0.220826	-0.546084	0	0	1217.000000	0.000000	0.000000
697	697	0	0	0	4	0	0.205906	-0.426726	0	0	1198.000000	0.000000	0.000000
698	698	0	0	0	4	0	0.074604	0.217842	0	0	1167.000000	0.000000	0.000000
699	699	0	0	0	4	0	0.122350	-0.008952	0	0	1232.000000	0.000000	0.000000
700	700	0	0	0	4	0	0.134287	-0.501325	0	0	1267.000000	0.000000	0.000000
701	701	0	0	0	4	0	0.113397	-0.465518	0	0	1242.000000	0.000000	0.000000
702	702	0	0	0	4	0	-0.038794	0.232762	0	0	1186.000000	0.000000	0.000000
703	703	0	0	0	4	0	0.068635	-0.095493	0	0	1228.000000	0.000000	0.000000
704	704	0	0	0	4	0	0.089525	-0.474470	0	0	1239.000000	0.000000	0.000000
