Version	1.08	gmtime	1440675019
index	timestamp	eyeroihoriz	eyeroivert	eyeroizoomx	eyeroizoomy	blendmode	blendfactor	onlinecalib	eye_valid	eye_x	eye_y	eye_w	eye_h	eye_a	field_x	field_y	displaymode	displayeyedetection	event
9083	10597545	0	0	0	0	1	128	0	1	394	252	58	59	3448	0	0	0	1	
9084	10597578	0	0	0	0	1	128	0	1	394	252	58	59	3403	0	0	0	1	
9085	10597612	0	0	0	0	1	128	0	1	394	252	57	58	3348	0	0	0	1	
9086	10597645	0	0	0	0	1	128	0	1	394	252	57	58	3286	0	0	0	1	
9087	10597678	0	0	0	0	1	128	0	1	394	252	56	58	3261	0	0	0	1	
9088	10597712	0	0	0	0	1	128	0	1	394	252	56	58	3246	0	0	0	1	
9089	10597745	0	0	0	0	1	128	0	1	394	252	56	58	3242	0	0	0	1	
9090	10597779	0	0	0	0	1	128	0	1	394	252	56	58	3244	0	0	0	1	
9091	10597812	0	0	0	0	1	128	0	1	394	252	56	58	3244	0	0	0	1	
9092	10597845	0	0	0	0	1	128	0	1	394	252	56	58	3265	0	0	0	1	
9093	10597879	0	0	0	0	1	128	0	1	394	252	56	58	3271	0	0	0	1	
9094	10597912	0	0	0	0	1	128	0	1	394	252	57	58	3288	0	0	0	1	
9095	10597945	0	0	0	0	1	128	0	1	394	252	57	58	3301	0	0	0	1	
9096	10597979	0	0	0	0	1	128	0	1	394	252	57	58	3307	0	0	0	1	
9097	10598012	0	0	0	0	1	128	0	1	394	250	57	58	3310	0	0	0	1	
9098	10598045	0	0	0	0	1	128	0	1	394	250	57	59	3331	0	0	0	1	
9099	10598079	0	0	0	0	1	128	0	1	394	250	57	59	3346	0	0	0	1	
9100	10598112	0	0	0	0	1	128	0	1	392	250	57	59	3349	0	0	0	1	
9101	10598146	0	0	0	0	1	128	0	1	392	250	57	59	3369	0	0	0	1	
9102	10598179	0	0	0	0	1	128	0	1	394	250	57	59	3381	0	0	0	1	
9103	10598212	0	0	0	0	1	128	0	1	400	246	57	59	3377	0	0	0	1	
9104	10598246	0	0	0	0	1	128	0	1	400	246	57	59	3382	0	0	0	1	
9105	10598279	0	0	0	0	1	128	0	1	398	246	57	59	3392	0	0	0	1	
9106	10598312	0	0	0	0	1	128	0	1	398	246	57	59	3395	0	0	0	1	
9107	10598346	0	0	0	0	1	128	0	1	398	246	57	59	3394	0	0	0	1	
9108	10598379	0	0	0	0	1	128	0	1	398	246	57	59	3374	0	0	0	1	
9109	10598413	0	0	0	0	1	128	0	1	404	244	56	59	3311	0	0	0	1	
9110	10598446	0	0	0	0	1	128	0	1	404	244	56	58	3296	0	0	0	1	
9111	10598479	0	0	0	0	1	128	0	1	404	244	56	58	3277	0	0	0	1	
9112	10598513	0	0	0	0	1	128	0	1	404	244	56	58	3264	0	0	0	1	
9113	10598546	0	0	0	0	1	128	0	1	404	244	56	58	3254	0	0	0	1	
9114	10598579	0	0	0	0	1	128	0	1	404	244	56	58	3258	0	0	0	1	
9115	10598613	0	0	0	0	1	128	0	1	404	244	56	58	3264	0	0	0	1	
9116	10598646	0	0	0	0	1	128	0	1	404	244	56	59	3278	0	0	0	1	
9117	10598679	0	0	0	0	1	128	0	1	404	244	56	58	3284	0	0	0	1	
9118	10598713	0	0	0	0	1	128	0	1	404	244	56	59	3299	0	0	0	1	
9119	10598746	0	0	0	0	1	128	0	1	404	244	56	59	3310	0	0	0	1	
9120	10598779	0	0	0	0	1	128	0	1	404	244	57	59	3334	0	0	0	1	
9121	10598813	0	0	0	0	1	128	0	1	404	244	57	59	3339	0	0	0	1	
9122	10598846	0	0	0	0	1	128	0	1	404	244	57	59	3356	0	0	0	1	
9123	10598880	0	0	0	0	1	128	0	1	400	244	57	59	3356	0	0	0	1	
9124	10598913	0	0	0	0	1	128	0	1	396	246	58	59	3416	0	0	0	1	
9125	10598946	0	0	0	0	1	128	0	1	396	246	58	60	3427	0	0	0	1	
9126	10598980	0	0	0	0	1	128	0	1	396	246	58	59	3442	0	0	0	1	
9127	10599013	0	0	0	0	1	128	0	1	396	246	58	60	3449	0	0	0	1	
9128	10599046	0	0	0	0	1	128	0	1	394	246	58	60	3463	0	0	0	1	
9129	10599080	0	0	0	0	1	128	0	1	394	246	58	60	3473	0	0	0	1	
9130	10599113	0	0	0	0	1	128	0	1	394	244	58	60	3473	0	0	0	1	
9131	10599147	0	0	0	0	1	128	0	1	394	244	58	60	3474	0	0	0	1	
9132	10599180	0	0	0	0	1	128	0	1	394	244	58	60	3474	0	0	0	1	
9133	10599213	0	0	0	0	1	128	0	1	394	244	58	60	3473	0	0	0	1	
9134	10599247	0	0	0	0	1	128	0	1	394	244	58	60	3473	0	0	0	1	
9135	10599280	0	0	0	0	1	128	0	1	394	246	58	60	3462	0	0	0	1	
9136	10599313	0	0	0	0	1	128	0	1	392	246	58	60	3474	0	0	0	1	
9137	10599347	0	0	0	0	1	128	0	1	390	246	58	60	3474	0	0	0	1	
9138	10599380	0	0	0	0	1	128	0	1	390	246	58	60	3465	0	0	0	1	
9139	10599414	0	0	0	0	1	128	0	1	390	246	58	60	3455	0	0	0	1	
9140	10599447	0	0	0	0	1	128	0	1	390	246	58	60	3437	0	0	0	1	
9141	10599480	0	0	0	0	1	128	0	1	390	246	58	59	3432	0	0	0	1	
9142	10599514	0	0	0	0	1	128	0	1	390	246	58	59	3425	0	0	0	1	
9143	10599547	0	0	0	0	1	128	0	1	390	246	58	59	3416	0	0	0	1	
9144	10599580	0	0	0	0	1	128	0	1	390	246	57	59	3401	0	0	0	1	
9145	10599614	0	0	0	0	1	128	0	1	390	246	57	59	3394	0	0	0	1	
9146	10599647	0	0	0	0	1	128	0	1	390	246	57	59	3394	0	0	0	1	
9147	10599681	0	0	0	0	1	128	0	1	390	246	57	59	3392	0	0	0	1	
9148	10599714	0	0	0	0	1	128	0	1	400	252	54	58	3165	0	0	0	1	
9149	10599747	0	0	0	0	1	128	0	1	438	276	49	58	2816	0	0	0	1	
9150	10599781	0	0	0	0	1	128	0	1	472	286	46	57	2605	0	0	0	1	
9151	10599814	0	0	0	0	1	128	0	1	476	286	45	57	2575	0	0	0	1	
9152	10599847	0	0	0	0	1	128	0	1	478	286	44	56	2501	0	0	0	1	
9153	10599881	0	0	0	0	1	128	0	1	478	286	44	56	2467	0	0	0	1	
9154	10599914	0	0	0	0	1	128	0	1	478	284	44	56	2443	0	0	0	1	
9155	10599947	0	0	0	0	1	128	0	1	478	286	44	56	2444	0	0	0	1	
9156	10599981	0	0	0	0	1	128	0	1	478	286	44	55	2430	0	0	0	1	
9157	10600014	0	0	0	0	1	128	0	1	478	286	44	55	2438	0	0	0	1	
9158	10600048	0	0	0	0	1	128	0	1	478	286	44	56	2463	0	0	0	1	
9159	10600081	0	0	0	0	1	128	0	1	478	286	44	56	2482	0	0	0	1	
9160	10600114	0	0	0	0	1	128	0	1	478	286	45	56	2530	0	0	0	1	
9161	10600148	0	0	0	0	1	128	0	1	478	286	45	57	2572	0	0	0	1	
9162	10600181	0	0	0	0	1	128	0	1	478	286	46	57	2618	0	0	0	1	
9163	10600214	0	0	0	0	1	128	0	1	476	286	46	58	2648	0	0	0	1	
9164	10600248	0	0	0	0	1	128	0	1	476	286	45	58	2639	0	0	0	1	
9165	10600281	0	0	0	0	1	128	0	1	434	244	156	174	27052	0	0	0	1	
9166	10600314	0	0	0	0	1	128	0	1	462	202	51	62	3156	0	0	0	1	
9167	10600348	0	0	0	0	1	128	0	1	450	174	52	62	3216	0	0	0	1	
9168	10600381	0	0	0	0	1	128	0	1	444	170	52	62	3223	0	0	0	1	
9169	10600415	0	0	0	0	1	128	0	1	442	170	53	62	3266	0	0	0	1	
9170	10600448	0	0	0	0	1	128	0	1	442	170	53	62	3288	0	0	0	1	
9171	10600481	0	0	0	0	1	128	0	1	440	170	53	62	3309	0	0	0	1	
9172	10600515	0	0	0	0	1	128	0	1	442	168	53	63	3345	0	0	0	1	
9173	10600548	0	0	0	0	1	128	0	1	446	164	53	63	3286	0	0	0	1	
9174	10600581	0	0	0	0	1	128	0	1	446	164	52	62	3255	0	0	0	1	
9175	10600615	0	0	0	0	1	128	0	1	446	164	52	62	3237	0	0	0	1	
9176	10600648	0	0	0	0	1	128	0	1	446	164	52	62	3199	0	0	0	1	
9177	10600682	0	0	0	0	1	128	0	1	446	164	51	62	3167	0	0	0	1	
9178	10600715	0	0	0	0	1	128	0	1	446	164	51	62	3163	0	0	0	1	
9179	10600748	0	0	0	0	1	128	0	1	446	164	51	62	3149	0	0	0	1	
9180	10600782	0	0	0	0	1	128	0	1	446	164	51	62	3144	0	0	0	1	
9181	10600815	0	0	0	0	1	128	0	1	446	164	51	62	3151	0	0	0	1	
9182	10600848	0	0	0	0	1	128	0	1	446	164	51	62	3151	0	0	0	1	
9183	10600882	0	0	0	0	1	128	0	1	446	164	51	62	3134	0	0	0	1	
9184	10600915	0	0	0	0	1	128	0	1	446	164	51	61	3108	0	0	0	1	
9185	10600948	0	0	0	0	1	128	0	1	446	164	50	61	3076	0	0	0	1	
9186	10600982	0	0	0	0	1	128	0	1	446	164	50	61	3054	0	0	0	1	
9187	10601015	0	0	0	0	1	128	0	1	446	164	50	60	3021	0	0	0	1	
9188	10601049	0	0	0	0	1	128	0	1	446	164	50	60	2981	0	0	0	1	
9189	10601082	0	0	0	0	1	128	0	1	446	164	50	60	2965	0	0	0	1	
9190	10601115	0	0	0	0	1	128	0	1	446	166	49	59	2923	0	0	0	1	
9191	10601149	0	0	0	0	1	128	0	1	424	256	63	101	6372	0	0	0	1	
9192	10601182	0	0	0	0	1	128	0	0	0	0	0	0	0	0	0	0	1	
9193	10601215	0	0	0	0	1	128	0	1	344	300	52	56	2878	0	0	0	1	
9194	10601249	0	0	0	0	1	128	0	1	344	304	53	56	2959	0	0	0	1	
9195	10601282	0	0	0	0	1	128	0	1	342	304	52	56	2938	0	0	0	1	
9196	10601316	0	0	0	0	1	128	0	1	342	306	52	56	2948	0	0	0	1	
9197	10601349	0	0	0	0	1	128	0	1	336	322	49	56	2718	0	0	0	1	
9198	10601382	0	0	0	0	1	128	0	1	334	324	50	55	2753	0	0	0	1	
9199	10601416	0	0	0	0	1	128	0	1	334	326	49	55	2702	0	0	0	1	
9200	10601449	0	0	0	0	1	128	0	1	334	326	49	55	2694	0	0	0	1	
9201	10601482	0	0	0	0	1	128	0	1	334	326	49	55	2688	0	0	0	1	
9202	10601516	0	0	0	0	1	128	0	1	334	326	49	55	2671	0	0	0	1	
9203	10601549	0	0	0	0	1	128	0	1	334	328	49	54	2654	0	0	0	1	
9204	10601582	0	0	0	0	1	128	0	1	334	328	49	54	2643	0	0	0	1	
9205	10601616	0	0	0	0	1	128	0	1	334	328	49	55	2646	0	0	0	1	
9206	10601649	0	0	0	0	1	128	0	1	334	328	49	54	2643	0	0	0	1	
9207	10601683	0	0	0	0	1	128	0	1	332	328	49	55	2675	0	0	0	1	
9208	10601716	0	0	0	0	1	128	0	1	332	328	49	55	2683	0	0	0	1	
9209	10601749	0	0	0	0	1	128	0	1	332	328	49	55	2693	0	0	0	1	
9210	10601783	0	0	0	0	1	128	0	1	334	328	50	55	2704	0	0	0	1	
9211	10601816	0	0	0	0	1	128	0	0	0	0	0	0	0	0	0	0	1	
9212	10601849	0	0	0	0	1	128	0	1	466	288	42	54	2294	0	0	0	1	
9213	10601883	0	0	0	0	1	128	0	1	476	284	43	54	2313	0	0	0	1	
9214	10601916	0	0	0	0	1	128	0	1	476	284	42	54	2293	0	0	0	1	
9215	10601950	0	0	0	0	1	128	0	1	476	284	42	54	2297	0	0	0	1	
9216	10601983	0	0	0	0	1	128	0	1	476	284	43	54	2300	0	0	0	1	
9217	10602016	0	0	0	0	1	128	0	1	476	284	43	54	2304	0	0	0	1	
9218	10602050	0	0	0	0	1	128	0	1	478	284	42	54	2290	0	0	0	1	
9219	10602083	0	0	0	0	1	128	0	1	478	284	43	54	2288	0	0	0	1	
9220	10602116	0	0	0	0	1	128	0	1	478	284	43	54	2295	0	0	0	1	
9221	10602150	0	0	0	0	1	128	0	1	478	284	43	54	2300	0	0	0	1	
9222	10602183	0	0	0	0	1	128	0	1	478	284	43	54	2322	0	0	0	1	
9223	10602216	0	0	0	0	1	128	0	1	476	284	43	54	2337	0	0	0	1	
9224	10602250	0	0	0	0	1	128	0	1	476	282	43	55	2360	0	0	0	1	
9225	10602283	0	0	0	0	1	128	0	1	476	282	43	55	2377	0	0	0	1	
9226	10602317	0	0	0	0	1	128	0	1	476	282	44	55	2394	0	0	0	1	
9227	10602350	0	0	0	0	1	128	0	1	476	282	44	55	2400	0	0	0	1	
9228	10602383	0	0	0	0	1	128	0	1	476	282	44	55	2409	0	0	0	1	
9229	10602417	0	0	0	0	1	128	0	1	474	282	45	55	2513	0	0	0	1	
9230	10602450	0	0	0	0	1	128	0	1	476	282	44	55	2425	0	0	0	1	
9231	10602483	0	0	0	0	1	128	0	1	464	268	57	65	3758	0	0	0	1	
9232	10602517	0	0	0	0	1	128	0	1	472	216	47	59	2782	0	0	0	1	
9233	10602550	0	0	0	0	1	128	0	1	456	188	49	59	2886	0	0	0	1	
9234	10602583	0	0	0	0	1	128	0	1	454	180	49	58	2857	0	0	0	1	
9235	10602617	0	0	0	0	1	128	0	1	452	180	49	59	2885	0	0	0	1	
9236	10602650	0	0	0	0	1	128	0	1	450	180	50	58	2895	0	0	0	1	
9237	10602684	0	0	0	0	1	128	0	1	450	180	50	59	2915	0	0	0	1	
9238	10602717	0	0	0	0	1	128	0	1	450	164	49	60	2933	0	0	0	1	
9239	10602750	0	0	0	0	1	128	0	1	448	162	49	59	2908	0	0	0	1	
9240	10602784	0	0	0	0	1	128	0	1	448	162	49	59	2901	0	0	0	1	
9241	10602817	0	0	0	0	1	128	0	1	448	162	49	59	2886	0	0	0	1	
9242	10602850	0	0	0	0	1	128	0	1	450	172	45	48	2161	0	0	0	1	
9243	10602884	0	0	0	0	1	128	0	0	0	0	0	0	0	0	0	0	1	
9244	10602917	0	0	0	0	1	128	0	1	302	198	56	59	3263	0	0	0	1	
9245	10602951	0	0	0	0	1	128	0	1	302	202	57	59	3385	0	0	0	1	
9246	10602984	0	0	0	0	1	128	0	1	302	202	57	60	3418	0	0	0	1	
9247	10603017	0	0	0	0	1	128	0	1	300	202	58	60	3448	0	0	0	1	
9248	10603051	0	0	0	0	1	128	0	1	300	202	58	60	3479	0	0	0	1	
9249	10603084	0	0	0	0	1	128	0	1	298	202	58	60	3493	0	0	0	1	
9250	10603117	0	0	0	0	1	128	0	1	298	202	58	60	3493	0	0	0	1	
9251	10603151	0	0	0	0	1	128	0	1	300	196	58	61	3501	0	0	0	1	
9252	10603184	0	0	0	0	1	128	0	1	300	196	58	60	3455	0	0	0	1	
9253	10603218	0	0	0	0	1	128	0	1	300	196	57	60	3416	0	0	0	1	
9254	10603251	0	0	0	0	1	128	0	1	298	196	57	59	3355	0	0	0	1	
9255	10603284	0	0	0	0	1	128	0	1	298	196	56	59	3320	0	0	0	1	
9256	10603318	0	0	0	0	1	128	0	1	298	196	56	59	3285	0	0	0	1	
9257	10603351	0	0	0	0	1	128	0	1	298	196	56	58	3265	0	0	0	1	
9258	10603384	0	0	0	0	1	128	0	1	298	196	56	58	3251	0	0	0	1	
9259	10603418	0	0	0	0	1	128	0	1	298	196	56	58	3242	0	0	0	1	
9260	10603451	0	0	0	0	1	128	0	1	298	196	56	58	3228	0	0	0	1	
9261	10603484	0	0	0	0	1	128	0	1	298	196	55	58	3219	0	0	0	1	
9262	10603518	0	0	0	0	1	128	0	1	298	196	55	58	3207	0	0	0	1	
9263	10603551	0	0	0	0	1	128	0	1	298	196	55	58	3198	0	0	0	1	
9264	10603585	0	0	0	0	1	128	0	1	298	196	55	58	3183	0	0	0	1	
9265	10603618	0	0	0	0	1	128	0	1	298	196	55	58	3172	0	0	0	1	
9266	10603651	0	0	0	0	1	128	0	0	0	0	0	0	0	0	0	0	1	
9267	10603685	0	0	0	0	1	128	0	0	0	0	0	0	0	0	0	0	1	
9268	10603718	0	0	0	0	1	128	0	1	452	268	45	55	2469	0	0	0	1	
9269	10603751	0	0	0	0	1	128	0	1	468	274	44	53	2330	0	0	0	1	
9270	10603785	0	0	0	0	1	128	0	1	470	274	43	53	2302	0	0	0	1	
9271	10603818	0	0	0	0	1	128	0	1	470	274	43	53	2283	0	0	0	1	
9272	10603852	0	0	0	0	1	128	0	1	470	274	43	53	2282	0	0	0	1	
9273	10603885	0	0	0	0	1	128	0	1	478	282	41	53	2189	0	0	0	1	
9274	10603918	0	0	0	0	1	128	0	1	478	282	41	53	2199	0	0	0	1	
9275	10603952	0	0	0	0	1	128	0	1	478	282	42	53	2199	0	0	0	1	
9276	10603985	0	0	0	0	1	128	0	1	478	282	42	53	2219	0	0	0	1	
9277	10604018	0	0	0	0	1	128	0	1	478	282	42	53	2240	0	0	0	1	
9278	10604052	0	0	0	0	1	128	0	1	478	282	42	54	2257	0	0	0	1	
9279	10604085	0	0	0	0	1	128	0	1	478	282	42	54	2278	0	0	0	1	
9280	10604118	0	0	0	0	1	128	0	1	478	282	43	54	2307	0	0	0	1	
9281	10604152	0	0	0	0	1	128	0	1	478	282	43	54	2345	0	0	0	1	
9282	10604185	0	0	0	0	1	128	0	1	478	282	43	55	2370	0	0	0	1	
9283	10604219	0	0	0	0	1	128	0	1	476	284	44	54	2384	0	0	0	1	
9284	10604252	0	0	0	0	1	128	0	1	370	326	93	142	13201	0	0	0	1	
9285	10604285	0	0	0	0	1	128	0	1	348	322	50	56	2796	0	0	0	1	
9286	10604319	0	0	0	0	1	128	0	1	344	322	51	57	2881	0	0	0	1	
9287	10604352	0	0	0	0	1	128	0	1	342	322	51	57	2921	0	0	0	1	
9288	10604385	0	0	0	0	1	128	0	1	342	322	51	57	2933	0	0	0	1	
9289	10604419	0	0	0	0	1	128	0	1	342	322	51	57	2934	0	0	0	1	
9290	10604452	0	0	0	0	1	128	0	1	332	322	51	57	2937	0	0	0	1	
9291	10604486	0	0	0	0	1	128	0	1	330	324	51	57	2906	0	0	0	1	
9292	10604519	0	0	0	0	1	128	0	1	330	324	51	57	2898	0	0	0	1	
9293	10604552	0	0	0	0	1	128	0	1	330	324	51	57	2867	0	0	0	1	
9294	10604586	0	0	0	0	1	128	0	1	330	324	50	56	2838	0	0	0	1	
9295	10604619	0	0	0	0	1	128	0	1	330	324	50	56	2817	0	0	0	1	
9296	10604652	0	0	0	0	1	128	0	1	330	326	50	56	2807	0	0	0	1	
9297	10604686	0	0	0	0	1	128	0	1	338	326	45	59	2655	0	0	0	1	
9298	10604719	0	0	0	0	1	128	0	1	388	272	54	55	2974	0	0	0	1	
9299	10604752	0	0	0	0	1	128	0	1	386	272	54	55	2950	0	0	0	1	
9300	10604786	0	0	0	0	1	128	0	1	384	272	54	55	2938	0	0	0	1	
9301	10604819	0	0	0	0	1	128	0	1	386	268	53	56	2998	0	0	0	1	
9302	10604853	0	0	0	0	1	128	0	1	396	236	54	55	2968	0	0	0	1	
9303	10604886	0	0	0	0	1	128	0	1	396	234	53	55	2949	0	0	0	1	
9304	10604919	0	0	0	0	1	128	0	1	396	236	53	55	2947	0	0	0	1	
9305	10604953	0	0	0	0	1	128	0	1	394	234	53	55	2961	0	0	0	1	
9306	10604986	0	0	0	0	1	128	0	1	398	240	53	55	2926	0	0	0	1	
9307	10605019	0	0	0	0	1	128	0	1	398	242	54	55	2958	0	0	0	1	
9308	10605053	0	0	0	0	1	128	0	1	398	242	54	56	2991	0	0	0	1	
9309	10605086	0	0	0	0	1	128	0	1	398	242	54	56	3018	0	0	0	1	
9310	10605119	0	0	0	0	1	128	0	1	398	242	54	56	3037	0	0	0	1	
9311	10605153	0	0	0	0	1	128	0	1	398	242	54	56	3058	0	0	0	1	
9312	10605186	0	0	0	0	1	128	0	1	398	242	55	56	3069	0	0	0	1	
9313	10605220	0	0	0	0	1	128	0	1	398	242	55	56	3079	0	0	0	1	
9314	10605253	0	0	0	0	1	128	0	1	400	242	55	56	3084	0	0	0	1	
9315	10605286	0	0	0	0	1	128	0	1	398	242	55	56	3078	0	0	0	1	
9316	10605320	0	0	0	0	1	128	0	1	400	242	55	56	3079	0	0	0	1	
9317	10605353	0	0	0	0	1	128	0	1	398	242	55	56	3075	0	0	0	1	
9318	10605386	0	0	0	0	1	128	0	1	398	244	54	56	3028	0	0	0	1	
9319	10605420	0	0	0	0	1	128	0	0	0	0	0	0	0	0	0	0	1	
9320	10605453	0	0	0	0	1	128	0	0	0	0	0	0	0	0	0	0	1	
9321	10605486	0	0	0	0	1	128	0	0	0	0	0	0	0	0	0	0	1	
9322	10605520	0	0	0	0	1	128	0	0	0	0	0	0	0	0	0	0	1	
9323	10605553	0	0	0	0	1	128	0	0	0	0	0	0	0	0	0	0	1	
9324	10605587	0	0	0	0	1	128	0	0	0	0	0	0	0	0	0	0	1	
9325	10605620	0	0	0	0	1	128	0	1	390	228	22	28	615	0	0	0	1	
9326	10605653	0	0	0	0	1	128	0	1	406	242	40	55	2191	0	0	0	1	
9327	10605687	0	0	0	0	1	128	0	1	390	236	37	49	1833	0	0	0	1	
9328	10605720	0	0	0	0	1	128	0	1	400	252	55	58	3183	0	0	0	1	
9329	10605753	0	0	0	0	1	128	0	1	396	248	53	55	2913	0	0	0	1	
9330	10605787	0	0	0	0	1	128	0	1	396	248	54	55	2964	0	0	0	1	
9331	10605820	0	0	0	0	1	128	0	1	396	248	54	56	3002	0	0	0	1	
9332	10605854	0	0	0	0	1	128	0	1	396	248	54	56	3052	0	0	0	1	
9333	10605887	0	0	0	0	1	128	0	1	396	246	55	57	3099	0	0	0	1	
9334	10605920	0	0	0	0	1	128	0	1	396	246	55	57	3141	0	0	0	1	
9335	10605954	0	0	0	0	1	128	0	1	396	246	56	57	3191	0	0	0	1	
9336	10605987	0	0	0	0	1	128	0	1	396	246	56	58	3212	0	0	0	1	
9337	10606020	0	0	0	0	1	128	0	1	396	244	56	58	3213	0	0	0	1	
9338	10606054	0	0	0	0	1	128	0	1	396	244	56	58	3204	0	0	0	1	
9339	10606087	0	0	0	0	1	128	0	1	396	244	56	57	3185	0	0	0	1	
9340	10606120	0	0	0	0	1	128	0	1	396	244	55	57	3153	0	0	0	1	
9341	10606154	0	0	0	0	1	128	0	1	396	244	55	57	3118	0	0	0	1	
9342	10606187	0	0	0	0	1	128	0	1	396	244	55	57	3103	0	0	0	1	
9343	10606221	0	0	0	0	1	128	0	1	398	244	55	56	3091	0	0	0	1	
9344	10606254	0	0	0	0	1	128	0	1	396	244	55	56	3069	0	0	0	1	
9345	10606287	0	0	0	0	1	128	0	1	398	244	54	56	3056	0	0	0	1	
9346	10606321	0	0	0	0	1	128	0	1	398	244	54	56	3050	0	0	0	1	
9347	10606354	0	0	0	0	1	128	0	1	398	244	54	56	3035	0	0	0	1	
9348	10606387	0	0	0	0	1	128	0	1	398	244	54	56	3019	0	0	0	1	
9349	10606421	0	0	0	0	1	128	0	1	398	244	54	56	3012	0	0	0	1	
9350	10606454	0	0	0	0	1	128	0	1	398	244	54	56	3003	0	0	0	1	
9351	10606488	0	0	0	0	1	128	0	1	398	244	54	56	2996	0	0	0	1	
9352	10606521	0	0	0	0	1	128	0	1	398	244	54	56	2981	0	0	0	1	
9353	10606554	0	0	0	0	1	128	0	1	398	242	54	56	2988	0	0	0	1	
9354	10606588	0	0	0	0	1	128	0	1	396	244	54	56	3001	0	0	0	1	
9355	10606621	0	0	0	0	1	128	0	1	396	244	54	56	3003	0	0	0	1	
9356	10606654	0	0	0	0	1	128	0	1	396	244	54	56	2998	0	0	0	1	
9357	10606688	0	0	0	0	1	128	0	1	396	244	54	56	2988	0	0	0	1	
9358	10606721	0	0	0	0	1	128	0	1	396	242	54	56	2986	0	0	0	1	
9359	10606754	0	0	0	0	1	128	0	1	376	220	55	56	3083	0	0	0	1	
9360	10606788	0	0	0	0	1	128	0	1	374	222	55	57	3102	0	0	0	1	
9361	10606821	0	0	0	0	1	128	0	1	374	222	55	57	3102	0	0	0	1	
9362	10606855	0	0	0	0	1	128	0	1	372	220	55	57	3106	0	0	0	1	
9363	10606888	0	0	0	0	1	128	0	1	372	220	55	57	3120	0	0	0	1	
9364	10606921	0	0	0	0	1	128	0	1	376	222	55	57	3113	0	0	0	1	
9365	10606955	0	0	0	0	1	128	0	1	376	222	55	57	3154	0	0	0	1	
9366	10606988	0	0	0	0	1	128	0	1	376	222	55	58	3179	0	0	0	1	
9367	10607021	0	0	0	0	1	128	0	1	376	222	55	58	3213	0	0	0	1	
9368	10607055	0	0	0	0	1	128	0	1	376	224	56	58	3235	0	0	0	1	
9369	10607088	0	0	0	0	1	128	0	1	376	224	56	58	3249	0	0	0	1	
9370	10607122	0	0	0	0	1	128	0	1	376	224	56	58	3228	0	0	0	1	
9371	10607155	0	0	0	0	1	128	0	1	376	224	55	58	3203	0	0	0	1	
9372	10607188	0	0	0	0	1	128	0	1	376	224	55	57	3148	0	0	0	1	
9373	10607222	0	0	0	0	1	128	0	1	376	224	55	57	3116	0	0	0	1	
9374	10607255	0	0	0	0	1	128	0	1	376	224	54	57	3069	0	0	0	1	
9375	10607288	0	0	0	0	1	128	0	1	376	224	54	56	3038	0	0	0	1	
9376	10607322	0	0	0	0	1	128	0	1	376	224	54	56	3022	0	0	0	1	
9377	10607355	0	0	0	0	1	128	0	1	376	224	54	56	3015	0	0	0	1	
9378	10607389	0	0	0	0	1	128	0	1	374	228	53	55	2888	0	0	0	1	
9379	10607422	0	0	0	0	1	128	0	1	380	272	49	53	2619	0	0	0	1	
9380	10607455	0	0	0	0	1	128	0	1	382	280	52	53	2770	0	0	0	1	
9381	10607489	0	0	0	0	1	128	0	1	382	280	52	53	2768	0	0	0	1	
9382	10607522	0	0	0	0	1	128	0	1	380	280	52	53	2753	0	0	0	1	
9383	10607555	0	0	0	0	1	128	0	1	380	280	51	53	2737	0	0	0	1	
9384	10607589	0	0	0	0	1	128	0	1	384	278	51	53	2734	0	0	0	1	
9385	10607622	0	0	0	0	1	128	0	1	384	278	51	53	2738	0	0	0	1	
9386	10607655	0	0	0	0	1	128	0	1	384	278	51	53	2737	0	0	0	1	
9387	10607689	0	0	0	0	1	128	0	1	384	278	51	53	2740	0	0	0	1	
9388	10607722	0	0	0	0	1	128	0	1	384	278	51	53	2744	0	0	0	1	
9389	10607756	0	0	0	0	1	128	0	1	384	278	51	54	2734	0	0	0	1	
9390	10607789	0	0	0	0	1	128	0	1	384	278	52	54	2789	0	0	0	1	
9391	10607822	0	0	0	0	1	128	0	1	384	278	52	54	2820	0	0	0	1	
9392	10607856	0	0	0	0	1	128	0	1	384	278	53	55	2869	0	0	0	1	
9393	10607889	0	0	0	0	1	128	0	1	384	278	53	55	2916	0	0	0	1	
9394	10607922	0	0	0	0	1	128	0	1	384	278	54	55	2970	0	0	0	1	
9395	10607956	0	0	0	0	1	128	0	1	384	278	54	56	3009	0	0	0	1	
9396	10607989	0	0	0	0	1	128	0	1	384	278	54	56	3032	0	0	0	1	
9397	10608022	0	0	0	0	1	128	0	1	382	278	54	56	3051	0	0	0	1	
9398	10608056	0	0	0	0	1	128	0	1	382	278	54	56	3057	0	0	0	1	
9399	10608089	0	0	0	0	1	128	0	1	382	278	54	56	3067	0	0	0	1	
9400	10608123	0	0	0	0	1	128	0	1	382	278	54	56	3065	0	0	0	1	
9401	10608156	0	0	0	0	1	128	0	1	392	282	51	56	2839	0	0	0	1	
9402	10608189	0	0	0	0	1	128	0	1	408	294	51	56	2863	0	0	0	1	
9403	10608223	0	0	0	0	1	128	0	1	408	294	51	56	2867	0	0	0	1	
9404	10608256	0	0	0	0	1	128	0	1	408	294	51	56	2861	0	0	0	1	
9405	10608289	0	0	0	0	1	128	0	1	408	296	51	56	2861	0	0	0	1	
9406	10608323	0	0	0	0	1	128	0	1	408	296	51	56	2871	0	0	0	1	
9407	10608356	0	0	0	0	1	128	0	1	408	296	51	56	2856	0	0	0	1	
9408	10608390	0	0	0	0	1	128	0	1	408	296	51	56	2837	0	0	0	1	
9409	10608423	0	0	0	0	1	128	0	1	408	296	51	56	2826	0	0	0	1	
9410	10608456	0	0	0	0	1	128	0	1	408	296	51	56	2817	0	0	0	1	
9411	10608490	0	0	0	0	1	128	0	1	408	296	51	56	2825	0	0	0	1	
9412	10608523	0	0	0	0	1	128	0	1	408	296	51	56	2834	0	0	0	1	
9413	10608556	0	0	0	0	1	128	0	1	408	296	51	56	2863	0	0	0	1	
9414	10608590	0	0	0	0	1	128	0	1	408	296	51	56	2883	0	0	0	1	
9415	10608623	0	0	0	0	1	128	0	1	408	296	51	56	2904	0	0	0	1	
9416	10608657	0	0	0	0	1	128	0	1	408	296	51	57	2909	0	0	0	1	
9417	10608690	0	0	0	0	1	128	0	1	408	296	51	57	2902	0	0	0	1	
9418	10608723	0	0	0	0	1	128	0	1	408	296	51	57	2899	0	0	0	1	
9419	10608757	0	0	0	0	1	128	0	1	408	296	51	56	2883	0	0	0	1	
9420	10608790	0	0	0	0	1	128	0	1	408	296	51	56	2881	0	0	0	1	
9421	10608823	0	0	0	0	1	128	0	1	408	296	51	56	2872	0	0	0	1	
9422	10608857	0	0	0	0	1	128	0	1	406	296	51	56	2879	0	0	0	1	
9423	10608890	0	0	0	0	1	128	0	1	414	292	55	60	3258	0	0	0	1	
9424	10608923	0	0	0	0	1	128	0	1	440	250	52	56	2909	0	0	0	1	
9425	10608957	0	0	0	0	1	128	0	1	440	250	52	57	2924	0	0	0	1	
9426	10608990	0	0	0	0	1	128	0	1	438	250	52	57	2927	0	0	0	1	
9427	10609024	0	0	0	0	1	128	0	1	438	250	52	57	2936	0	0	0	1	
9428	10609057	0	0	0	0	1	128	0	1	438	250	52	57	2951	0	0	0	1	
9429	10609090	0	0	0	0	1	128	0	1	438	250	52	57	2967	0	0	0	1	
9430	10609124	0	0	0	0	1	128	0	1	438	250	52	57	2991	0	0	0	1	
9431	10609157	0	0	0	0	1	128	0	1	438	250	52	58	3005	0	0	0	1	
9432	10609190	0	0	0	0	1	128	0	1	438	250	52	58	3012	0	0	0	1	
9433	10609224	0	0	0	0	1	128	0	1	438	250	52	58	3041	0	0	0	1	
9434	10609257	0	0	0	0	1	128	0	1	438	248	52	58	3051	0	0	0	1	
9435	10609290	0	0	0	0	1	128	0	1	438	248	53	58	3084	0	0	0	1	
9436	10609324	0	0	0	0	1	128	0	1	438	248	53	58	3092	0	0	0	1	
9437	10609357	0	0	0	0	1	128	0	1	438	248	53	58	3102	0	0	0	1	
9438	10609391	0	0	0	0	1	128	0	1	438	248	53	58	3104	0	0	0	1	
9439	10609424	0	0	0	0	1	128	0	1	438	248	53	58	3101	0	0	0	1	
9440	10609457	0	0	0	0	1	128	0	1	438	250	53	58	3093	0	0	0	1	
9441	10609491	0	0	0	0	1	128	0	1	438	250	53	58	3089	0	0	0	1	
9442	10609524	0	0	0	0	1	128	0	1	438	250	53	58	3079	0	0	0	1	
9443	10609557	0	0	0	0	1	128	0	1	438	250	53	58	3068	0	0	0	1	
9444	10609591	0	0	0	0	1	128	0	1	436	250	53	58	3057	0	0	0	1	
9445	10609624	0	0	0	0	1	128	0	1	436	250	53	58	3057	0	0	0	1	
9446	10609658	0	0	0	0	1	128	0	1	438	252	52	57	3004	0	0	0	1	
9447	10609691	0	0	0	0	1	128	0	1	456	292	52	57	2956	0	0	0	1	
9448	10609724	0	0	0	0	1	128	0	1	452	296	47	57	2683	0	0	0	1	
9449	10609758	0	0	0	0	1	128	0	1	452	296	47	57	2688	0	0	0	1	
9450	10609791	0	0	0	0	1	128	0	1	452	296	47	57	2698	0	0	0	1	
9451	10609824	0	0	0	0	1	128	0	1	452	296	47	57	2699	0	0	0	1	
9452	10609858	0	0	0	0	1	128	0	1	452	298	47	57	2691	0	0	0	1	
9453	10609891	0	0	0	0	1	128	0	1	452	298	47	57	2703	0	0	0	1	
9454	10609925	0	0	0	0	1	128	0	1	452	298	47	57	2692	0	0	0	1	
9455	10609958	0	0	0	0	1	128	0	1	452	298	47	57	2685	0	0	0	1	
9456	10609991	0	0	0	0	1	128	0	1	452	298	47	57	2679	0	0	0	1	
9457	10610025	0	0	0	0	1	128	0	1	452	298	47	57	2684	0	0	0	1	
9458	10610058	0	0	0	0	1	128	0	1	452	298	47	57	2688	0	0	0	1	
9459	10610091	0	0	0	0	1	128	0	1	452	296	48	57	2712	0	0	0	1	
9460	10610125	0	0	0	0	1	128	0	1	452	296	48	57	2733	0	0	0	1	
9461	10610158	0	0	0	0	1	128	0	1	452	296	48	57	2760	0	0	0	1	
9462	10610191	0	0	0	0	1	128	0	1	452	296	48	58	2785	0	0	0	1	
9463	10610225	0	0	0	0	1	128	0	1	452	296	48	58	2802	0	0	0	1	
9464	10610258	0	0	0	0	1	128	0	1	452	296	49	58	2814	0	0	0	1	
9465	10610292	0	0	0	0	1	128	0	1	452	296	49	58	2818	0	0	0	1	
9466	10610325	0	0	0	0	1	128	0	1	452	296	48	58	2805	0	0	0	1	
9467	10610358	0	0	0	0	1	128	0	1	452	298	48	58	2792	0	0	0	1	
9468	10610392	0	0	0	0	1	128	0	1	452	296	48	58	2783	0	0	0	1	
9469	10610425	0	0	0	0	1	128	0	1	452	296	48	57	2770	0	0	0	1	
9470	10610458	0	0	0	0	1	128	0	1	450	296	48	57	2776	0	0	0	1	
9471	10610492	0	0	0	0	1	128	0	1	442	284	51	58	2936	0	0	0	1	
9472	10610525	0	0	0	0	1	128	0	1	440	282	51	58	2938	0	0	0	1	
9473	10610559	0	0	0	0	1	128	0	1	440	282	51	58	2954	0	0	0	1	
9474	10610592	0	0	0	0	1	128	0	1	438	282	52	58	2994	0	0	0	1	
9475	10610625	0	0	0	0	1	128	0	1	436	280	52	58	3008	0	0	0	1	
9476	10610659	0	0	0	0	1	128	0	1	436	280	52	58	3053	0	0	0	1	
9477	10610692	0	0	0	0	1	128	0	1	434	278	53	58	3075	0	0	0	1	
9478	10610725	0	0	0	0	1	128	0	1	432	278	53	58	3094	0	0	0	1	
9479	10610759	0	0	0	0	1	128	0	1	422	264	56	59	3300	0	0	0	1	
9480	10610792	0	0	0	0	1	128	0	1	420	258	56	59	3254	0	0	0	1	
9481	10610825	0	0	0	0	1	128	0	1	418	258	56	58	3262	0	0	0	1	
9482	10610859	0	0	0	0	1	128	0	1	418	256	56	58	3252	0	0	0	1	
9483	10610892	0	0	0	0	1	128	0	1	416	256	56	58	3230	0	0	0	1	
9484	10610926	0	0	0	0	1	128	0	1	414	254	56	58	3240	0	0	0	1	
9485	10610959	0	0	0	0	1	128	0	1	412	252	56	58	3239	0	0	0	1	
9486	10610992	0	0	0	0	1	128	0	1	414	254	52	57	2996	0	0	0	1	
9487	10611026	0	0	0	0	1	128	0	1	398	246	57	58	3312	0	0	0	1	
9488	10611059	0	0	0	0	1	128	0	1	396	240	56	58	3265	0	0	0	1	
9489	10611092	0	0	0	0	1	128	0	1	394	238	56	58	3251	0	0	0	1	
9490	10611126	0	0	0	0	1	128	0	1	392	238	56	58	3238	0	0	0	1	
9491	10611159	0	0	0	0	1	128	0	1	390	236	56	57	3225	0	0	0	1	
9492	10611192	0	0	0	0	1	128	0	1	390	236	56	57	3210	0	0	0	1	
9493	10611226	0	0	0	0	1	128	0	1	388	234	56	57	3203	0	0	0	1	
9494	10611259	0	0	0	0	1	128	0	1	386	234	56	57	3189	0	0	0	1	
9495	10611293	0	0	0	0	1	128	0	1	386	234	56	57	3181	0	0	0	1	
9496	10611326	0	0	0	0	1	128	0	1	396	238	55	56	3087	0	0	0	1	
9497	10611359	0	0	0	0	1	128	0	1	394	238	55	56	3089	0	0	0	1	
9498	10611393	0	0	0	0	1	128	0	1	394	238	55	56	3077	0	0	0	1	
9499	10611426	0	0	0	0	1	128	0	1	394	238	55	56	3070	0	0	0	1	
9500	10611459	0	0	0	0	1	128	0	1	394	238	54	56	3060	0	0	0	1	
9501	10611493	0	0	0	0	1	128	0	1	394	238	54	56	3051	0	0	0	1	
9502	10611526	0	0	0	0	1	128	0	1	396	240	54	56	3039	0	0	0	1	
9503	10611560	0	0	0	0	1	128	0	1	396	240	54	56	3024	0	0	0	1	
9504	10611593	0	0	0	0	1	128	0	1	396	240	54	56	3024	0	0	0	1	
9505	10611626	0	0	0	0	1	128	0	1	396	242	54	56	3010	0	0	0	1	
9506	10611660	0	0	0	0	1	128	0	1	396	242	54	56	3010	0	0	0	1	
9507	10611693	0	0	0	0	1	128	0	1	396	242	54	56	3010	0	0	0	1	
9508	10611726	0	0	0	0	1	128	0	1	396	242	54	56	3006	0	0	0	1	
9509	10611760	0	0	0	0	1	128	0	1	396	242	54	56	3006	0	0	0	1	
9510	10611793	0	0	0	0	1	128	0	1	396	242	54	55	3001	0	0	0	1	
9511	10611826	0	0	0	0	1	128	0	1	396	242	54	55	2994	0	0	0	1	
9512	10611860	0	0	0	0	1	128	0	1	396	242	54	55	2977	0	0	0	1	
9513	10611893	0	0	0	0	1	128	0	1	396	242	54	55	2973	0	0	0	1	
9514	10611927	0	0	0	0	1	128	0	1	396	242	54	55	2972	0	0	0	1	
9515	10611960	0	0	0	0	1	128	0	1	396	242	54	55	2966	0	0	0	1	
9516	10611993	0	0	0	0	1	128	0	1	396	242	54	55	2956	0	0	0	1	
9517	10612027	0	0	0	0	1	128	0	1	396	242	54	55	2952	0	0	0	1	
9518	10612060	0	0	0	0	1	128	0	1	396	242	54	55	2933	0	0	0	1	
9519	10612093	0	0	0	0	1	128	0	1	394	242	53	55	2915	0	0	0	1	
9520	10612127	0	0	0	0	1	128	0	1	394	240	53	55	2906	0	0	0	1	
9521	10612160	0	0	0	0	1	128	0	1	394	220	53	56	2957	0	0	0	1	
9522	10612193	0	0	0	0	1	128	0	1	390	216	53	55	2922	0	0	0	1	
9523	10612227	0	0	0	0	1	128	0	1	390	216	53	55	2926	0	0	0	1	
9524	10612260	0	0	0	0	1	128	0	1	390	214	53	55	2913	0	0	0	1	
9525	10612294	0	0	0	0	1	128	0	1	390	212	53	55	2929	0	0	0	1	
9526	10612327	0	0	0	0	1	128	0	1	390	198	53	55	2922	0	0	0	1	
9527	10612360	0	0	0	0	1	128	0	1	390	196	53	56	2952	0	0	0	1	
9528	10612394	0	0	0	0	1	128	0	1	390	196	53	56	2965	0	0	0	1	
9529	10612427	0	0	0	0	1	128	0	1	390	194	53	56	2996	0	0	0	1	
9530	10612460	0	0	0	0	1	128	0	1	388	194	53	57	3010	0	0	0	1	
9531	10612494	0	0	0	0	1	128	0	1	388	192	53	57	3014	0	0	0	1	
9532	10612527	0	0	0	0	1	128	0	1	388	192	53	57	3041	0	0	0	1	
9533	10612561	0	0	0	0	1	128	0	1	388	190	54	57	3055	0	0	0	1	
9534	10612594	0	0	0	0	1	128	0	1	388	190	54	57	3065	0	0	0	1	
9535	10612627	0	0	0	0	1	128	0	1	384	176	54	58	3107	0	0	0	1	
9536	10612661	0	0	0	0	1	128	0	1	382	174	54	58	3090	0	0	0	1	
9537	10612694	0	0	0	0	1	128	0	1	382	172	54	58	3092	0	0	0	1	
9538	10612727	0	0	0	0	1	128	0	1	382	172	53	58	3086	0	0	0	1	
9539	10612761	0	0	0	0	1	128	0	1	380	172	53	58	3083	0	0	0	1	
9540	10612794	0	0	0	0	1	128	0	1	380	172	54	58	3093	0	0	0	1	
9541	10612828	0	0	0	0	1	128	0	1	380	170	54	58	3120	0	0	0	1	
9542	10612861	0	0	0	0	1	128	0	1	380	160	53	58	3077	0	0	0	1	
9543	10612894	0	0	0	0	1	128	0	1	380	160	53	58	3088	0	0	0	1	
9544	10612928	0	0	0	0	1	128	0	1	380	160	53	58	3086	0	0	0	1	
9545	10612961	0	0	0	0	1	128	0	1	378	158	54	59	3177	0	0	0	1	
9546	10612994	0	0	0	0	1	128	0	1	380	158	53	58	3108	0	0	0	1	
9547	10613028	0	0	0	0	1	128	0	1	378	158	53	58	3124	0	0	0	1	
9548	10613061	0	0	0	0	1	128	0	1	378	148	53	59	3138	0	0	0	1	
9549	10613094	0	0	0	0	1	128	0	1	376	148	53	59	3130	0	0	0	1	
9550	10613128	0	0	0	0	1	128	0	1	376	146	54	59	3150	0	0	0	1	
9551	10613161	0	0	0	0	1	128	0	1	376	146	54	59	3166	0	0	0	1	
9552	10613195	0	0	0	0	1	128	0	1	376	146	54	59	3178	0	0	0	1	
9553	10613228	0	0	0	0	1	128	0	1	374	146	54	60	3219	0	0	0	1	
9554	10613261	0	0	0	0	1	128	0	1	374	134	53	59	3173	0	0	0	1	
9555	10613295	0	0	0	0	1	128	0	1	372	134	54	60	3211	0	0	0	1	
9556	10613328	0	0	0	0	1	128	0	1	372	134	54	60	3215	0	0	0	1	
9557	10613361	0	0	0	0	1	128	0	1	372	134	54	60	3215	0	0	0	1	
9558	10613395	0	0	0	0	1	128	0	1	372	132	54	60	3205	0	0	0	1	
9559	10613428	0	0	0	0	1	128	0	1	366	134	56	72	4016	0	0	0	1	
9560	10613461	0	0	0	0	1	128	0	1	368	124	53	59	3132	0	0	0	1	
9561	10613495	0	0	0	0	1	128	0	1	368	124	53	60	3163	0	0	0	1	
9562	10613528	0	0	0	0	1	128	0	1	368	124	53	59	3154	0	0	0	1	
9563	10613562	0	0	0	0	1	128	0	1	366	134	56	72	4028	0	0	0	1	
9564	10613595	0	0	0	0	1	128	0	1	368	124	53	60	3195	0	0	0	1	
9565	10613628	0	0	0	0	1	128	0	1	368	124	53	60	3189	0	0	0	1	
9566	10613662	0	0	0	0	1	128	0	1	368	124	53	60	3187	0	0	0	1	
9567	10613695	0	0	0	0	1	128	0	1	370	128	53	60	3205	0	0	0	1	
9568	10613728	0	0	0	0	1	128	0	1	368	128	54	60	3225	0	0	0	1	
9569	10613762	0	0	0	0	1	128	0	1	368	128	54	60	3238	0	0	0	1	
9570	10613795	0	0	0	0	1	128	0	1	370	132	56	64	3597	0	0	0	1	
9571	10613829	0	0	0	0	1	128	0	1	368	130	57	59	3354	0	0	0	1	
9572	10613862	0	0	0	0	1	128	0	1	368	130	57	58	3288	0	0	0	1	
9573	10613895	0	0	0	0	1	128	0	1	368	132	56	61	3374	0	0	0	1	
9574	10613929	0	0	0	0	1	128	0	1	368	128	52	58	3058	0	0	0	1	
9575	10613962	0	0	0	0	1	128	0	1	368	128	52	58	3000	0	0	0	1	
9576	10613995	0	0	0	0	1	128	0	1	368	128	52	57	2970	0	0	0	1	
9577	10614029	0	0	0	0	1	128	0	1	368	126	51	56	2899	0	0	0	1	
9578	10614062	0	0	0	0	1	128	0	1	368	126	51	56	2862	0	0	0	1	
9579	10614095	0	0	0	0	1	128	0	1	368	128	51	57	2917	0	0	0	1	
9580	10614129	0	0	0	0	1	128	0	1	378	146	55	77	4251	0	0	0	1	
9581	10614162	0	0	0	0	1	128	0	1	376	144	54	74	4016	0	0	0	1	
9582	10614196	0	0	0	0	1	128	0	1	382	152	56	85	4812	0	0	0	1	
9583	10614229	0	0	0	0	1	128	0	1	396	158	60	98	5867	0	0	0	1	
9584	10614262	0	0	0	0	1	128	0	1	368	126	50	55	2714	0	0	0	1	
9585	10614296	0	0	0	0	1	128	0	1	368	132	53	58	3093	0	0	0	1	
9586	10614329	0	0	0	0	1	128	0	1	368	126	49	54	2668	0	0	0	1	
9587	10614362	0	0	0	0	1	128	0	1	368	128	50	55	2755	0	0	0	1	
9588	10614396	0	0	0	0	1	128	0	1	368	134	53	61	3201	0	0	0	1	
9589	10614429	0	0	0	0	1	128	0	1	378	148	54	77	4163	0	0	0	1	
9590	10614463	0	0	0	0	1	128	0	1	368	128	50	55	2707	0	0	0	1	
9591	10614496	0	0	0	0	1	128	0	1	368	138	53	62	3259	0	0	0	1	
9592	10614529	0	0	0	0	1	128	0	1	370	138	53	58	3090	0	0	0	1	
9593	10614563	0	0	0	0	1	128	0	1	378	154	51	56	2871	0	0	0	1	
9594	10614596	0	0	0	0	1	128	0	1	378	156	51	57	2918	0	0	0	1	
9595	10614629	0	0	0	0	1	128	0	1	378	160	52	57	2957	0	0	0	1	
9596	10614663	0	0	0	0	1	128	0	1	378	162	52	57	2979	0	0	0	1	
9597	10614696	0	0	0	0	1	128	0	1	380	166	52	58	3043	0	0	0	1	
9598	10614730	0	0	0	0	1	128	0	1	380	168	52	57	2994	0	0	0	1	
9599	10614763	0	0	0	0	1	128	0	1	384	172	53	63	3318	0	0	0	1	
9600	10614796	0	0	0	0	1	128	0	1	380	172	52	57	2989	0	0	0	1	
9601	10614830	0	0	0	0	1	128	0	1	382	174	52	57	2961	0	0	0	1	
9602	10614863	0	0	0	0	1	128	0	1	382	176	52	57	2950	0	0	0	1	
9603	10614896	0	0	0	0	1	128	0	1	382	178	52	56	2944	0	0	0	1	
9604	10614930	0	0	0	0	1	128	0	1	384	180	52	57	2969	0	0	0	1	
9605	10614963	0	0	0	0	1	128	0	1	384	182	52	57	2964	0	0	0	1	
9606	10614996	0	0	0	0	1	128	0	1	384	184	52	57	2991	0	0	0	1	
9607	10615030	0	0	0	0	1	128	0	1	386	186	53	57	2999	0	0	0	1	
9608	10615063	0	0	0	0	1	128	0	1	386	188	53	57	2989	0	0	0	1	
9609	10615097	0	0	0	0	1	128	0	1	386	190	53	57	2990	0	0	0	1	
9610	10615130	0	0	0	0	1	128	0	1	386	190	53	57	3011	0	0	0	1	
9611	10615163	0	0	0	0	1	128	0	1	388	192	53	57	3019	0	0	0	1	
9612	10615197	0	0	0	0	1	128	0	1	388	194	53	57	3029	0	0	0	1	
9613	10615230	0	0	0	0	1	128	0	1	386	204	53	56	3002	0	0	0	1	
9614	10615263	0	0	0	0	1	128	0	1	388	206	54	57	3030	0	0	0	1	
9615	10615297	0	0	0	0	1	128	0	1	388	208	54	57	3034	0	0	0	1	
9616	10615330	0	0	0	0	1	128	0	1	388	212	54	57	3036	0	0	0	1	
9617	10615363	0	0	0	0	1	128	0	1	388	212	54	57	3050	0	0	0	1	
9618	10615397	0	0	0	0	1	128	0	1	390	214	54	56	3043	0	0	0	1	
9619	10615430	0	0	0	0	1	128	0	1	390	216	54	56	3020	0	0	0	1	
9620	10615464	0	0	0	0	1	128	0	1	390	218	54	56	3008	0	0	0	1	
9621	10615497	0	0	0	0	1	128	0	1	390	220	54	56	2998	0	0	0	1	
9622	10615530	0	0	0	0	1	128	0	1	392	222	54	56	2987	0	0	0	1	
9623	10615564	0	0	0	0	1	128	0	1	392	226	54	56	2988	0	0	0	1	
9624	10615597	0	0	0	0	1	128	0	1	392	228	54	56	2982	0	0	0	1	
9625	10615630	0	0	0	0	1	128	0	1	394	230	54	56	2991	0	0	0	1	
9626	10615664	0	0	0	0	1	128	0	1	394	230	54	56	3006	0	0	0	1	
9627	10615697	0	0	0	0	1	128	0	1	394	232	54	55	3006	0	0	0	1	
9628	10615731	0	0	0	0	1	128	0	1	398	240	54	55	2989	0	0	0	1	
9629	10615764	0	0	0	0	1	128	0	1	398	240	54	55	2989	0	0	0	1	
9630	10615797	0	0	0	0	1	128	0	1	398	242	54	55	2990	0	0	0	1	
9631	10615831	0	0	0	0	1	128	0	1	398	244	54	55	2965	0	0	0	1	
9632	10615864	0	0	0	0	1	128	0	1	400	244	54	55	2967	0	0	0	1	
9633	10615897	0	0	0	0	1	128	0	1	400	244	54	55	2951	0	0	0	1	
9634	10615931	0	0	0	0	1	128	0	1	400	246	54	55	2934	0	0	0	1	
9635	10615964	0	0	0	0	1	128	0	1	400	246	53	55	2927	0	0	0	1	
9636	10615997	0	0	0	0	1	128	0	1	400	246	53	55	2925	0	0	0	1	
9637	10616031	0	0	0	0	1	128	0	1	400	246	53	55	2927	0	0	0	1	
9638	10616064	0	0	0	0	1	128	0	1	400	246	53	55	2942	0	0	0	1	
9639	10616098	0	0	0	0	1	128	0	1	400	246	54	55	2964	0	0	0	1	
9640	10616131	0	0	0	0	1	128	0	1	400	246	54	55	2980	0	0	0	1	
9641	10616164	0	0	0	0	1	128	0	1	400	246	54	55	2997	0	0	0	1	
9642	10616198	0	0	0	0	1	128	0	1	400	246	54	56	3024	0	0	0	1	
9643	10616231	0	0	0	0	1	128	0	1	400	246	54	56	3036	0	0	0	1	
9644	10616264	0	0	0	0	1	128	0	1	400	246	54	56	3041	0	0	0	1	
9645	10616298	0	0	0	0	1	128	0	1	400	246	54	56	3037	0	0	0	1	
9646	10616331	0	0	0	0	1	128	0	1	398	246	54	56	3016	0	0	0	1	
9647	10616364	0	0	0	0	1	128	0	1	400	246	54	56	2991	0	0	0	1	
9648	10616398	0	0	0	0	1	128	0	1	400	246	53	55	2957	0	0	0	1	
9649	10616431	0	0	0	0	1	128	0	1	400	246	53	55	2912	0	0	0	1	
9650	10616465	0	0	0	0	1	128	0	1	400	246	53	55	2893	0	0	0	1	
9651	10616498	0	0	0	0	1	128	0	1	400	246	53	55	2876	0	0	0	1	
9652	10616531	0	0	0	0	1	128	0	1	398	246	52	55	2856	0	0	0	1	
9653	10616565	0	0	0	0	1	128	0	1	400	246	52	55	2842	0	0	0	1	
9654	10616598	0	0	0	0	1	128	0	1	400	246	52	55	2838	0	0	0	1	
9655	10616631	0	0	0	0	1	128	0	1	400	246	52	55	2838	0	0	0	1	
9656	10616665	0	0	0	0	1	128	0	1	400	246	52	55	2835	0	0	0	1	
9657	10616698	0	0	0	0	1	128	0	1	406	210	51	55	2823	0	0	0	1	
9658	10616732	0	0	0	0	1	128	0	1	398	196	52	56	2899	0	0	0	1	
9659	10616765	0	0	0	0	1	128	0	1	398	196	52	56	2915	0	0	0	1	
9660	10616798	0	0	0	0	1	128	0	1	396	196	52	56	2913	0	0	0	1	
9661	10616832	0	0	0	0	1	128	0	1	396	196	52	56	2929	0	0	0	1	
9662	10616865	0	0	0	0	1	128	0	1	396	194	52	56	2934	0	0	0	1	
9663	10616898	0	0	0	0	1	128	0	1	394	194	52	56	2936	0	0	0	1	
9664	10616932	0	0	0	0	1	128	0	1	394	194	52	56	2944	0	0	0	1	
9665	10616965	0	0	0	0	1	128	0	1	394	194	53	56	2954	0	0	0	1	
9666	10616999	0	0	0	0	1	128	0	1	394	194	53	56	2969	0	0	0	1	
9667	10617032	0	0	0	0	1	128	0	1	394	194	53	56	2974	0	0	0	1	
9668	10617065	0	0	0	0	1	128	0	1	394	194	53	57	2992	0	0	0	1	
9669	10617099	0	0	0	0	1	128	0	1	394	194	53	57	3006	0	0	0	1	
9670	10617132	0	0	0	0	1	128	0	1	394	194	53	57	3009	0	0	0	1	
9671	10617165	0	0	0	0	1	128	0	1	394	194	53	57	3014	0	0	0	1	
9672	10617199	0	0	0	0	1	128	0	1	394	194	53	57	3023	0	0	0	1	
9673	10617232	0	0	0	0	1	128	0	1	394	194	53	57	3014	0	0	0	1	
9674	10617265	0	0	0	0	1	128	0	1	394	194	53	57	3016	0	0	0	1	
9675	10617299	0	0	0	0	1	128	0	1	394	194	53	57	3001	0	0	0	1	
9676	10617332	0	0	0	0	1	128	0	1	394	196	53	57	2996	0	0	0	1	
9677	10617366	0	0	0	0	1	128	0	1	394	196	53	57	2994	0	0	0	1	
9678	10617399	0	0	0	0	1	128	0	1	394	194	53	56	2977	0	0	0	1	
9679	10617432	0	0	0	0	1	128	0	1	404	192	49	57	2810	0	0	0	1	
9680	10617466	0	0	0	0	1	128	0	1	454	204	46	54	2521	0	0	0	1	
9681	10617499	0	0	0	0	1	128	0	1	460	204	47	54	2569	0	0	0	1	
9682	10617532	0	0	0	0	1	128	0	1	460	204	47	55	2558	0	0	0	1	
9683	10617566	0	0	0	0	1	128	0	1	460	204	47	55	2571	0	0	0	1	
9684	10617599	0	0	0	0	1	128	0	1	460	204	47	55	2580	0	0	0	1	
9685	10617633	0	0	0	0	1	128	0	1	460	204	47	55	2571	0	0	0	1	
9686	10617666	0	0	0	0	1	128	0	1	462	200	47	55	2554	0	0	0	1	
9687	10617699	0	0	0	0	1	128	0	1	462	200	47	55	2559	0	0	0	1	
9688	10617733	0	0	0	0	1	128	0	1	462	200	47	55	2567	0	0	0	1	
9689	10617766	0	0	0	0	1	128	0	1	462	200	47	55	2581	0	0	0	1	
9690	10617799	0	0	0	0	1	128	0	1	462	200	47	55	2599	0	0	0	1	
9691	10617833	0	0	0	0	1	128	0	1	462	198	47	56	2627	0	0	0	1	
9692	10617866	0	0	0	0	1	128	0	1	458	198	49	57	2825	0	0	0	1	
9693	10617899	0	0	0	0	1	128	0	1	460	198	48	56	2686	0	0	0	1	
9694	10617933	0	0	0	0	1	128	0	1	460	198	48	56	2713	0	0	0	1	
9695	10617966	0	0	0	0	1	128	0	1	460	198	48	57	2728	0	0	0	1	
9696	10618000	0	0	0	0	1	128	0	1	460	200	48	57	2736	0	0	0	1	
9697	10618033	0	0	0	0	1	128	0	1	460	200	48	57	2740	0	0	0	1	
9698	10618066	0	0	0	0	1	128	0	1	460	198	48	57	2752	0	0	0	1	
9699	10618100	0	0	0	0	1	128	0	1	460	198	48	57	2754	0	0	0	1	
9700	10618133	0	0	0	0	1	128	0	1	460	200	48	57	2784	0	0	0	1	
9701	10618166	0	0	0	0	1	128	0	1	460	200	49	58	2810	0	0	0	1	
9702	10618200	0	0	0	0	1	128	0	1	460	200	49	58	2836	0	0	0	1	
9703	10618233	0	0	0	0	1	128	0	1	460	200	49	58	2862	0	0	0	1	
9704	10618267	0	0	0	0	1	128	0	1	444	204	54	61	3297	0	0	0	1	
9705	10618300	0	0	0	0	1	128	0	1	446	208	51	58	2944	0	0	0	1	
9706	10618333	0	0	0	0	1	128	0	1	446	210	51	58	2991	0	0	0	1	
9707	10618367	0	0	0	0	1	128	0	1	444	212	51	59	3022	0	0	0	1	
9708	10618400	0	0	0	0	1	128	0	1	442	212	52	59	3036	0	0	0	1	
9709	10618433	0	0	0	0	1	128	0	1	436	216	51	58	2944	0	0	0	1	
9710	10618467	0	0	0	0	1	128	0	1	428	222	53	58	3092	0	0	0	1	
9711	10618500	0	0	0	0	1	128	0	1	426	222	53	58	3113	0	0	0	1	
9712	10618533	0	0	0	0	1	128	0	1	424	224	54	58	3119	0	0	0	1	
9713	10618567	0	0	0	0	1	128	0	1	422	226	54	58	3121	0	0	0	1	
9714	10618600	0	0	0	0	1	128	0	1	420	228	54	58	3120	0	0	0	1	
9715	10618634	0	0	0	0	1	128	0	1	418	230	54	58	3124	0	0	0	1	
9716	10618667	0	0	0	0	1	128	0	1	416	230	54	58	3131	0	0	0	1	
9717	10618700	0	0	0	0	1	128	0	1	414	232	54	58	3145	0	0	0	1	
9718	10618734	0	0	0	0	1	128	0	1	404	238	56	58	3214	0	0	0	1	
9719	10618767	0	0	0	0	1	128	0	1	404	238	55	58	3201	0	0	0	1	
9720	10618800	0	0	0	0	1	128	0	1	402	240	55	58	3212	0	0	0	1	
9721	10618834	0	0	0	0	1	128	0	1	400	240	56	58	3217	0	0	0	1	
9722	10618867	0	0	0	0	1	128	0	1	398	242	56	58	3208	0	0	0	1	
9723	10618901	0	0	0	0	1	128	0	1	396	242	55	57	3186	0	0	0	1	
9724	10618934	0	0	0	0	1	128	0	1	396	244	55	57	3181	0	0	0	1	
9725	10618967	0	0	0	0	1	128	0	1	392	246	55	57	3152	0	0	0	1	
9726	10619001	0	0	0	0	1	128	0	1	386	248	56	57	3181	0	0	0	1	
9727	10619034	0	0	0	0	1	128	0	1	386	250	56	57	3176	0	0	0	1	
9728	10619067	0	0	0	0	1	128	0	1	386	250	55	58	3195	0	0	0	1	
9729	10619101	0	0	0	0	1	128	0	1	396	244	55	57	3148	0	0	0	1	
9730	10619134	0	0	0	0	1	128	0	1	396	244	55	57	3152	0	0	0	1	
9731	10619167	0	0	0	0	1	128	0	1	396	244	55	57	3148	0	0	0	1	
9732	10619201	0	0	0	0	1	128	0	1	396	244	55	57	3157	0	0	0	1	
9733	10619234	0	0	0	0	1	128	0	1	396	244	55	57	3168	0	0	0	1	
9734	10619268	0	0	0	0	1	128	0	1	398	244	55	58	3172	0	0	0	1	
9735	10619301	0	0	0	0	1	128	0	1	398	244	55	57	3172	0	0	0	1	
9736	10619334	0	0	0	0	1	128	0	1	398	244	55	57	3174	0	0	0	1	
9737	10619368	0	0	0	0	1	128	0	1	398	244	55	58	3177	0	0	0	1	
9738	10619401	0	0	0	0	1	128	0	1	398	244	55	57	3175	0	0	0	1	
9739	10619434	0	0	0	0	1	128	0	1	396	244	55	58	3178	0	0	0	1	
9740	10619468	0	0	0	0	1	128	0	1	396	244	55	58	3186	0	0	0	1	
9741	10619501	0	0	0	0	1	128	0	1	396	244	55	58	3225	0	0	0	1	
9742	10619535	0	0	0	0	1	128	0	1	396	244	56	58	3209	0	0	0	1	
9743	10619568	0	0	0	0	1	128	0	1	396	244	56	58	3215	0	0	0	1	
9744	10619601	0	0	0	0	1	128	0	1	396	244	56	58	3210	0	0	0	1	
9745	10619635	0	0	0	0	1	128	0	1	396	244	56	58	3207	0	0	0	1	
9746	10619668	0	0	0	0	1	128	0	1	396	244	55	58	3193	0	0	0	1	
9747	10619701	0	0	0	0	1	128	0	1	396	244	55	57	3170	0	0	0	1	
9748	10619735	0	0	0	0	1	128	0	1	396	246	55	57	3103	0	0	0	1	
9749	10619768	0	0	0	0	1	128	0	1	390	268	54	56	3035	0	0	0	1	
9750	10619801	0	0	0	0	1	128	0	1	388	268	54	56	3039	0	0	0	1	
9751	10619835	0	0	0	0	1	128	0	1	388	268	54	56	3030	0	0	0	1	
9752	10619868	0	0	0	0	1	128	0	1	388	268	54	56	3015	0	0	0	1	
9753	10619902	0	0	0	0	1	128	0	1	388	268	54	56	3016	0	0	0	1	
9754	10619935	0	0	0	0	1	128	0	1	388	270	54	56	2998	0	0	0	1	
9755	10619968	0	0	0	0	1	128	0	1	388	270	54	55	2991	0	0	0	1	
9756	10620002	0	0	0	0	1	128	0	1	386	268	54	55	2970	0	0	0	1	
9757	10620035	0	0	0	0	1	128	0	1	388	268	53	55	2946	0	0	0	1	
9758	10620068	0	0	0	0	1	128	0	1	388	268	53	55	2948	0	0	0	1	
9759	10620102	0	0	0	0	1	128	0	1	386	268	54	55	2953	0	0	0	1	
9760	10620135	0	0	0	0	1	128	0	1	386	268	54	55	2959	0	0	0	1	
9761	10620168	0	0	0	0	1	128	0	1	386	268	54	55	2974	0	0	0	1	
9762	10620202	0	0	0	0	1	128	0	1	386	268	54	55	2980	0	0	0	1	
9763	10620235	0	0	0	0	1	128	0	1	386	268	54	55	2989	0	0	0	1	
9764	10620269	0	0	0	0	1	128	0	1	386	268	54	55	2989	0	0	0	1	
9765	10620302	0	0	0	0	1	128	0	1	386	268	54	55	2993	0	0	0	1	
9766	10620335	0	0	0	0	1	128	0	1	386	268	54	55	3001	0	0	0	1	
9767	10620369	0	0	0	0	1	128	0	1	386	268	54	55	2997	0	0	0	1	
9768	10620402	0	0	0	0	1	128	0	1	386	268	54	55	2991	0	0	0	1	
9769	10620435	0	0	0	0	1	128	0	1	386	268	54	55	2996	0	0	0	1	
9770	10620469	0	0	0	0	1	128	0	1	386	266	54	56	3016	0	0	0	1	
9771	10620502	0	0	0	0	1	128	0	1	408	216	53	57	3062	0	0	0	1	
9772	10620536	0	0	0	0	1	128	0	1	406	216	54	58	3083	0	0	0	1	
9773	10620569	0	0	0	0	1	128	0	1	404	216	54	58	3080	0	0	0	1	
9774	10620602	0	0	0	0	1	128	0	1	404	216	54	58	3098	0	0	0	1	
9775	10620636	0	0	0	0	1	128	0	1	404	216	54	58	3109	0	0	0	1	
9776	10620669	0	0	0	0	1	128	0	1	404	216	54	58	3112	0	0	0	1	
9777	10620702	0	0	0	0	1	128	0	1	404	216	54	58	3117	0	0	0	1	
9778	10620736	0	0	0	0	1	128	0	1	404	216	54	58	3116	0	0	0	1	
9779	10620769	0	0	0	0	1	128	0	1	404	216	54	58	3114	0	0	0	1	
9780	10620803	0	0	0	0	1	128	0	1	404	216	54	58	3112	0	0	0	1	
9781	10620836	0	0	0	0	1	128	0	1	404	216	54	58	3109	0	0	0	1	
9782	10620869	0	0	0	0	1	128	0	1	404	216	54	58	3106	0	0	0	1	
9783	10620903	0	0	0	0	1	128	0	1	404	216	54	58	3104	0	0	0	1	
9784	10620936	0	0	0	0	1	128	0	1	404	216	54	57	3103	0	0	0	1	
9785	10620969	0	0	0	0	1	128	0	1	402	216	54	57	3089	0	0	0	1	
9786	10621003	0	0	0	0	1	128	0	1	402	216	54	57	3072	0	0	0	1	
9787	10621036	0	0	0	0	1	128	0	1	402	216	54	57	3058	0	0	0	1	
9788	10621069	0	0	0	0	1	128	0	1	402	216	53	57	3046	0	0	0	1	
9789	10621103	0	0	0	0	1	128	0	1	402	218	53	57	3020	0	0	0	1	
9790	10621136	0	0	0	0	1	128	0	1	402	218	53	57	3011	0	0	0	1	
9791	10621170	0	0	0	0	1	128	0	1	402	218	53	57	2994	0	0	0	1	
9792	10621203	0	0	0	0	1	128	0	1	402	218	53	56	2974	0	0	0	1	
9793	10621236	0	0	0	0	1	128	0	1	404	218	53	56	2950	0	0	0	1	
9794	10621270	0	0	0	0	1	128	0	1	440	246	47	54	2518	0	0	0	1	
9795	10621303	0	0	0	0	1	128	0	1	450	252	48	54	2595	0	0	0	1	
9796	10621336	0	0	0	0	1	128	0	1	450	252	48	54	2598	0	0	0	1	
9797	10621370	0	0	0	0	1	128	0	1	450	252	48	54	2607	0	0	0	1	
9798	10621403	0	0	0	0	1	128	0	1	450	252	48	55	2616	0	0	0	1	
9799	10621436	0	0	0	0	1	128	0	1	452	256	47	55	2588	0	0	0	1	
9800	10621470	0	0	0	0	1	128	0	1	454	256	48	55	2604	0	0	0	1	
9801	10621503	0	0	0	0	1	128	0	1	454	258	47	55	2594	0	0	0	1	
9802	10621537	0	0	0	0	1	128	0	1	454	258	48	55	2593	0	0	0	1	
9803	10621570	0	0	0	0	1	128	0	1	454	258	48	55	2595	0	0	0	1	
9804	10621603	0	0	0	0	1	128	0	1	454	258	48	55	2596	0	0	0	1	
9805	10621637	0	0	0	0	1	128	0	1	454	256	48	55	2615	0	0	0	1	
9806	10621670	0	0	0	0	1	128	0	1	454	256	48	55	2643	0	0	0	1	
9807	10621703	0	0	0	0	1	128	0	1	452	256	48	55	2653	0	0	0	1	
9808	10621737	0	0	0	0	1	128	0	1	452	256	48	55	2673	0	0	0	1	
9809	10621770	0	0	0	0	1	128	0	1	452	256	48	56	2693	0	0	0	1	
9810	10621804	0	0	0	0	1	128	0	1	452	256	49	56	2731	0	0	0	1	
9811	10621837	0	0	0	0	1	128	0	1	452	256	49	56	2754	0	0	0	1	
9812	10621870	0	0	0	0	1	128	0	1	452	256	49	56	2779	0	0	0	1	
9813	10621904	0	0	0	0	1	128	0	1	452	256	49	57	2807	0	0	0	1	
9814	10621937	0	0	0	0	1	128	0	1	450	256	50	57	2836	0	0	0	1	
9815	10621970	0	0	0	0	1	128	0	1	450	256	50	57	2849	0	0	0	1	
9816	10622004	0	0	0	0	1	128	0	1	396	242	54	58	3149	0	0	0	1	
9817	10622037	0	0	0	0	1	128	0	1	392	234	56	59	3290	0	0	0	1	
9818	10622070	0	0	0	0	1	128	0	1	390	234	56	59	3320	0	0	0	1	
9819	10622104	0	0	0	0	1	128	0	1	390	236	57	59	3332	0	0	0	1	
9820	10622137	0	0	0	0	1	128	0	1	390	236	57	59	3343	0	0	0	1	
9821	10622171	0	0	0	0	1	128	0	1	390	236	56	59	3335	0	0	0	1	
9822	10622204	0	0	0	0	1	128	0	1	394	238	56	59	3324	0	0	0	1	
9823	10622237	0	0	0	0	1	128	0	1	394	238	56	59	3307	0	0	0	1	
9824	10622271	0	0	0	0	1	128	0	1	394	238	56	59	3280	0	0	0	1	
9825	10622304	0	0	0	0	1	128	0	1	394	238	56	58	3240	0	0	0	1	
9826	10622337	0	0	0	0	1	128	0	1	394	240	55	58	3202	0	0	0	1	
9827	10622371	0	0	0	0	1	128	0	1	394	240	55	57	3155	0	0	0	1	
9828	10622404	0	0	0	0	1	128	0	1	394	240	55	57	3113	0	0	0	1	
9829	10622438	0	0	0	0	1	128	0	1	394	240	54	56	3059	0	0	0	1	
9830	10622471	0	0	0	0	1	128	0	1	394	240	54	56	3000	0	0	0	1	
9831	10622504	0	0	0	0	1	128	0	1	394	240	53	55	2955	0	0	0	1	
9832	10622538	0	0	0	0	1	128	0	1	394	240	53	55	2927	0	0	0	1	
9833	10622571	0	0	0	0	1	128	0	1	394	240	53	55	2896	0	0	0	1	
9834	10622604	0	0	0	0	1	128	0	1	394	240	53	54	2857	0	0	0	1	
9835	10622638	0	0	0	0	1	128	0	1	394	240	52	54	2844	0	0	0	1	
9836	10622671	0	0	0	0	1	128	0	1	394	240	52	54	2821	0	0	0	1	
9837	10622704	0	0	0	0	1	128	0	1	394	240	52	54	2813	0	0	0	1	
9838	10622738	0	0	0	0	1	128	0	1	394	242	52	54	2798	0	0	0	1	
9839	10622771	0	0	0	0	1	128	0	1	394	242	52	54	2790	0	0	0	1	
9840	10622805	0	0	0	0	1	128	0	1	394	242	52	54	2788	0	0	0	1	
9841	10622838	0	0	0	0	1	128	0	1	394	242	52	54	2785	0	0	0	1	
9842	10622871	0	0	0	0	1	128	0	1	392	238	51	54	2773	0	0	0	1	
9843	10622905	0	0	0	0	1	128	0	1	372	204	52	55	2865	0	0	0	1	
9844	10622938	0	0	0	0	1	128	0	1	358	194	52	56	2890	0	0	0	1	
9845	10622971	0	0	0	0	1	128	0	1	356	196	52	56	2909	0	0	0	1	
9846	10623005	0	0	0	0	1	128	0	1	350	196	52	56	2907	0	0	0	1	
9847	10623038	0	0	0	0	1	128	0	1	326	196	53	58	3063	0	0	0	1	
9848	10623072	0	0	0	0	1	128	0	1	324	198	53	57	3017	0	0	0	1	
9849	10623105	0	0	0	0	1	128	0	1	322	198	53	57	3041	0	0	0	1	
9850	10623138	0	0	0	0	1	128	0	1	320	198	53	57	3028	0	0	0	1	
9851	10623172	0	0	0	0	1	128	0	1	318	200	53	57	2999	0	0	0	1	
9852	10623205	0	0	0	0	1	128	0	1	290	206	53	57	2987	0	0	0	1	
9853	10623238	0	0	0	0	1	128	0	1	286	208	53	57	3017	0	0	0	1	
9854	10623272	0	0	0	0	1	128	0	1	284	210	53	57	3011	0	0	0	1	
9855	10623305	0	0	0	0	1	128	0	1	280	212	53	57	3011	0	0	0	1	
9856	10623338	0	0	0	0	1	128	0	1	270	220	52	56	2917	0	0	0	1	
9857	10623372	0	0	0	0	1	128	0	1	268	228	53	57	2982	0	0	0	1	
9858	10623405	0	0	0	0	1	128	0	1	266	232	52	57	2967	0	0	0	1	
9859	10623439	0	0	0	0	1	128	0	1	266	234	52	56	2950	0	0	0	1	
9860	10623472	0	0	0	0	1	128	0	1	264	236	52	56	2957	0	0	0	1	
9861	10623505	0	0	0	0	1	128	0	1	264	240	52	56	2953	0	0	0	1	
9862	10623539	0	0	0	0	1	128	0	1	252	254	51	55	2821	0	0	0	1	
9863	10623572	0	0	0	0	1	128	0	1	250	260	51	56	2849	0	0	0	1	
9864	10623605	0	0	0	0	1	128	0	1	252	264	51	56	2846	0	0	0	1	
9865	10623639	0	0	0	0	1	128	0	1	252	268	51	56	2835	0	0	0	1	
9866	10623672	0	0	0	0	1	128	0	1	254	272	51	56	2821	0	0	0	1	
9867	10623705	0	0	0	0	1	128	0	1	254	278	50	56	2812	0	0	0	1	
9868	10623739	0	0	0	0	1	128	0	1	258	296	49	55	2698	0	0	0	1	
9869	10623772	0	0	0	0	1	128	0	1	260	300	49	55	2709	0	0	0	1	
9870	10623806	0	0	0	0	1	128	0	1	264	304	49	55	2710	0	0	0	1	
9871	10623839	0	0	0	0	1	128	0	1	266	308	49	55	2673	0	0	0	1	
9872	10623872	0	0	0	0	1	128	0	1	270	310	49	55	2667	0	0	0	1	
9873	10623906	0	0	0	0	1	128	0	1	276	308	49	60	2922	0	0	0	1	
9874	10623939	0	0	0	0	1	128	0	1	298	314	49	54	2636	0	0	0	1	
9875	10623972	0	0	0	0	1	128	0	1	304	314	49	54	2616	0	0	0	1	
9876	10624006	0	0	0	0	1	128	0	1	310	316	49	53	2599	0	0	0	1	
9877	10624039	0	0	0	0	1	128	0	1	314	318	49	53	2599	0	0	0	1	
9878	10624073	0	0	0	0	1	128	0	1	322	318	49	53	2605	0	0	0	1	
9879	10624106	0	0	0	0	1	128	0	1	328	318	49	53	2615	0	0	0	1	
9880	10624139	0	0	0	0	1	128	0	1	332	316	50	53	2645	0	0	0	1	
9881	10624173	0	0	0	0	1	128	0	1	338	316	50	54	2674	0	0	0	1	
9882	10624206	0	0	0	0	1	128	0	1	364	312	50	61	3054	0	0	0	1	
9883	10624239	0	0	0	0	1	128	0	1	368	296	51	55	2793	0	0	0	1	
9884	10624273	0	0	0	0	1	128	0	1	372	294	52	55	2845	0	0	0	1	
9885	10624306	0	0	0	0	1	128	0	1	374	292	53	55	2904	0	0	0	1	
9886	10624339	0	0	0	0	1	128	0	1	376	290	53	56	2956	0	0	0	1	
9887	10624373	0	0	0	0	1	128	0	1	378	288	53	56	3001	0	0	0	1	
9888	10624406	0	0	0	0	1	128	0	1	376	278	58	66	3834	0	0	0	1	
9889	10624440	0	0	0	0	1	128	0	1	396	260	55	57	3139	0	0	0	1	
9890	10624473	0	0	0	0	1	128	0	1	396	258	55	58	3145	0	0	0	1	
9891	10624506	0	0	0	0	1	128	0	1	396	256	55	58	3161	0	0	0	1	
9892	10624540	0	0	0	0	1	128	0	1	396	256	55	58	3177	0	0	0	1	
9893	10624573	0	0	0	0	1	128	0	1	396	254	55	58	3193	0	0	0	1	
9894	10624606	0	0	0	0	1	128	0	1	396	252	55	58	3206	0	0	0	1	
9895	10624640	0	0	0	0	1	128	0	1	396	252	55	58	3211	0	0	0	1	
9896	10624673	0	0	0	0	1	128	0	1	398	238	55	59	3260	0	0	0	1	
9897	10624707	0	0	0	0	1	128	0	1	394	230	56	58	3256	0	0	0	1	
9898	10624740	0	0	0	0	1	128	0	1	394	230	56	58	3241	0	0	0	1	
9899	10624773	0	0	0	0	1	128	0	1	394	230	55	58	3222	0	0	0	1	
9900	10624807	0	0	0	0	1	128	0	1	392	230	55	58	3199	0	0	0	1	
9901	10624840	0	0	0	0	1	128	0	1	396	234	55	56	3059	0	0	0	1	
9902	10624873	0	0	0	0	1	128	0	1	398	242	54	57	3110	0	0	0	1	
9903	10624907	0	0	0	0	1	128	0	1	398	242	55	57	3105	0	0	0	1	
9904	10624940	0	0	0	0	1	128	0	1	398	242	54	57	3094	0	0	0	1	
9905	10624973	0	0	0	0	1	128	0	1	398	242	54	57	3082	0	0	0	1	
9906	10625007	0	0	0	0	1	128	0	1	398	242	54	56	3062	0	0	0	1	
9907	10625040	0	0	0	0	1	128	0	1	398	242	54	56	3042	0	0	0	1	
9908	10625074	0	0	0	0	1	128	0	1	398	242	54	56	3014	0	0	0	1	
9909	10625107	0	0	0	0	1	128	0	1	398	242	53	56	2981	0	0	0	1	
9910	10625140	0	0	0	0	1	128	0	1	398	242	53	56	2943	0	0	0	1	
9911	10625174	0	0	0	0	1	128	0	1	398	242	53	55	2917	0	0	0	1	
9912	10625207	0	0	0	0	1	128	0	1	398	242	52	55	2894	0	0	0	1	
9913	10625240	0	0	0	0	1	128	0	1	398	242	52	55	2870	0	0	0	1	
9914	10625274	0	0	0	0	1	128	0	1	398	242	52	55	2858	0	0	0	1	
9915	10625307	0	0	0	0	1	128	0	1	398	244	52	55	2842	0	0	0	1	
9916	10625341	0	0	0	0	1	128	0	1	398	244	52	55	2833	0	0	0	1	
9917	10625374	0	0	0	0	1	128	0	1	398	244	52	55	2830	0	0	0	1	
9918	10625407	0	0	0	0	1	128	0	1	398	244	52	55	2817	0	0	0	1	
9919	10625441	0	0	0	0	1	128	0	1	398	242	51	54	2792	0	0	0	1	
9920	10625474	0	0	0	0	1	128	0	1	398	242	51	54	2778	0	0	0	1	
9921	10625507	0	0	0	0	1	128	0	1	398	242	51	54	2758	0	0	0	1	
9922	10625541	0	0	0	0	1	128	0	1	398	242	51	54	2750	0	0	0	1	
9923	10625574	0	0	0	0	1	128	0	1	396	242	51	54	2740	0	0	0	1	
9924	10625608	0	0	0	0	1	128	0	1	396	242	51	54	2735	0	0	0	1	
9925	10625641	0	0	0	0	1	128	0	1	396	242	51	54	2729	0	0	0	1	
9926	10625674	0	0	0	0	1	128	0	1	396	242	51	54	2723	0	0	0	1	
9927	10625708	0	0	0	0	1	128	0	1	396	242	51	53	2714	0	0	0	1	
9928	10625741	0	0	0	0	1	128	0	1	396	244	51	53	2705	0	0	0	1	
9929	10625774	0	0	0	0	1	128	0	1	408	250	46	52	2401	0	0	0	1	
9930	10625808	0	0	0	0	1	128	0	1	434	262	47	51	2398	0	0	0	1	
9931	10625841	0	0	0	0	1	128	0	1	434	262	47	52	2403	0	0	0	1	
9932	10625874	0	0	0	0	1	128	0	1	434	262	46	52	2394	0	0	0	1	
9933	10625908	0	0	0	0	1	128	0	1	434	262	46	52	2386	0	0	0	1	
9934	10625941	0	0	0	0	1	128	0	1	446	262	45	51	2302	0	0	0	1	
9935	10625975	0	0	0	0	1	128	0	1	446	262	45	51	2316	0	0	0	1	
9936	10626008	0	0	0	0	1	128	0	1	446	262	45	52	2322	0	0	0	1	
9937	10626041	0	0	0	0	1	128	0	1	446	262	45	51	2320	0	0	0	1	
9938	10626075	0	0	0	0	1	128	0	1	446	262	45	52	2340	0	0	0	1	
9939	10626108	0	0	0	0	1	128	0	1	444	262	46	52	2359	0	0	0	1	
9940	10626141	0	0	0	0	1	128	0	1	444	262	46	52	2386	0	0	0	1	
9941	10626175	0	0	0	0	1	128	0	1	444	262	46	52	2427	0	0	0	1	
9942	10626208	0	0	0	0	1	128	0	1	444	262	47	53	2459	0	0	0	1	
9943	10626242	0	0	0	0	1	128	0	1	444	262	47	53	2504	0	0	0	1	
9944	10626275	0	0	0	0	1	128	0	1	444	262	47	54	2546	0	0	0	1	
9945	10626308	0	0	0	0	1	128	0	1	444	262	48	54	2600	0	0	0	1	
9946	10626342	0	0	0	0	1	128	0	1	442	262	49	55	2652	0	0	0	1	
9947	10626375	0	0	0	0	1	128	0	1	442	262	49	55	2701	0	0	0	1	
9948	10626408	0	0	0	0	1	128	0	1	442	262	49	56	2738	0	0	0	1	
9949	10626442	0	0	0	0	1	128	0	1	442	262	50	56	2758	0	0	0	1	
9950	10626475	0	0	0	0	1	128	0	1	442	260	50	56	2784	0	0	0	1	
9951	10626508	0	0	0	0	1	128	0	1	446	258	47	58	2716	0	0	0	1	
9952	10626542	0	0	0	0	1	128	0	1	464	214	49	57	2777	0	0	0	1	
9953	10626575	0	0	0	0	1	128	0	1	462	214	49	57	2796	0	0	0	1	
9954	10626609	0	0	0	0	1	128	0	1	460	216	49	57	2806	0	0	0	1	
9955	10626642	0	0	0	0	1	128	0	1	460	216	49	57	2770	0	0	0	1	
9956	10626675	0	0	0	0	1	128	0	1	460	216	49	57	2830	0	0	0	1	
9957	10626709	0	0	0	0	1	128	0	1	460	216	49	57	2828	0	0	0	1	
9958	10626742	0	0	0	0	1	128	0	1	460	216	49	57	2819	0	0	0	1	
9959	10626775	0	0	0	0	1	128	0	1	460	216	49	57	2813	0	0	0	1	
9960	10626809	0	0	0	0	1	128	0	1	460	216	49	57	2800	0	0	0	1	
9961	10626842	0	0	0	0	1	128	0	1	460	216	49	57	2801	0	0	0	1	
9962	10626876	0	0	0	0	1	128	0	1	460	216	49	57	2793	0	0	0	1	
9963	10626909	0	0	0	0	1	128	0	1	460	216	49	57	2787	0	0	0	1	
9964	10626942	0	0	0	0	1	128	0	1	460	216	49	57	2777	0	0	0	1	
9965	10626976	0	0	0	0	1	128	0	1	460	216	49	57	2783	0	0	0	1	
9966	10627009	0	0	0	0	1	128	0	1	460	216	49	57	2772	0	0	0	1	
9967	10627042	0	0	0	0	1	128	0	1	458	216	49	57	2768	0	0	0	1	
9968	10627076	0	0	0	0	1	128	0	1	458	216	49	57	2759	0	0	0	1	
9969	10627109	0	0	0	0	1	128	0	1	458	216	48	57	2754	0	0	0	1	
9970	10627142	0	0	0	0	1	128	0	1	458	216	48	57	2751	0	0	0	1	
9971	10627176	0	0	0	0	1	128	0	1	458	216	48	57	2737	0	0	0	1	
9972	10627209	0	0	0	0	1	128	0	1	458	216	48	57	2732	0	0	0	1	
9973	10627243	0	0	0	0	1	128	0	1	458	216	48	57	2725	0	0	0	1	
9974	10627276	0	0	0	0	1	128	0	1	456	214	48	57	2728	0	0	0	1	
9975	10627309	0	0	0	0	1	128	0	1	430	208	51	57	2914	0	0	0	1	
9976	10627343	0	0	0	0	1	128	0	1	430	208	51	58	2959	0	0	0	1	
9977	10627376	0	0	0	0	1	128	0	1	430	208	52	58	2975	0	0	0	1	
9978	10627409	0	0	0	0	1	128	0	1	430	208	52	58	3009	0	0	0	1	
9979	10627443	0	0	0	0	1	128	0	1	430	208	52	58	3030	0	0	0	1	
9980	10627476	0	0	0	0	1	128	0	1	430	208	52	58	3055	0	0	0	1	
9981	10627510	0	0	0	0	1	128	0	1	430	208	53	58	3072	0	0	0	1	
9982	10627543	0	0	0	0	1	128	0	1	430	208	53	58	3074	0	0	0	1	
9983	10627576	0	0	0	0	1	128	0	1	430	208	52	58	3063	0	0	0	1	
9984	10627610	0	0	0	0	1	128	0	1	430	208	53	58	3063	0	0	0	1	
9985	10627643	0	0	0	0	1	128	0	1	430	208	52	58	3052	0	0	0	1	
9986	10627676	0	0	0	0	1	128	0	1	430	208	52	58	3039	0	0	0	1	
9987	10627710	0	0	0	0	1	128	0	1	430	208	52	58	3036	0	0	0	1	
9988	10627743	0	0	0	0	1	128	0	1	430	208	52	58	3025	0	0	0	1	
9989	10627776	0	0	0	0	1	128	0	1	430	208	52	58	3035	0	0	0	1	
9990	10627810	0	0	0	0	1	128	0	1	430	208	52	58	3033	0	0	0	1	
9991	10627843	0	0	0	0	1	128	0	1	430	208	52	58	3027	0	0	0	1	
9992	10627877	0	0	0	0	1	128	0	1	430	208	52	58	3025	0	0	0	1	
9993	10627910	0	0	0	0	1	128	0	1	430	208	52	58	3024	0	0	0	1	
9994	10627943	0	0	0	0	1	128	0	1	430	208	52	58	3018	0	0	0	1	
9995	10627977	0	0	0	0	1	128	0	1	430	208	52	58	3023	0	0	0	1	
9996	10628010	0	0	0	0	1	128	0	1	430	208	52	58	3031	0	0	0	1	
9997	10628043	0	0	0	0	1	128	0	1	430	208	52	58	3033	0	0	0	1	
9998	10628077	0	0	0	0	1	128	0	1	490	224	59	87	5137	0	0	0	1	
9999	10628110	0	0	0	0	1	128	0	1	470	252	47	56	2614	0	0	0	1	
10000	10628143	0	0	0	0	1	128	0	1	470	254	46	56	2590	0	0	0	1	
10001	10628177	0	0	0	0	1	128	0	1	470	254	47	56	2608	0	0	0	1	
10002	10628210	0	0	0	0	1	128	0	1	470	254	47	56	2623	0	0	0	1	
10003	10628244	0	0	0	0	1	128	0	1	470	254	47	56	2629	0	0	0	1	
10004	10628277	0	0	0	0	1	128	0	1	474	250	46	56	2595	0	0	0	1	
10005	10628310	0	0	0	0	1	128	0	1	474	250	46	56	2584	0	0	0	1	
10006	10628344	0	0	0	0	1	128	0	1	474	250	46	56	2580	0	0	0	1	
10007	10628377	0	0	0	0	1	128	0	1	474	250	46	56	2565	0	0	0	1	
10008	10628410	0	0	0	0	1	128	0	1	474	248	46	56	2566	0	0	0	1	
10009	10628444	0	0	0	0	1	128	0	1	474	248	46	56	2555	0	0	0	1	
10010	10628477	0	0	0	0	1	128	0	1	474	248	46	56	2557	0	0	0	1	
10011	10628511	0	0	0	0	1	128	0	1	474	248	46	56	2560	0	0	0	1	
10012	10628544	0	0	0	0	1	128	0	1	474	248	46	56	2559	0	0	0	1	
10013	10628577	0	0	0	0	1	128	0	1	474	248	46	56	2562	0	0	0	1	
10014	10628611	0	0	0	0	1	128	0	1	474	248	46	56	2576	0	0	0	1	
10015	10628644	0	0	0	0	1	128	0	1	474	248	46	56	2587	0	0	0	1	
10016	10628677	0	0	0	0	1	128	0	1	474	248	46	56	2608	0	0	0	1	
10017	10628711	0	0	0	0	1	128	0	1	472	248	47	56	2626	0	0	0	1	
10018	10628744	0	0	0	0	1	128	0	1	472	248	47	57	2650	0	0	0	1	
10019	10628777	0	0	0	0	1	128	0	1	472	248	47	57	2665	0	0	0	1	
10020	10628811	0	0	0	0	1	128	0	1	472	248	47	57	2673	0	0	0	1	
10021	10628844	0	0	0	0	1	128	0	1	468	248	47	57	2670	0	0	0	1	
10022	10628878	0	0	0	0	1	128	0	1	460	246	49	57	2779	0	0	0	1	
10023	10628911	0	0	0	0	1	128	0	1	458	246	50	57	2822	0	0	0	1	
10024	10628944	0	0	0	0	1	128	0	1	456	244	50	57	2848	0	0	0	1	
10025	10628978	0	0	0	0	1	128	0	1	454	244	50	57	2863	0	0	0	1	
10026	10629011	0	0	0	0	1	128	0	1	442	246	52	57	2958	0	0	0	1	
10027	10629044	0	0	0	0	1	128	0	1	440	246	52	57	2985	0	0	0	1	
10028	10629078	0	0	0	0	1	128	0	1	438	246	52	57	2984	0	0	0	1	
10029	10629111	0	0	0	0	1	128	0	1	436	246	52	57	2970	0	0	0	1	
10030	10629145	0	0	0	0	1	128	0	1	434	244	52	57	2969	0	0	0	1	
10031	10629178	0	0	0	0	1	128	0	1	428	244	52	56	2915	0	0	0	1	
10032	10629211	0	0	0	0	1	128	0	1	422	242	53	57	3014	0	0	0	1	
10033	10629245	0	0	0	0	1	128	0	1	418	242	53	57	3026	0	0	0	1	
10034	10629278	0	0	0	0	1	128	0	1	416	242	54	57	3032	0	0	0	1	
10035	10629311	0	0	0	0	1	128	0	1	414	242	54	57	3061	0	0	0	1	
10036	10629345	0	0	0	0	1	128	0	1	412	242	54	57	3088	0	0	0	1	
10037	10629378	0	0	0	0	1	128	0	1	410	242	55	57	3121	0	0	0	1	
10038	10629411	0	0	0	0	1	128	0	1	406	242	55	57	3147	0	0	0	1	
10039	10629445	0	0	0	0	1	128	0	1	404	242	55	57	3155	0	0	0	1	
10040	10629478	0	0	0	0	1	128	0	1	390	242	56	58	3267	0	0	0	1	
10041	10629512	0	0	0	0	1	128	0	1	388	242	56	58	3265	0	0	0	1	
10042	10629545	0	0	0	0	1	128	0	1	386	242	56	58	3278	0	0	0	1	
10043	10629578	0	0	0	0	1	128	0	1	384	242	56	58	3283	0	0	0	1	
10044	10629612	0	0	0	0	1	128	0	1	384	242	57	58	3292	0	0	0	1	
10045	10629645	0	0	0	0	1	128	0	1	394	240	56	58	3258	0	0	0	1	
10046	10629678	0	0	0	0	1	128	0	1	392	240	56	58	3256	0	0	0	1	
10047	10629712	0	0	0	0	1	128	0	1	392	240	56	58	3264	0	0	0	1	
10048	10629745	0	0	0	0	1	128	0	1	392	240	56	58	3268	0	0	0	1	
10049	10629778	0	0	0	0	1	128	0	1	392	240	56	58	3275	0	0	0	1	
10050	10629812	0	0	0	0	1	128	0	1	392	240	56	58	3275	0	0	0	1	
10051	10629845	0	0	0	0	1	128	0	1	392	240	56	58	3284	0	0	0	1	
10052	10629879	0	0	0	0	1	128	0	1	394	240	56	59	3282	0	0	0	1	
10053	10629912	0	0	0	0	1	128	0	1	396	240	56	58	3263	0	0	0	1	
10054	10629945	0	0	0	0	1	128	0	1	396	240	56	58	3250	0	0	0	1	
10055	10629979	0	0	0	0	1	128	0	1	396	240	55	58	3239	0	0	0	1	
10056	10630012	0	0	0	0	1	128	0	1	396	240	55	58	3228	0	0	0	1	
10057	10630045	0	0	0	0	1	128	0	1	396	240	55	58	3204	0	0	0	1	
10058	10630079	0	0	0	0	1	128	0	1	396	240	55	58	3201	0	0	0	1	
10059	10630112	0	0	0	0	1	128	0	1	396	240	55	58	3197	0	0	0	1	
10060	10630146	0	0	0	0	1	128	0	1	396	240	55	58	3188	0	0	0	1	
10061	10630179	0	0	0	0	1	128	0	1	396	240	55	58	3180	0	0	0	1	
10062	10630212	0	0	0	0	1	128	0	1	396	240	55	58	3170	0	0	0	1	
10063	10630246	0	0	0	0	1	128	0	1	396	240	55	58	3169	0	0	0	1	
10064	10630279	0	0	0	0	1	128	0	1	396	240	55	58	3157	0	0	0	1	
10065	10630312	0	0	0	0	1	128	0	1	396	240	55	57	3148	0	0	0	1	
10066	10630346	0	0	0	0	1	128	0	1	396	240	55	58	3154	0	0	0	1	
10067	10630379	0	0	0	0	1	128	0	1	370	210	55	58	3228	0	0	0	1	
10068	10630413	0	0	0	0	1	128	0	1	360	194	55	59	3283	0	0	0	1	
10069	10630446	0	0	0	0	1	128	0	1	358	196	55	59	3273	0	0	0	1	
10070	10630479	0	0	0	0	1	128	0	1	356	196	55	59	3266	0	0	0	1	
10071	10630513	0	0	0	0	1	128	0	1	356	196	56	59	3302	0	0	0	1	
10072	10630546	0	0	0	0	1	128	0	1	354	196	56	59	3272	0	0	0	1	
10073	10630579	0	0	0	0	1	128	0	1	354	196	56	59	3288	0	0	0	1	
10074	10630613	0	0	0	0	1	128	0	1	354	196	56	59	3292	0	0	0	1	
10075	10630646	0	0	0	0	1	128	0	1	354	196	56	59	3314	0	0	0	1	
10076	10630679	0	0	0	0	1	128	0	1	354	196	56	59	3320	0	0	0	1	
10077	10630713	0	0	0	0	1	128	0	1	354	196	56	59	3328	0	0	0	1	
10078	10630746	0	0	0	0	1	128	0	1	352	196	56	59	3327	0	0	0	1	
10079	10630780	0	0	0	0	1	128	0	1	354	196	56	58	3237	0	0	0	1	
10080	10630813	0	0	0	0	1	128	0	1	352	196	56	59	3302	0	0	0	1	
10081	10630846	0	0	0	0	1	128	0	1	352	196	56	59	3266	0	0	0	1	
10082	10630880	0	0	0	0	1	128	0	1	352	196	56	60	3310	0	0	0	1	
10083	10630913	0	0	0	0	1	128	0	1	352	196	56	60	3327	0	0	0	1	
10084	10630946	0	0	0	0	1	128	0	1	352	196	55	59	3292	0	0	0	1	
10085	10630980	0	0	0	0	1	128	0	1	352	196	55	59	3269	0	0	0	1	
10086	10631013	0	0	0	0	1	128	0	1	352	196	55	58	3227	0	0	0	1	
10087	10631046	0	0	0	0	1	128	0	1	352	198	55	57	3111	0	0	0	1	
10088	10631080	0	0	0	0	1	128	0	1	352	198	55	58	3199	0	0	0	1	
10089	10631113	0	0	0	0	1	128	0	1	352	198	55	59	3208	0	0	0	1	
10090	10631147	0	0	0	0	1	128	0	1	352	198	55	59	3206	0	0	0	1	
10091	10631180	0	0	0	0	1	128	0	1	352	198	55	58	3196	0	0	0	1	
10092	10631213	0	0	0	0	1	128	0	1	354	198	55	59	3198	0	0	0	1	
10093	10631247	0	0	0	0	1	128	0	1	368	202	54	58	3132	0	0	0	1	
10094	10631280	0	0	0	0	1	128	0	1	368	204	54	58	3129	0	0	0	1	
10095	10631313	0	0	0	0	1	128	0	1	370	204	54	58	3137	0	0	0	1	
10096	10631347	0	0	0	0	1	128	0	1	372	206	54	58	3140	0	0	0	1	
10097	10631380	0	0	0	0	1	128	0	1	376	206	54	57	3107	0	0	0	1	
10098	10631414	0	0	0	0	1	128	0	1	396	212	53	57	3065	0	0	0	1	
10099	10631447	0	0	0	0	1	128	0	1	398	214	53	58	3065	0	0	0	1	
10100	10631480	0	0	0	0	1	128	0	1	400	214	53	57	3045	0	0	0	1	
10101	10631514	0	0	0	0	1	128	0	1	402	216	53	57	3018	0	0	0	1	
10102	10631547	0	0	0	0	1	128	0	1	404	216	53	57	3022	0	0	0	1	
10103	10631580	0	0	0	0	1	128	0	1	406	218	53	57	3002	0	0	0	1	
10104	10631614	0	0	0	0	1	128	0	1	416	216	52	57	2944	0	0	0	1	
10105	10631647	0	0	0	0	1	128	0	1	418	218	52	57	2944	0	0	0	1	
10106	10631681	0	0	0	0	1	128	0	1	420	218	52	57	2948	0	0	0	1	
10107	10631714	0	0	0	0	1	128	0	1	422	218	52	57	2946	0	0	0	1	
10108	10631747	0	0	0	0	1	128	0	1	424	220	52	57	2946	0	0	0	1	
10109	10631781	0	0	0	0	1	128	0	1	420	218	51	57	2920	0	0	0	1	
10110	10631814	0	0	0	0	1	128	0	1	410	216	53	57	3034	0	0	0	1	
10111	10631847	0	0	0	0	1	128	0	1	410	216	53	58	3070	0	0	0	1	
10112	10631881	0	0	0	0	1	128	0	1	410	216	53	58	3083	0	0	0	1	
10113	10631914	0	0	0	0	1	128	0	1	410	216	53	58	3091	0	0	0	1	
10114	10631947	0	0	0	0	1	128	0	1	410	216	53	58	3106	0	0	0	1	
10115	10631981	0	0	0	0	1	128	0	1	410	216	54	58	3116	0	0	0	1	
10116	10632014	0	0	0	0	1	128	0	1	410	216	54	58	3120	0	0	0	1	
10117	10632048	0	0	0	0	1	128	0	1	410	216	54	58	3117	0	0	0	1	
10118	10632081	0	0	0	0	1	128	0	1	410	216	54	58	3122	0	0	0	1	
10119	10632114	0	0	0	0	1	128	0	1	410	216	54	58	3116	0	0	0	1	
10120	10632148	0	0	0	0	1	128	0	1	410	216	54	58	3099	0	0	0	1	
10121	10632181	0	0	0	0	1	128	0	1	408	214	53	58	3098	0	0	0	1	
10122	10632214	0	0	0	0	1	128	0	1	408	212	53	58	3079	0	0	0	1	
10123	10632248	0	0	0	0	1	128	0	1	408	212	53	57	3058	0	0	0	1	
10124	10632281	0	0	0	0	1	128	0	1	408	212	53	57	3036	0	0	0	1	
10125	10632314	0	0	0	0	1	128	0	1	408	212	53	57	3015	0	0	0	1	
10126	10632348	0	0	0	0	1	128	0	1	408	212	52	57	2988	0	0	0	1	
10127	10632381	0	0	0	0	1	128	0	1	408	212	52	57	2967	0	0	0	1	
10128	10632415	0	0	0	0	1	128	0	1	408	212	52	57	2942	0	0	0	1	
10129	10632448	0	0	0	0	1	128	0	1	408	212	52	56	2915	0	0	0	1	
10130	10632481	0	0	0	0	1	128	0	1	408	212	52	56	2879	0	0	0	1	
10131	10632515	0	0	0	0	1	128	0	1	408	212	51	56	2867	0	0	0	1	
10132	10632548	0	0	0	0	1	128	0	1	408	212	51	56	2849	0	0	0	1	
10133	10632581	0	0	0	0	1	128	0	1	408	212	51	55	2827	0	0	0	1	
10134	10632615	0	0	0	0	1	128	0	1	408	212	51	55	2815	0	0	0	1	
10135	10632648	0	0	0	0	1	128	0	1	408	212	51	55	2780	0	0	0	1	
10136	10632682	0	0	0	0	1	128	0	1	408	212	51	55	2772	0	0	0	1	
10137	10632715	0	0	0	0	1	128	0	1	406	216	50	53	2673	0	0	0	1	
10138	10632748	0	0	0	0	1	128	0	1	402	240	51	53	2703	0	0	0	1	
10139	10632782	0	0	0	0	1	128	0	1	402	240	51	53	2696	0	0	0	1	
10140	10632815	0	0	0	0	1	128	0	1	402	240	51	53	2693	0	0	0	1	
10141	10632848	0	0	0	0	1	128	0	1	400	240	51	53	2689	0	0	0	1	
10142	10632882	0	0	0	0	1	128	0	1	400	240	51	53	2691	0	0	0	1	
10143	10632915	0	0	0	0	1	128	0	1	400	240	51	53	2695	0	0	0	1	
10144	10632948	0	0	0	0	1	128	0	1	400	240	51	53	2695	0	0	0	1	
10145	10632982	0	0	0	0	1	128	0	1	400	240	51	53	2706	0	0	0	1	
10146	10633015	0	0	0	0	1	128	0	1	400	240	51	53	2711	0	0	0	1	
10147	10633049	0	0	0	0	1	128	0	1	400	240	51	53	2723	0	0	0	1	
10148	10633082	0	0	0	0	1	128	0	1	400	240	51	54	2741	0	0	0	1	
10149	10633115	0	0	0	0	1	128	0	1	400	240	51	54	2756	0	0	0	1	
10150	10633149	0	0	0	0	1	128	0	1	400	240	51	54	2765	0	0	0	1	
10151	10633182	0	0	0	0	1	128	0	1	400	240	51	54	2767	0	0	0	1	
10152	10633215	0	0	0	0	1	128	0	1	400	240	51	54	2756	0	0	0	1	
10153	10633249	0	0	0	0	1	128	0	1	400	240	51	54	2741	0	0	0	1	
10154	10633282	0	0	0	0	1	128	0	1	400	240	51	54	2721	0	0	0	1	
10155	10633315	0	0	0	0	1	128	0	1	400	240	51	53	2705	0	0	0	1	
10156	10633349	0	0	0	0	1	128	0	1	400	240	51	53	2702	0	0	0	1	
10157	10633382	0	0	0	0	1	128	0	1	400	240	50	53	2692	0	0	0	1	
10158	10633416	0	0	0	0	1	128	0	1	400	240	50	53	2683	0	0	0	1	
10159	10633449	0	0	0	0	1	128	0	1	400	238	50	53	2673	0	0	0	1	
10160	10633482	0	0	0	0	1	128	0	1	412	192	49	54	2674	0	0	0	1	
10161	10633516	0	0	0	0	1	128	0	1	410	190	49	54	2666	0	0	0	1	
10162	10633549	0	0	0	0	1	128	0	1	408	192	49	54	2656	0	0	0	1	
10163	10633583	0	0	0	0	1	128	0	1	408	192	49	54	2662	0	0	0	1	
10164	10633616	0	0	0	0	1	128	0	1	408	192	49	54	2651	0	0	0	1	
10165	10633649	0	0	0	0	1	128	0	1	408	192	49	54	2663	0	0	0	1	
10166	10633683	0	0	0	0	1	128	0	1	410	184	49	54	2643	0	0	0	1	
10167	10633716	0	0	0	0	1	128	0	1	410	184	49	55	2675	0	0	0	1	
10168	10633749	0	0	0	0	1	128	0	1	402	192	50	54	2674	0	0	0	1	
10169	10633783	0	0	0	0	1	128	0	1	404	194	50	55	2722	0	0	0	1	
10170	10633816	0	0	0	0	1	128	0	1	406	194	50	55	2737	0	0	0	1	
10171	10633849	0	0	0	0	1	128	0	1	410	192	50	55	2714	0	0	0	1	
10172	10633883	0	0	0	0	1	128	0	1	410	192	50	55	2727	0	0	0	1	
10173	10633916	0	0	0	0	1	128	0	1	410	192	50	55	2721	0	0	0	1	
10174	10633950	0	0	0	0	1	128	0	1	410	192	50	55	2723	0	0	0	1	
10175	10633983	0	0	0	0	1	128	0	1	410	192	49	55	2707	0	0	0	1	
10176	10634016	0	0	0	0	1	128	0	1	410	192	49	55	2701	0	0	0	1	
10177	10634050	0	0	0	0	1	128	0	1	410	192	49	55	2693	0	0	0	1	
10178	10634083	0	0	0	0	1	128	0	1	410	192	49	55	2690	0	0	0	1	
10179	10634116	0	0	0	0	1	128	0	1	410	192	49	55	2694	0	0	0	1	
10180	10634150	0	0	0	0	1	128	0	1	410	192	50	55	2706	0	0	0	1	
10181	10634183	0	0	0	0	1	128	0	1	410	192	50	55	2727	0	0	0	1	
10182	10634216	0	0	0	0	1	128	0	1	428	204	48	53	2521	0	0	0	1	
10183	10634250	0	0	0	0	1	128	0	1	446	216	48	54	2562	0	0	0	1	
10184	10634283	0	0	0	0	1	128	0	1	446	216	48	54	2621	0	0	0	1	
10185	10634317	0	0	0	0	1	128	0	1	446	216	49	55	2651	0	0	0	1	
10186	10634350	0	0	0	0	1	128	0	1	444	216	49	55	2677	0	0	0	1	
10187	10634383	0	0	0	0	1	128	0	1	448	216	49	55	2666	0	0	0	1	
10188	10634417	0	0	0	0	1	128	0	1	452	220	48	55	2639	0	0	0	1	
10189	10634450	0	0	0	0	1	128	0	1	452	220	48	55	2634	0	0	0	1	
10190	10634483	0	0	0	0	1	128	0	1	452	220	48	55	2640	0	0	0	1	
10191	10634517	0	0	0	0	1	128	0	1	452	220	48	55	2645	0	0	0	1	
10192	10634550	0	0	0	0	1	128	0	1	452	218	48	55	2656	0	0	0	1	
10193	10634584	0	0	0	0	1	128	0	1	452	218	48	55	2660	0	0	0	1	
10194	10634617	0	0	0	0	1	128	0	1	452	218	48	55	2681	0	0	0	1	
10195	10634650	0	0	0	0	1	128	0	1	450	218	49	56	2700	0	0	0	1	
10196	10634684	0	0	0	0	1	128	0	1	450	218	49	56	2728	0	0	0	1	
10197	10634717	0	0	0	0	1	128	0	1	450	218	49	56	2743	0	0	0	1	
10198	10634750	0	0	0	0	1	128	0	1	450	218	49	56	2767	0	0	0	1	
10199	10634784	0	0	0	0	1	128	0	1	450	218	49	57	2810	0	0	0	1	
10200	10634817	0	0	0	0	1	128	0	1	450	218	50	57	2833	0	0	0	1	
10201	10634850	0	0	0	0	1	128	0	1	450	218	50	57	2857	0	0	0	1	
10202	10634884	0	0	0	0	1	128	0	1	450	218	50	58	2886	0	0	0	1	
10203	10634917	0	0	0	0	1	128	0	1	450	218	51	58	2933	0	0	0	1	
10204	10634951	0	0	0	0	1	128	0	1	450	220	51	58	2964	0	0	0	1	
10205	10634984	0	0	0	0	1	128	0	1	440	248	56	62	3494	0	0	0	1	
10206	10635017	0	0	0	0	1	128	0	1	432	248	52	58	3049	0	0	0	1	
10207	10635051	0	0	0	0	1	128	0	1	432	250	52	59	3081	0	0	0	1	
10208	10635084	0	0	0	0	1	128	0	1	432	250	53	59	3124	0	0	0	1	
10209	10635117	0	0	0	0	1	128	0	1	432	250	53	60	3152	0	0	0	1	
10210	10635151	0	0	0	0	1	128	0	1	432	250	53	60	3167	0	0	0	1	
10211	10635184	0	0	0	0	1	128	0	1	432	250	53	60	3173	0	0	0	1	
10212	10635217	0	0	0	0	1	128	0	1	432	250	53	60	3171	0	0	0	1	
10213	10635251	0	0	0	0	1	128	0	1	436	248	53	60	3148	0	0	0	1	
10214	10635284	0	0	0	0	1	128	0	1	436	248	53	59	3138	0	0	0	1	
10215	10635318	0	0	0	0	1	128	0	1	436	248	52	59	3115	0	0	0	1	
10216	10635351	0	0	0	0	1	128	0	1	436	248	52	59	3113	0	0	0	1	
10217	10635384	0	0	0	0	1	128	0	1	436	248	52	59	3107	0	0	0	1	
10218	10635418	0	0	0	0	1	128	0	1	436	248	52	59	3102	0	0	0	1	
10219	10635451	0	0	0	0	1	128	0	1	436	248	52	59	3089	0	0	0	1	
10220	10635484	0	0	0	0	1	128	0	1	436	248	52	59	3063	0	0	0	1	
10221	10635518	0	0	0	0	1	128	0	1	436	248	52	59	3049	0	0	0	1	
10222	10635551	0	0	0	0	1	128	0	1	436	248	52	58	3038	0	0	0	1	
10223	10635585	0	0	0	0	1	128	0	1	436	248	52	58	3026	0	0	0	1	
10224	10635618	0	0	0	0	1	128	0	1	436	248	52	58	3006	0	0	0	1	
10225	10635651	0	0	0	0	1	128	0	1	436	248	52	58	3000	0	0	0	1	
10226	10635685	0	0	0	0	1	128	0	1	436	248	52	58	2984	0	0	0	1	
10227	10635718	0	0	0	0	1	128	0	1	402	278	53	60	3161	0	0	0	1	
10228	10635751	0	0	0	0	1	128	0	1	394	282	54	56	3048	0	0	0	1	
10229	10635785	0	0	0	0	1	128	0	1	392	282	54	57	3076	0	0	0	1	
10230	10635818	0	0	0	0	1	128	0	1	392	282	54	57	3092	0	0	0	1	
10231	10635852	0	0	0	0	1	128	0	1	392	282	55	57	3122	0	0	0	1	
10232	10635885	0	0	0	0	1	128	0	1	392	282	55	57	3141	0	0	0	1	
10233	10635918	0	0	0	0	1	128	0	1	392	282	55	57	3148	0	0	0	1	
10234	10635952	0	0	0	0	1	128	0	1	392	282	55	57	3156	0	0	0	1	
10235	10635985	0	0	0	0	1	128	0	1	392	282	55	57	3148	0	0	0	1	
10236	10636018	0	0	0	0	1	128	0	1	392	282	55	57	3146	0	0	0	1	
10237	10636052	0	0	0	0	1	128	0	1	392	282	55	57	3130	0	0	0	1	
10238	10636085	0	0	0	0	1	128	0	1	392	282	55	57	3124	0	0	0	1	
10239	10636118	0	0	0	0	1	128	0	1	392	282	55	57	3112	0	0	0	1	
10240	10636152	0	0	0	0	1	128	0	1	392	282	54	57	3089	0	0	0	1	
10241	10636185	0	0	0	0	1	128	0	1	392	282	54	57	3055	0	0	0	1	
10242	10636219	0	0	0	0	1	128	0	1	392	282	54	56	3031	0	0	0	1	
10243	10636252	0	0	0	0	1	128	0	1	392	282	54	56	3006	0	0	0	1	
10244	10636285	0	0	0	0	1	128	0	1	392	282	53	56	2985	0	0	0	1	
10245	10636319	0	0	0	0	1	128	0	1	392	282	53	56	2967	0	0	0	1	
10246	10636352	0	0	0	0	1	128	0	1	392	282	53	55	2953	0	0	0	1	
10247	10636385	0	0	0	0	1	128	0	1	390	282	53	55	2941	0	0	0	1	
10248	10636419	0	0	0	0	1	128	0	1	390	282	53	55	2926	0	0	0	1	
10249	10636452	0	0	0	0	1	128	0	0	0	0	0	0	0	0	0	0	1	
10250	10636485	0	0	0	0	1	128	0	1	394	232	54	56	3053	0	0	0	1	
10251	10636519	0	0	0	0	1	128	0	1	392	232	54	56	3064	0	0	0	1	
10252	10636552	0	0	0	0	1	128	0	1	392	232	55	56	3082	0	0	0	1	
10253	10636586	0	0	0	0	1	128	0	1	392	232	55	56	3086	0	0	0	1	
10254	10636619	0	0	0	0	1	128	0	1	390	234	55	57	3096	0	0	0	1	
10255	10636652	0	0	0	0	1	128	0	1	396	236	55	56	3088	0	0	0	1	
10256	10636686	0	0	0	0	1	128	0	1	396	236	55	56	3101	0	0	0	1	
10257	10636719	0	0	0	0	1	128	0	1	396	236	55	57	3109	0	0	0	1	
10258	10636752	0	0	0	0	1	128	0	1	396	236	55	57	3114	0	0	0	1	
10259	10636786	0	0	0	0	1	128	0	1	394	240	55	56	3095	0	0	0	1	
10260	10636819	0	0	0	0	1	128	0	1	394	240	55	56	3093	0	0	0	1	
10261	10636853	0	0	0	0	1	128	0	1	394	240	55	56	3081	0	0	0	1	
10262	10636886	0	0	0	0	1	128	0	1	394	240	55	56	3066	0	0	0	1	
10263	10636919	0	0	0	0	1	128	0	1	394	240	54	56	3047	0	0	0	1	
10264	10636953	0	0	0	0	1	128	0	1	394	240	54	56	3031	0	0	0	1	
10265	10636986	0	0	0	0	1	128	0	1	394	240	54	56	3011	0	0	0	1	
10266	10637019	0	0	0	0	1	128	0	1	394	240	54	56	3011	0	0	0	1	
10267	10637053	0	0	0	0	1	128	0	1	394	240	54	56	2999	0	0	0	1	
10268	10637086	0	0	0	0	1	128	0	1	394	240	54	56	2996	0	0	0	1	
10269	10637119	0	0	0	0	1	128	0	1	392	240	54	55	2982	0	0	0	1	
10270	10637153	0	0	0	0	1	128	0	1	392	240	54	55	2986	0	0	0	1	
10271	10637186	0	0	0	0	1	128	0	1	392	240	54	55	2990	0	0	0	1	
10272	10637220	0	0	0	0	1	128	0	1	392	240	54	55	2984	0	0	0	1	
10273	10637253	0	0	0	0	1	128	0	1	392	240	54	56	2987	0	0	0	1	
10274	10637286	0	0	0	0	1	128	0	1	392	240	54	55	2972	0	0	0	1	
10275	10637320	0	0	0	0	1	128	0	1	392	240	54	55	2966	0	0	0	1	
10276	10637353	0	0	0	0	1	128	0	1	380	222	53	55	2945	0	0	0	1	
10277	10637386	0	0	0	0	1	128	0	1	364	196	53	58	3076	0	0	0	1	
10278	10637420	0	0	0	0	1	128	0	1	358	196	54	58	3136	0	0	0	1	
10279	10637453	0	0	0	0	1	128	0	1	356	198	53	57	3021	0	0	0	1	
10280	10637487	0	0	0	0	1	128	0	1	322	204	54	57	3096	0	0	0	1	
10281	10637520	0	0	0	0	1	128	0	1	320	204	54	58	3104	0	0	0	1	
10282	10637553	0	0	0	0	1	128	0	1	316	206	54	58	3124	0	0	0	1	
10283	10637587	0	0	0	0	1	128	0	1	314	206	54	58	3114	0	0	0	1	
10284	10637620	0	0	0	0	1	128	0	1	310	208	54	58	3112	0	0	0	1	
10285	10637653	0	0	0	0	1	128	0	1	290	204	53	58	3083	0	0	0	1	
10286	10637687	0	0	0	0	1	128	0	1	288	204	53	57	3061	0	0	0	1	
10287	10637720	0	0	0	0	1	128	0	1	284	206	53	57	3049	0	0	0	1	
10288	10637754	0	0	0	0	1	128	0	1	282	208	53	57	3031	0	0	0	1	
10289	10637787	0	0	0	0	1	128	0	1	278	210	53	57	3017	0	0	0	1	
10290	10637820	0	0	0	0	1	128	0	1	264	216	51	56	2894	0	0	0	1	
10291	10637854	0	0	0	0	1	128	0	1	260	222	52	56	2921	0	0	0	1	
10292	10637887	0	0	0	0	1	128	0	1	258	226	52	56	2886	0	0	0	1	
10293	10637920	0	0	0	0	1	128	0	1	256	230	51	56	2863	0	0	0	1	
10294	10637954	0	0	0	0	1	128	0	1	254	234	51	56	2851	0	0	0	1	
10295	10637987	0	0	0	0	1	128	0	1	254	238	51	55	2818	0	0	0	1	
10296	10638020	0	0	0	0	1	128	0	1	246	256	49	55	2699	0	0	0	1	
10297	10638054	0	0	0	0	1	128	0	1	246	262	49	55	2707	0	0	0	1	
10298	10638087	0	0	0	0	1	128	0	1	248	266	49	55	2690	0	0	0	1	
10299	10638121	0	0	0	0	1	128	0	1	250	270	49	55	2665	0	0	0	1	
10300	10638154	0	0	0	0	1	128	0	1	252	274	49	54	2632	0	0	0	1	
10301	10638187	0	0	0	0	1	128	0	1	254	278	48	54	2629	0	0	0	1	
10302	10638221	0	0	0	0	1	128	0	1	258	282	48	54	2612	0	0	0	1	
10303	10638254	0	0	0	0	1	128	0	1	262	286	48	54	2562	0	0	0	1	
10304	10638287	0	0	0	0	1	128	0	1	268	304	46	53	2440	0	0	0	1	
10305	10638321	0	0	0	0	1	128	0	1	272	308	47	53	2490	0	0	0	1	
10306	10638354	0	0	0	0	1	128	0	1	276	312	47	53	2495	0	0	0	1	
10307	10638387	0	0	0	0	1	128	0	1	280	314	47	53	2478	0	0	0	1	
10308	10638421	0	0	0	0	1	128	0	1	284	318	47	53	2486	0	0	0	1	
10309	10638454	0	0	0	0	1	128	0	1	304	362	74	125	9208	0	0	0	1	
10310	10638488	0	0	0	0	1	128	0	1	316	318	47	53	2523	0	0	0	1	
10311	10638521	0	0	0	0	1	128	0	1	324	320	48	53	2522	0	0	0	1	
10312	10638554	0	0	0	0	1	128	0	1	330	320	48	53	2525	0	0	0	1	
10313	10638588	0	0	0	0	1	128	0	1	338	318	48	53	2529	0	0	0	1	
10314	10638621	0	0	0	0	1	128	0	1	344	318	48	53	2553	0	0	0	1	
10315	10638654	0	0	0	0	1	128	0	1	350	316	49	53	2584	0	0	0	1	
10316	10638688	0	0	0	0	1	128	0	1	356	314	49	53	2625	0	0	0	1	
10317	10638721	0	0	0	0	1	128	0	1	362	312	50	54	2665	0	0	0	1	
10318	10638755	0	0	0	0	1	128	0	1	366	310	50	54	2704	0	0	0	1	
10319	10638788	0	0	0	0	1	128	0	1	370	308	50	55	2749	0	0	0	1	
10320	10638821	0	0	0	0	1	128	0	1	376	304	51	55	2828	0	0	0	1	
10321	10638855	0	0	0	0	1	128	0	1	388	280	54	56	2986	0	0	0	1	
10322	10638888	0	0	0	0	1	128	0	1	390	278	54	56	3001	0	0	0	1	
10323	10638921	0	0	0	0	1	128	0	1	392	274	54	57	3051	0	0	0	1	
10324	10638955	0	0	0	0	1	128	0	1	392	272	54	57	3094	0	0	0	1	
10325	10638988	0	0	0	0	1	128	0	1	394	270	55	57	3124	0	0	0	1	
10326	10639021	0	0	0	0	1	128	0	1	394	268	55	57	3160	0	0	0	1	
10327	10639055	0	0	0	0	1	128	0	1	394	266	55	58	3205	0	0	0	1	
10328	10639088	0	0	0	0	1	128	0	1	400	244	56	59	3299	0	0	0	1	
10329	10639122	0	0	0	0	1	128	0	1	398	244	56	59	3322	0	0	0	1	
10330	10639155	0	0	0	0	1	128	0	1	398	242	56	59	3344	0	0	0	1	
10331	10639188	0	0	0	0	1	128	0	1	396	242	57	60	3376	0	0	0	1	
10332	10639222	0	0	0	0	1	128	0	1	396	242	57	60	3386	0	0	0	1	
10333	10639255	0	0	0	0	1	128	0	1	396	242	57	60	3399	0	0	0	1	
10334	10639288	0	0	0	0	1	128	0	1	396	242	57	60	3399	0	0	0	1	
10335	10639322	0	0	0	0	1	128	0	1	396	242	57	60	3388	0	0	0	1	
10336	10639355	0	0	0	0	1	128	0	1	396	242	57	60	3381	0	0	0	1	
10337	10639388	0	0	0	0	1	128	0	1	396	242	57	60	3375	0	0	0	1	
10338	10639422	0	0	0	0	1	128	0	1	394	242	56	60	3389	0	0	0	1	
10339	10639455	0	0	0	0	1	128	0	1	394	242	56	60	3357	0	0	0	1	
10340	10639489	0	0	0	0	1	128	0	1	394	242	56	59	3337	0	0	0	1	
10341	10639522	0	0	0	0	1	128	0	1	394	242	56	59	3303	0	0	0	1	
10342	10639555	0	0	0	0	1	128	0	1	394	242	56	59	3278	0	0	0	1	
10343	10639589	0	0	0	0	1	128	0	1	394	242	55	58	3236	0	0	0	1	
10344	10639622	0	0	0	0	1	128	0	1	394	242	55	58	3194	0	0	0	1	
10345	10639655	0	0	0	0	1	128	0	1	394	242	55	58	3155	0	0	0	1	
10346	10639689	0	0	0	0	1	128	0	1	394	242	55	57	3127	0	0	0	1	
10347	10639722	0	0	0	0	1	128	0	1	394	242	54	57	3100	0	0	0	1	
10348	10639756	0	0	0	0	1	128	0	1	394	242	54	57	3069	0	0	0	1	
10349	10639789	0	0	0	0	1	128	0	1	394	242	54	56	3047	0	0	0	1	
10350	10639822	0	0	0	0	1	128	0	1	394	242	54	56	3024	0	0	0	1	
10351	10639856	0	0	0	0	1	128	0	1	394	242	54	56	3001	0	0	0	1	
10352	10639889	0	0	0	0	1	128	0	1	394	242	54	56	2978	0	0	0	1	
10353	10639922	0	0	0	0	1	128	0	1	394	242	53	55	2953	0	0	0	1	
10354	10639956	0	0	0	0	1	128	0	1	394	242	53	55	2924	0	0	0	1	
10355	10639989	0	0	0	0	1	128	0	1	394	242	53	55	2908	0	0	0	1	
10356	10640022	0	0	0	0	1	128	0	1	394	242	53	55	2895	0	0	0	1	
10357	10640056	0	0	0	0	1	128	0	1	394	242	52	55	2874	0	0	0	1	
10358	10640089	0	0	0	0	1	128	0	1	394	242	52	55	2855	0	0	0	1	
10359	10640123	0	0	0	0	1	128	0	1	394	242	52	55	2845	0	0	0	1	
10360	10640156	0	0	0	0	1	128	0	1	394	242	52	55	2845	0	0	0	1	
10361	10640189	0	0	0	0	1	128	0	1	394	242	52	55	2837	0	0	0	1	
10362	10640223	0	0	0	0	1	128	0	1	394	242	52	55	2837	0	0	0	1	
10363	10640256	0	0	0	0	1	128	0	1	396	240	52	54	2823	0	0	0	1	
10364	10640289	0	0	0	0	1	128	0	1	396	240	52	54	2825	0	0	0	1	
10365	10640323	0	0	0	0	1	128	0	1	396	240	52	54	2820	0	0	0	1	
10366	10640356	0	0	0	0	1	128	0	1	396	240	52	54	2815	0	0	0	1	
10367	10640390	0	0	0	0	1	128	0	1	396	240	52	54	2808	0	0	0	1	
10368	10640423	0	0	0	0	1	128	0	1	392	242	52	54	2807	0	0	0	1	
10369	10640456	0	0	0	0	1	128	0	1	392	242	52	54	2801	0	0	0	1	
10370	10640490	0	0	0	0	1	128	0	1	392	242	51	54	2788	0	0	0	1	
10371	10640523	0	0	0	0	1	128	0	1	392	242	51	54	2785	0	0	0	1	
10372	10640556	0	0	0	0	1	128	0	1	392	240	51	54	2787	0	0	0	1	
10373	10640590	0	0	0	0	1	128	0	1	392	240	51	54	2778	0	0	0	1	
10374	10640623	0	0	0	0	1	128	0	1	392	240	51	54	2767	0	0	0	1	
10375	10640657	0	0	0	0	1	128	0	1	396	240	51	54	2754	0	0	0	1	
10376	10640690	0	0	0	0	1	128	0	1	396	240	51	54	2743	0	0	0	1	
10377	10640723	0	0	0	0	1	128	0	1	394	240	51	54	2742	0	0	0	1	
10378	10640757	0	0	0	0	1	128	0	1	396	240	51	54	2740	0	0	0	1	
10379	10640790	0	0	0	0	1	128	0	1	396	240	51	53	2733	0	0	0	1	
10380	10640823	0	0	0	0	1	128	0	1	396	240	51	53	2734	0	0	0	1	
10381	10640857	0	0	0	0	1	128	0	1	394	240	51	54	2743	0	0	0	1	
10382	10640890	0	0	0	0	1	128	0	1	396	240	51	54	2745	0	0	0	1	
10383	10640923	0	0	0	0	1	128	0	1	396	240	51	54	2742	0	0	0	1	
10384	10640957	0	0	0	0	1	128	0	1	394	240	51	54	2741	0	0	0	1	
10385	10640990	0	0	0	0	1	128	0	1	394	240	51	54	2745	0	0	0	1	
10386	10641024	0	0	0	0	1	128	0	1	394	240	51	54	2749	0	0	0	1	
10387	10641057	0	0	0	0	1	128	0	1	394	240	51	54	2757	0	0	0	1	
10388	10641090	0	0	0	0	1	128	0	1	394	240	52	54	2773	0	0	0	1	
10389	10641124	0	0	0	0	1	128	0	1	394	240	52	54	2788	0	0	0	1	
10390	10641157	0	0	0	0	1	128	0	1	394	240	52	54	2796	0	0	0	1	
10391	10641190	0	0	0	0	1	128	0	1	394	240	52	54	2808	0	0	0	1	
10392	10641224	0	0	0	0	1	128	0	1	394	240	52	54	2816	0	0	0	1	
10393	10641257	0	0	0	0	1	128	0	1	394	240	52	54	2821	0	0	0	1	
10394	10641291	0	0	0	0	1	128	0	1	394	240	52	54	2825	0	0	0	1	
10395	10641324	0	0	0	0	1	128	0	1	394	240	52	54	2825	0	0	0	1	
10396	10641357	0	0	0	0	1	128	0	1	388	244	52	54	2840	0	0	0	1	
10397	10641391	0	0	0	0	1	128	0	1	386	244	53	55	2874	0	0	0	1	
10398	10641424	0	0	0	0	1	128	0	1	386	244	53	55	2883	0	0	0	1	
10399	10641457	0	0	0	0	1	128	0	1	386	244	52	54	2838	0	0	0	1	
10400	10641491	0	0	0	0	1	128	0	0	0	0	0	0	0	0	0	0	1	
10401	10641524	0	0	0	0	1	128	0	0	0	0	0	0	0	0	0	0	1	
10402	10641557	0	0	0	0	1	128	0	0	0	0	0	0	0	0	0	0	1	
10403	10641591	0	0	0	0	1	128	0	0	0	0	0	0	0	0	0	0	1	
10404	10641624	0	0	0	0	1	128	0	0	0	0	0	0	0	0	0	0	1	
10405	10641658	0	0	0	0	1	128	0	0	0	0	0	0	0	0	0	0	1	
10406	10641691	0	0	0	0	1	128	0	0	0	0	0	0	0	0	0	0	1	
10407	10641724	0	0	0	0	1	128	0	1	404	240	39	49	1914	0	0	0	1	
10408	10641758	0	0	0	0	1	128	0	1	400	244	47	51	2382	0	0	0	1	
10409	10641791	0	0	0	0	1	128	0	1	400	250	52	54	2780	0	0	0	1	
10410	10641824	0	0	0	0	1	128	0	1	388	238	56	69	3811	0	0	0	1	
10411	10641858	0	0	0	0	1	128	0	1	400	248	52	54	2819	0	0	0	1	
10412	10641891	0	0	0	0	1	128	0	1	400	246	52	55	2855	0	0	0	1	
10413	10641925	0	0	0	0	1	128	0	1	404	244	52	56	2898	0	0	0	1	
10414	10641958	0	0	0	0	1	128	0	1	408	244	53	56	2942	0	0	0	1	
10415	10641991	0	0	0	0	1	128	0	1	408	242	53	56	2968	0	0	0	1	
10416	10642025	0	0	0	0	1	128	0	1	408	242	53	56	3000	0	0	0	1	
10417	10642058	0	0	0	0	1	128	0	1	408	242	53	57	3025	0	0	0	1	
