Version	1.08	gmtime	1441194972
index	timestamp	eyeroihoriz	eyeroivert	eyeroizoomx	eyeroizoomy	blendmode	blendfactor	onlinecalib	eye_valid	eye_x	eye_y	eye_w	eye_h	eye_a	field_x	field_y	displaymode	displayeyedetection	event
12204	17338857	0	0	0	0	1	128	0	1	488	340	48	53	2523	0	0	0	1	
12205	17338890	0	0	0	0	1	128	0	1	488	340	48	53	2538	0	0	0	1	
12206	17338924	0	0	0	0	1	128	0	1	488	340	48	53	2546	0	0	0	1	
12207	17338957	0	0	0	0	1	128	0	1	488	340	48	53	2548	0	0	0	1	
12208	17338990	0	0	0	0	1	128	0	1	488	340	48	53	2561	0	0	0	1	
12209	17339024	0	0	0	0	1	128	0	1	488	340	48	53	2558	0	0	0	1	
12210	17339057	0	0	0	0	1	128	0	1	488	340	49	53	2576	0	0	0	1	
12211	17339091	0	0	0	0	1	128	0	1	488	340	49	53	2577	0	0	0	1	
12212	17339124	0	0	0	0	1	128	0	1	488	340	49	53	2581	0	0	0	1	
12213	17339157	0	0	0	0	1	128	0	1	488	340	49	53	2598	0	0	0	1	
12214	17339191	0	0	0	0	1	128	0	1	488	340	49	53	2611	0	0	0	1	
12215	17339224	0	0	0	0	1	128	0	1	488	338	49	53	2611	0	0	0	1	
12216	17339257	0	0	0	0	1	128	0	1	488	338	49	53	2623	0	0	0	1	
12217	17339291	0	0	0	0	1	128	0	1	488	340	49	53	2624	0	0	0	1	
12218	17339324	0	0	0	0	1	128	0	1	486	340	49	54	2640	0	0	0	1	
12219	17339357	0	0	0	0	1	128	0	1	484	342	50	54	2666	0	0	0	1	
12220	17339391	0	0	0	0	1	128	0	1	484	342	50	54	2669	0	0	0	1	
12221	17339424	0	0	0	0	1	128	0	1	484	342	50	54	2676	0	0	0	1	
12222	17339458	0	0	0	0	1	128	0	1	484	342	50	54	2673	0	0	0	1	
12223	17339491	0	0	0	0	1	128	0	1	484	342	50	54	2678	0	0	0	1	
12224	17339524	0	0	0	0	1	128	0	1	484	342	50	54	2676	0	0	0	1	
12225	17339558	0	0	0	0	1	128	0	1	484	342	50	54	2688	0	0	0	1	
12226	17339591	0	0	0	0	1	128	0	1	484	342	50	54	2693	0	0	0	1	
12227	17339624	0	0	0	0	1	128	0	1	484	342	50	54	2694	0	0	0	1	
12228	17339658	0	0	0	0	1	128	0	1	484	342	50	54	2695	0	0	0	1	
12229	17339691	0	0	0	0	1	128	0	1	484	342	50	54	2691	0	0	0	1	
12230	17339725	0	0	0	0	1	128	0	1	484	342	50	54	2682	0	0	0	1	
12231	17339758	0	0	0	0	1	128	0	1	484	342	50	54	2685	0	0	0	1	
12232	17339791	0	0	0	0	1	128	0	1	484	342	50	54	2679	0	0	0	1	
12233	17339825	0	0	0	0	1	128	0	1	484	342	50	54	2655	0	0	0	1	
12234	17339858	0	0	0	0	1	128	0	1	484	342	49	53	2630	0	0	0	1	
12235	17339891	0	0	0	0	1	128	0	1	484	342	49	53	2583	0	0	0	1	
12236	17339925	0	0	0	0	1	128	0	1	484	342	49	53	2547	0	0	0	1	
12237	17339958	0	0	0	0	1	128	0	1	488	340	48	53	2523	0	0	0	1	
12238	17339991	0	0	0	0	1	128	0	1	490	336	46	52	2409	0	0	0	1	
12239	17340025	0	0	0	0	1	128	0	1	490	336	46	52	2384	0	0	0	1	
12240	17340058	0	0	0	0	1	128	0	1	490	336	46	51	2357	0	0	0	1	
12241	17340092	0	0	0	0	1	128	0	1	490	336	46	51	2341	0	0	0	1	
12242	17340125	0	0	0	0	1	128	0	1	490	336	46	51	2320	0	0	0	1	
12243	17340158	0	0	0	0	1	128	0	1	490	336	46	51	2311	0	0	0	1	
12244	17340192	0	0	0	0	1	128	0	1	490	336	46	51	2306	0	0	0	1	
12245	17340225	0	0	0	0	1	128	0	1	490	336	45	51	2307	0	0	0	1	
12246	17340258	0	0	0	0	1	128	0	1	490	336	45	50	2291	0	0	0	1	
12247	17340292	0	0	0	0	1	128	0	1	490	336	45	50	2287	0	0	0	1	
12248	17340325	0	0	0	0	1	128	0	1	490	336	45	50	2286	0	0	0	1	
12249	17340358	0	0	0	0	1	128	0	1	490	336	45	50	2271	0	0	0	1	
12250	17340392	0	0	0	0	1	128	0	1	490	336	45	50	2275	0	0	0	1	
12251	17340425	0	0	0	0	1	128	0	1	490	336	45	50	2273	0	0	0	1	
12252	17340459	0	0	0	0	1	128	0	1	490	336	45	50	2261	0	0	0	1	
12253	17340492	0	0	0	0	1	128	0	1	490	336	45	50	2264	0	0	0	1	
12254	17340525	0	0	0	0	1	128	0	1	490	338	45	50	2263	0	0	0	1	
12255	17340559	0	0	0	0	1	128	0	1	490	338	45	50	2251	0	0	0	1	
12256	17340592	0	0	0	0	1	128	0	1	488	338	45	50	2267	0	0	0	1	
12257	17340625	0	0	0	0	1	128	0	1	490	338	45	50	2255	0	0	0	1	
12258	17340659	0	0	0	0	1	128	0	1	490	338	45	50	2258	0	0	0	1	
12259	17340692	0	0	0	0	1	128	0	1	490	338	45	50	2252	0	0	0	1	
12260	17340726	0	0	0	0	1	128	0	1	490	338	45	50	2255	0	0	0	1	
12261	17340759	0	0	0	0	1	128	0	1	490	338	45	50	2266	0	0	0	1	
12262	17340792	0	0	0	0	1	128	0	1	490	338	45	50	2259	0	0	0	1	
12263	17340826	0	0	0	0	1	128	0	1	490	338	45	50	2265	0	0	0	1	
12264	17340859	0	0	0	0	1	128	0	1	490	338	45	50	2253	0	0	0	1	
12265	17340892	0	0	0	0	1	128	0	1	490	338	45	50	2259	0	0	0	1	
12266	17340926	0	0	0	0	1	128	0	1	490	338	45	50	2271	0	0	0	1	
12267	17340959	0	0	0	0	1	128	0	1	490	338	46	50	2276	0	0	0	1	
12268	17340993	0	0	0	0	1	128	0	1	490	338	46	50	2276	0	0	0	1	
12269	17341026	0	0	0	0	1	128	0	1	488	338	45	50	2273	0	0	0	1	
12270	17341059	0	0	0	0	1	128	0	1	488	338	46	50	2288	0	0	0	1	
12271	17341093	0	0	0	0	1	128	0	1	488	338	46	50	2297	0	0	0	1	
12272	17341126	0	0	0	0	1	128	0	1	480	350	35	48	1667	0	0	0	1	
12273	17341159	0	0	0	0	1	128	0	1	486	396	45	49	2192	0	0	0	1	
12274	17341193	0	0	0	0	1	128	0	1	484	396	45	50	2231	0	0	0	1	
12275	17341226	0	0	0	0	1	128	0	1	486	396	45	50	2246	0	0	0	1	
12276	17341259	0	0	0	0	1	128	0	1	484	400	45	49	2201	0	0	0	1	
12277	17341293	0	0	0	0	1	128	0	1	480	406	45	50	2228	0	0	0	1	
12278	17341326	0	0	0	0	1	128	0	1	480	406	45	50	2231	0	0	0	1	
12279	17341360	0	0	0	0	1	128	0	1	480	406	45	50	2234	0	0	0	1	
12280	17341393	0	0	0	0	1	128	0	1	480	406	45	50	2233	0	0	0	1	
12281	17341426	0	0	0	0	1	128	0	1	480	408	45	50	2236	0	0	0	1	
12282	17341460	0	0	0	0	1	128	0	1	478	408	44	50	2226	0	0	0	1	
12283	17341493	0	0	0	0	1	128	0	1	478	408	44	50	2227	0	0	0	1	
12284	17341526	0	0	0	0	1	128	0	1	478	408	45	50	2233	0	0	0	1	
12285	17341560	0	0	0	0	1	128	0	1	478	408	45	50	2227	0	0	0	1	
12286	17341593	0	0	0	0	1	128	0	1	478	408	44	50	2221	0	0	0	1	
12287	17341627	0	0	0	0	1	128	0	1	490	396	44	55	2395	0	0	0	1	
12288	17341660	0	0	0	0	1	128	0	1	524	350	45	56	2562	0	0	0	1	
12289	17341693	0	0	0	0	1	128	0	1	544	340	35	48	1698	0	0	0	1	
12290	17341727	0	0	0	0	1	128	0	1	544	340	35	48	1705	0	0	0	1	
12291	17341760	0	0	0	0	1	128	0	1	544	340	35	49	1699	0	0	0	1	
12292	17341793	0	0	0	0	1	128	0	1	544	340	35	49	1700	0	0	0	1	
12293	17341827	0	0	0	0	1	128	0	1	544	340	35	48	1683	0	0	0	1	
12294	17341860	0	0	0	0	1	128	0	1	546	336	34	48	1659	0	0	0	1	
12295	17341893	0	0	0	0	1	128	0	1	546	336	34	48	1630	0	0	0	1	
12296	17341927	0	0	0	0	1	128	0	1	546	336	34	48	1624	0	0	0	1	
12297	17341960	0	0	0	0	1	128	0	1	546	336	34	48	1612	0	0	0	1	
12298	17341994	0	0	0	0	1	128	0	1	546	336	34	48	1601	0	0	0	1	
12299	17342027	0	0	0	0	1	128	0	1	546	336	34	48	1602	0	0	0	1	
12300	17342060	0	0	0	0	1	128	0	1	546	336	34	48	1606	0	0	0	1	
12301	17342094	0	0	0	0	1	128	0	1	546	334	34	48	1634	0	0	0	1	
12302	17342127	0	0	0	0	1	128	0	1	532	302	33	47	1542	0	0	0	1	
12303	17342160	0	0	0	0	1	128	0	1	504	274	38	50	1883	0	0	0	1	
12304	17342194	0	0	0	0	1	128	0	1	502	274	38	50	1918	0	0	0	1	
12305	17342227	0	0	0	0	1	128	0	1	502	274	39	50	1921	0	0	0	1	
12306	17342260	0	0	0	0	1	128	0	1	502	276	39	50	1935	0	0	0	1	
12307	17342294	0	0	0	0	1	128	0	1	502	276	39	50	1942	0	0	0	1	
12308	17342327	0	0	0	0	1	128	0	1	502	276	39	50	1956	0	0	0	1	
12309	17342361	0	0	0	0	1	128	0	1	496	274	39	51	2002	0	0	0	1	
12310	17342394	0	0	0	0	1	128	0	1	490	272	40	51	2036	0	0	0	1	
12311	17342427	0	0	0	0	1	128	0	1	490	272	40	51	2034	0	0	0	1	
12312	17342461	0	0	0	0	1	128	0	1	490	272	40	51	2053	0	0	0	1	
12313	17342494	0	0	0	0	1	128	0	1	490	272	41	51	2063	0	0	0	1	
12314	17342527	0	0	0	0	1	128	0	1	490	272	41	51	2068	0	0	0	1	
12315	17342561	0	0	0	0	1	128	0	1	490	272	41	51	2064	0	0	0	1	
12316	17342594	0	0	0	0	1	128	0	1	490	272	40	51	2053	0	0	0	1	
12317	17342628	0	0	0	0	1	128	0	0	0	0	0	0	0	0	0	0	1	
12318	17342661	0	0	0	0	1	128	0	1	430	322	46	60	2784	0	0	0	1	
12319	17342694	0	0	0	0	1	128	0	1	424	336	49	52	2526	0	0	0	1	
12320	17342728	0	0	0	0	1	128	0	1	422	334	48	55	2617	0	0	0	1	
12321	17342761	0	0	0	0	1	128	0	1	424	336	48	52	2460	0	0	0	1	
12322	17342794	0	0	0	0	1	128	0	1	424	334	47	52	2455	0	0	0	1	
12323	17342828	0	0	0	0	1	128	0	1	424	334	47	52	2437	0	0	0	1	
12324	17342861	0	0	0	0	1	128	0	1	424	334	47	52	2409	0	0	0	1	
12325	17342895	0	0	0	0	1	128	0	1	424	334	46	51	2361	0	0	0	1	
12326	17342928	0	0	0	0	1	128	0	1	424	334	46	50	2315	0	0	0	1	
12327	17342961	0	0	0	0	1	128	0	1	424	334	46	50	2297	0	0	0	1	
12328	17342995	0	0	0	0	1	128	0	1	426	336	46	49	2265	0	0	0	1	
12329	17343028	0	0	0	0	1	128	0	1	424	336	45	49	2246	0	0	0	1	
12330	17343061	0	0	0	0	1	128	0	1	424	336	45	49	2231	0	0	0	1	
12331	17343095	0	0	0	0	1	128	0	1	424	336	46	49	2218	0	0	0	1	
12332	17343128	0	0	0	0	1	128	0	1	424	336	46	49	2247	0	0	0	1	
12333	17343161	0	0	0	0	1	128	0	1	424	336	46	49	2217	0	0	0	1	
12334	17343195	0	0	0	0	1	128	0	1	426	336	45	48	2175	0	0	0	1	
12335	17343228	0	0	0	0	1	128	0	1	424	336	45	49	2238	0	0	0	1	
12336	17343261	0	0	0	0	1	128	0	1	424	336	45	48	2194	0	0	0	1	
12337	17343295	0	0	0	0	1	128	0	1	424	336	45	48	2165	0	0	0	1	
12338	17343328	0	0	0	0	1	128	0	1	426	338	45	48	2134	0	0	0	1	
12339	17343362	0	0	0	0	1	128	0	0	0	0	0	0	0	0	0	0	1	
12340	17343395	0	0	0	0	1	128	0	1	478	402	40	45	1810	0	0	0	1	
12341	17343428	0	0	0	0	1	128	0	1	482	406	41	45	1852	0	0	0	1	
12342	17343462	0	0	0	0	1	128	0	1	482	406	40	46	1842	0	0	0	1	
12343	17343495	0	0	0	0	1	128	0	1	482	406	40	46	1833	0	0	0	1	
12344	17343529	0	0	0	0	1	128	0	1	482	406	40	45	1824	0	0	0	1	
12345	17343562	0	0	0	0	1	128	0	1	482	406	40	45	1791	0	0	0	1	
12346	17343595	0	0	0	0	1	128	0	1	478	408	40	45	1800	0	0	0	1	
12347	17343629	0	0	0	0	1	128	0	1	480	408	39	45	1760	0	0	0	1	
12348	17343662	0	0	0	0	1	128	0	1	480	408	39	44	1747	0	0	0	1	
12349	17343695	0	0	0	0	1	128	0	1	480	408	39	44	1714	0	0	0	1	
12350	17343729	0	0	0	0	1	128	0	1	480	408	39	44	1694	0	0	0	1	
12351	17343762	0	0	0	0	1	128	0	1	480	408	39	43	1681	0	0	0	1	
12352	17343795	0	0	0	0	1	128	0	1	480	408	39	43	1675	0	0	0	1	
12353	17343829	0	0	0	0	1	128	0	1	480	408	39	43	1673	0	0	0	1	
12354	17343862	0	0	0	0	1	128	0	1	480	408	39	44	1677	0	0	0	1	
12355	17343896	0	0	0	0	1	128	0	1	480	408	38	44	1675	0	0	0	1	
12356	17343929	0	0	0	0	1	128	0	1	480	408	39	44	1696	0	0	0	1	
12357	17343962	0	0	0	0	1	128	0	1	480	408	39	44	1693	0	0	0	1	
12358	17343996	0	0	0	0	1	128	0	1	480	408	39	44	1722	0	0	0	1	
12359	17344029	0	0	0	0	1	128	0	1	480	408	40	44	1751	0	0	0	1	
12360	17344062	0	0	0	0	1	128	0	1	480	408	39	45	1756	0	0	0	1	
12361	17344096	0	0	0	0	1	128	0	1	480	408	40	45	1780	0	0	0	1	
12362	17344129	0	0	0	0	1	128	0	1	480	408	40	45	1800	0	0	0	1	
12363	17344162	0	0	0	0	1	128	0	1	478	410	40	45	1817	0	0	0	1	
12364	17344196	0	0	0	0	1	128	0	1	478	408	40	45	1834	0	0	0	1	
12365	17344229	0	0	0	0	1	128	0	1	480	410	41	45	1844	0	0	0	1	
12366	17344263	0	0	0	0	1	128	0	1	478	410	41	46	1857	0	0	0	1	
12367	17344296	0	0	0	0	1	128	0	1	478	410	41	46	1890	0	0	0	1	
12368	17344329	0	0	0	0	1	128	0	0	0	0	0	0	0	0	0	0	1	
12369	17344363	0	0	0	0	1	128	0	1	540	346	33	47	1552	0	0	0	1	
12370	17344396	0	0	0	0	1	128	0	1	548	332	31	45	1410	0	0	0	1	
12371	17344429	0	0	0	0	1	128	0	1	548	332	31	46	1422	0	0	0	1	
12372	17344463	0	0	0	0	1	128	0	1	548	332	31	45	1428	0	0	0	1	
12373	17344496	0	0	0	0	1	128	0	1	550	332	31	46	1434	0	0	0	1	
12374	17344530	0	0	0	0	1	128	0	1	550	332	31	46	1438	0	0	0	1	
12375	17344563	0	0	0	0	1	128	0	1	548	334	32	46	1490	0	0	0	1	
12376	17344596	0	0	0	0	1	128	0	1	548	334	32	46	1471	0	0	0	1	
12377	17344630	0	0	0	0	1	128	0	1	548	334	32	46	1466	0	0	0	1	
12378	17344663	0	0	0	0	1	128	0	1	548	334	32	46	1452	0	0	0	1	
12379	17344696	0	0	0	0	1	128	0	1	548	334	32	45	1452	0	0	0	1	
12380	17344730	0	0	0	0	1	128	0	1	548	334	32	46	1447	0	0	0	1	
12381	17344763	0	0	0	0	1	128	0	1	548	334	32	46	1450	0	0	0	1	
12382	17344796	0	0	0	0	1	128	0	1	548	334	32	45	1444	0	0	0	1	
12383	17344830	0	0	0	0	1	128	0	1	548	334	32	46	1459	0	0	0	1	
12384	17344863	0	0	0	0	1	128	0	1	548	334	32	46	1467	0	0	0	1	
12385	17344897	0	0	0	0	1	128	0	1	548	334	32	46	1476	0	0	0	1	
12386	17344930	0	0	0	0	1	128	0	1	548	334	32	46	1483	0	0	0	1	
12387	17344963	0	0	0	0	1	128	0	1	548	334	32	46	1495	0	0	0	1	
12388	17344997	0	0	0	0	1	128	0	1	548	334	33	46	1517	0	0	0	1	
12389	17345030	0	0	0	0	1	128	0	1	548	334	33	47	1526	0	0	0	1	
12390	17345063	0	0	0	0	1	128	0	1	548	334	33	47	1532	0	0	0	1	
12391	17345097	0	0	0	0	1	128	0	1	548	334	33	47	1553	0	0	0	1	
12392	17345130	0	0	0	0	1	128	0	1	548	334	33	47	1565	0	0	0	1	
12393	17345164	0	0	0	0	1	128	0	1	548	334	33	48	1582	0	0	0	1	
12394	17345197	0	0	0	0	1	128	0	1	548	334	33	48	1587	0	0	0	1	
12395	17345230	0	0	0	0	1	128	0	1	546	334	34	48	1614	0	0	0	1	
12396	17345264	0	0	0	0	1	128	0	1	546	334	34	48	1612	0	0	0	1	
12397	17345297	0	0	0	0	1	128	0	1	542	324	35	49	1705	0	0	0	1	
12398	17345330	0	0	0	0	1	128	0	1	516	288	37	51	1892	0	0	0	1	
12399	17345364	0	0	0	0	1	128	0	1	488	276	41	50	2045	0	0	0	1	
12400	17345397	0	0	0	0	1	128	0	1	488	276	41	50	2042	0	0	0	1	
12401	17345431	0	0	0	0	1	128	0	1	488	276	41	50	2064	0	0	0	1	
12402	17345464	0	0	0	0	1	128	0	1	488	276	41	50	2065	0	0	0	1	
12403	17345497	0	0	0	0	1	128	0	1	488	274	41	51	2098	0	0	0	1	
12404	17345531	0	0	0	0	1	128	0	1	490	272	40	50	2036	0	0	0	1	
12405	17345564	0	0	0	0	1	128	0	1	490	272	41	51	2058	0	0	0	1	
12406	17345597	0	0	0	0	1	128	0	1	490	272	41	51	2075	0	0	0	1	
12407	17345631	0	0	0	0	1	128	0	1	490	272	41	51	2064	0	0	0	1	
12408	17345664	0	0	0	0	1	128	0	1	490	272	41	51	2065	0	0	0	1	
12409	17345697	0	0	0	0	1	128	0	1	490	272	41	51	2077	0	0	0	1	
12410	17345731	0	0	0	0	1	128	0	1	490	272	41	51	2082	0	0	0	1	
12411	17345764	0	0	0	0	1	128	0	1	490	272	41	51	2063	0	0	0	1	
12412	17345798	0	0	0	0	1	128	0	1	490	272	41	50	2045	0	0	0	1	
12413	17345831	0	0	0	0	1	128	0	1	490	272	40	50	2029	0	0	0	1	
12414	17345864	0	0	0	0	1	128	0	1	490	272	40	50	2015	0	0	0	1	
12415	17345898	0	0	0	0	1	128	0	1	490	272	40	49	1985	0	0	0	1	
12416	17345931	0	0	0	0	1	128	0	1	490	272	40	49	1958	0	0	0	1	
12417	17345964	0	0	0	0	1	128	0	1	490	272	40	49	1929	0	0	0	1	
12418	17345998	0	0	0	0	1	128	0	1	490	272	39	48	1902	0	0	0	1	
12419	17346031	0	0	0	0	1	128	0	1	488	310	37	43	1600	0	0	0	1	
12420	17346065	0	0	0	0	1	128	0	1	486	336	44	47	2073	0	0	0	1	
12421	17346098	0	0	0	0	1	128	0	1	486	336	44	47	2060	0	0	0	1	
12422	17346131	0	0	0	0	1	128	0	1	486	336	44	46	2036	0	0	0	1	
12423	17346165	0	0	0	0	1	128	0	1	486	336	44	46	2025	0	0	0	1	
12424	17346198	0	0	0	0	1	128	0	1	486	336	44	46	2015	0	0	0	1	
12425	17346231	0	0	0	0	1	128	0	1	492	334	43	46	1969	0	0	0	1	
12426	17346265	0	0	0	0	1	128	0	1	492	334	43	46	1972	0	0	0	1	
12427	17346298	0	0	0	0	1	128	0	1	492	334	43	46	1974	0	0	0	1	
12428	17346331	0	0	0	0	1	128	0	1	492	334	43	46	1975	0	0	0	1	
12429	17346365	0	0	0	0	1	128	0	1	492	334	43	46	1981	0	0	0	1	
12430	17346398	0	0	0	0	1	128	0	1	492	334	43	46	1979	0	0	0	1	
12431	17346432	0	0	0	0	1	128	0	1	492	334	43	46	1976	0	0	0	1	
12432	17346465	0	0	0	0	1	128	0	1	492	334	43	46	1985	0	0	0	1	
12433	17346498	0	0	0	0	1	128	0	1	492	334	43	46	1990	0	0	0	1	
12434	17346532	0	0	0	0	1	128	0	1	492	334	43	46	1994	0	0	0	1	
12435	17346565	0	0	0	0	1	128	0	1	492	334	43	47	1995	0	0	0	1	
12436	17346598	0	0	0	0	1	128	0	1	492	334	43	47	2005	0	0	0	1	
12437	17346632	0	0	0	0	1	128	0	1	492	334	43	47	2020	0	0	0	1	
12438	17346665	0	0	0	0	1	128	0	1	492	334	43	47	2021	0	0	0	1	
12439	17346698	0	0	0	0	1	128	0	1	492	334	43	47	2025	0	0	0	1	
12440	17346732	0	0	0	0	1	128	0	1	492	334	43	47	2015	0	0	0	1	
12441	17346765	0	0	0	0	1	128	0	1	492	334	43	47	2028	0	0	0	1	
12442	17346799	0	0	0	0	1	128	0	1	492	334	43	47	2020	0	0	0	1	
12443	17346832	0	0	0	0	1	128	0	1	492	334	43	47	2017	0	0	0	1	
12444	17346865	0	0	0	0	1	128	0	1	492	334	43	47	2008	0	0	0	1	
12445	17346899	0	0	0	0	1	128	0	1	492	334	43	47	2015	0	0	0	1	
12446	17346932	0	0	0	0	1	128	0	1	492	336	43	47	2011	0	0	0	1	
12447	17346965	0	0	0	0	1	128	0	1	490	334	43	47	2016	0	0	0	1	
12448	17346999	0	0	0	0	1	128	0	1	490	336	43	47	2019	0	0	0	1	
12449	17347032	0	0	0	0	1	128	0	1	490	336	43	47	2031	0	0	0	1	
12450	17347066	0	0	0	0	1	128	0	1	490	334	43	47	2040	0	0	0	1	
12451	17347099	0	0	0	0	1	128	0	1	490	336	43	47	2058	0	0	0	1	
12452	17347132	0	0	0	0	1	128	0	1	490	336	44	47	2073	0	0	0	1	
12453	17347166	0	0	0	0	1	128	0	1	490	334	44	48	2107	0	0	0	1	
12454	17347199	0	0	0	0	1	128	0	1	490	336	44	48	2098	0	0	0	1	
12455	17347232	0	0	0	0	1	128	0	1	490	336	44	48	2108	0	0	0	1	
12456	17347266	0	0	0	0	1	128	0	1	490	336	44	48	2107	0	0	0	1	
12457	17347299	0	0	0	0	1	128	0	1	490	334	44	48	2134	0	0	0	1	
12458	17347332	0	0	0	0	1	128	0	1	490	336	44	48	2125	0	0	0	1	
12459	17347366	0	0	0	0	1	128	0	1	490	334	44	48	2138	0	0	0	1	
12460	17347399	0	0	0	0	1	128	0	1	490	334	44	48	2131	0	0	0	1	
12461	17347433	0	0	0	0	1	128	0	1	490	334	44	48	2137	0	0	0	1	
12462	17347466	0	0	0	0	1	128	0	1	490	334	44	48	2134	0	0	0	1	
12463	17347499	0	0	0	0	1	128	0	1	490	334	44	48	2129	0	0	0	1	
12464	17347533	0	0	0	0	1	128	0	1	490	334	44	48	2134	0	0	0	1	
12465	17347566	0	0	0	0	1	128	0	1	490	334	45	48	2137	0	0	0	1	
12466	17347599	0	0	0	0	1	128	0	1	490	334	44	48	2138	0	0	0	1	
12467	17347633	0	0	0	0	1	128	0	1	490	334	44	48	2140	0	0	0	1	
12468	17347666	0	0	0	0	1	128	0	1	490	334	45	48	2149	0	0	0	1	
12469	17347700	0	0	0	0	1	128	0	1	490	336	45	48	2158	0	0	0	1	
12470	17347733	0	0	0	0	1	128	0	1	490	336	45	48	2157	0	0	0	1	
12471	17347766	0	0	0	0	1	128	0	1	490	336	45	48	2158	0	0	0	1	
12472	17347800	0	0	0	0	1	128	0	1	490	336	45	49	2183	0	0	0	1	
12473	17347833	0	0	0	0	1	128	0	1	490	336	45	49	2200	0	0	0	1	
12474	17347866	0	0	0	0	1	128	0	1	490	336	45	49	2201	0	0	0	1	
12475	17347900	0	0	0	0	1	128	0	1	490	336	45	49	2199	0	0	0	1	
12476	17347933	0	0	0	0	1	128	0	1	490	336	45	49	2213	0	0	0	1	
12477	17347966	0	0	0	0	1	128	0	1	490	336	45	49	2223	0	0	0	1	
12478	17348000	0	0	0	0	1	128	0	1	490	336	45	49	2234	0	0	0	1	
12479	17348033	0	0	0	0	1	128	0	0	0	0	0	0	0	0	0	0	1	
12480	17348067	0	0	0	0	1	128	0	1	488	302	44	49	2165	0	0	0	1	
12481	17348100	0	0	0	0	1	128	0	1	488	302	44	49	2166	0	0	0	1	
12482	17348133	0	0	0	0	1	128	0	1	488	302	44	50	2186	0	0	0	1	
12483	17348167	0	0	0	0	1	128	0	1	488	302	44	50	2209	0	0	0	1	
12484	17348200	0	0	0	0	1	128	0	1	488	302	44	50	2202	0	0	0	1	
12485	17348233	0	0	0	0	1	128	0	1	486	300	44	50	2219	0	0	0	1	
12486	17348267	0	0	0	0	1	128	0	1	486	300	44	50	2208	0	0	0	1	
12487	17348300	0	0	0	0	1	128	0	1	486	300	44	50	2222	0	0	0	1	
12488	17348334	0	0	0	0	1	128	0	1	486	300	44	50	2224	0	0	0	1	
12489	17348367	0	0	0	0	1	128	0	1	486	300	44	50	2226	0	0	0	1	
12490	17348400	0	0	0	0	1	128	0	1	486	300	44	50	2231	0	0	0	1	
12491	17348434	0	0	0	0	1	128	0	1	486	302	44	50	2236	0	0	0	1	
12492	17348467	0	0	0	0	1	128	0	1	486	300	44	50	2237	0	0	0	1	
12493	17348500	0	0	0	0	1	128	0	1	486	302	44	50	2219	0	0	0	1	
12494	17348534	0	0	0	0	1	128	0	1	486	302	44	50	2226	0	0	0	1	
12495	17348567	0	0	0	0	1	128	0	1	486	302	44	50	2217	0	0	0	1	
12496	17348600	0	0	0	0	1	128	0	1	486	302	44	50	2207	0	0	0	1	
12497	17348634	0	0	0	0	1	128	0	1	486	302	44	50	2198	0	0	0	1	
12498	17348667	0	0	0	0	1	128	0	1	486	302	44	50	2197	0	0	0	1	
12499	17348701	0	0	0	0	1	128	0	1	486	302	44	50	2191	0	0	0	1	
12500	17348734	0	0	0	0	1	128	0	1	486	308	43	49	2083	0	0	0	1	
12501	17348767	0	0	0	0	1	128	0	1	498	336	44	49	2167	0	0	0	1	
12502	17348801	0	0	0	0	1	128	0	1	498	336	45	49	2164	0	0	0	1	
12503	17348834	0	0	0	0	1	128	0	1	498	336	45	49	2179	0	0	0	1	
12504	17348867	0	0	0	0	1	128	0	1	500	340	45	49	2177	0	0	0	1	
12505	17348901	0	0	0	0	1	128	0	1	500	340	45	49	2191	0	0	0	1	
12506	17348934	0	0	0	0	1	128	0	1	500	340	45	49	2205	0	0	0	1	
12507	17348968	0	0	0	0	1	128	0	1	500	340	45	49	2200	0	0	0	1	
12508	17349001	0	0	0	0	1	128	0	1	500	340	45	49	2204	0	0	0	1	
12509	17349034	0	0	0	0	1	128	0	1	500	340	45	49	2187	0	0	0	1	
12510	17349068	0	0	0	0	1	128	0	1	500	340	44	49	2172	0	0	0	1	
12511	17349101	0	0	0	0	1	128	0	1	500	340	44	49	2157	0	0	0	1	
12512	17349134	0	0	0	0	1	128	0	1	500	340	44	49	2153	0	0	0	1	
12513	17349168	0	0	0	0	1	128	0	1	500	340	44	48	2139	0	0	0	1	
12514	17349201	0	0	0	0	1	128	0	1	500	340	44	49	2125	0	0	0	1	
12515	17349234	0	0	0	0	1	128	0	1	500	340	44	48	2123	0	0	0	1	
12516	17349268	0	0	0	0	1	128	0	1	500	340	44	48	2126	0	0	0	1	
12517	17349301	0	0	0	0	1	128	0	1	500	340	44	48	2128	0	0	0	1	
12518	17349335	0	0	0	0	1	128	0	1	500	340	44	48	2130	0	0	0	1	
12519	17349368	0	0	0	0	1	128	0	1	500	340	44	49	2147	0	0	0	1	
12520	17349401	0	0	0	0	1	128	0	1	500	340	44	49	2165	0	0	0	1	
12521	17349435	0	0	0	0	1	128	0	1	500	340	44	49	2167	0	0	0	1	
12522	17349468	0	0	0	0	1	128	0	1	500	340	45	49	2182	0	0	0	1	
12523	17349501	0	0	0	0	1	128	0	1	500	318	44	53	2300	0	0	0	1	
12524	17349535	0	0	0	0	1	128	0	1	498	310	44	50	2174	0	0	0	1	
12525	17349568	0	0	0	0	1	128	0	1	498	310	44	50	2173	0	0	0	1	
12526	17349601	0	0	0	0	1	128	0	1	498	310	44	50	2198	0	0	0	1	
12527	17349635	0	0	0	0	1	128	0	1	498	310	44	50	2220	0	0	0	1	
12528	17349668	0	0	0	0	1	128	0	1	496	308	45	51	2249	0	0	0	1	
12529	17349702	0	0	0	0	1	128	0	1	496	308	45	51	2266	0	0	0	1	
12530	17349735	0	0	0	0	1	128	0	1	496	308	45	51	2286	0	0	0	1	
12531	17349768	0	0	0	0	1	128	0	1	496	308	45	51	2287	0	0	0	1	
12532	17349802	0	0	0	0	1	128	0	1	496	308	45	51	2302	0	0	0	1	
12533	17349835	0	0	0	0	1	128	0	1	496	308	45	51	2315	0	0	0	1	
12534	17349868	0	0	0	0	1	128	0	1	496	308	45	51	2319	0	0	0	1	
12535	17349902	0	0	0	0	1	128	0	1	496	308	45	51	2327	0	0	0	1	
12536	17349935	0	0	0	0	1	128	0	1	496	308	45	51	2331	0	0	0	1	
12537	17349969	0	0	0	0	1	128	0	1	496	310	45	51	2313	0	0	0	1	
12538	17350002	0	0	0	0	1	128	0	1	494	312	46	52	2373	0	0	0	1	
12539	17350035	0	0	0	0	1	128	0	1	494	314	46	51	2364	0	0	0	1	
12540	17350069	0	0	0	0	1	128	0	1	494	312	46	51	2356	0	0	0	1	
12541	17350102	0	0	0	0	1	128	0	1	494	314	46	51	2346	0	0	0	1	
12542	17350135	0	0	0	0	1	128	0	1	494	314	46	51	2333	0	0	0	1	
12543	17350169	0	0	0	0	1	128	0	1	494	314	46	51	2322	0	0	0	1	
12544	17350202	0	0	0	0	1	128	0	1	494	314	45	51	2322	0	0	0	1	
12545	17350235	0	0	0	0	1	128	0	1	494	316	45	51	2286	0	0	0	1	
12546	17350269	0	0	0	0	1	128	0	1	516	336	42	50	2106	0	0	0	1	
12547	17350302	0	0	0	0	1	128	0	1	516	336	43	50	2132	0	0	0	1	
12548	17350336	0	0	0	0	1	128	0	1	516	336	43	50	2131	0	0	0	1	
12549	17350369	0	0	0	0	1	128	0	1	516	336	43	50	2126	0	0	0	1	
12550	17350402	0	0	0	0	1	128	0	1	516	336	43	50	2128	0	0	0	1	
12551	17350436	0	0	0	0	1	128	0	1	516	336	43	50	2129	0	0	0	1	
12552	17350469	0	0	0	0	1	128	0	1	516	336	43	50	2123	0	0	0	1	
12553	17350502	0	0	0	0	1	128	0	1	516	334	43	50	2109	0	0	0	1	
12554	17350536	0	0	0	0	1	128	0	1	516	336	43	49	2101	0	0	0	1	
12555	17350569	0	0	0	0	1	128	0	1	516	336	42	49	2090	0	0	0	1	
12556	17350603	0	0	0	0	1	128	0	1	516	336	42	49	2088	0	0	0	1	
12557	17350636	0	0	0	0	1	128	0	1	516	336	42	49	2087	0	0	0	1	
12558	17350669	0	0	0	0	1	128	0	1	516	336	42	49	2088	0	0	0	1	
12559	17350703	0	0	0	0	1	128	0	1	516	336	42	50	2094	0	0	0	1	
12560	17350736	0	0	0	0	1	128	0	1	516	336	42	49	2093	0	0	0	1	
12561	17350769	0	0	0	0	1	128	0	1	516	336	42	49	2097	0	0	0	1	
12562	17350803	0	0	0	0	1	128	0	1	516	336	43	50	2121	0	0	0	1	
12563	17350836	0	0	0	0	1	128	0	1	516	336	43	50	2129	0	0	0	1	
12564	17350870	0	0	0	0	1	128	0	1	516	336	43	50	2140	0	0	0	1	
12565	17350903	0	0	0	0	1	128	0	1	516	336	43	50	2163	0	0	0	1	
12566	17350936	0	0	0	0	1	128	0	1	516	336	43	50	2153	0	0	0	1	
12567	17350970	0	0	0	0	1	128	0	1	506	332	44	51	2244	0	0	0	1	
12568	17351003	0	0	0	0	1	128	0	1	490	324	47	51	2429	0	0	0	1	
12569	17351036	0	0	0	0	1	128	0	1	488	324	47	51	2432	0	0	0	1	
12570	17351070	0	0	0	0	1	128	0	1	488	324	47	52	2445	0	0	0	1	
12571	17351103	0	0	0	0	1	128	0	1	488	324	48	52	2456	0	0	0	1	
12572	17351137	0	0	0	0	1	128	0	1	488	324	48	52	2471	0	0	0	1	
12573	17351170	0	0	0	0	1	128	0	1	488	324	48	52	2489	0	0	0	1	
12574	17351203	0	0	0	0	1	128	0	1	488	324	48	52	2507	0	0	0	1	
12575	17351237	0	0	0	0	1	128	0	1	488	324	48	53	2537	0	0	0	1	
12576	17351270	0	0	0	0	1	128	0	1	488	324	48	52	2541	0	0	0	1	
12577	17351303	0	0	0	0	1	128	0	1	488	324	49	53	2559	0	0	0	1	
12578	17351337	0	0	0	0	1	128	0	1	490	326	48	53	2537	0	0	0	1	
12579	17351370	0	0	0	0	1	128	0	1	494	334	48	52	2507	0	0	0	1	
12580	17351403	0	0	0	0	1	128	0	1	494	334	48	52	2492	0	0	0	1	
12581	17351437	0	0	0	0	1	128	0	1	494	336	48	52	2471	0	0	0	1	
12582	17351470	0	0	0	0	1	128	0	1	494	336	48	52	2456	0	0	0	1	
12583	17351504	0	0	0	0	1	128	0	1	494	336	48	51	2442	0	0	0	1	
12584	17351537	0	0	0	0	1	128	0	1	494	336	47	51	2402	0	0	0	1	
12585	17351570	0	0	0	0	1	128	0	1	494	336	47	50	2366	0	0	0	1	
12586	17351604	0	0	0	0	1	128	0	1	494	336	47	50	2345	0	0	0	1	
12587	17351637	0	0	0	0	1	128	0	1	496	336	46	50	2310	0	0	0	1	
12588	17351670	0	0	0	0	1	128	0	1	496	336	46	50	2287	0	0	0	1	
12589	17351704	0	0	0	0	1	128	0	1	496	336	46	49	2255	0	0	0	1	
12590	17351737	0	0	0	0	1	128	0	1	496	336	46	49	2243	0	0	0	1	
12591	17351770	0	0	0	0	1	128	0	1	438	332	54	83	4436	0	0	0	1	
12592	17351804	0	0	0	0	1	128	0	1	450	344	49	51	2498	0	0	0	1	
12593	17351837	0	0	0	0	1	128	0	1	448	344	49	51	2490	0	0	0	1	
12594	17351871	0	0	0	0	1	128	0	1	448	346	49	51	2505	0	0	0	1	
12595	17351904	0	0	0	0	1	128	0	1	448	346	49	52	2533	0	0	0	1	
12596	17351937	0	0	0	0	1	128	0	1	448	344	49	52	2558	0	0	0	1	
12597	17351971	0	0	0	0	1	128	0	1	448	346	49	52	2551	0	0	0	1	
12598	17352004	0	0	0	0	1	128	0	1	448	346	49	52	2574	0	0	0	1	
12599	17352037	0	0	0	0	1	128	0	1	448	346	50	52	2592	0	0	0	1	
12600	17352071	0	0	0	0	1	128	0	1	448	344	50	54	2705	0	0	0	1	
12601	17352104	0	0	0	0	1	128	0	1	448	346	50	53	2633	0	0	0	1	
12602	17352138	0	0	0	0	1	128	0	1	450	346	50	52	2599	0	0	0	1	
12603	17352171	0	0	0	0	1	128	0	1	464	352	50	52	2616	0	0	0	1	
12604	17352204	0	0	0	0	1	128	0	1	464	352	51	52	2619	0	0	0	1	
12605	17352238	0	0	0	0	1	128	0	1	464	352	50	51	2561	0	0	0	1	
12606	17352271	0	0	0	0	1	128	0	1	464	352	51	52	2631	0	0	0	1	
12607	17352304	0	0	0	0	1	128	0	1	464	352	51	52	2634	0	0	0	1	
12608	17352338	0	0	0	0	1	128	0	1	464	352	50	52	2610	0	0	0	1	
12609	17352371	0	0	0	0	1	128	0	1	464	352	50	51	2548	0	0	0	1	
12610	17352404	0	0	0	0	1	128	0	1	464	352	50	51	2540	0	0	0	1	
12611	17352438	0	0	0	0	1	128	0	1	464	352	50	51	2528	0	0	0	1	
12612	17352471	0	0	0	0	1	128	0	1	464	352	49	50	2498	0	0	0	1	
12613	17352505	0	0	0	0	1	128	0	1	466	352	50	50	2499	0	0	0	1	
12614	17352538	0	0	0	0	1	128	0	1	464	352	50	51	2563	0	0	0	1	
12615	17352571	0	0	0	0	1	128	0	1	432	340	56	63	3529	0	0	0	1	
12616	17352605	0	0	0	0	1	128	0	1	436	324	49	53	2555	0	0	0	1	
12617	17352638	0	0	0	0	1	128	0	1	434	324	49	53	2585	0	0	0	1	
12618	17352671	0	0	0	0	1	128	0	1	436	324	49	53	2588	0	0	0	1	
12619	17352705	0	0	0	0	1	128	0	1	436	324	49	53	2601	0	0	0	1	
12620	17352738	0	0	0	0	1	128	0	1	442	328	48	52	2490	0	0	0	1	
12621	17352771	0	0	0	0	1	128	0	1	442	328	50	52	2605	0	0	0	1	
12622	17352805	0	0	0	0	1	128	0	1	442	328	50	53	2621	0	0	0	1	
12623	17352838	0	0	0	0	1	128	0	1	442	328	50	53	2673	0	0	0	1	
12624	17352872	0	0	0	0	1	128	0	1	442	328	50	53	2677	0	0	0	1	
12625	17352905	0	0	0	0	1	128	0	1	442	328	50	53	2666	0	0	0	1	
12626	17352938	0	0	0	0	1	128	0	1	442	328	51	53	2696	0	0	0	1	
12627	17352972	0	0	0	0	1	128	0	1	446	328	51	53	2686	0	0	0	1	
12628	17353005	0	0	0	0	1	128	0	1	448	330	50	52	2643	0	0	0	1	
12629	17353038	0	0	0	0	1	128	0	1	448	330	50	52	2602	0	0	0	1	
12630	17353072	0	0	0	0	1	128	0	1	450	330	50	52	2574	0	0	0	1	
12631	17353105	0	0	0	0	1	128	0	1	450	330	49	52	2558	0	0	0	1	
12632	17353139	0	0	0	0	1	128	0	1	450	330	49	52	2536	0	0	0	1	
12633	17353172	0	0	0	0	1	128	0	1	450	328	49	52	2527	0	0	0	1	
12634	17353205	0	0	0	0	1	128	0	1	450	328	49	52	2509	0	0	0	1	
12635	17353239	0	0	0	0	1	128	0	0	0	0	0	0	0	0	0	0	1	
12636	17353272	0	0	0	0	1	128	0	1	480	334	47	50	2349	0	0	0	1	
12637	17353305	0	0	0	0	1	128	0	1	480	334	47	50	2346	0	0	0	1	
12638	17353339	0	0	0	0	1	128	0	1	480	334	47	49	2330	0	0	0	1	
12639	17353372	0	0	0	0	1	128	0	1	480	334	47	49	2323	0	0	0	1	
12640	17353405	0	0	0	0	1	128	0	1	480	334	47	49	2342	0	0	0	1	
12641	17353439	0	0	0	0	1	128	0	1	480	334	47	50	2353	0	0	0	1	
12642	17353472	0	0	0	0	1	128	0	1	480	334	47	50	2351	0	0	0	1	
12643	17353506	0	0	0	0	1	128	0	1	480	334	48	50	2375	0	0	0	1	
12644	17353539	0	0	0	0	1	128	0	1	480	334	47	50	2372	0	0	0	1	
12645	17353572	0	0	0	0	1	128	0	1	480	334	48	50	2375	0	0	0	1	
12646	17353606	0	0	0	0	1	128	0	1	480	334	48	50	2408	0	0	0	1	
12647	17353639	0	0	0	0	1	128	0	1	480	334	48	50	2406	0	0	0	1	
12648	17353672	0	0	0	0	1	128	0	1	480	334	48	51	2426	0	0	0	1	
12649	17353706	0	0	0	0	1	128	0	1	480	334	48	51	2442	0	0	0	1	
12650	17353739	0	0	0	0	1	128	0	1	480	334	49	51	2462	0	0	0	1	
12651	17353773	0	0	0	0	1	128	0	1	480	334	49	51	2477	0	0	0	1	
12652	17353806	0	0	0	0	1	128	0	1	480	334	49	51	2483	0	0	0	1	
12653	17353839	0	0	0	0	1	128	0	1	480	334	49	51	2498	0	0	0	1	
12654	17353873	0	0	0	0	1	128	0	1	480	334	49	51	2518	0	0	0	1	
12655	17353906	0	0	0	0	1	128	0	1	480	334	49	51	2525	0	0	0	1	
12656	17353939	0	0	0	0	1	128	0	1	480	334	49	51	2535	0	0	0	1	
12657	17353973	0	0	0	0	1	128	0	1	480	334	49	52	2549	0	0	0	1	
12658	17354006	0	0	0	0	1	128	0	1	478	324	55	63	3484	0	0	0	1	
12659	17354040	0	0	0	0	1	128	0	1	512	308	43	51	2185	0	0	0	1	
12660	17354073	0	0	0	0	1	128	0	1	512	308	43	51	2216	0	0	0	1	
12661	17354106	0	0	0	0	1	128	0	1	512	308	43	52	2224	0	0	0	1	
12662	17354140	0	0	0	0	1	128	0	1	514	308	43	52	2243	0	0	0	1	
12663	17354173	0	0	0	0	1	128	0	1	514	308	43	52	2240	0	0	0	1	
12664	17354206	0	0	0	0	1	128	0	1	514	308	43	52	2242	0	0	0	1	
12665	17354240	0	0	0	0	1	128	0	1	516	306	43	52	2229	0	0	0	1	
12666	17354273	0	0	0	0	1	128	0	1	516	306	43	52	2233	0	0	0	1	
12667	17354306	0	0	0	0	1	128	0	1	516	306	43	52	2224	0	0	0	1	
12668	17354340	0	0	0	0	1	128	0	1	516	306	43	52	2225	0	0	0	1	
12669	17354373	0	0	0	0	1	128	0	1	516	306	42	52	2222	0	0	0	1	
12670	17354407	0	0	0	0	1	128	0	1	516	306	43	52	2226	0	0	0	1	
12671	17354440	0	0	0	0	1	128	0	1	514	312	43	52	2238	0	0	0	1	
12672	17354473	0	0	0	0	1	128	0	1	514	312	43	52	2236	0	0	0	1	
12673	17354507	0	0	0	0	1	128	0	1	514	312	43	52	2223	0	0	0	1	
12674	17354540	0	0	0	0	1	128	0	1	514	312	43	52	2232	0	0	0	1	
12675	17354573	0	0	0	0	1	128	0	1	514	312	43	52	2223	0	0	0	1	
12676	17354607	0	0	0	0	1	128	0	1	514	312	43	52	2225	0	0	0	1	
12677	17354640	0	0	0	0	1	128	0	1	514	312	43	52	2224	0	0	0	1	
12678	17354674	0	0	0	0	1	128	0	1	514	312	43	52	2231	0	0	0	1	
12679	17354707	0	0	0	0	1	128	0	1	514	312	43	52	2238	0	0	0	1	
12680	17354740	0	0	0	0	1	128	0	1	512	312	43	52	2249	0	0	0	1	
12681	17354774	0	0	0	0	1	128	0	1	478	322	49	53	2613	0	0	0	1	
12682	17354807	0	0	0	0	1	128	0	1	474	320	49	53	2585	0	0	0	1	
12683	17354840	0	0	0	0	1	128	0	1	474	320	49	53	2602	0	0	0	1	
12684	17354874	0	0	0	0	1	128	0	1	474	320	49	53	2607	0	0	0	1	
12685	17354907	0	0	0	0	1	128	0	1	474	320	49	53	2632	0	0	0	1	
12686	17354940	0	0	0	0	1	128	0	1	474	320	49	53	2640	0	0	0	1	
12687	17354974	0	0	0	0	1	128	0	1	474	320	49	54	2644	0	0	0	1	
12688	17355007	0	0	0	0	1	128	0	1	474	320	50	53	2649	0	0	0	1	
12689	17355041	0	0	0	0	1	128	0	1	476	320	50	53	2660	0	0	0	1	
12690	17355074	0	0	0	0	1	128	0	1	476	320	50	53	2648	0	0	0	1	
12691	17355107	0	0	0	0	1	128	0	1	476	324	50	54	2677	0	0	0	1	
12692	17355141	0	0	0	0	1	128	0	1	476	324	50	54	2669	0	0	0	1	
12693	17355174	0	0	0	0	1	128	0	1	476	324	50	53	2659	0	0	0	1	
12694	17355207	0	0	0	0	1	128	0	1	476	324	50	53	2655	0	0	0	1	
12695	17355241	0	0	0	0	1	128	0	1	476	324	50	53	2640	0	0	0	1	
12696	17355274	0	0	0	0	1	128	0	1	476	324	50	53	2623	0	0	0	1	
12697	17355308	0	0	0	0	1	128	0	1	476	324	49	53	2595	0	0	0	1	
12698	17355341	0	0	0	0	1	128	0	1	476	324	49	52	2575	0	0	0	1	
12699	17355374	0	0	0	0	1	128	0	1	476	324	49	52	2551	0	0	0	1	
12700	17355408	0	0	0	0	1	128	0	1	476	324	49	52	2522	0	0	0	1	
12701	17355441	0	0	0	0	1	128	0	1	476	324	49	52	2515	0	0	0	1	
12702	17355474	0	0	0	0	1	128	0	1	476	324	49	51	2493	0	0	0	1	
12703	17355508	0	0	0	0	1	128	0	1	476	322	49	51	2496	0	0	0	1	
12704	17355541	0	0	0	0	1	128	0	1	482	288	44	51	2274	0	0	0	1	
12705	17355574	0	0	0	0	1	128	0	1	480	288	44	52	2285	0	0	0	1	
12706	17355608	0	0	0	0	1	128	0	1	480	290	44	51	2277	0	0	0	1	
12707	17355641	0	0	0	0	1	128	0	1	480	290	44	51	2285	0	0	0	1	
12708	17355675	0	0	0	0	1	128	0	1	480	290	45	52	2301	0	0	0	1	
12709	17355708	0	0	0	0	1	128	0	1	480	286	44	52	2299	0	0	0	1	
12710	17355741	0	0	0	0	1	128	0	1	480	286	44	52	2301	0	0	0	1	
12711	17355775	0	0	0	0	1	128	0	1	480	286	44	52	2303	0	0	0	1	
12712	17355808	0	0	0	0	1	128	0	1	480	286	44	52	2305	0	0	0	1	
12713	17355841	0	0	0	0	1	128	0	1	480	286	44	52	2313	0	0	0	1	
12714	17355875	0	0	0	0	1	128	0	1	480	286	44	52	2308	0	0	0	1	
12715	17355908	0	0	0	0	1	128	0	1	480	286	44	52	2309	0	0	0	1	
12716	17355942	0	0	0	0	1	128	0	1	480	286	44	52	2302	0	0	0	1	
12717	17355975	0	0	0	0	1	128	0	1	480	286	44	52	2296	0	0	0	1	
12718	17356008	0	0	0	0	1	128	0	1	480	286	44	52	2284	0	0	0	1	
12719	17356042	0	0	0	0	1	128	0	1	480	286	44	51	2276	0	0	0	1	
12720	17356075	0	0	0	0	1	128	0	1	480	286	44	51	2268	0	0	0	1	
12721	17356108	0	0	0	0	1	128	0	1	480	286	44	51	2264	0	0	0	1	
12722	17356142	0	0	0	0	1	128	0	1	480	286	44	51	2243	0	0	0	1	
12723	17356175	0	0	0	0	1	128	0	1	480	286	44	51	2230	0	0	0	1	
12724	17356208	0	0	0	0	1	128	0	1	480	286	44	51	2220	0	0	0	1	
12725	17356242	0	0	0	0	1	128	0	1	448	312	47	60	2809	0	0	0	1	
12726	17356275	0	0	0	0	1	128	0	1	452	318	48	50	2383	0	0	0	1	
12727	17356309	0	0	0	0	1	128	0	1	452	318	47	51	2403	0	0	0	1	
12728	17356342	0	0	0	0	1	128	0	1	454	318	48	50	2386	0	0	0	1	
12729	17356375	0	0	0	0	1	128	0	1	454	318	48	50	2384	0	0	0	1	
12730	17356409	0	0	0	0	1	128	0	1	454	318	48	50	2382	0	0	0	1	
12731	17356442	0	0	0	0	1	128	0	1	452	318	48	51	2419	0	0	0	1	
12732	17356475	0	0	0	0	1	128	0	1	450	318	48	51	2431	0	0	0	1	
12733	17356509	0	0	0	0	1	128	0	1	450	318	48	51	2446	0	0	0	1	
12734	17356542	0	0	0	0	1	128	0	1	452	320	47	49	2344	0	0	0	1	
12735	17356575	0	0	0	0	1	128	0	1	450	318	48	51	2465	0	0	0	1	
12736	17356609	0	0	0	0	1	128	0	1	456	318	48	52	2501	0	0	0	1	
12737	17356642	0	0	0	0	1	128	0	1	458	318	48	51	2463	0	0	0	1	
12738	17356676	0	0	0	0	1	128	0	1	458	318	48	51	2449	0	0	0	1	
12739	17356709	0	0	0	0	1	128	0	1	458	316	48	52	2486	0	0	0	1	
12740	17356742	0	0	0	0	1	128	0	1	458	318	48	52	2489	0	0	0	1	
12741	17356776	0	0	0	0	1	128	0	1	458	318	48	52	2486	0	0	0	1	
12742	17356809	0	0	0	0	1	128	0	1	458	316	48	52	2499	0	0	0	1	
12743	17356842	0	0	0	0	1	128	0	1	458	318	48	52	2477	0	0	0	1	
12744	17356876	0	0	0	0	1	128	0	1	460	318	48	52	2479	0	0	0	1	
12745	17356909	0	0	0	0	1	128	0	1	460	318	48	51	2459	0	0	0	1	
12746	17356943	0	0	0	0	1	128	0	1	460	318	48	51	2452	0	0	0	1	
12747	17356976	0	0	0	0	1	128	0	1	460	318	47	51	2426	0	0	0	1	
12748	17357009	0	0	0	0	1	128	0	1	464	320	48	49	2327	0	0	0	1	
12749	17357043	0	0	0	0	1	128	0	1	492	330	45	49	2212	0	0	0	1	
12750	17357076	0	0	0	0	1	128	0	1	492	330	45	49	2227	0	0	0	1	
12751	17357109	0	0	0	0	1	128	0	1	492	330	45	49	2226	0	0	0	1	
12752	17357143	0	0	0	0	1	128	0	1	492	330	45	49	2219	0	0	0	1	
12753	17357176	0	0	0	0	1	128	0	1	492	330	45	49	2233	0	0	0	1	
12754	17357209	0	0	0	0	1	128	0	1	492	330	45	50	2230	0	0	0	1	
12755	17357243	0	0	0	0	1	128	0	1	492	330	45	50	2237	0	0	0	1	
12756	17357276	0	0	0	0	1	128	0	1	492	330	45	49	2228	0	0	0	1	
12757	17357310	0	0	0	0	1	128	0	1	492	330	45	49	2219	0	0	0	1	
12758	17357343	0	0	0	0	1	128	0	1	492	330	45	49	2212	0	0	0	1	
12759	17357376	0	0	0	0	1	128	0	1	492	330	45	49	2198	0	0	0	1	
12760	17357410	0	0	0	0	1	128	0	1	492	330	45	49	2206	0	0	0	1	
12761	17357443	0	0	0	0	1	128	0	1	492	330	45	49	2211	0	0	0	1	
12762	17357476	0	0	0	0	1	128	0	1	492	330	45	49	2203	0	0	0	1	
12763	17357510	0	0	0	0	1	128	0	1	492	330	45	49	2209	0	0	0	1	
12764	17357543	0	0	0	0	1	128	0	1	492	330	45	49	2195	0	0	0	1	
12765	17357577	0	0	0	0	1	128	0	1	492	330	45	49	2195	0	0	0	1	
12766	17357610	0	0	0	0	1	128	0	1	492	330	45	49	2195	0	0	0	1	
12767	17357643	0	0	0	0	1	128	0	1	492	330	45	49	2191	0	0	0	1	
12768	17357677	0	0	0	0	1	128	0	1	492	330	45	49	2185	0	0	0	1	
12769	17357710	0	0	0	0	1	128	0	1	492	330	45	49	2183	0	0	0	1	
12770	17357743	0	0	0	0	1	128	0	1	492	330	45	49	2178	0	0	0	1	
12771	17357777	0	0	0	0	1	128	0	1	500	296	40	49	1976	0	0	0	1	
12772	17357810	0	0	0	0	1	128	0	1	502	290	41	49	1973	0	0	0	1	
12773	17357843	0	0	0	0	1	128	0	1	502	290	40	49	1959	0	0	0	1	
12774	17357877	0	0	0	0	1	128	0	1	502	290	40	49	1965	0	0	0	1	
12775	17357910	0	0	0	0	1	128	0	1	502	290	41	49	1976	0	0	0	1	
12776	17357944	0	0	0	0	1	128	0	1	502	290	41	49	1977	0	0	0	1	
12777	17357977	0	0	0	0	1	128	0	1	502	290	41	49	1987	0	0	0	1	
12778	17358010	0	0	0	0	1	128	0	1	502	290	41	49	2003	0	0	0	1	
12779	17358044	0	0	0	0	1	128	0	1	502	290	41	49	2010	0	0	0	1	
12780	17358077	0	0	0	0	1	128	0	1	502	290	41	49	2025	0	0	0	1	
12781	17358110	0	0	0	0	1	128	0	1	502	290	41	49	2033	0	0	0	1	
12782	17358144	0	0	0	0	1	128	0	1	502	290	41	50	2046	0	0	0	1	
12783	17358177	0	0	0	0	1	128	0	1	502	288	41	50	2059	0	0	0	1	
12784	17358211	0	0	0	0	1	128	0	1	502	290	41	50	2061	0	0	0	1	
12785	17358244	0	0	0	0	1	128	0	1	502	290	42	50	2069	0	0	0	1	
12786	17358277	0	0	0	0	1	128	0	1	502	288	42	50	2075	0	0	0	1	
12787	17358311	0	0	0	0	1	128	0	1	502	290	42	50	2087	0	0	0	1	
12788	17358344	0	0	0	0	1	128	0	1	502	290	42	50	2079	0	0	0	1	
12789	17358377	0	0	0	0	1	128	0	1	502	290	42	50	2086	0	0	0	1	
12790	17358411	0	0	0	0	1	128	0	1	500	290	42	50	2094	0	0	0	1	
12791	17358444	0	0	0	0	1	128	0	1	502	290	42	50	2093	0	0	0	1	
12792	17358478	0	0	0	0	1	128	0	1	500	290	42	50	2093	0	0	0	1	
12793	17358511	0	0	0	0	1	128	0	1	500	290	42	50	2080	0	0	0	1	
12794	17358544	0	0	0	0	1	128	0	1	518	312	41	49	1980	0	0	0	1	
12795	17358578	0	0	0	0	1	128	0	1	520	314	41	49	2003	0	0	0	1	
12796	17358611	0	0	0	0	1	128	0	1	522	314	41	50	2016	0	0	0	1	
12797	17358644	0	0	0	0	1	128	0	1	522	314	41	50	2031	0	0	0	1	
12798	17358678	0	0	0	0	1	128	0	1	522	314	41	50	2029	0	0	0	1	
12799	17358711	0	0	0	0	1	128	0	1	522	312	41	50	2046	0	0	0	1	
12800	17358744	0	0	0	0	1	128	0	1	522	314	41	50	2046	0	0	0	1	
12801	17358778	0	0	0	0	1	128	0	1	522	314	41	50	2055	0	0	0	1	
12802	17358811	0	0	0	0	1	128	0	1	522	312	41	50	2065	0	0	0	1	
12803	17358845	0	0	0	0	1	128	0	1	522	312	41	50	2068	0	0	0	1	
12804	17358878	0	0	0	0	1	128	0	1	520	314	41	50	2078	0	0	0	1	
12805	17358911	0	0	0	0	1	128	0	1	518	322	43	51	2160	0	0	0	1	
12806	17358945	0	0	0	0	1	128	0	1	518	322	43	50	2134	0	0	0	1	
12807	17358978	0	0	0	0	1	128	0	1	518	322	43	50	2142	0	0	0	1	
12808	17359011	0	0	0	0	1	128	0	1	518	322	43	50	2143	0	0	0	1	
12809	17359045	0	0	0	0	1	128	0	1	516	322	43	51	2152	0	0	0	1	
12810	17359078	0	0	0	0	1	128	0	1	516	322	43	50	2144	0	0	0	1	
12811	17359112	0	0	0	0	1	128	0	1	516	322	43	51	2165	0	0	0	1	
12812	17359145	0	0	0	0	1	128	0	1	516	322	43	51	2160	0	0	0	1	
12813	17359178	0	0	0	0	1	128	0	1	516	322	43	51	2161	0	0	0	1	
12814	17359212	0	0	0	0	1	128	0	1	516	322	43	51	2166	0	0	0	1	
12815	17359245	0	0	0	0	1	128	0	1	512	324	42	49	2073	0	0	0	1	
12816	17359278	0	0	0	0	1	128	0	1	482	330	49	52	2517	0	0	0	1	
12817	17359312	0	0	0	0	1	128	0	1	482	330	48	52	2482	0	0	0	1	
12818	17359345	0	0	0	0	1	128	0	1	482	330	48	52	2495	0	0	0	1	
12819	17359378	0	0	0	0	1	128	0	1	482	330	48	52	2509	0	0	0	1	
12820	17359412	0	0	0	0	1	128	0	1	482	330	49	52	2518	0	0	0	1	
12821	17359445	0	0	0	0	1	128	0	1	482	330	49	52	2538	0	0	0	1	
12822	17359479	0	0	0	0	1	128	0	1	482	330	49	52	2545	0	0	0	1	
12823	17359512	0	0	0	0	1	128	0	1	482	330	49	52	2553	0	0	0	1	
12824	17359545	0	0	0	0	1	128	0	1	482	330	49	52	2563	0	0	0	1	
12825	17359579	0	0	0	0	1	128	0	1	484	332	49	52	2555	0	0	0	1	
12826	17359612	0	0	0	0	1	128	0	1	484	332	49	52	2561	0	0	0	1	
12827	17359645	0	0	0	0	1	128	0	1	484	332	49	52	2564	0	0	0	1	
12828	17359679	0	0	0	0	1	128	0	1	484	332	49	52	2550	0	0	0	1	
12829	17359712	0	0	0	0	1	128	0	1	484	332	49	52	2521	0	0	0	1	
12830	17359746	0	0	0	0	1	128	0	1	484	332	49	51	2497	0	0	0	1	
12831	17359779	0	0	0	0	1	128	0	1	484	332	48	51	2446	0	0	0	1	
12832	17359812	0	0	0	0	1	128	0	1	484	332	48	50	2407	0	0	0	1	
12833	17359846	0	0	0	0	1	128	0	1	484	332	47	50	2368	0	0	0	1	
12834	17359879	0	0	0	0	1	128	0	1	484	332	47	50	2340	0	0	0	1	
12835	17359912	0	0	0	0	1	128	0	1	484	332	47	50	2321	0	0	0	1	
12836	17359946	0	0	0	0	1	128	0	1	486	334	46	49	2290	0	0	0	1	
12837	17359979	0	0	0	0	1	128	0	1	486	334	46	49	2269	0	0	0	1	
12838	17360012	0	0	0	0	1	128	0	1	512	344	40	47	1908	0	0	0	1	
12839	17360046	0	0	0	0	1	128	0	1	522	348	40	48	1934	0	0	0	1	
12840	17360079	0	0	0	0	1	128	0	1	522	348	40	48	1920	0	0	0	1	
12841	17360113	0	0	0	0	1	128	0	1	522	348	40	48	1920	0	0	0	1	
12842	17360146	0	0	0	0	1	128	0	1	522	348	40	48	1931	0	0	0	1	
12843	17360179	0	0	0	0	1	128	0	1	522	348	40	48	1931	0	0	0	1	
12844	17360213	0	0	0	0	1	128	0	1	522	348	40	49	1953	0	0	0	1	
12845	17360246	0	0	0	0	1	128	0	1	522	348	40	49	1952	0	0	0	1	
12846	17360279	0	0	0	0	1	128	0	1	522	348	40	49	1964	0	0	0	1	
12847	17360313	0	0	0	0	1	128	0	1	522	348	41	49	1983	0	0	0	1	
12848	17360346	0	0	0	0	1	128	0	1	522	348	41	49	1996	0	0	0	1	
12849	17360380	0	0	0	0	1	128	0	1	522	348	41	49	1990	0	0	0	1	
12850	17360413	0	0	0	0	1	128	0	1	522	348	41	49	2004	0	0	0	1	
12851	17360446	0	0	0	0	1	128	0	1	522	348	41	49	2010	0	0	0	1	
12852	17360480	0	0	0	0	1	128	0	1	522	348	41	49	2027	0	0	0	1	
12853	17360513	0	0	0	0	1	128	0	1	520	348	41	49	2036	0	0	0	1	
12854	17360546	0	0	0	0	1	128	0	1	520	348	41	49	2045	0	0	0	1	
12855	17360580	0	0	0	0	1	128	0	1	520	348	42	49	2052	0	0	0	1	
12856	17360613	0	0	0	0	1	128	0	1	520	348	42	50	2077	0	0	0	1	
12857	17360646	0	0	0	0	1	128	0	1	520	348	42	50	2099	0	0	0	1	
12858	17360680	0	0	0	0	1	128	0	1	520	348	42	50	2109	0	0	0	1	
12859	17360713	0	0	0	0	1	128	0	1	520	348	42	51	2136	0	0	0	1	
12860	17360747	0	0	0	0	1	128	0	1	520	348	43	51	2152	0	0	0	1	
12861	17360780	0	0	0	0	1	128	0	1	522	326	42	52	2180	0	0	0	1	
12862	17360813	0	0	0	0	1	128	0	1	520	324	42	51	2156	0	0	0	1	
12863	17360847	0	0	0	0	1	128	0	1	520	324	42	51	2177	0	0	0	1	
12864	17360880	0	0	0	0	1	128	0	1	520	324	43	51	2188	0	0	0	1	
12865	17360913	0	0	0	0	1	128	0	1	520	326	43	52	2197	0	0	0	1	
12866	17360947	0	0	0	0	1	128	0	1	520	324	43	52	2209	0	0	0	1	
12867	17360980	0	0	0	0	1	128	0	1	520	324	43	52	2221	0	0	0	1	
12868	17361013	0	0	0	0	1	128	0	1	520	324	43	52	2227	0	0	0	1	
12869	17361047	0	0	0	0	1	128	0	1	520	324	43	52	2253	0	0	0	1	
12870	17361080	0	0	0	0	1	128	0	1	520	326	43	52	2259	0	0	0	1	
12871	17361114	0	0	0	0	1	128	0	1	520	326	43	52	2265	0	0	0	1	
12872	17361147	0	0	0	0	1	128	0	1	518	326	44	53	2304	0	0	0	1	
12873	17361180	0	0	0	0	1	128	0	1	518	326	44	53	2299	0	0	0	1	
12874	17361214	0	0	0	0	1	128	0	1	518	326	44	53	2300	0	0	0	1	
12875	17361247	0	0	0	0	1	128	0	1	518	326	44	52	2279	0	0	0	1	
12876	17361280	0	0	0	0	1	128	0	1	518	326	44	53	2290	0	0	0	1	
12877	17361314	0	0	0	0	1	128	0	1	518	326	44	52	2267	0	0	0	1	
12878	17361347	0	0	0	0	1	128	0	1	518	326	44	52	2259	0	0	0	1	
12879	17361381	0	0	0	0	1	128	0	1	518	326	43	52	2261	0	0	0	1	
12880	17361414	0	0	0	0	1	128	0	1	518	326	43	52	2266	0	0	0	1	
12881	17361447	0	0	0	0	1	128	0	1	518	326	43	52	2244	0	0	0	1	
12882	17361481	0	0	0	0	1	128	0	1	518	326	43	52	2258	0	0	0	1	
12883	17361514	0	0	0	0	1	128	0	1	518	326	43	52	2246	0	0	0	1	
12884	17361547	0	0	0	0	1	128	0	1	530	326	40	52	2054	0	0	0	1	
12885	17361581	0	0	0	0	1	128	0	1	532	326	40	52	2052	0	0	0	1	
12886	17361614	0	0	0	0	1	128	0	1	532	326	40	52	2046	0	0	0	1	
12887	17361648	0	0	0	0	1	128	0	1	532	324	40	51	2040	0	0	0	1	
12888	17361681	0	0	0	0	1	128	0	1	532	324	40	51	2040	0	0	0	1	
12889	17361714	0	0	0	0	1	128	0	1	532	324	40	51	2034	0	0	0	1	
12890	17361748	0	0	0	0	1	128	0	1	532	324	40	51	2035	0	0	0	1	
12891	17361781	0	0	0	0	1	128	0	1	532	324	40	51	2013	0	0	0	1	
12892	17361814	0	0	0	0	1	128	0	1	532	324	39	51	2003	0	0	0	1	
12893	17361848	0	0	0	0	1	128	0	1	532	324	39	51	1991	0	0	0	1	
12894	17361881	0	0	0	0	1	128	0	1	532	324	39	51	1981	0	0	0	1	
12895	17361914	0	0	0	0	1	128	0	1	534	324	39	50	1966	0	0	0	1	
12896	17361948	0	0	0	0	1	128	0	1	532	324	39	50	1946	0	0	0	1	
12897	17361981	0	0	0	0	1	128	0	1	532	324	39	50	1943	0	0	0	1	
12898	17362015	0	0	0	0	1	128	0	1	532	324	39	50	1935	0	0	0	1	
12899	17362048	0	0	0	0	1	128	0	1	532	324	39	50	1936	0	0	0	1	
12900	17362081	0	0	0	0	1	128	0	1	532	324	39	50	1932	0	0	0	1	
12901	17362115	0	0	0	0	1	128	0	1	532	324	38	50	1913	0	0	0	1	
12902	17362148	0	0	0	0	1	128	0	1	532	324	39	50	1921	0	0	0	1	
12903	17362181	0	0	0	0	1	128	0	1	532	324	39	50	1914	0	0	0	1	
12904	17362215	0	0	0	0	1	128	0	1	532	324	39	50	1911	0	0	0	1	
12905	17362248	0	0	0	0	1	128	0	1	530	330	39	49	1911	0	0	0	1	
12906	17362282	0	0	0	0	1	128	0	1	514	356	43	50	2127	0	0	0	1	
12907	17362315	0	0	0	0	1	128	0	1	516	356	43	50	2115	0	0	0	1	
12908	17362348	0	0	0	0	1	128	0	1	516	356	42	50	2117	0	0	0	1	
12909	17362382	0	0	0	0	1	128	0	1	516	356	42	50	2126	0	0	0	1	
12910	17362415	0	0	0	0	1	128	0	1	516	356	43	50	2136	0	0	0	1	
12911	17362448	0	0	0	0	1	128	0	1	516	356	43	50	2138	0	0	0	1	
12912	17362482	0	0	0	0	1	128	0	1	516	356	43	50	2152	0	0	0	1	
12913	17362515	0	0	0	0	1	128	0	1	516	360	43	51	2166	0	0	0	1	
12914	17362548	0	0	0	0	1	128	0	1	516	360	43	51	2183	0	0	0	1	
12915	17362582	0	0	0	0	1	128	0	1	516	360	43	51	2189	0	0	0	1	
12916	17362615	0	0	0	0	1	128	0	1	516	360	43	51	2193	0	0	0	1	
12917	17362649	0	0	0	0	1	128	0	1	516	360	43	51	2201	0	0	0	1	
12918	17362682	0	0	0	0	1	128	0	1	516	360	43	51	2190	0	0	0	1	
12919	17362715	0	0	0	0	1	128	0	1	516	360	43	51	2193	0	0	0	1	
12920	17362749	0	0	0	0	1	128	0	1	516	360	43	51	2195	0	0	0	1	
12921	17362782	0	0	0	0	1	128	0	1	516	360	43	51	2182	0	0	0	1	
12922	17362815	0	0	0	0	1	128	0	1	516	360	43	50	2172	0	0	0	1	
12923	17362849	0	0	0	0	1	128	0	1	516	360	43	51	2177	0	0	0	1	
12924	17362882	0	0	0	0	1	128	0	1	516	360	43	50	2168	0	0	0	1	
12925	17362916	0	0	0	0	1	128	0	1	516	360	43	51	2178	0	0	0	1	
12926	17362949	0	0	0	0	1	128	0	1	516	360	43	51	2174	0	0	0	1	
12927	17362982	0	0	0	0	1	128	0	1	516	360	43	51	2186	0	0	0	1	
12928	17363016	0	0	0	0	1	128	0	1	516	360	43	51	2202	0	0	0	1	
12929	17363049	0	0	0	0	1	128	0	1	516	360	43	51	2202	0	0	0	1	
12930	17363082	0	0	0	0	1	128	0	1	516	360	43	51	2211	0	0	0	1	
12931	17363116	0	0	0	0	1	128	0	1	516	360	44	51	2234	0	0	0	1	
12932	17363149	0	0	0	0	1	128	0	1	516	360	43	51	2225	0	0	0	1	
12933	17363182	0	0	0	0	1	128	0	1	518	358	43	51	2229	0	0	0	1	
12934	17363216	0	0	0	0	1	128	0	1	518	358	44	51	2243	0	0	0	1	
12935	17363249	0	0	0	0	1	128	0	1	518	358	44	51	2247	0	0	0	1	
12936	17363283	0	0	0	0	1	128	0	1	518	358	44	52	2252	0	0	0	1	
12937	17363316	0	0	0	0	1	128	0	1	518	358	44	52	2272	0	0	0	1	
12938	17363349	0	0	0	0	1	128	0	1	518	358	44	52	2272	0	0	0	1	
12939	17363383	0	0	0	0	1	128	0	1	518	358	44	52	2276	0	0	0	1	
12940	17363416	0	0	0	0	1	128	0	1	518	358	44	52	2278	0	0	0	1	
12941	17363449	0	0	0	0	1	128	0	1	518	358	44	52	2292	0	0	0	1	
12942	17363483	0	0	0	0	1	128	0	1	516	358	44	52	2302	0	0	0	1	
12943	17363516	0	0	0	0	1	128	0	1	516	360	44	52	2297	0	0	0	1	
12944	17363549	0	0	0	0	1	128	0	1	516	360	44	52	2300	0	0	0	1	
12945	17363583	0	0	0	0	1	128	0	1	516	360	44	52	2308	0	0	0	1	
12946	17363616	0	0	0	0	1	128	0	1	516	360	44	52	2305	0	0	0	1	
12947	17363650	0	0	0	0	1	128	0	1	516	360	44	52	2292	0	0	0	1	
12948	17363683	0	0	0	0	1	128	0	1	516	360	44	52	2281	0	0	0	1	
12949	17363716	0	0	0	0	1	128	0	1	516	360	44	52	2279	0	0	0	1	
12950	17363750	0	0	0	0	1	128	0	1	516	360	44	52	2272	0	0	0	1	
12951	17363783	0	0	0	0	1	128	0	1	516	360	44	52	2270	0	0	0	1	
12952	17363816	0	0	0	0	1	128	0	1	516	360	44	51	2259	0	0	0	1	
12953	17363850	0	0	0	0	1	128	0	1	516	360	44	52	2263	0	0	0	1	
12954	17363883	0	0	0	0	1	128	0	1	516	360	44	52	2261	0	0	0	1	
12955	17363917	0	0	0	0	1	128	0	1	518	360	44	51	2236	0	0	0	1	
12956	17363950	0	0	0	0	1	128	0	1	518	360	44	51	2225	0	0	0	1	
12957	17363983	0	0	0	0	1	128	0	1	518	360	43	51	2216	0	0	0	1	
12958	17364017	0	0	0	0	1	128	0	1	518	360	43	51	2215	0	0	0	1	
12959	17364050	0	0	0	0	1	128	0	1	518	360	43	51	2209	0	0	0	1	
12960	17364083	0	0	0	0	1	128	0	1	518	360	43	51	2182	0	0	0	1	
12961	17364117	0	0	0	0	1	128	0	1	518	360	43	50	2165	0	0	0	1	
12962	17364150	0	0	0	0	1	128	0	1	518	360	43	50	2160	0	0	0	1	
12963	17364183	0	0	0	0	1	128	0	1	518	360	43	50	2139	0	0	0	1	
12964	17364217	0	0	0	0	1	128	0	1	518	360	43	50	2133	0	0	0	1	
12965	17364250	0	0	0	0	1	128	0	1	518	360	43	50	2133	0	0	0	1	
12966	17364284	0	0	0	0	1	128	0	1	518	360	43	50	2124	0	0	0	1	
12967	17364317	0	0	0	0	1	128	0	1	518	360	42	50	2109	0	0	0	1	
12968	17364350	0	0	0	0	1	128	0	1	518	360	42	50	2094	0	0	0	1	
12969	17364384	0	0	0	0	1	128	0	1	518	360	42	49	2080	0	0	0	1	
12970	17364417	0	0	0	0	1	128	0	1	518	360	42	49	2059	0	0	0	1	
12971	17364450	0	0	0	0	1	128	0	1	518	360	42	49	2042	0	0	0	1	
12972	17364484	0	0	0	0	1	128	0	1	518	360	41	49	2018	0	0	0	1	
12973	17364517	0	0	0	0	1	128	0	1	518	360	41	49	2011	0	0	0	1	
12974	17364550	0	0	0	0	1	128	0	1	518	360	41	48	1992	0	0	0	1	
12975	17364584	0	0	0	0	1	128	0	1	518	360	41	48	1976	0	0	0	1	
12976	17364617	0	0	0	0	1	128	0	1	518	360	41	48	1965	0	0	0	1	
12977	17364651	0	0	0	0	1	128	0	1	518	360	41	48	1957	0	0	0	1	
12978	17364684	0	0	0	0	1	128	0	1	518	360	41	48	1955	0	0	0	1	
12979	17364717	0	0	0	0	1	128	0	1	518	360	41	48	1958	0	0	0	1	
12980	17364751	0	0	0	0	1	128	0	1	518	360	41	48	1960	0	0	0	1	
12981	17364784	0	0	0	0	1	128	0	1	518	360	41	48	1968	0	0	0	1	
12982	17364818	0	0	0	0	1	128	0	1	518	360	41	48	1969	0	0	0	1	
12983	17364851	0	0	0	0	1	128	0	1	518	360	41	48	1980	0	0	0	1	
12984	17364884	0	0	0	0	1	128	0	1	518	360	41	48	1992	0	0	0	1	
12985	17364918	0	0	0	0	1	128	0	1	518	360	42	48	2014	0	0	0	1	
12986	17364951	0	0	0	0	1	128	0	1	518	360	41	49	2031	0	0	0	1	
12987	17364984	0	0	0	0	1	128	0	1	518	360	42	49	2038	0	0	0	1	
12988	17365018	0	0	0	0	1	128	0	1	516	360	42	49	2057	0	0	0	1	
12989	17365051	0	0	0	0	1	128	0	1	518	360	42	49	2078	0	0	0	1	
12990	17365084	0	0	0	0	1	128	0	1	496	354	47	52	2423	0	0	0	1	
12991	17365118	0	0	0	0	1	128	0	1	482	344	48	50	2405	0	0	0	1	
12992	17365151	0	0	0	0	1	128	0	1	482	344	48	50	2422	0	0	0	1	
12993	17365185	0	0	0	0	1	128	0	1	482	344	48	50	2439	0	0	0	1	
12994	17365218	0	0	0	0	1	128	0	1	482	344	48	51	2454	0	0	0	1	
12995	17365251	0	0	0	0	1	128	0	1	482	344	48	51	2465	0	0	0	1	
12996	17365285	0	0	0	0	1	128	0	1	486	340	48	51	2481	0	0	0	1	
12997	17365318	0	0	0	0	1	128	0	1	488	336	48	51	2440	0	0	0	1	
12998	17365351	0	0	0	0	1	128	0	1	488	336	48	51	2443	0	0	0	1	
12999	17365385	0	0	0	0	1	128	0	1	488	336	48	51	2444	0	0	0	1	
13000	17365418	0	0	0	0	1	128	0	1	488	336	48	51	2440	0	0	0	1	
13001	17365451	0	0	0	0	1	128	0	1	488	336	48	51	2423	0	0	0	1	
13002	17365485	0	0	0	0	1	128	0	1	488	336	47	51	2414	0	0	0	1	
13003	17365518	0	0	0	0	1	128	0	1	488	336	47	50	2388	0	0	0	1	
13004	17365552	0	0	0	0	1	128	0	1	488	336	47	50	2365	0	0	0	1	
13005	17365585	0	0	0	0	1	128	0	1	488	336	47	50	2344	0	0	0	1	
13006	17365618	0	0	0	0	1	128	0	1	488	338	47	50	2314	0	0	0	1	
13007	17365652	0	0	0	0	1	128	0	1	488	336	46	50	2299	0	0	0	1	
13008	17365685	0	0	0	0	1	128	0	1	488	336	46	49	2276	0	0	0	1	
13009	17365718	0	0	0	0	1	128	0	1	488	336	46	49	2264	0	0	0	1	
13010	17365752	0	0	0	0	1	128	0	1	488	336	46	49	2262	0	0	0	1	
13011	17365785	0	0	0	0	1	128	0	1	488	336	46	49	2275	0	0	0	1	
13012	17365819	0	0	0	0	1	128	0	1	488	336	46	49	2267	0	0	0	1	
13013	17365852	0	0	0	0	1	128	0	1	488	336	46	49	2268	0	0	0	1	
13014	17365885	0	0	0	0	1	128	0	1	488	338	46	49	2269	0	0	0	1	
13015	17365919	0	0	0	0	1	128	0	1	488	340	46	49	2277	0	0	0	1	
13016	17365952	0	0	0	0	1	128	0	1	484	344	46	48	2177	0	0	0	1	
13017	17365985	0	0	0	0	1	128	0	0	0	0	0	0	0	0	0	0	1	
