Version	1.08	gmtime	1440677356
index	timestamp	eyeroihoriz	eyeroivert	eyeroizoomx	eyeroizoomy	blendmode	blendfactor	onlinecalib	eye_valid	eye_x	eye_y	eye_w	eye_h	eye_a	field_x	field_y	displaymode	displayeyedetection	event
7501	12881002	0	0	0	0	1	128	0	1	384	386	46	50	2321	0	0	0	1	
7502	12881035	0	0	0	0	1	128	0	1	384	386	46	50	2309	0	0	0	1	
7503	12881069	0	0	0	0	1	128	0	1	384	386	46	50	2310	0	0	0	1	
7504	12881102	0	0	0	0	1	128	0	1	384	386	46	50	2302	0	0	0	1	
7505	12881135	0	0	0	0	1	128	0	1	384	384	46	50	2304	0	0	0	1	
7506	12881169	0	0	0	0	1	128	0	1	384	384	46	50	2303	0	0	0	1	
7507	12881202	0	0	0	0	1	128	0	1	384	384	46	50	2312	0	0	0	1	
7508	12881235	0	0	0	0	1	128	0	1	384	384	46	50	2329	0	0	0	1	
7509	12881269	0	0	0	0	1	128	0	1	384	384	46	50	2326	0	0	0	1	
7510	12881302	0	0	0	0	1	128	0	1	386	384	46	51	2347	0	0	0	1	
7511	12881336	0	0	0	0	1	128	0	1	378	386	46	50	2312	0	0	0	1	
7512	12881369	0	0	0	0	1	128	0	1	374	392	45	50	2283	0	0	0	1	
7513	12881402	0	0	0	0	1	128	0	1	374	392	45	51	2298	0	0	0	1	
7514	12881436	0	0	0	0	1	128	0	1	374	392	46	51	2324	0	0	0	1	
7515	12881469	0	0	0	0	1	128	0	1	376	392	46	51	2333	0	0	0	1	
7516	12881502	0	0	0	0	1	128	0	1	376	392	46	51	2355	0	0	0	1	
7517	12881536	0	0	0	0	1	128	0	1	376	392	47	51	2378	0	0	0	1	
7518	12881569	0	0	0	0	1	128	0	1	376	392	47	51	2393	0	0	0	1	
7519	12881602	0	0	0	0	1	128	0	1	376	392	47	51	2394	0	0	0	1	
7520	12881636	0	0	0	0	1	128	0	1	376	392	47	51	2406	0	0	0	1	
7521	12881669	0	0	0	0	1	128	0	1	376	392	47	52	2430	0	0	0	1	
7522	12881703	0	0	0	0	1	128	0	1	380	390	47	52	2482	0	0	0	1	
7523	12881736	0	0	0	0	1	128	0	1	384	384	48	52	2521	0	0	0	1	
7524	12881769	0	0	0	0	1	128	0	1	386	384	48	52	2523	0	0	0	1	
7525	12881803	0	0	0	0	1	128	0	1	386	386	48	53	2544	0	0	0	1	
7526	12881836	0	0	0	0	1	128	0	1	386	386	48	53	2542	0	0	0	1	
7527	12881869	0	0	0	0	1	128	0	1	386	386	48	53	2543	0	0	0	1	
7528	12881903	0	0	0	0	1	128	0	1	386	386	48	52	2528	0	0	0	1	
7529	12881936	0	0	0	0	1	128	0	1	386	386	48	53	2540	0	0	0	1	
7530	12881970	0	0	0	0	1	128	0	1	386	386	48	53	2545	0	0	0	1	
7531	12882003	0	0	0	0	1	128	0	1	378	384	45	50	2267	0	0	0	1	
7532	12882036	0	0	0	0	1	128	0	1	378	382	48	52	2498	0	0	0	1	
7533	12882070	0	0	0	0	1	128	0	1	378	382	48	52	2497	0	0	0	1	
7534	12882103	0	0	0	0	1	128	0	1	378	382	48	53	2513	0	0	0	1	
7535	12882136	0	0	0	0	1	128	0	1	378	382	48	53	2516	0	0	0	1	
7536	12882170	0	0	0	0	1	128	0	1	378	382	48	52	2526	0	0	0	1	
7537	12882203	0	0	0	0	1	128	0	1	378	382	46	53	2459	0	0	0	1	
7538	12882237	0	0	0	0	1	128	0	1	378	382	48	52	2505	0	0	0	1	
7539	12882270	0	0	0	0	1	128	0	1	380	382	48	52	2483	0	0	0	1	
7540	12882303	0	0	0	0	1	128	0	1	384	384	48	52	2503	0	0	0	1	
7541	12882337	0	0	0	0	1	128	0	1	388	386	48	52	2519	0	0	0	1	
7542	12882370	0	0	0	0	1	128	0	1	388	386	48	52	2514	0	0	0	1	
7543	12882403	0	0	0	0	1	128	0	1	388	386	48	52	2506	0	0	0	1	
7544	12882437	0	0	0	0	1	128	0	1	386	386	48	52	2484	0	0	0	1	
7545	12882470	0	0	0	0	1	128	0	1	388	386	48	52	2481	0	0	0	1	
7546	12882503	0	0	0	0	1	128	0	1	388	386	48	52	2471	0	0	0	1	
7547	12882537	0	0	0	0	1	128	0	1	388	386	48	52	2465	0	0	0	1	
7548	12882570	0	0	0	0	1	128	0	1	386	386	48	51	2458	0	0	0	1	
7549	12882604	0	0	0	0	1	128	0	1	376	382	47	51	2388	0	0	0	1	
7550	12882637	0	0	0	0	1	128	0	1	372	380	46	51	2345	0	0	0	1	
7551	12882670	0	0	0	0	1	128	0	1	372	380	46	51	2353	0	0	0	1	
7552	12882704	0	0	0	0	1	128	0	1	372	380	46	51	2357	0	0	0	1	
7553	12882737	0	0	0	0	1	128	0	1	372	380	46	51	2347	0	0	0	1	
7554	12882770	0	0	0	0	1	128	0	1	372	380	46	51	2364	0	0	0	1	
7555	12882804	0	0	0	0	1	128	0	1	384	384	48	51	2441	0	0	0	1	
7556	12882837	0	0	0	0	1	128	0	1	384	384	48	51	2424	0	0	0	1	
7557	12882871	0	0	0	0	1	128	0	1	384	384	47	51	2416	0	0	0	1	
7558	12882904	0	0	0	0	1	128	0	1	384	384	48	51	2424	0	0	0	1	
7559	12882937	0	0	0	0	1	128	0	1	384	384	48	51	2431	0	0	0	1	
7560	12882971	0	0	0	0	1	128	0	1	384	384	48	51	2453	0	0	0	1	
7561	12883004	0	0	0	0	1	128	0	1	384	384	48	51	2463	0	0	0	1	
7562	12883037	0	0	0	0	1	128	0	1	382	384	48	51	2444	0	0	0	1	
7563	12883071	0	0	0	0	1	128	0	1	350	386	43	51	2179	0	0	0	1	
7564	12883104	0	0	0	0	1	128	0	1	342	388	42	51	2140	0	0	0	1	
7565	12883137	0	0	0	0	1	128	0	1	342	388	41	51	2124	0	0	0	1	
7566	12883171	0	0	0	0	1	128	0	1	332	390	39	50	1943	0	0	0	1	
7567	12883204	0	0	0	0	1	128	0	1	328	392	38	50	1917	0	0	0	1	
7568	12883238	0	0	0	0	1	128	0	1	328	392	38	50	1898	0	0	0	1	
7569	12883271	0	0	0	0	1	128	0	1	328	392	38	50	1900	0	0	0	1	
7570	12883304	0	0	0	0	1	128	0	1	328	392	38	50	1881	0	0	0	1	
7571	12883338	0	0	0	0	1	128	0	1	328	392	38	50	1872	0	0	0	1	
7572	12883371	0	0	0	0	1	128	0	1	328	392	38	49	1857	0	0	0	1	
7573	12883404	0	0	0	0	1	128	0	1	330	392	37	49	1816	0	0	0	1	
7574	12883438	0	0	0	0	1	128	0	1	330	392	37	49	1811	0	0	0	1	
7575	12883471	0	0	0	0	1	128	0	1	330	392	37	48	1790	0	0	0	1	
7576	12883504	0	0	0	0	1	128	0	1	330	392	37	48	1767	0	0	0	1	
7577	12883538	0	0	0	0	1	128	0	1	328	392	36	48	1742	0	0	0	1	
7578	12883571	0	0	0	0	1	128	0	1	328	392	36	48	1728	0	0	0	1	
7579	12883605	0	0	0	0	1	128	0	1	328	392	36	48	1740	0	0	0	1	
7580	12883638	0	0	0	0	1	128	0	1	328	392	36	48	1738	0	0	0	1	
7581	12883671	0	0	0	0	1	128	0	1	328	392	36	48	1737	0	0	0	1	
7582	12883705	0	0	0	0	1	128	0	1	328	392	36	48	1743	0	0	0	1	
7583	12883738	0	0	0	0	1	128	0	1	328	392	36	48	1746	0	0	0	1	
7584	12883771	0	0	0	0	1	128	0	1	328	392	36	48	1741	0	0	0	1	
7585	12883805	0	0	0	0	1	128	0	1	328	392	36	48	1748	0	0	0	1	
7586	12883838	0	0	0	0	1	128	0	1	328	392	36	48	1743	0	0	0	1	
7587	12883872	0	0	0	0	1	128	0	1	330	392	36	48	1754	0	0	0	1	
7588	12883905	0	0	0	0	1	128	0	1	330	392	36	48	1753	0	0	0	1	
7589	12883938	0	0	0	0	1	128	0	1	330	392	36	48	1748	0	0	0	1	
7590	12883972	0	0	0	0	1	128	0	1	330	392	36	48	1752	0	0	0	1	
7591	12884005	0	0	0	0	1	128	0	1	330	392	36	48	1752	0	0	0	1	
7592	12884038	0	0	0	0	1	128	0	1	368	418	40	44	1753	0	0	0	1	
7593	12884072	0	0	0	0	1	128	0	1	400	430	43	48	2066	0	0	0	1	
7594	12884105	0	0	0	0	1	128	0	1	402	430	43	50	2109	0	0	0	1	
7595	12884138	0	0	0	0	1	128	0	1	402	432	43	49	2096	0	0	0	1	
7596	12884172	0	0	0	0	1	128	0	1	402	432	43	49	2111	0	0	0	1	
7597	12884205	0	0	0	0	1	128	0	1	402	432	43	49	2122	0	0	0	1	
7598	12884239	0	0	0	0	1	128	0	0	0	0	0	0	0	0	0	0	1	
7599	12884272	0	0	0	0	1	128	0	1	408	432	44	50	2165	0	0	0	1	
7600	12884305	0	0	0	0	1	128	0	1	408	432	44	50	2180	0	0	0	1	
7601	12884339	0	0	0	0	1	128	0	1	408	432	44	50	2187	0	0	0	1	
7602	12884372	0	0	0	0	1	128	0	1	408	432	44	50	2198	0	0	0	1	
7603	12884405	0	0	0	0	1	128	0	1	408	432	44	50	2213	0	0	0	1	
7604	12884439	0	0	0	0	1	128	0	1	408	432	44	50	2218	0	0	0	1	
7605	12884472	0	0	0	0	1	128	0	1	408	432	44	50	2227	0	0	0	1	
7606	12884506	0	0	0	0	1	128	0	1	408	432	44	50	2156	0	0	0	1	
7607	12884539	0	0	0	0	1	128	0	1	408	432	44	51	2230	0	0	0	1	
7608	12884572	0	0	0	0	1	128	0	1	408	432	44	50	2229	0	0	0	1	
7609	12884606	0	0	0	0	1	128	0	1	408	432	44	50	2220	0	0	0	1	
7610	12884639	0	0	0	0	1	128	0	1	408	432	44	50	2218	0	0	0	1	
7611	12884672	0	0	0	0	1	128	0	1	408	432	44	50	2214	0	0	0	1	
7612	12884706	0	0	0	0	1	128	0	1	408	432	44	50	2198	0	0	0	1	
7613	12884739	0	0	0	0	1	128	0	1	408	432	44	50	2190	0	0	0	1	
7614	12884772	0	0	0	0	1	128	0	1	406	428	45	54	2417	0	0	0	1	
7615	12884806	0	0	0	0	1	128	0	1	408	432	44	50	2192	0	0	0	1	
7616	12884839	0	0	0	0	1	128	0	1	408	432	44	50	2187	0	0	0	1	
7617	12884873	0	0	0	0	1	128	0	1	408	432	44	50	2171	0	0	0	1	
7618	12884906	0	0	0	0	1	128	0	1	408	432	44	49	2174	0	0	0	1	
7619	12884939	0	0	0	0	1	128	0	1	400	432	39	52	2053	0	0	0	1	
7620	12884973	0	0	0	0	1	128	0	1	408	418	56	99	5540	0	0	0	1	
7621	12885006	0	0	0	0	1	128	0	1	356	354	43	50	2152	0	0	0	1	
7622	12885039	0	0	0	0	1	128	0	1	358	352	44	50	2169	0	0	0	1	
7623	12885073	0	0	0	0	1	128	0	1	360	352	44	49	2164	0	0	0	1	
7624	12885106	0	0	0	0	1	128	0	1	360	354	44	50	2167	0	0	0	1	
7625	12885140	0	0	0	0	1	128	0	1	360	348	44	51	2228	0	0	0	1	
7626	12885173	0	0	0	0	1	128	0	1	360	334	44	49	2165	0	0	0	1	
7627	12885206	0	0	0	0	1	128	0	1	362	334	44	49	2165	0	0	0	1	
7628	12885240	0	0	0	0	1	128	0	1	362	334	44	50	2197	0	0	0	1	
7629	12885273	0	0	0	0	1	128	0	1	362	334	44	50	2208	0	0	0	1	
7630	12885306	0	0	0	0	1	128	0	1	362	334	44	50	2221	0	0	0	1	
7631	12885340	0	0	0	0	1	128	0	1	362	334	45	50	2229	0	0	0	1	
7632	12885373	0	0	0	0	1	128	0	1	360	332	44	50	2217	0	0	0	1	
7633	12885407	0	0	0	0	1	128	0	1	360	332	44	50	2240	0	0	0	1	
7634	12885440	0	0	0	0	1	128	0	1	360	332	45	50	2240	0	0	0	1	
7635	12885473	0	0	0	0	1	128	0	1	360	334	44	50	2226	0	0	0	1	
7636	12885507	0	0	0	0	1	128	0	1	360	334	44	50	2217	0	0	0	1	
7637	12885540	0	0	0	0	1	128	0	1	360	334	44	50	2186	0	0	0	1	
7638	12885573	0	0	0	0	1	128	0	1	360	334	43	50	2157	0	0	0	1	
7639	12885607	0	0	0	0	1	128	0	1	360	334	43	49	2135	0	0	0	1	
7640	12885640	0	0	0	0	1	128	0	1	360	334	43	49	2116	0	0	0	1	
7641	12885673	0	0	0	0	1	128	0	1	360	334	43	49	2090	0	0	0	1	
7642	12885707	0	0	0	0	1	128	0	1	360	334	42	49	2060	0	0	0	1	
7643	12885740	0	0	0	0	1	128	0	1	360	334	42	48	2043	0	0	0	1	
7644	12885774	0	0	0	0	1	128	0	1	360	334	42	48	2022	0	0	0	1	
7645	12885807	0	0	0	0	1	128	0	1	360	334	42	48	2006	0	0	0	1	
7646	12885840	0	0	0	0	1	128	0	1	360	334	42	48	1978	0	0	0	1	
7647	12885874	0	0	0	0	1	128	0	1	360	334	42	47	1960	0	0	0	1	
7648	12885907	0	0	0	0	1	128	0	1	360	334	41	47	1928	0	0	0	1	
7649	12885940	0	0	0	0	1	128	0	1	360	334	41	47	1911	0	0	0	1	
7650	12885974	0	0	0	0	1	128	0	1	360	334	41	46	1886	0	0	0	1	
7651	12886007	0	0	0	0	1	128	0	1	360	334	41	46	1869	0	0	0	1	
7652	12886040	0	0	0	0	1	128	0	1	360	334	41	46	1861	0	0	0	1	
7653	12886074	0	0	0	0	1	128	0	1	360	334	40	46	1850	0	0	0	1	
7654	12886107	0	0	0	0	1	128	0	1	360	334	40	46	1849	0	0	0	1	
7655	12886141	0	0	0	0	1	128	0	1	360	334	40	46	1854	0	0	0	1	
7656	12886174	0	0	0	0	1	128	0	1	362	336	40	45	1833	0	0	0	1	
7657	12886207	0	0	0	0	1	128	0	1	396	352	43	46	1965	0	0	0	1	
7658	12886241	0	0	0	0	1	128	0	1	424	364	46	47	2142	0	0	0	1	
7659	12886274	0	0	0	0	1	128	0	1	426	364	46	47	2165	0	0	0	1	
7660	12886307	0	0	0	0	1	128	0	1	426	364	46	47	2176	0	0	0	1	
7661	12886341	0	0	0	0	1	128	0	1	426	364	46	47	2196	0	0	0	1	
7662	12886374	0	0	0	0	1	128	0	1	430	368	46	48	2213	0	0	0	1	
7663	12886408	0	0	0	0	1	128	0	1	430	368	47	48	2239	0	0	0	1	
7664	12886441	0	0	0	0	1	128	0	1	430	368	47	48	2251	0	0	0	1	
7665	12886474	0	0	0	0	1	128	0	1	430	368	47	48	2256	0	0	0	1	
7666	12886508	0	0	0	0	1	128	0	1	430	370	47	48	2247	0	0	0	1	
7667	12886541	0	0	0	0	1	128	0	1	430	370	47	48	2247	0	0	0	1	
7668	12886574	0	0	0	0	1	128	0	1	430	370	46	48	2230	0	0	0	1	
7669	12886608	0	0	0	0	1	128	0	1	430	368	46	48	2209	0	0	0	1	
7670	12886641	0	0	0	0	1	128	0	1	430	370	46	48	2216	0	0	0	1	
7671	12886674	0	0	0	0	1	128	0	1	430	368	46	48	2207	0	0	0	1	
7672	12886708	0	0	0	0	1	128	0	1	430	368	46	48	2209	0	0	0	1	
7673	12886741	0	0	0	0	1	128	0	1	430	368	46	48	2215	0	0	0	1	
7674	12886775	0	0	0	0	1	128	0	1	430	368	46	48	2217	0	0	0	1	
7675	12886808	0	0	0	0	1	128	0	1	430	368	46	48	2225	0	0	0	1	
7676	12886841	0	0	0	0	1	128	0	1	430	368	47	48	2229	0	0	0	1	
7677	12886875	0	0	0	0	1	128	0	1	430	368	47	48	2233	0	0	0	1	
7678	12886908	0	0	0	0	1	128	0	1	430	368	47	48	2231	0	0	0	1	
7679	12886941	0	0	0	0	1	128	0	1	430	368	47	48	2235	0	0	0	1	
7680	12886975	0	0	0	0	1	128	0	1	430	368	47	48	2247	0	0	0	1	
7681	12887008	0	0	0	0	1	128	0	1	430	368	47	48	2249	0	0	0	1	
7682	12887042	0	0	0	0	1	128	0	1	430	368	47	48	2254	0	0	0	1	
7683	12887075	0	0	0	0	1	128	0	1	430	368	47	48	2255	0	0	0	1	
7684	12887108	0	0	0	0	1	128	0	1	430	368	47	48	2265	0	0	0	1	
7685	12887142	0	0	0	0	1	128	0	1	430	368	47	48	2266	0	0	0	1	
7686	12887175	0	0	0	0	1	128	0	1	430	368	47	48	2273	0	0	0	1	
7687	12887208	0	0	0	0	1	128	0	1	430	368	47	48	2273	0	0	0	1	
7688	12887242	0	0	0	0	1	128	0	1	430	368	47	48	2264	0	0	0	1	
7689	12887275	0	0	0	0	1	128	0	1	430	368	47	48	2267	0	0	0	1	
7690	12887308	0	0	0	0	1	128	0	1	430	368	47	48	2270	0	0	0	1	
7691	12887342	0	0	0	0	1	128	0	1	430	368	47	48	2267	0	0	0	1	
7692	12887375	0	0	0	0	1	128	0	1	430	368	47	48	2265	0	0	0	1	
7693	12887409	0	0	0	0	1	128	0	1	430	368	47	48	2271	0	0	0	1	
7694	12887442	0	0	0	0	1	128	0	1	430	368	47	48	2283	0	0	0	1	
7695	12887475	0	0	0	0	1	128	0	1	430	368	47	48	2278	0	0	0	1	
7696	12887509	0	0	0	0	1	128	0	1	430	368	47	49	2287	0	0	0	1	
7697	12887542	0	0	0	0	1	128	0	1	430	368	47	48	2287	0	0	0	1	
7698	12887575	0	0	0	0	1	128	0	1	430	368	47	49	2308	0	0	0	1	
7699	12887609	0	0	0	0	1	128	0	1	430	368	47	49	2309	0	0	0	1	
7700	12887642	0	0	0	0	1	128	0	1	432	370	47	49	2313	0	0	0	1	
7701	12887676	0	0	0	0	1	128	0	1	432	370	48	49	2330	0	0	0	1	
7702	12887709	0	0	0	0	1	128	0	1	430	370	48	49	2329	0	0	0	1	
7703	12887742	0	0	0	0	1	128	0	1	430	370	48	49	2337	0	0	0	1	
7704	12887776	0	0	0	0	1	128	0	1	432	370	48	49	2333	0	0	0	1	
7705	12887809	0	0	0	0	1	128	0	1	432	370	48	49	2333	0	0	0	1	
7706	12887842	0	0	0	0	1	128	0	1	430	370	48	49	2337	0	0	0	1	
7707	12887876	0	0	0	0	1	128	0	1	432	370	48	49	2330	0	0	0	1	
7708	12887909	0	0	0	0	1	128	0	1	432	370	48	49	2329	0	0	0	1	
7709	12887942	0	0	0	0	1	128	0	1	430	370	48	49	2324	0	0	0	1	
7710	12887976	0	0	0	0	1	128	0	1	430	370	48	49	2320	0	0	0	1	
7711	12888009	0	0	0	0	1	128	0	1	430	370	48	49	2321	0	0	0	1	
7712	12888043	0	0	0	0	1	128	0	1	430	370	48	49	2323	0	0	0	1	
7713	12888076	0	0	0	0	1	128	0	1	430	370	48	49	2328	0	0	0	1	
7714	12888109	0	0	0	0	1	128	0	1	430	370	48	49	2331	0	0	0	1	
7715	12888143	0	0	0	0	1	128	0	1	416	370	48	49	2350	0	0	0	1	
7716	12888176	0	0	0	0	1	128	0	1	388	376	46	48	2211	0	0	0	1	
7717	12888209	0	0	0	0	1	128	0	1	380	380	46	49	2231	0	0	0	1	
7718	12888243	0	0	0	0	1	128	0	1	380	380	46	49	2228	0	0	0	1	
7719	12888276	0	0	0	0	1	128	0	1	380	380	46	49	2238	0	0	0	1	
7720	12888309	0	0	0	0	1	128	0	1	380	382	46	49	2235	0	0	0	1	
7721	12888343	0	0	0	0	1	128	0	1	378	382	45	49	2228	0	0	0	1	
7722	12888376	0	0	0	0	1	128	0	1	378	382	45	49	2221	0	0	0	1	
7723	12888410	0	0	0	0	1	128	0	1	378	382	45	49	2206	0	0	0	1	
7724	12888443	0	0	0	0	1	128	0	1	378	382	45	49	2185	0	0	0	1	
7725	12888476	0	0	0	0	1	128	0	1	378	382	44	49	2157	0	0	0	1	
7726	12888510	0	0	0	0	1	128	0	1	378	382	44	48	2146	0	0	0	1	
7727	12888543	0	0	0	0	1	128	0	1	378	382	44	48	2125	0	0	0	1	
7728	12888576	0	0	0	0	1	128	0	1	378	382	44	48	2117	0	0	0	1	
7729	12888610	0	0	0	0	1	128	0	1	378	382	44	48	2111	0	0	0	1	
7730	12888643	0	0	0	0	1	128	0	1	378	384	42	48	2005	0	0	0	1	
7731	12888677	0	0	0	0	1	128	0	1	378	382	44	48	2104	0	0	0	1	
7732	12888710	0	0	0	0	1	128	0	1	378	382	44	48	2108	0	0	0	1	
7733	12888743	0	0	0	0	1	128	0	1	378	382	44	48	2102	0	0	0	1	
7734	12888777	0	0	0	0	1	128	0	1	378	382	44	48	2108	0	0	0	1	
7735	12888810	0	0	0	0	1	128	0	1	378	382	44	48	2120	0	0	0	1	
7736	12888843	0	0	0	0	1	128	0	1	378	382	44	48	2119	0	0	0	1	
7737	12888877	0	0	0	0	1	128	0	1	378	382	44	48	2129	0	0	0	1	
7738	12888910	0	0	0	0	1	128	0	1	378	382	45	48	2135	0	0	0	1	
7739	12888944	0	0	0	0	1	128	0	1	378	382	44	48	2140	0	0	0	1	
7740	12888977	0	0	0	0	1	128	0	1	378	382	45	48	2144	0	0	0	1	
7741	12889010	0	0	0	0	1	128	0	1	378	382	45	48	2157	0	0	0	1	
7742	12889044	0	0	0	0	1	128	0	1	378	382	45	49	2170	0	0	0	1	
7743	12889077	0	0	0	0	1	128	0	1	378	382	45	49	2183	0	0	0	1	
7744	12889110	0	0	0	0	1	128	0	1	378	382	45	49	2187	0	0	0	1	
7745	12889144	0	0	0	0	1	128	0	1	378	382	45	49	2192	0	0	0	1	
7746	12889177	0	0	0	0	1	128	0	1	378	382	45	49	2204	0	0	0	1	
7747	12889210	0	0	0	0	1	128	0	1	378	382	45	49	2198	0	0	0	1	
7748	12889244	0	0	0	0	1	128	0	1	378	382	45	49	2218	0	0	0	1	
7749	12889277	0	0	0	0	1	128	0	1	378	382	45	49	2221	0	0	0	1	
7750	12889311	0	0	0	0	1	128	0	1	378	382	45	49	2222	0	0	0	1	
7751	12889344	0	0	0	0	1	128	0	1	378	382	44	50	2220	0	0	0	1	
7752	12889377	0	0	0	0	1	128	0	1	378	382	45	49	2234	0	0	0	1	
7753	12889411	0	0	0	0	1	128	0	1	378	382	45	49	2235	0	0	0	1	
7754	12889444	0	0	0	0	1	128	0	1	378	382	45	50	2246	0	0	0	1	
7755	12889477	0	0	0	0	1	128	0	1	378	382	45	49	2249	0	0	0	1	
7756	12889511	0	0	0	0	1	128	0	1	378	382	45	50	2264	0	0	0	1	
7757	12889544	0	0	0	0	1	128	0	1	378	382	46	50	2269	0	0	0	1	
7758	12889578	0	0	0	0	1	128	0	1	378	382	46	50	2285	0	0	0	1	
7759	12889611	0	0	0	0	1	128	0	1	378	382	46	50	2287	0	0	0	1	
7760	12889644	0	0	0	0	1	128	0	1	378	382	46	50	2307	0	0	0	1	
7761	12889678	0	0	0	0	1	128	0	1	378	382	46	50	2307	0	0	0	1	
7762	12889711	0	0	0	0	1	128	0	1	378	382	46	50	2318	0	0	0	1	
7763	12889744	0	0	0	0	1	128	0	1	378	382	46	50	2332	0	0	0	1	
7764	12889778	0	0	0	0	1	128	0	1	378	382	46	51	2339	0	0	0	1	
7765	12889811	0	0	0	0	1	128	0	1	378	382	46	51	2341	0	0	0	1	
7766	12889844	0	0	0	0	1	128	0	1	378	382	46	51	2347	0	0	0	1	
7767	12889878	0	0	0	0	1	128	0	1	378	382	47	51	2361	0	0	0	1	
7768	12889911	0	0	0	0	1	128	0	1	378	382	47	51	2372	0	0	0	1	
7769	12889945	0	0	0	0	1	128	0	1	378	382	47	51	2373	0	0	0	1	
7770	12889978	0	0	0	0	1	128	0	1	378	382	47	51	2376	0	0	0	1	
7771	12890011	0	0	0	0	1	128	0	1	378	382	47	51	2388	0	0	0	1	
7772	12890045	0	0	0	0	1	128	0	1	372	380	47	51	2395	0	0	0	1	
7773	12890078	0	0	0	0	1	128	0	1	354	376	44	51	2216	0	0	0	1	
7774	12890111	0	0	0	0	1	128	0	1	354	376	43	51	2213	0	0	0	1	
7775	12890145	0	0	0	0	1	128	0	1	354	376	43	51	2213	0	0	0	1	
7776	12890178	0	0	0	0	1	128	0	1	350	376	43	51	2152	0	0	0	1	
7777	12890212	0	0	0	0	1	128	0	1	350	376	42	51	2156	0	0	0	1	
7778	12890245	0	0	0	0	1	128	0	1	350	376	42	50	2133	0	0	0	1	
7779	12890278	0	0	0	0	1	128	0	1	350	376	42	50	2131	0	0	0	1	
7780	12890312	0	0	0	0	1	128	0	1	350	376	42	50	2125	0	0	0	1	
7781	12890345	0	0	0	0	1	128	0	1	350	376	42	50	2105	0	0	0	1	
7782	12890378	0	0	0	0	1	128	0	1	350	376	42	50	2089	0	0	0	1	
7783	12890412	0	0	0	0	1	128	0	1	350	376	42	50	2081	0	0	0	1	
7784	12890445	0	0	0	0	1	128	0	1	350	376	42	50	2065	0	0	0	1	
7785	12890479	0	0	0	0	1	128	0	1	350	376	41	49	2046	0	0	0	1	
7786	12890512	0	0	0	0	1	128	0	1	350	376	41	49	2036	0	0	0	1	
7787	12890545	0	0	0	0	1	128	0	1	350	376	41	49	2018	0	0	0	1	
7788	12890579	0	0	0	0	1	128	0	1	350	376	41	49	2011	0	0	0	1	
7789	12890612	0	0	0	0	1	128	0	1	350	376	41	48	1992	0	0	0	1	
7790	12890645	0	0	0	0	1	128	0	1	350	376	41	48	1984	0	0	0	1	
7791	12890679	0	0	0	0	1	128	0	1	352	378	41	48	1999	0	0	0	1	
7792	12890712	0	0	0	0	1	128	0	1	352	378	41	48	1989	0	0	0	1	
7793	12890745	0	0	0	0	1	128	0	1	352	378	41	48	1960	0	0	0	1	
7794	12890779	0	0	0	0	1	128	0	1	352	378	41	48	1952	0	0	0	1	
7795	12890812	0	0	0	0	1	128	0	1	376	380	44	48	2094	0	0	0	1	
7796	12890846	0	0	0	0	1	128	0	1	386	376	45	48	2142	0	0	0	1	
7797	12890879	0	0	0	0	1	128	0	1	386	378	45	48	2136	0	0	0	1	
7798	12890912	0	0	0	0	1	128	0	1	386	378	44	48	2132	0	0	0	1	
7799	12890946	0	0	0	0	1	128	0	1	386	378	45	48	2150	0	0	0	1	
7800	12890979	0	0	0	0	1	128	0	1	386	378	45	48	2156	0	0	0	1	
7801	12891012	0	0	0	0	1	128	0	1	386	374	45	53	2349	0	0	0	1	
7802	12891046	0	0	0	0	1	128	0	1	386	378	45	48	2188	0	0	0	1	
7803	12891079	0	0	0	0	1	128	0	1	386	378	46	48	2211	0	0	0	1	
7804	12891112	0	0	0	0	1	128	0	1	386	378	46	49	2229	0	0	0	1	
7805	12891146	0	0	0	0	1	128	0	1	386	378	46	49	2244	0	0	0	1	
7806	12891179	0	0	0	0	1	128	0	1	386	378	46	49	2259	0	0	0	1	
7807	12891213	0	0	0	0	1	128	0	1	386	378	46	49	2268	0	0	0	1	
7808	12891246	0	0	0	0	1	128	0	1	386	378	46	49	2270	0	0	0	1	
7809	12891279	0	0	0	0	1	128	0	1	386	378	46	49	2258	0	0	0	1	
7810	12891313	0	0	0	0	1	128	0	1	386	378	46	49	2257	0	0	0	1	
7811	12891346	0	0	0	0	1	128	0	1	386	378	46	49	2257	0	0	0	1	
7812	12891379	0	0	0	0	1	128	0	1	386	378	46	49	2247	0	0	0	1	
7813	12891413	0	0	0	0	1	128	0	1	386	378	46	49	2231	0	0	0	1	
7814	12891446	0	0	0	0	1	128	0	1	386	378	46	49	2228	0	0	0	1	
7815	12891480	0	0	0	0	1	128	0	1	386	378	46	48	2213	0	0	0	1	
7816	12891513	0	0	0	0	1	128	0	1	386	378	46	48	2216	0	0	0	1	
7817	12891546	0	0	0	0	1	128	0	1	386	378	46	48	2207	0	0	0	1	
7818	12891580	0	0	0	0	1	128	0	1	404	374	47	49	2327	0	0	0	1	
7819	12891613	0	0	0	0	1	128	0	1	416	368	47	49	2299	0	0	0	1	
7820	12891647	0	0	0	0	1	128	0	1	416	370	47	49	2294	0	0	0	1	
7821	12891680	0	0	0	0	1	128	0	1	416	370	47	49	2297	0	0	0	1	
7822	12891713	0	0	0	0	1	128	0	1	416	370	47	49	2304	0	0	0	1	
7823	12891747	0	0	0	0	1	128	0	1	416	370	47	49	2320	0	0	0	1	
7824	12891780	0	0	0	0	1	128	0	1	416	370	48	49	2326	0	0	0	1	
7825	12891813	0	0	0	0	1	128	0	1	416	370	48	49	2347	0	0	0	1	
7826	12891847	0	0	0	0	1	128	0	1	416	370	48	49	2369	0	0	0	1	
7827	12891880	0	0	0	0	1	128	0	1	416	370	48	49	2382	0	0	0	1	
7828	12891913	0	0	0	0	1	128	0	1	414	370	48	49	2376	0	0	0	1	
7829	12891947	0	0	0	0	1	128	0	1	414	370	48	49	2367	0	0	0	1	
7830	12891980	0	0	0	0	1	128	0	1	414	372	48	49	2350	0	0	0	1	
7831	12892013	0	0	0	0	1	128	0	1	414	372	47	49	2322	0	0	0	1	
7832	12892047	0	0	0	0	1	128	0	1	414	372	47	49	2310	0	0	0	1	
7833	12892080	0	0	0	0	1	128	0	1	414	372	47	49	2290	0	0	0	1	
7834	12892114	0	0	0	0	1	128	0	1	414	372	47	48	2277	0	0	0	1	
7835	12892147	0	0	0	0	1	128	0	1	414	372	47	48	2257	0	0	0	1	
7836	12892180	0	0	0	0	1	128	0	1	414	372	47	48	2253	0	0	0	1	
7837	12892214	0	0	0	0	1	128	0	1	414	372	47	48	2252	0	0	0	1	
7838	12892247	0	0	0	0	1	128	0	1	414	372	47	48	2258	0	0	0	1	
7839	12892280	0	0	0	0	1	128	0	1	410	376	47	47	2208	0	0	0	1	
7840	12892314	0	0	0	0	1	128	0	1	402	384	46	48	2211	0	0	0	1	
7841	12892347	0	0	0	0	1	128	0	1	402	386	46	48	2229	0	0	0	1	
7842	12892380	0	0	0	0	1	128	0	1	404	386	47	48	2264	0	0	0	1	
7843	12892414	0	0	0	0	1	128	0	1	404	386	47	48	2283	0	0	0	1	
7844	12892447	0	0	0	0	1	128	0	1	404	384	47	49	2294	0	0	0	1	
7845	12892481	0	0	0	0	1	128	0	1	406	384	47	49	2299	0	0	0	1	
7846	12892514	0	0	0	0	1	128	0	1	406	384	47	49	2299	0	0	0	1	
7847	12892547	0	0	0	0	1	128	0	1	406	384	47	49	2288	0	0	0	1	
7848	12892581	0	0	0	0	1	128	0	1	406	384	47	49	2283	0	0	0	1	
7849	12892614	0	0	0	0	1	128	0	1	406	384	47	49	2280	0	0	0	1	
7850	12892647	0	0	0	0	1	128	0	1	406	384	47	49	2288	0	0	0	1	
7851	12892681	0	0	0	0	1	128	0	1	406	382	47	52	2428	0	0	0	1	
7852	12892714	0	0	0	0	1	128	0	1	406	384	47	49	2314	0	0	0	1	
7853	12892747	0	0	0	0	1	128	0	1	406	384	47	49	2342	0	0	0	1	
7854	12892781	0	0	0	0	1	128	0	1	406	384	48	49	2357	0	0	0	1	
7855	12892814	0	0	0	0	1	128	0	1	408	384	48	49	2360	0	0	0	1	
7856	12892848	0	0	0	0	1	128	0	1	408	384	48	50	2371	0	0	0	1	
7857	12892881	0	0	0	0	1	128	0	1	408	384	48	50	2374	0	0	0	1	
7858	12892914	0	0	0	0	1	128	0	1	408	384	48	50	2374	0	0	0	1	
7859	12892948	0	0	0	0	1	128	0	1	408	384	48	50	2380	0	0	0	1	
7860	12892981	0	0	0	0	1	128	0	1	408	384	48	50	2389	0	0	0	1	
7861	12893014	0	0	0	0	1	128	0	1	408	382	48	50	2385	0	0	0	1	
7862	12893048	0	0	0	0	1	128	0	1	398	386	48	50	2364	0	0	0	1	
7863	12893081	0	0	0	0	1	128	0	1	392	390	47	50	2351	0	0	0	1	
7864	12893115	0	0	0	0	1	128	0	1	394	390	47	50	2353	0	0	0	1	
7865	12893148	0	0	0	0	1	128	0	1	394	390	47	50	2368	0	0	0	1	
7866	12893181	0	0	0	0	1	128	0	1	394	392	47	50	2372	0	0	0	1	
7867	12893215	0	0	0	0	1	128	0	1	394	392	47	50	2369	0	0	0	1	
7868	12893248	0	0	0	0	1	128	0	1	394	392	47	50	2369	0	0	0	1	
7869	12893281	0	0	0	0	1	128	0	1	394	390	47	50	2358	0	0	0	1	
7870	12893315	0	0	0	0	1	128	0	1	394	390	47	50	2338	0	0	0	1	
7871	12893348	0	0	0	0	1	128	0	1	394	390	47	50	2324	0	0	0	1	
7872	12893381	0	0	0	0	1	128	0	1	394	390	47	50	2311	0	0	0	1	
7873	12893415	0	0	0	0	1	128	0	1	394	390	46	50	2301	0	0	0	1	
7874	12893448	0	0	0	0	1	128	0	1	394	390	47	49	2302	0	0	0	1	
7875	12893482	0	0	0	0	1	128	0	1	394	390	47	49	2297	0	0	0	1	
7876	12893515	0	0	0	0	1	128	0	1	394	390	46	49	2297	0	0	0	1	
7877	12893548	0	0	0	0	1	128	0	1	394	390	46	49	2300	0	0	0	1	
7878	12893582	0	0	0	0	1	128	0	1	394	390	46	49	2286	0	0	0	1	
7879	12893615	0	0	0	0	1	128	0	1	394	390	46	49	2279	0	0	0	1	
7880	12893648	0	0	0	0	1	128	0	1	394	390	46	49	2282	0	0	0	1	
7881	12893682	0	0	0	0	1	128	0	1	394	390	47	49	2286	0	0	0	1	
7882	12893715	0	0	0	0	1	128	0	1	394	390	46	49	2270	0	0	0	1	
7883	12893749	0	0	0	0	1	128	0	1	394	390	46	49	2265	0	0	0	1	
7884	12893782	0	0	0	0	1	128	0	1	394	390	46	49	2268	0	0	0	1	
7885	12893815	0	0	0	0	1	128	0	1	394	390	46	49	2274	0	0	0	1	
7886	12893849	0	0	0	0	1	128	0	1	394	390	46	49	2280	0	0	0	1	
7887	12893882	0	0	0	0	1	128	0	1	406	394	48	49	2334	0	0	0	1	
7888	12893915	0	0	0	0	1	128	0	1	412	394	47	49	2330	0	0	0	1	
7889	12893949	0	0	0	0	1	128	0	1	412	394	48	49	2360	0	0	0	1	
7890	12893982	0	0	0	0	1	128	0	1	414	394	48	49	2370	0	0	0	1	
7891	12894015	0	0	0	0	1	128	0	1	416	394	48	50	2387	0	0	0	1	
7892	12894049	0	0	0	0	1	128	0	1	430	396	49	50	2427	0	0	0	1	
7893	12894082	0	0	0	0	1	128	0	1	432	396	49	50	2432	0	0	0	1	
7894	12894116	0	0	0	0	1	128	0	1	434	398	49	50	2447	0	0	0	1	
7895	12894149	0	0	0	0	1	128	0	1	436	398	49	50	2474	0	0	0	1	
7896	12894182	0	0	0	0	1	128	0	1	438	398	50	50	2487	0	0	0	1	
7897	12894216	0	0	0	0	1	128	0	1	440	398	50	50	2502	0	0	0	1	
7898	12894249	0	0	0	0	1	128	0	1	442	398	50	51	2524	0	0	0	1	
7899	12894282	0	0	0	0	1	128	0	1	448	398	50	51	2522	0	0	0	1	
7900	12894316	0	0	0	0	1	128	0	1	454	400	50	51	2524	0	0	0	1	
7901	12894349	0	0	0	0	1	128	0	1	454	400	50	51	2537	0	0	0	1	
7902	12894383	0	0	0	0	1	128	0	1	456	400	50	51	2532	0	0	0	1	
7903	12894416	0	0	0	0	1	128	0	1	458	402	50	51	2521	0	0	0	1	
7904	12894449	0	0	0	0	1	128	0	1	460	402	50	50	2493	0	0	0	1	
7905	12894483	0	0	0	0	1	128	0	1	462	402	49	50	2456	0	0	0	1	
7906	12894516	0	0	0	0	1	128	0	1	464	402	49	50	2418	0	0	0	1	
7907	12894549	0	0	0	0	1	128	0	1	466	402	48	49	2366	0	0	0	1	
7908	12894583	0	0	0	0	1	128	0	1	472	404	47	49	2296	0	0	0	1	
7909	12894616	0	0	0	0	1	128	0	1	474	404	47	48	2248	0	0	0	1	
7910	12894650	0	0	0	0	1	128	0	1	474	404	46	48	2208	0	0	0	1	
7911	12894683	0	0	0	0	1	128	0	1	476	404	46	47	2176	0	0	0	1	
7912	12894716	0	0	0	0	1	128	0	1	478	404	46	47	2167	0	0	0	1	
7913	12894750	0	0	0	0	1	128	0	1	478	404	46	47	2141	0	0	0	1	
7914	12894783	0	0	0	0	1	128	0	1	476	402	46	49	2282	0	0	0	1	
7915	12894816	0	0	0	0	1	128	0	1	476	404	46	47	2129	0	0	0	1	
7916	12894850	0	0	0	0	1	128	0	1	472	404	46	47	2140	0	0	0	1	
7917	12894883	0	0	0	0	1	128	0	1	472	404	46	47	2136	0	0	0	1	
7918	12894916	0	0	0	0	1	128	0	1	470	404	46	47	2139	0	0	0	1	
7919	12894950	0	0	0	0	1	128	0	1	470	404	46	47	2147	0	0	0	1	
7920	12894983	0	0	0	0	1	128	0	1	470	404	46	47	2138	0	0	0	1	
7921	12895017	0	0	0	0	1	128	0	1	470	404	46	47	2134	0	0	0	1	
7922	12895050	0	0	0	0	1	128	0	1	470	404	46	47	2123	0	0	0	1	
7923	12895083	0	0	0	0	1	128	0	1	470	404	46	46	2110	0	0	0	1	
7924	12895117	0	0	0	0	1	128	0	1	470	404	45	46	2095	0	0	0	1	
7925	12895150	0	0	0	0	1	128	0	1	470	404	45	46	2092	0	0	0	1	
7926	12895183	0	0	0	0	1	128	0	1	470	404	45	46	2071	0	0	0	1	
7927	12895217	0	0	0	0	1	128	0	1	470	404	45	46	2070	0	0	0	1	
7928	12895250	0	0	0	0	1	128	0	1	470	404	45	46	2070	0	0	0	1	
7929	12895284	0	0	0	0	1	128	0	1	470	404	45	46	2063	0	0	0	1	
7930	12895317	0	0	0	0	1	128	0	1	470	404	45	46	2069	0	0	0	1	
7931	12895350	0	0	0	0	1	128	0	1	470	404	45	46	2070	0	0	0	1	
7932	12895384	0	0	0	0	1	128	0	1	470	404	45	46	2076	0	0	0	1	
7933	12895417	0	0	0	0	1	128	0	1	472	404	45	46	2079	0	0	0	1	
7934	12895450	0	0	0	0	1	128	0	1	472	404	45	46	2086	0	0	0	1	
7935	12895484	0	0	0	0	1	128	0	1	472	404	45	46	2102	0	0	0	1	
7936	12895517	0	0	0	0	1	128	0	1	470	404	45	47	2115	0	0	0	1	
7937	12895550	0	0	0	0	1	128	0	1	470	404	46	47	2131	0	0	0	1	
7938	12895584	0	0	0	0	1	128	0	1	470	404	46	47	2127	0	0	0	1	
7939	12895617	0	0	0	0	1	128	0	1	470	404	46	47	2126	0	0	0	1	
7940	12895651	0	0	0	0	1	128	0	1	470	404	46	46	2128	0	0	0	1	
7941	12895684	0	0	0	0	1	128	0	1	470	404	46	46	2131	0	0	0	1	
7942	12895717	0	0	0	0	1	128	0	1	470	404	46	46	2135	0	0	0	1	
7943	12895751	0	0	0	0	1	128	0	1	470	404	46	47	2138	0	0	0	1	
7944	12895784	0	0	0	0	1	128	0	1	470	404	46	46	2134	0	0	0	1	
7945	12895817	0	0	0	0	1	128	0	1	460	402	46	47	2162	0	0	0	1	
7946	12895851	0	0	0	0	1	128	0	1	458	402	46	47	2175	0	0	0	1	
7947	12895884	0	0	0	0	1	128	0	1	456	400	47	47	2187	0	0	0	1	
7948	12895918	0	0	0	0	1	128	0	1	454	400	47	47	2213	0	0	0	1	
7949	12895951	0	0	0	0	1	128	0	1	450	398	47	48	2235	0	0	0	1	
7950	12895984	0	0	0	0	1	128	0	1	448	398	47	48	2276	0	0	0	1	
7951	12896018	0	0	0	0	1	128	0	1	446	398	47	48	2276	0	0	0	1	
7952	12896051	0	0	0	0	1	128	0	1	446	398	48	48	2300	0	0	0	1	
7953	12896084	0	0	0	0	1	128	0	1	448	398	48	49	2322	0	0	0	1	
7954	12896118	0	0	0	0	1	128	0	1	446	398	48	49	2334	0	0	0	1	
7955	12896151	0	0	0	0	1	128	0	1	444	398	48	49	2346	0	0	0	1	
7956	12896184	0	0	0	0	1	128	0	1	442	398	48	49	2354	0	0	0	1	
7957	12896218	0	0	0	0	1	128	0	1	440	396	48	49	2357	0	0	0	1	
7958	12896251	0	0	0	0	1	128	0	1	436	394	48	53	2541	0	0	0	1	
7959	12896285	0	0	0	0	1	128	0	1	436	396	48	49	2370	0	0	0	1	
7960	12896318	0	0	0	0	1	128	0	1	434	394	48	50	2365	0	0	0	1	
7961	12896351	0	0	0	0	1	128	0	1	432	394	48	50	2359	0	0	0	1	
7962	12896385	0	0	0	0	1	128	0	1	430	396	47	49	2343	0	0	0	1	
7963	12896418	0	0	0	0	1	128	0	1	428	396	47	50	2353	0	0	0	1	
7964	12896451	0	0	0	0	1	128	0	1	426	394	47	50	2340	0	0	0	1	
7965	12896485	0	0	0	0	1	128	0	1	424	394	47	49	2320	0	0	0	1	
7966	12896518	0	0	0	0	1	128	0	1	424	394	47	49	2302	0	0	0	1	
7967	12896551	0	0	0	0	1	128	0	1	422	394	47	49	2288	0	0	0	1	
7968	12896585	0	0	0	0	1	128	0	1	420	394	47	49	2271	0	0	0	1	
7969	12896618	0	0	0	0	1	128	0	1	418	392	46	48	2247	0	0	0	1	
7970	12896652	0	0	0	0	1	128	0	1	416	392	46	48	2239	0	0	0	1	
7971	12896685	0	0	0	0	1	128	0	1	414	392	46	48	2224	0	0	0	1	
7972	12896718	0	0	0	0	1	128	0	1	412	392	46	48	2199	0	0	0	1	
7973	12896752	0	0	0	0	1	128	0	1	410	390	46	48	2195	0	0	0	1	
7974	12896785	0	0	0	0	1	128	0	1	410	390	45	48	2169	0	0	0	1	
7975	12896818	0	0	0	0	1	128	0	1	404	390	45	48	2164	0	0	0	1	
7976	12896852	0	0	0	0	1	128	0	1	404	390	45	47	2143	0	0	0	1	
7977	12896885	0	0	0	0	1	128	0	1	402	390	45	47	2120	0	0	0	1	
7978	12896919	0	0	0	0	1	128	0	1	400	390	45	47	2107	0	0	0	1	
7979	12896952	0	0	0	0	1	128	0	1	398	390	44	47	2079	0	0	0	1	
7980	12896985	0	0	0	0	1	128	0	1	398	388	44	46	2051	0	0	0	1	
7981	12897019	0	0	0	0	1	128	0	1	396	388	44	46	2031	0	0	0	1	
7982	12897052	0	0	0	0	1	128	0	1	394	388	44	46	2015	0	0	0	1	
7983	12897085	0	0	0	0	1	128	0	1	388	386	43	46	1963	0	0	0	1	
7984	12897119	0	0	0	0	1	128	0	1	388	386	43	46	1950	0	0	0	1	
7985	12897152	0	0	0	0	1	128	0	1	386	386	43	45	1940	0	0	0	1	
7986	12897185	0	0	0	0	1	128	0	1	386	386	43	45	1936	0	0	0	1	
7987	12897219	0	0	0	0	1	128	0	1	384	386	42	46	1930	0	0	0	1	
7988	12897252	0	0	0	0	1	128	0	1	384	386	41	46	1870	0	0	0	1	
7989	12897286	0	0	0	0	1	128	0	1	382	384	42	46	1933	0	0	0	1	
7990	12897319	0	0	0	0	1	128	0	1	378	384	42	46	1942	0	0	0	1	
7991	12897352	0	0	0	0	1	128	0	1	376	382	42	46	1930	0	0	0	1	
7992	12897386	0	0	0	0	1	128	0	1	374	382	42	46	1936	0	0	0	1	
7993	12897419	0	0	0	0	1	128	0	1	374	382	42	46	1932	0	0	0	1	
7994	12897452	0	0	0	0	1	128	0	1	374	382	42	46	1943	0	0	0	1	
7995	12897486	0	0	0	0	1	128	0	1	374	382	42	46	1951	0	0	0	1	
7996	12897519	0	0	0	0	1	128	0	1	374	382	42	46	1951	0	0	0	1	
7997	12897553	0	0	0	0	1	128	0	1	374	382	42	46	1972	0	0	0	1	
7998	12897586	0	0	0	0	1	128	0	1	378	382	43	46	1986	0	0	0	1	
7999	12897619	0	0	0	0	1	128	0	1	378	382	43	47	1995	0	0	0	1	
8000	12897653	0	0	0	0	1	128	0	1	378	382	43	47	1989	0	0	0	1	
8001	12897686	0	0	0	0	1	128	0	1	378	382	43	47	2007	0	0	0	1	
8002	12897719	0	0	0	0	1	128	0	1	378	384	43	47	1986	0	0	0	1	
8003	12897753	0	0	0	0	1	128	0	1	378	382	42	47	1985	0	0	0	1	
8004	12897786	0	0	0	0	1	128	0	1	378	384	43	47	1982	0	0	0	1	
8005	12897819	0	0	0	0	1	128	0	1	378	382	42	47	1978	0	0	0	1	
8006	12897853	0	0	0	0	1	128	0	1	378	382	42	46	1965	0	0	0	1	
8007	12897886	0	0	0	0	1	128	0	1	378	384	42	46	1935	0	0	0	1	
8008	12897920	0	0	0	0	1	128	0	1	378	384	42	46	1935	0	0	0	1	
8009	12897953	0	0	0	0	1	128	0	1	378	384	42	46	1929	0	0	0	1	
8010	12897986	0	0	0	0	1	128	0	1	378	382	42	46	1913	0	0	0	1	
8011	12898020	0	0	0	0	1	128	0	1	376	382	40	48	1920	0	0	0	1	
8012	12898053	0	0	0	0	1	128	0	1	376	384	40	46	1834	0	0	0	1	
8013	12898087	0	0	0	0	1	128	0	1	374	378	42	51	2138	0	0	0	1	
8014	12898120	0	0	0	0	1	128	0	1	378	384	42	46	1914	0	0	0	1	
8015	12898153	0	0	0	0	1	128	0	1	378	382	40	47	1882	0	0	0	1	
8016	12898187	0	0	0	0	1	128	0	1	376	384	42	46	1915	0	0	0	1	
8017	12898220	0	0	0	0	1	128	0	1	372	398	41	46	1868	0	0	0	1	
8018	12898253	0	0	0	0	1	128	0	1	374	398	41	46	1895	0	0	0	1	
8019	12898287	0	0	0	0	1	128	0	1	374	398	41	46	1897	0	0	0	1	
8020	12898320	0	0	0	0	1	128	0	1	374	398	41	46	1900	0	0	0	1	
8021	12898353	0	0	0	0	1	128	0	1	374	398	41	46	1892	0	0	0	1	
8022	12898387	0	0	0	0	1	128	0	1	374	398	41	46	1896	0	0	0	1	
8023	12898420	0	0	0	0	1	128	0	1	374	398	41	46	1903	0	0	0	1	
8024	12898454	0	0	0	0	1	128	0	1	374	398	41	46	1901	0	0	0	1	
8025	12898487	0	0	0	0	1	128	0	1	374	398	41	46	1903	0	0	0	1	
8026	12898520	0	0	0	0	1	128	0	1	374	398	41	46	1900	0	0	0	1	
8027	12898554	0	0	0	0	1	128	0	1	374	398	41	46	1904	0	0	0	1	
8028	12898587	0	0	0	0	1	128	0	1	374	398	41	46	1900	0	0	0	1	
8029	12898620	0	0	0	0	1	128	0	1	374	400	41	46	1902	0	0	0	1	
8030	12898654	0	0	0	0	1	128	0	1	374	400	41	46	1910	0	0	0	1	
8031	12898687	0	0	0	0	1	128	0	1	374	400	41	46	1913	0	0	0	1	
8032	12898720	0	0	0	0	1	128	0	1	374	400	41	46	1917	0	0	0	1	
8033	12898754	0	0	0	0	1	128	0	1	374	398	41	47	1932	0	0	0	1	
8034	12898787	0	0	0	0	1	128	0	1	374	398	42	47	1941	0	0	0	1	
8035	12898821	0	0	0	0	1	128	0	1	374	398	42	47	1942	0	0	0	1	
8036	12898854	0	0	0	0	1	128	0	1	374	398	42	47	1954	0	0	0	1	
8037	12898887	0	0	0	0	1	128	0	1	374	398	42	47	1965	0	0	0	1	
8038	12898921	0	0	0	0	1	128	0	1	374	398	42	47	1981	0	0	0	1	
8039	12898954	0	0	0	0	1	128	0	1	376	394	40	46	1833	0	0	0	1	
8040	12898987	0	0	0	0	1	128	0	1	384	364	45	47	2106	0	0	0	1	
8041	12899021	0	0	0	0	1	128	0	1	386	364	45	47	2110	0	0	0	1	
8042	12899054	0	0	0	0	1	128	0	1	388	364	45	47	2116	0	0	0	1	
8043	12899087	0	0	0	0	1	128	0	1	388	364	45	47	2136	0	0	0	1	
8044	12899121	0	0	0	0	1	128	0	1	388	366	45	47	2147	0	0	0	1	
8045	12899154	0	0	0	0	1	128	0	1	388	366	46	48	2181	0	0	0	1	
8046	12899188	0	0	0	0	1	128	0	1	388	366	46	48	2194	0	0	0	1	
8047	12899221	0	0	0	0	1	128	0	1	384	366	46	48	2181	0	0	0	1	
8048	12899254	0	0	0	0	1	128	0	1	386	366	46	48	2189	0	0	0	1	
8049	12899288	0	0	0	0	1	128	0	1	386	366	46	48	2188	0	0	0	1	
8050	12899321	0	0	0	0	1	128	0	1	386	366	45	48	2159	0	0	0	1	
8051	12899354	0	0	0	0	1	128	0	1	386	366	45	48	2144	0	0	0	1	
8052	12899388	0	0	0	0	1	128	0	1	386	366	45	47	2135	0	0	0	1	
8053	12899421	0	0	0	0	1	128	0	1	386	366	45	47	2115	0	0	0	1	
8054	12899455	0	0	0	0	1	128	0	1	386	366	45	47	2102	0	0	0	1	
8055	12899488	0	0	0	0	1	128	0	1	386	366	45	47	2102	0	0	0	1	
8056	12899521	0	0	0	0	1	128	0	1	386	366	45	47	2082	0	0	0	1	
8057	12899555	0	0	0	0	1	128	0	1	386	366	45	46	2071	0	0	0	1	
8058	12899588	0	0	0	0	1	128	0	1	386	366	44	46	2051	0	0	0	1	
8059	12899621	0	0	0	0	1	128	0	1	386	366	44	46	2036	0	0	0	1	
8060	12899655	0	0	0	0	1	128	0	1	386	366	44	46	2018	0	0	0	1	
8061	12899688	0	0	0	0	1	128	0	1	386	366	44	46	2010	0	0	0	1	
8062	12899722	0	0	0	0	1	128	0	1	404	392	44	46	2022	0	0	0	1	
8063	12899755	0	0	0	0	1	128	0	1	406	398	44	47	2035	0	0	0	1	
8064	12899788	0	0	0	0	1	128	0	1	408	398	44	46	2038	0	0	0	1	
8065	12899822	0	0	0	0	1	128	0	1	408	398	44	46	2044	0	0	0	1	
8066	12899855	0	0	0	0	1	128	0	1	408	398	44	46	2034	0	0	0	1	
8067	12899888	0	0	0	0	1	128	0	1	408	398	44	46	2025	0	0	0	1	
8068	12899922	0	0	0	0	1	128	0	1	406	398	44	46	2008	0	0	0	1	
8069	12899955	0	0	0	0	1	128	0	1	406	398	44	46	2000	0	0	0	1	
8070	12899988	0	0	0	0	1	128	0	1	408	398	43	46	1985	0	0	0	1	
8071	12900022	0	0	0	0	1	128	0	1	408	398	43	46	1981	0	0	0	1	
8072	12900055	0	0	0	0	1	128	0	1	406	398	43	46	1973	0	0	0	1	
8073	12900089	0	0	0	0	1	128	0	1	406	400	43	45	1953	0	0	0	1	
8074	12900122	0	0	0	0	1	128	0	1	406	400	43	45	1955	0	0	0	1	
8075	12900155	0	0	0	0	1	128	0	1	406	400	43	45	1940	0	0	0	1	
8076	12900189	0	0	0	0	1	128	0	1	406	400	43	45	1948	0	0	0	1	
8077	12900222	0	0	0	0	1	128	0	1	406	400	43	45	1941	0	0	0	1	
8078	12900255	0	0	0	0	1	128	0	1	406	400	43	45	1939	0	0	0	1	
8079	12900289	0	0	0	0	1	128	0	1	406	400	43	45	1933	0	0	0	1	
8080	12900322	0	0	0	0	1	128	0	1	406	400	43	45	1939	0	0	0	1	
8081	12900356	0	0	0	0	1	128	0	1	406	400	43	45	1947	0	0	0	1	
8082	12900389	0	0	0	0	1	128	0	1	406	400	43	45	1951	0	0	0	1	
8083	12900422	0	0	0	0	1	128	0	1	406	394	46	54	2488	0	0	0	1	
8084	12900456	0	0	0	0	1	128	0	1	370	374	41	46	1881	0	0	0	1	
8085	12900489	0	0	0	0	1	128	0	1	370	374	41	46	1896	0	0	0	1	
8086	12900522	0	0	0	0	1	128	0	1	370	374	42	46	1909	0	0	0	1	
8087	12900556	0	0	0	0	1	128	0	1	370	374	42	46	1927	0	0	0	1	
8088	12900589	0	0	0	0	1	128	0	1	370	374	42	46	1939	0	0	0	1	
8089	12900623	0	0	0	0	1	128	0	1	370	374	42	46	1957	0	0	0	1	
8090	12900656	0	0	0	0	1	128	0	1	372	374	42	46	1949	0	0	0	1	
8091	12900689	0	0	0	0	1	128	0	1	372	374	42	46	1947	0	0	0	1	
8092	12900723	0	0	0	0	1	128	0	1	372	374	42	46	1930	0	0	0	1	
8093	12900756	0	0	0	0	1	128	0	1	372	374	42	46	1916	0	0	0	1	
8094	12900789	0	0	0	0	1	128	0	1	372	374	42	46	1912	0	0	0	1	
8095	12900823	0	0	0	0	1	128	0	1	372	374	42	46	1915	0	0	0	1	
8096	12900856	0	0	0	0	1	128	0	1	372	374	42	46	1898	0	0	0	1	
8097	12900889	0	0	0	0	1	128	0	1	372	374	42	45	1891	0	0	0	1	
8098	12900923	0	0	0	0	1	128	0	1	372	374	41	45	1880	0	0	0	1	
8099	12900956	0	0	0	0	1	128	0	1	372	374	41	45	1875	0	0	0	1	
8100	12900989	0	0	0	0	1	128	0	1	372	374	41	45	1866	0	0	0	1	
8101	12901023	0	0	0	0	1	128	0	1	372	374	41	45	1856	0	0	0	1	
8102	12901056	0	0	0	0	1	128	0	1	372	374	41	45	1850	0	0	0	1	
8103	12901090	0	0	0	0	1	128	0	1	372	376	41	45	1840	0	0	0	1	
8104	12901123	0	0	0	0	1	128	0	1	372	376	41	45	1834	0	0	0	1	
8105	12901156	0	0	0	0	1	128	0	1	372	376	41	45	1834	0	0	0	1	
8106	12901190	0	0	0	0	1	128	0	1	374	376	41	45	1839	0	0	0	1	
8107	12901223	0	0	0	0	1	128	0	1	390	374	43	45	1948	0	0	0	1	
8108	12901256	0	0	0	0	1	128	0	1	390	374	43	45	1918	0	0	0	1	
8109	12901290	0	0	0	0	1	128	0	1	390	374	43	45	1948	0	0	0	1	
8110	12901323	0	0	0	0	1	128	0	1	390	374	43	45	1970	0	0	0	1	
8111	12901357	0	0	0	0	1	128	0	1	390	374	43	46	1981	0	0	0	1	
8112	12901390	0	0	0	0	1	128	0	1	390	374	44	46	1997	0	0	0	1	
8113	12901423	0	0	0	0	1	128	0	1	390	376	44	46	2002	0	0	0	1	
8114	12901457	0	0	0	0	1	128	0	1	390	376	44	46	2031	0	0	0	1	
8115	12901490	0	0	0	0	1	128	0	1	390	376	44	46	2037	0	0	0	1	
8116	12901523	0	0	0	0	1	128	0	1	388	376	44	46	2035	0	0	0	1	
8117	12901557	0	0	0	0	1	128	0	1	388	376	44	46	2025	0	0	0	1	
8118	12901590	0	0	0	0	1	128	0	1	388	376	44	46	2010	0	0	0	1	
8119	12901624	0	0	0	0	1	128	0	1	388	376	43	46	1991	0	0	0	1	
8120	12901657	0	0	0	0	1	128	0	1	388	376	43	46	1981	0	0	0	1	
8121	12901690	0	0	0	0	1	128	0	1	386	376	43	46	1965	0	0	0	1	
8122	12901724	0	0	0	0	1	128	0	1	386	376	43	46	1958	0	0	0	1	
8123	12901757	0	0	0	0	1	128	0	1	386	376	43	45	1947	0	0	0	1	
8124	12901790	0	0	0	0	1	128	0	1	388	376	43	45	1949	0	0	0	1	
8125	12901824	0	0	0	0	1	128	0	1	388	376	43	45	1945	0	0	0	1	
8126	12901857	0	0	0	0	1	128	0	1	388	376	43	45	1942	0	0	0	1	
8127	12901891	0	0	0	0	1	128	0	1	388	376	43	46	1954	0	0	0	1	
8128	12901924	0	0	0	0	1	128	0	1	384	378	43	46	1951	0	0	0	1	
8129	12901957	0	0	0	0	1	128	0	1	374	384	42	46	1908	0	0	0	1	
8130	12901991	0	0	0	0	1	128	0	1	376	384	42	46	1929	0	0	0	1	
8131	12902024	0	0	0	0	1	128	0	1	376	384	42	46	1939	0	0	0	1	
8132	12902057	0	0	0	0	1	128	0	1	376	384	42	47	1950	0	0	0	1	
8133	12902091	0	0	0	0	1	128	0	1	376	384	42	47	1975	0	0	0	1	
8134	12902124	0	0	0	0	1	128	0	1	376	384	42	47	1971	0	0	0	1	
8135	12902157	0	0	0	0	1	128	0	1	376	384	42	46	1964	0	0	0	1	
8136	12902191	0	0	0	0	1	128	0	1	376	384	42	46	1944	0	0	0	1	
8137	12902224	0	0	0	0	1	128	0	1	376	384	42	46	1936	0	0	0	1	
8138	12902258	0	0	0	0	1	128	0	1	376	384	41	46	1903	0	0	0	1	
8139	12902291	0	0	0	0	1	128	0	1	376	386	39	44	1749	0	0	0	1	
8140	12902324	0	0	0	0	1	128	0	1	378	384	41	46	1892	0	0	0	1	
8141	12902358	0	0	0	0	1	128	0	1	378	380	41	50	2092	0	0	0	1	
8142	12902391	0	0	0	0	1	128	0	1	378	384	42	45	1896	0	0	0	1	
8143	12902424	0	0	0	0	1	128	0	1	378	384	42	45	1907	0	0	0	1	
8144	12902458	0	0	0	0	1	128	0	1	378	384	42	46	1907	0	0	0	1	
8145	12902491	0	0	0	0	1	128	0	1	378	384	42	46	1903	0	0	0	1	
8146	12902524	0	0	0	0	1	128	0	1	378	384	42	46	1908	0	0	0	1	
8147	12902558	0	0	0	0	1	128	0	1	378	384	42	46	1911	0	0	0	1	
8148	12902591	0	0	0	0	1	128	0	1	378	384	42	46	1905	0	0	0	1	
8149	12902625	0	0	0	0	1	128	0	1	378	384	42	46	1902	0	0	0	1	
8150	12902658	0	0	0	0	1	128	0	1	378	384	42	46	1912	0	0	0	1	
8151	12902691	0	0	0	0	1	128	0	1	378	384	42	46	1912	0	0	0	1	
8152	12902725	0	0	0	0	1	128	0	1	378	384	42	46	1912	0	0	0	1	
8153	12902758	0	0	0	0	1	128	0	1	378	384	42	46	1912	0	0	0	1	
8154	12902791	0	0	0	0	1	128	0	1	368	394	40	46	1843	0	0	0	1	
8155	12902825	0	0	0	0	1	128	0	1	368	394	41	46	1871	0	0	0	1	
8156	12902858	0	0	0	0	1	128	0	1	366	396	41	46	1871	0	0	0	1	
8157	12902892	0	0	0	0	1	128	0	1	354	402	38	46	1752	0	0	0	1	
8158	12902925	0	0	0	0	1	128	0	1	352	402	39	46	1765	0	0	0	1	
8159	12902958	0	0	0	0	1	128	0	1	344	400	37	46	1690	0	0	0	1	
8160	12902992	0	0	0	0	1	128	0	1	340	398	36	46	1671	0	0	0	1	
8161	12903025	0	0	0	0	1	128	0	1	336	398	36	45	1640	0	0	0	1	
8162	12903058	0	0	0	0	1	128	0	1	334	396	36	45	1608	0	0	0	1	
8163	12903092	0	0	0	0	1	128	0	1	332	394	35	45	1587	0	0	0	1	
8164	12903125	0	0	0	0	1	128	0	1	330	392	34	45	1559	0	0	0	1	
8165	12903158	0	0	0	0	1	128	0	1	326	388	34	45	1539	0	0	0	1	
8166	12903192	0	0	0	0	1	128	0	1	320	380	33	45	1466	0	0	0	1	
8167	12903225	0	0	0	0	1	128	0	1	318	376	33	44	1439	0	0	0	1	
8168	12903259	0	0	0	0	1	128	0	1	316	374	32	44	1425	0	0	0	1	
8169	12903292	0	0	0	0	1	128	0	1	316	372	32	44	1435	0	0	0	1	
8170	12903325	0	0	0	0	1	128	0	1	314	370	32	44	1427	0	0	0	1	
8171	12903359	0	0	0	0	1	128	0	1	314	366	32	44	1427	0	0	0	1	
8172	12903392	0	0	0	0	1	128	0	1	314	364	32	44	1435	0	0	0	1	
8173	12903425	0	0	0	0	1	128	0	1	322	358	34	45	1522	0	0	0	1	
8174	12903459	0	0	0	0	1	128	0	1	322	356	34	45	1519	0	0	0	1	
8175	12903492	0	0	0	0	1	128	0	1	322	354	34	45	1524	0	0	0	1	
8176	12903526	0	0	0	0	1	128	0	1	322	352	34	44	1524	0	0	0	1	
8177	12903559	0	0	0	0	1	128	0	1	324	350	34	45	1540	0	0	0	1	
8178	12903592	0	0	0	0	1	128	0	1	324	348	34	45	1550	0	0	0	1	
8179	12903626	0	0	0	0	1	128	0	1	326	348	35	45	1568	0	0	0	1	
8180	12903659	0	0	0	0	1	128	0	1	326	346	35	46	1579	0	0	0	1	
8181	12903692	0	0	0	0	1	128	0	1	328	344	35	45	1590	0	0	0	1	
8182	12903726	0	0	0	0	1	128	0	1	330	344	35	45	1606	0	0	0	1	
8183	12903759	0	0	0	0	1	128	0	1	332	340	36	46	1631	0	0	0	1	
8184	12903792	0	0	0	0	1	128	0	1	336	336	36	46	1660	0	0	0	1	
8185	12903826	0	0	0	0	1	128	0	1	338	336	37	46	1681	0	0	0	1	
8186	12903859	0	0	0	0	1	128	0	1	340	336	37	46	1710	0	0	0	1	
8187	12903893	0	0	0	0	1	128	0	1	342	336	38	46	1730	0	0	0	1	
8188	12903926	0	0	0	0	1	128	0	1	346	336	39	46	1777	0	0	0	1	
8189	12903959	0	0	0	0	1	128	0	1	350	338	39	46	1792	0	0	0	1	
8190	12903993	0	0	0	0	1	128	0	1	352	338	39	46	1813	0	0	0	1	
8191	12904026	0	0	0	0	1	128	0	1	356	340	40	46	1842	0	0	0	1	
8192	12904059	0	0	0	0	1	128	0	1	358	340	41	46	1863	0	0	0	1	
8193	12904093	0	0	0	0	1	128	0	1	362	342	41	46	1877	0	0	0	1	
8194	12904126	0	0	0	0	1	128	0	1	364	344	42	46	1923	0	0	0	1	
8195	12904160	0	0	0	0	1	128	0	1	366	346	42	46	1947	0	0	0	1	
8196	12904193	0	0	0	0	1	128	0	1	370	348	42	46	1960	0	0	0	1	
8197	12904226	0	0	0	0	1	128	0	1	372	350	43	46	1979	0	0	0	1	
8198	12904260	0	0	0	0	1	128	0	1	374	352	43	46	1994	0	0	0	1	
8199	12904293	0	0	0	0	1	128	0	1	376	354	44	46	2011	0	0	0	1	
8200	12904326	0	0	0	0	1	128	0	1	378	356	43	46	2011	0	0	0	1	
8201	12904360	0	0	0	0	1	128	0	1	380	358	44	47	2030	0	0	0	1	
8202	12904393	0	0	0	0	1	128	0	1	380	360	44	46	2037	0	0	0	1	
8203	12904426	0	0	0	0	1	128	0	1	382	362	44	46	2029	0	0	0	1	
8204	12904460	0	0	0	0	1	128	0	1	382	370	44	46	2037	0	0	0	1	
8205	12904493	0	0	0	0	1	128	0	1	382	372	44	46	2045	0	0	0	1	
8206	12904527	0	0	0	0	1	128	0	1	382	374	44	47	2044	0	0	0	1	
8207	12904560	0	0	0	0	1	128	0	1	378	376	44	46	2009	0	0	0	1	
8208	12904593	0	0	0	0	1	128	0	1	378	378	43	46	2006	0	0	0	1	
8209	12904627	0	0	0	0	1	128	0	1	378	378	43	46	2004	0	0	0	1	
8210	12904660	0	0	0	0	1	128	0	1	376	386	42	46	1943	0	0	0	1	
8211	12904693	0	0	0	0	1	128	0	1	376	388	42	46	1947	0	0	0	1	
8212	12904727	0	0	0	0	1	128	0	1	376	388	42	46	1938	0	0	0	1	
8213	12904760	0	0	0	0	1	128	0	1	376	388	42	46	1925	0	0	0	1	
8214	12904793	0	0	0	0	1	128	0	1	376	388	42	45	1913	0	0	0	1	
8215	12904827	0	0	0	0	1	128	0	1	376	388	42	46	1931	0	0	0	1	
8216	12904860	0	0	0	0	1	128	0	1	376	384	42	46	1961	0	0	0	1	
8217	12904894	0	0	0	0	1	128	0	1	376	384	42	46	1965	0	0	0	1	
8218	12904927	0	0	0	0	1	128	0	1	376	384	43	47	1986	0	0	0	1	
8219	12904960	0	0	0	0	1	128	0	1	376	384	43	47	1995	0	0	0	1	
8220	12904994	0	0	0	0	1	128	0	1	376	384	43	47	2018	0	0	0	1	
8221	12905027	0	0	0	0	1	128	0	1	376	384	43	47	2040	0	0	0	1	
8222	12905061	0	0	0	0	1	128	0	1	376	382	44	48	2069	0	0	0	1	
8223	12905094	0	0	0	0	1	128	0	1	376	382	44	48	2092	0	0	0	1	
8224	12905127	0	0	0	0	1	128	0	1	376	382	44	48	2100	0	0	0	1	
8225	12905161	0	0	0	0	1	128	0	1	376	382	44	48	2105	0	0	0	1	
8226	12905194	0	0	0	0	1	128	0	1	376	382	44	48	2090	0	0	0	1	
8227	12905227	0	0	0	0	1	128	0	1	376	382	44	48	2077	0	0	0	1	
8228	12905261	0	0	0	0	1	128	0	1	376	382	43	47	2050	0	0	0	1	
8229	12905294	0	0	0	0	1	128	0	1	376	382	43	47	2014	0	0	0	1	
8230	12905327	0	0	0	0	1	128	0	1	376	382	43	47	1997	0	0	0	1	
8231	12905361	0	0	0	0	1	128	0	1	376	382	43	47	1993	0	0	0	1	
8232	12905394	0	0	0	0	1	128	0	1	378	382	43	47	1985	0	0	0	1	
8233	12905428	0	0	0	0	1	128	0	1	376	382	42	46	1966	0	0	0	1	
8234	12905461	0	0	0	0	1	128	0	1	378	382	42	46	1958	0	0	0	1	
8235	12905494	0	0	0	0	1	128	0	1	376	382	42	46	1943	0	0	0	1	
8236	12905528	0	0	0	0	1	128	0	1	378	382	42	46	1938	0	0	0	1	
8237	12905561	0	0	0	0	1	128	0	1	378	382	42	46	1930	0	0	0	1	
8238	12905594	0	0	0	0	1	128	0	1	376	382	42	46	1916	0	0	0	1	
8239	12905628	0	0	0	0	1	128	0	1	376	382	42	45	1898	0	0	0	1	
8240	12905661	0	0	0	0	1	128	0	1	376	382	42	45	1893	0	0	0	1	
8241	12905695	0	0	0	0	1	128	0	1	376	382	41	45	1877	0	0	0	1	
8242	12905728	0	0	0	0	1	128	0	1	374	384	41	45	1839	0	0	0	1	
8243	12905761	0	0	0	0	1	128	0	1	364	390	40	44	1756	0	0	0	1	
8244	12905795	0	0	0	0	1	128	0	1	364	390	39	44	1744	0	0	0	1	
8245	12905828	0	0	0	0	1	128	0	1	364	390	39	44	1735	0	0	0	1	
8246	12905861	0	0	0	0	1	128	0	1	364	390	39	44	1728	0	0	0	1	
8247	12905895	0	0	0	0	1	128	0	1	364	390	39	44	1720	0	0	0	1	
8248	12905928	0	0	0	0	1	128	0	1	364	390	39	44	1713	0	0	0	1	
8249	12905961	0	0	0	0	1	128	0	1	364	390	39	44	1701	0	0	0	1	
8250	12905995	0	0	0	0	1	128	0	1	364	390	39	44	1686	0	0	0	1	
8251	12906028	0	0	0	0	1	128	0	1	364	390	39	44	1684	0	0	0	1	
8252	12906062	0	0	0	0	1	128	0	1	364	390	39	44	1681	0	0	0	1	
8253	12906095	0	0	0	0	1	128	0	1	364	390	39	44	1685	0	0	0	1	
8254	12906128	0	0	0	0	1	128	0	1	364	390	39	43	1679	0	0	0	1	
8255	12906162	0	0	0	0	1	128	0	1	364	390	39	44	1687	0	0	0	1	
8256	12906195	0	0	0	0	1	128	0	1	364	390	39	44	1698	0	0	0	1	
8257	12906228	0	0	0	0	1	128	0	1	364	390	39	44	1716	0	0	0	1	
8258	12906262	0	0	0	0	1	128	0	1	364	390	39	44	1723	0	0	0	1	
8259	12906295	0	0	0	0	1	128	0	1	364	390	39	44	1720	0	0	0	1	
8260	12906328	0	0	0	0	1	128	0	1	364	390	39	44	1726	0	0	0	1	
8261	12906362	0	0	0	0	1	128	0	1	364	390	39	44	1727	0	0	0	1	
8262	12906395	0	0	0	0	1	128	0	1	364	390	39	44	1728	0	0	0	1	
8263	12906429	0	0	0	0	1	128	0	1	364	390	39	44	1735	0	0	0	1	
8264	12906462	0	0	0	0	1	128	0	1	364	390	39	44	1734	0	0	0	1	
8265	12906495	0	0	0	0	1	128	0	1	378	402	37	46	1677	0	0	0	1	
8266	12906529	0	0	0	0	1	128	0	1	402	410	42	45	1867	0	0	0	1	
8267	12906562	0	0	0	0	1	128	0	1	400	410	41	45	1857	0	0	0	1	
8268	12906595	0	0	0	0	1	128	0	1	400	410	42	45	1869	0	0	0	1	
8269	12906629	0	0	0	0	1	128	0	1	400	410	42	45	1877	0	0	0	1	
8270	12906662	0	0	0	0	1	128	0	1	400	410	42	45	1899	0	0	0	1	
8271	12906696	0	0	0	0	1	128	0	1	400	410	42	45	1904	0	0	0	1	
8272	12906729	0	0	0	0	1	128	0	1	402	410	42	45	1923	0	0	0	1	
8273	12906762	0	0	0	0	1	128	0	1	402	410	42	45	1911	0	0	0	1	
8274	12906796	0	0	0	0	1	128	0	1	402	410	42	45	1907	0	0	0	1	
8275	12906829	0	0	0	0	1	128	0	1	402	410	42	45	1898	0	0	0	1	
8276	12906862	0	0	0	0	1	128	0	1	402	410	42	45	1897	0	0	0	1	
8277	12906896	0	0	0	0	1	128	0	1	402	410	42	45	1893	0	0	0	1	
8278	12906929	0	0	0	0	1	128	0	1	402	410	42	45	1900	0	0	0	1	
8279	12906963	0	0	0	0	1	128	0	1	402	410	42	45	1911	0	0	0	1	
8280	12906996	0	0	0	0	1	128	0	1	402	410	42	45	1905	0	0	0	1	
8281	12907029	0	0	0	0	1	128	0	1	402	410	42	45	1918	0	0	0	1	
8282	12907063	0	0	0	0	1	128	0	1	402	410	43	46	1951	0	0	0	1	
8283	12907096	0	0	0	0	1	128	0	1	402	412	42	46	1913	0	0	0	1	
8284	12907129	0	0	0	0	1	128	0	1	402	410	43	46	1985	0	0	0	1	
8285	12907163	0	0	0	0	1	128	0	1	402	410	43	46	2003	0	0	0	1	
8286	12907196	0	0	0	0	1	128	0	1	402	410	43	47	2023	0	0	0	1	
8287	12907229	0	0	0	0	1	128	0	1	398	408	41	48	1964	0	0	0	1	
8288	12907263	0	0	0	0	1	128	0	1	388	374	45	47	2140	0	0	0	1	
8289	12907296	0	0	0	0	1	128	0	1	390	374	45	47	2127	0	0	0	1	
8290	12907330	0	0	0	0	1	128	0	1	390	374	45	47	2125	0	0	0	1	
8291	12907363	0	0	0	0	1	128	0	1	390	374	45	47	2137	0	0	0	1	
8292	12907396	0	0	0	0	1	128	0	1	390	374	45	47	2139	0	0	0	1	
8293	12907430	0	0	0	0	1	128	0	1	390	376	45	47	2143	0	0	0	1	
8294	12907463	0	0	0	0	1	128	0	1	390	376	45	47	2146	0	0	0	1	
8295	12907496	0	0	0	0	1	128	0	1	390	376	46	47	2157	0	0	0	1	
8296	12907530	0	0	0	0	1	128	0	1	390	376	46	47	2164	0	0	0	1	
8297	12907563	0	0	0	0	1	128	0	1	390	376	45	47	2154	0	0	0	1	
8298	12907597	0	0	0	0	1	128	0	1	390	376	45	48	2164	0	0	0	1	
8299	12907630	0	0	0	0	1	128	0	1	390	376	45	47	2138	0	0	0	1	
8300	12907663	0	0	0	0	1	128	0	1	390	376	45	47	2129	0	0	0	1	
8301	12907697	0	0	0	0	1	128	0	1	390	376	45	47	2096	0	0	0	1	
8302	12907730	0	0	0	0	1	128	0	1	390	376	45	47	2072	0	0	0	1	
8303	12907763	0	0	0	0	1	128	0	1	390	376	44	46	2031	0	0	0	1	
8304	12907797	0	0	0	0	1	128	0	1	390	376	44	46	2004	0	0	0	1	
8305	12907830	0	0	0	0	1	128	0	1	390	376	44	46	1988	0	0	0	1	
8306	12907863	0	0	0	0	1	128	0	1	390	376	43	45	1962	0	0	0	1	
8307	12907897	0	0	0	0	1	128	0	1	388	376	43	45	1955	0	0	0	1	
8308	12907930	0	0	0	0	1	128	0	1	388	376	43	45	1937	0	0	0	1	
8309	12907964	0	0	0	0	1	128	0	1	384	374	43	45	1928	0	0	0	1	
8310	12907997	0	0	0	0	1	128	0	1	354	364	39	45	1720	0	0	0	1	
8311	12908030	0	0	0	0	1	128	0	1	354	364	39	44	1739	0	0	0	1	
8312	12908064	0	0	0	0	1	128	0	1	354	364	39	45	1741	0	0	0	1	
8313	12908097	0	0	0	0	1	128	0	1	354	364	39	45	1752	0	0	0	1	
8314	12908130	0	0	0	0	1	128	0	1	354	364	39	45	1752	0	0	0	1	
8315	12908164	0	0	0	0	1	128	0	1	354	364	39	44	1746	0	0	0	1	
8316	12908197	0	0	0	0	1	128	0	1	354	364	39	45	1751	0	0	0	1	
8317	12908231	0	0	0	0	1	128	0	1	354	364	39	44	1746	0	0	0	1	
8318	12908264	0	0	0	0	1	128	0	1	354	364	39	44	1737	0	0	0	1	
8319	12908297	0	0	0	0	1	128	0	1	354	364	39	44	1727	0	0	0	1	
8320	12908331	0	0	0	0	1	128	0	1	354	364	39	44	1714	0	0	0	1	
8321	12908364	0	0	0	0	1	128	0	1	354	364	39	44	1712	0	0	0	1	
8322	12908397	0	0	0	0	1	128	0	1	354	364	39	44	1703	0	0	0	1	
8323	12908431	0	0	0	0	1	128	0	1	354	366	39	44	1699	0	0	0	1	
8324	12908464	0	0	0	0	1	128	0	1	354	366	39	44	1702	0	0	0	1	
8325	12908497	0	0	0	0	1	128	0	1	354	366	38	44	1686	0	0	0	1	
8326	12908531	0	0	0	0	1	128	0	1	354	364	39	44	1683	0	0	0	1	
8327	12908564	0	0	0	0	1	128	0	1	354	364	38	44	1679	0	0	0	1	
8328	12908598	0	0	0	0	1	128	0	1	354	364	39	44	1684	0	0	0	1	
8329	12908631	0	0	0	0	1	128	0	1	354	364	38	44	1673	0	0	0	1	
8330	12908664	0	0	0	0	1	128	0	1	354	364	38	44	1679	0	0	0	1	
8331	12908698	0	0	0	0	1	128	0	1	354	364	38	44	1682	0	0	0	1	
8332	12908731	0	0	0	0	1	128	0	1	354	364	39	44	1698	0	0	0	1	
8333	12908764	0	0	0	0	1	128	0	1	384	362	49	58	2839	0	0	0	1	
8334	12908798	0	0	0	0	1	128	0	1	392	376	43	45	1938	0	0	0	1	
8335	12908831	0	0	0	0	1	128	0	1	392	376	43	45	1933	0	0	0	1	
8336	12908865	0	0	0	0	1	128	0	1	392	376	43	45	1956	0	0	0	1	
8337	12908898	0	0	0	0	1	128	0	1	392	376	44	45	1980	0	0	0	1	
8338	12908931	0	0	0	0	1	128	0	1	392	376	44	46	2015	0	0	0	1	
8339	12908965	0	0	0	0	1	128	0	1	392	376	44	46	2035	0	0	0	1	
8340	12908998	0	0	0	0	1	128	0	1	392	376	44	46	2054	0	0	0	1	
8341	12909031	0	0	0	0	1	128	0	1	392	382	40	42	1677	0	0	0	1	
8342	12909065	0	0	0	0	1	128	0	1	392	376	45	46	2071	0	0	0	1	
8343	12909098	0	0	0	0	1	128	0	1	392	376	45	47	2096	0	0	0	1	
8344	12909131	0	0	0	0	1	128	0	1	392	376	45	47	2104	0	0	0	1	
8345	12909165	0	0	0	0	1	128	0	1	394	388	35	41	1427	0	0	0	1	
8346	12909198	0	0	0	0	1	128	0	1	392	376	45	47	2116	0	0	0	1	
8347	12909232	0	0	0	0	1	128	0	1	392	376	45	47	2123	0	0	0	1	
8348	12909265	0	0	0	0	1	128	0	1	392	376	45	47	2128	0	0	0	1	
8349	12909298	0	0	0	0	1	128	0	1	392	376	45	47	2124	0	0	0	1	
8350	12909332	0	0	0	0	1	128	0	1	392	376	45	47	2132	0	0	0	1	
8351	12909365	0	0	0	0	1	128	0	1	392	376	45	47	2138	0	0	0	1	
8352	12909398	0	0	0	0	1	128	0	1	392	376	45	47	2140	0	0	0	1	
8353	12909432	0	0	0	0	1	128	0	1	392	376	45	47	2146	0	0	0	1	
8354	12909465	0	0	0	0	1	128	0	1	392	376	45	47	2146	0	0	0	1	
8355	12909498	0	0	0	0	1	128	0	1	392	376	45	47	2144	0	0	0	1	
8356	12909532	0	0	0	0	1	128	0	1	388	378	43	45	1935	0	0	0	1	
8357	12909565	0	0	0	0	1	128	0	1	380	376	45	47	2094	0	0	0	1	
8358	12909599	0	0	0	0	1	128	0	1	378	376	44	47	2082	0	0	0	1	
8359	12909632	0	0	0	0	1	128	0	1	368	380	43	48	2044	0	0	0	1	
8360	12909665	0	0	0	0	1	128	0	1	368	380	43	48	2032	0	0	0	1	
8361	12909699	0	0	0	0	1	128	0	1	366	380	43	48	2033	0	0	0	1	
8362	12909732	0	0	0	0	1	128	0	1	360	382	42	48	2008	0	0	0	1	
8363	12909765	0	0	0	0	1	128	0	1	358	382	41	48	1994	0	0	0	1	
8364	12909799	0	0	0	0	1	128	0	1	356	382	41	48	1981	0	0	0	1	
8365	12909832	0	0	0	0	1	128	0	1	354	382	41	48	1963	0	0	0	1	
8366	12909866	0	0	0	0	1	128	0	1	352	382	40	48	1933	0	0	0	1	
8367	12909899	0	0	0	0	1	128	0	1	350	382	40	48	1893	0	0	0	1	
8368	12909932	0	0	0	0	1	128	0	1	348	382	39	47	1874	0	0	0	1	
8369	12909966	0	0	0	0	1	128	0	1	346	380	39	47	1852	0	0	0	1	
8370	12909999	0	0	0	0	1	128	0	1	342	384	38	47	1799	0	0	0	1	
8371	12910032	0	0	0	0	1	128	0	1	342	384	38	47	1797	0	0	0	1	
8372	12910066	0	0	0	0	1	128	0	1	340	384	38	47	1776	0	0	0	1	
8373	12910099	0	0	0	0	1	128	0	1	338	384	38	46	1751	0	0	0	1	
8374	12910132	0	0	0	0	1	128	0	1	336	384	37	46	1722	0	0	0	1	
8375	12910166	0	0	0	0	1	128	0	1	334	384	37	46	1674	0	0	0	1	
8376	12910199	0	0	0	0	1	128	0	1	328	386	35	45	1602	0	0	0	1	
8377	12910233	0	0	0	0	1	128	0	1	328	386	35	45	1575	0	0	0	1	
8378	12910266	0	0	0	0	1	128	0	1	326	386	35	45	1563	0	0	0	1	
8379	12910299	0	0	0	0	1	128	0	1	324	386	34	45	1545	0	0	0	1	
8380	12910333	0	0	0	0	1	128	0	1	324	386	34	45	1535	0	0	0	1	
8381	12910366	0	0	0	0	1	128	0	1	322	386	34	45	1517	0	0	0	1	
8382	12910399	0	0	0	0	1	128	0	1	320	388	33	45	1496	0	0	0	1	
8383	12910433	0	0	0	0	1	128	0	1	318	388	33	45	1472	0	0	0	1	
8384	12910466	0	0	0	0	1	128	0	1	318	388	32	45	1459	0	0	0	1	
8385	12910500	0	0	0	0	1	128	0	1	318	388	32	45	1456	0	0	0	1	
8386	12910533	0	0	0	0	1	128	0	1	318	388	32	45	1453	0	0	0	1	
8387	12910566	0	0	0	0	1	128	0	1	324	388	34	45	1527	0	0	0	1	
8388	12910600	0	0	0	0	1	128	0	1	326	388	34	45	1515	0	0	0	1	
8389	12910633	0	0	0	0	1	128	0	1	324	388	34	45	1509	0	0	0	1	
8390	12910666	0	0	0	0	1	128	0	1	324	388	34	45	1507	0	0	0	1	
8391	12910700	0	0	0	0	1	128	0	1	324	388	34	45	1511	0	0	0	1	
8392	12910733	0	0	0	0	1	128	0	1	324	388	34	45	1515	0	0	0	1	
8393	12910767	0	0	0	0	1	128	0	1	324	388	34	45	1523	0	0	0	1	
8394	12910800	0	0	0	0	1	128	0	1	324	388	34	45	1534	0	0	0	1	
8395	12910833	0	0	0	0	1	128	0	1	324	388	34	45	1550	0	0	0	1	
8396	12910867	0	0	0	0	1	128	0	1	324	388	34	45	1563	0	0	0	1	
8397	12910900	0	0	0	0	1	128	0	1	324	388	34	45	1565	0	0	0	1	
8398	12910933	0	0	0	0	1	128	0	1	324	388	34	46	1568	0	0	0	1	
8399	12910967	0	0	0	0	1	128	0	1	324	388	34	46	1574	0	0	0	1	
8400	12911000	0	0	0	0	1	128	0	1	324	388	34	45	1561	0	0	0	1	
8401	12911033	0	0	0	0	1	128	0	1	324	388	34	45	1557	0	0	0	1	
8402	12911067	0	0	0	0	1	128	0	1	324	388	34	46	1564	0	0	0	1	
8403	12911100	0	0	0	0	1	128	0	1	324	388	34	45	1545	0	0	0	1	
8404	12911134	0	0	0	0	1	128	0	1	324	388	34	45	1528	0	0	0	1	
8405	12911167	0	0	0	0	1	128	0	1	324	388	34	45	1517	0	0	0	1	
8406	12911200	0	0	0	0	1	128	0	1	324	388	34	45	1516	0	0	0	1	
8407	12911234	0	0	0	0	1	128	0	1	324	388	34	45	1503	0	0	0	1	
8408	12911267	0	0	0	0	1	128	0	1	324	388	34	45	1500	0	0	0	1	
8409	12911300	0	0	0	0	1	128	0	1	324	388	33	45	1497	0	0	0	1	
8410	12911334	0	0	0	0	1	128	0	1	324	388	34	45	1500	0	0	0	1	
8411	12911367	0	0	0	0	1	128	0	1	324	388	33	45	1488	0	0	0	1	
8412	12911401	0	0	0	0	1	128	0	1	324	388	34	44	1497	0	0	0	1	
8413	12911434	0	0	0	0	1	128	0	1	324	388	34	45	1495	0	0	0	1	
8414	12911467	0	0	0	0	1	128	0	1	326	388	34	45	1497	0	0	0	1	
8415	12911501	0	0	0	0	1	128	0	1	326	388	34	45	1514	0	0	0	1	
8416	12911534	0	0	0	0	1	128	0	1	334	386	36	44	1595	0	0	0	1	
8417	12911567	0	0	0	0	1	128	0	1	336	386	36	45	1615	0	0	0	1	
8418	12911601	0	0	0	0	1	128	0	1	338	386	37	45	1654	0	0	0	1	
8419	12911634	0	0	0	0	1	128	0	1	340	386	37	46	1679	0	0	0	1	
8420	12911667	0	0	0	0	1	128	0	1	342	386	37	46	1718	0	0	0	1	
8421	12911701	0	0	0	0	1	128	0	1	344	386	38	46	1757	0	0	0	1	
8422	12911734	0	0	0	0	1	128	0	1	346	386	39	47	1802	0	0	0	1	
8423	12911768	0	0	0	0	1	128	0	1	348	386	39	47	1847	0	0	0	1	
8424	12911801	0	0	0	0	1	128	0	1	348	384	40	47	1890	0	0	0	1	
8425	12911834	0	0	0	0	1	128	0	1	350	384	40	48	1919	0	0	0	1	
8426	12911868	0	0	0	0	1	128	0	1	352	384	41	48	1955	0	0	0	1	
8427	12911901	0	0	0	0	1	128	0	1	352	384	41	48	1974	0	0	0	1	
8428	12911934	0	0	0	0	1	128	0	1	354	384	41	48	1993	0	0	0	1	
8429	12911968	0	0	0	0	1	128	0	1	356	384	41	48	1997	0	0	0	1	
8430	12912001	0	0	0	0	1	128	0	1	358	384	42	48	1996	0	0	0	1	
8431	12912035	0	0	0	0	1	128	0	1	358	382	42	48	2000	0	0	0	1	
8432	12912068	0	0	0	0	1	128	0	1	360	382	42	48	1994	0	0	0	1	
8433	12912101	0	0	0	0	1	128	0	1	362	382	42	48	1993	0	0	0	1	
8434	12912135	0	0	0	0	1	128	0	1	364	382	42	47	1985	0	0	0	1	
8435	12912168	0	0	0	0	1	128	0	1	366	382	40	48	1959	0	0	0	1	
8436	12912201	0	0	0	0	1	128	0	1	366	382	42	47	1968	0	0	0	1	
8437	12912235	0	0	0	0	1	128	0	1	368	382	42	47	1964	0	0	0	1	
8438	12912268	0	0	0	0	1	128	0	1	370	382	42	47	1962	0	0	0	1	
8439	12912301	0	0	0	0	1	128	0	1	370	382	42	47	1962	0	0	0	1	
8440	12912335	0	0	0	0	1	128	0	1	372	382	42	47	1958	0	0	0	1	
8441	12912368	0	0	0	0	1	128	0	1	374	382	42	46	1960	0	0	0	1	
8442	12912402	0	0	0	0	1	128	0	1	374	382	42	46	1949	0	0	0	1	
8443	12912435	0	0	0	0	1	128	0	1	376	382	42	46	1931	0	0	0	1	
8444	12912468	0	0	0	0	1	128	0	1	378	380	42	45	1917	0	0	0	1	
8445	12912502	0	0	0	0	1	128	0	1	380	380	42	45	1904	0	0	0	1	
8446	12912535	0	0	0	0	1	128	0	1	380	380	42	45	1889	0	0	0	1	
8447	12912568	0	0	0	0	1	128	0	1	382	380	42	45	1874	0	0	0	1	
8448	12912602	0	0	0	0	1	128	0	1	384	382	42	45	1880	0	0	0	1	
8449	12912635	0	0	0	0	1	128	0	1	384	382	42	45	1860	0	0	0	1	
8450	12912669	0	0	0	0	1	128	0	1	384	382	42	44	1844	0	0	0	1	
8451	12912702	0	0	0	0	1	128	0	1	382	382	41	44	1825	0	0	0	1	
8452	12912735	0	0	0	0	1	128	0	1	376	380	40	44	1783	0	0	0	1	
8453	12912769	0	0	0	0	1	128	0	1	376	380	41	44	1766	0	0	0	1	
8454	12912802	0	0	0	0	1	128	0	1	376	380	41	44	1765	0	0	0	1	
8455	12912835	0	0	0	0	1	128	0	1	376	380	40	44	1762	0	0	0	1	
8456	12912869	0	0	0	0	1	128	0	1	378	382	40	44	1769	0	0	0	1	
8457	12912902	0	0	0	0	1	128	0	1	378	382	40	44	1742	0	0	0	1	
8458	12912935	0	0	0	0	1	128	0	1	378	382	40	43	1717	0	0	0	1	
8459	12912969	0	0	0	0	1	128	0	1	378	382	40	43	1699	0	0	0	1	
8460	12913002	0	0	0	0	1	128	0	1	378	382	40	42	1675	0	0	0	1	
8461	12913036	0	0	0	0	1	128	0	1	378	382	40	42	1676	0	0	0	1	
8462	12913069	0	0	0	0	1	128	0	1	378	382	39	42	1670	0	0	0	1	
8463	12913102	0	0	0	0	1	128	0	1	378	382	39	42	1648	0	0	0	1	
8464	12913136	0	0	0	0	1	128	0	1	380	384	39	42	1634	0	0	0	1	
8465	12913169	0	0	0	0	1	128	0	0	0	0	0	0	0	0	0	0	1	
8466	12913202	0	0	0	0	1	128	0	0	0	0	0	0	0	0	0	0	1	
8467	12913236	0	0	0	0	1	128	0	0	0	0	0	0	0	0	0	0	1	
8468	12913269	0	0	0	0	1	128	0	1	380	376	28	34	942	0	0	0	1	
8469	12913302	0	0	0	0	1	128	0	1	380	384	39	41	1594	0	0	0	1	
8470	12913336	0	0	0	0	1	128	0	1	378	386	39	42	1654	0	0	0	1	
8471	12913369	0	0	0	0	1	128	0	1	378	384	39	42	1637	0	0	0	1	
8472	12913403	0	0	0	0	1	128	0	1	378	384	39	42	1641	0	0	0	1	
8473	12913436	0	0	0	0	1	128	0	1	378	384	39	42	1643	0	0	0	1	
8474	12913469	0	0	0	0	1	128	0	1	374	360	39	43	1681	0	0	0	1	
8475	12913503	0	0	0	0	1	128	0	1	378	354	40	42	1681	0	0	0	1	
8476	12913536	0	0	0	0	1	128	0	1	378	356	40	42	1683	0	0	0	1	
8477	12913569	0	0	0	0	1	128	0	1	378	356	40	42	1687	0	0	0	1	
8478	12913603	0	0	0	0	1	128	0	1	378	356	40	42	1707	0	0	0	1	
8479	12913636	0	0	0	0	1	128	0	1	378	356	41	43	1730	0	0	0	1	
8480	12913670	0	0	0	0	1	128	0	1	378	354	41	43	1749	0	0	0	1	
8481	12913703	0	0	0	0	1	128	0	1	376	354	41	43	1752	0	0	0	1	
8482	12913736	0	0	0	0	1	128	0	1	376	354	41	43	1759	0	0	0	1	
8483	12913770	0	0	0	0	1	128	0	1	376	354	41	43	1784	0	0	0	1	
8484	12913803	0	0	0	0	1	128	0	1	376	354	41	44	1816	0	0	0	1	
8485	12913836	0	0	0	0	1	128	0	1	376	354	42	44	1823	0	0	0	1	
8486	12913870	0	0	0	0	1	128	0	1	376	354	42	44	1822	0	0	0	1	
8487	12913903	0	0	0	0	1	128	0	1	376	354	42	44	1826	0	0	0	1	
8488	12913936	0	0	0	0	1	128	0	1	376	354	42	44	1813	0	0	0	1	
8489	12913970	0	0	0	0	1	128	0	1	376	354	42	43	1804	0	0	0	1	
8490	12914003	0	0	0	0	1	128	0	1	376	354	41	43	1789	0	0	0	1	
8491	12914037	0	0	0	0	1	128	0	1	376	354	41	43	1786	0	0	0	1	
8492	12914070	0	0	0	0	1	128	0	1	376	354	41	43	1781	0	0	0	1	
8493	12914103	0	0	0	0	1	128	0	1	376	356	41	43	1779	0	0	0	1	
8494	12914137	0	0	0	0	1	128	0	1	356	356	39	42	1648	0	0	0	1	
8495	12914170	0	0	0	0	1	128	0	1	346	356	38	43	1614	0	0	0	1	
8496	12914203	0	0	0	0	1	128	0	1	346	356	38	43	1620	0	0	0	1	
8497	12914237	0	0	0	0	1	128	0	1	346	356	38	43	1638	0	0	0	1	
8498	12914270	0	0	0	0	1	128	0	1	346	356	38	44	1649	0	0	0	1	
8499	12914303	0	0	0	0	1	128	0	1	346	356	38	44	1662	0	0	0	1	
8500	12914337	0	0	0	0	1	128	0	1	348	356	38	44	1671	0	0	0	1	
8501	12914370	0	0	0	0	1	128	0	1	348	356	38	44	1675	0	0	0	1	
8502	12914404	0	0	0	0	1	128	0	1	348	356	38	44	1663	0	0	0	1	
8503	12914437	0	0	0	0	1	128	0	1	348	356	38	44	1675	0	0	0	1	
8504	12914470	0	0	0	0	1	128	0	1	348	356	38	44	1685	0	0	0	1	
8505	12914504	0	0	0	0	1	128	0	1	348	356	38	44	1695	0	0	0	1	
8506	12914537	0	0	0	0	1	128	0	1	348	356	38	45	1713	0	0	0	1	
8507	12914570	0	0	0	0	1	128	0	1	348	356	39	45	1716	0	0	0	1	
8508	12914604	0	0	0	0	1	128	0	1	348	356	39	45	1726	0	0	0	1	
8509	12914637	0	0	0	0	1	128	0	1	348	356	39	45	1740	0	0	0	1	
8510	12914671	0	0	0	0	1	128	0	1	348	356	39	45	1739	0	0	0	1	
8511	12914704	0	0	0	0	1	128	0	1	348	356	39	45	1757	0	0	0	1	
8512	12914737	0	0	0	0	1	128	0	1	348	356	39	45	1753	0	0	0	1	
8513	12914771	0	0	0	0	1	128	0	1	348	358	39	45	1761	0	0	0	1	
8514	12914804	0	0	0	0	1	128	0	1	348	358	39	45	1760	0	0	0	1	
8515	12914837	0	0	0	0	1	128	0	1	348	358	39	46	1768	0	0	0	1	
8516	12914871	0	0	0	0	1	128	0	1	348	358	39	46	1784	0	0	0	1	
8517	12914904	0	0	0	0	1	128	0	1	360	352	41	46	1879	0	0	0	1	
8518	12914938	0	0	0	0	1	128	0	1	368	344	41	46	1880	0	0	0	1	
8519	12914971	0	0	0	0	1	128	0	1	368	344	41	46	1884	0	0	0	1	
8520	12915004	0	0	0	0	1	128	0	1	368	344	42	46	1899	0	0	0	1	
8521	12915038	0	0	0	0	1	128	0	1	368	344	42	46	1910	0	0	0	1	
8522	12915071	0	0	0	0	1	128	0	1	370	344	42	46	1932	0	0	0	1	
8523	12915104	0	0	0	0	1	128	0	1	372	344	43	46	1968	0	0	0	1	
8524	12915138	0	0	0	0	1	128	0	1	372	344	43	46	1980	0	0	0	1	
8525	12915171	0	0	0	0	1	128	0	1	372	344	43	46	1997	0	0	0	1	
8526	12915205	0	0	0	0	1	128	0	1	372	344	43	46	2009	0	0	0	1	
8527	12915238	0	0	0	0	1	128	0	1	372	344	43	47	2006	0	0	0	1	
8528	12915271	0	0	0	0	1	128	0	1	372	344	43	47	2009	0	0	0	1	
8529	12915305	0	0	0	0	1	128	0	1	372	344	43	47	2007	0	0	0	1	
8530	12915338	0	0	0	0	1	128	0	1	372	346	43	46	1998	0	0	0	1	
8531	12915371	0	0	0	0	1	128	0	1	372	346	43	46	1990	0	0	0	1	
8532	12915405	0	0	0	0	1	128	0	1	370	344	41	45	1879	0	0	0	1	
8533	12915438	0	0	0	0	1	128	0	1	370	346	42	46	1956	0	0	0	1	
8534	12915471	0	0	0	0	1	128	0	1	372	346	43	46	1960	0	0	0	1	
8535	12915505	0	0	0	0	1	128	0	1	372	346	42	46	1956	0	0	0	1	
8536	12915538	0	0	0	0	1	128	0	1	372	346	43	46	1963	0	0	0	1	
8537	12915572	0	0	0	0	1	128	0	1	370	342	40	45	1792	0	0	0	1	
8538	12915605	0	0	0	0	1	128	0	1	374	346	42	46	1943	0	0	0	1	
8539	12915638	0	0	0	0	1	128	0	1	388	350	45	46	2069	0	0	0	1	
8540	12915672	0	0	0	0	1	128	0	1	388	350	45	46	2054	0	0	0	1	
8541	12915705	0	0	0	0	1	128	0	1	388	350	45	46	2064	0	0	0	1	
8542	12915738	0	0	0	0	1	128	0	1	388	350	45	47	2090	0	0	0	1	
8543	12915772	0	0	0	0	1	128	0	1	388	350	45	47	2101	0	0	0	1	
8544	12915805	0	0	0	0	1	128	0	1	388	350	45	47	2108	0	0	0	1	
8545	12915839	0	0	0	0	1	128	0	1	386	350	45	47	2114	0	0	0	1	
8546	12915872	0	0	0	0	1	128	0	1	386	350	45	47	2128	0	0	0	1	
8547	12915905	0	0	0	0	1	128	0	1	386	350	45	47	2135	0	0	0	1	
8548	12915939	0	0	0	0	1	128	0	1	386	350	45	47	2133	0	0	0	1	
8549	12915972	0	0	0	0	1	128	0	1	386	350	45	47	2115	0	0	0	1	
8550	12916005	0	0	0	0	1	128	0	1	386	350	45	47	2084	0	0	0	1	
8551	12916039	0	0	0	0	1	128	0	1	386	348	42	46	1953	0	0	0	1	
8552	12916072	0	0	0	0	1	128	0	1	386	350	44	46	2042	0	0	0	1	
8553	12916105	0	0	0	0	1	128	0	1	386	350	44	46	2023	0	0	0	1	
8554	12916139	0	0	0	0	1	128	0	1	386	350	44	46	1997	0	0	0	1	
8555	12916172	0	0	0	0	1	128	0	1	386	350	43	45	1969	0	0	0	1	
8556	12916206	0	0	0	0	1	128	0	1	386	350	43	45	1960	0	0	0	1	
8557	12916239	0	0	0	0	1	128	0	1	386	350	43	45	1959	0	0	0	1	
8558	12916272	0	0	0	0	1	128	0	1	386	350	43	45	1961	0	0	0	1	
8559	12916306	0	0	0	0	1	128	0	1	386	350	43	45	1961	0	0	0	1	
8560	12916339	0	0	0	0	1	128	0	1	386	350	43	45	1969	0	0	0	1	
8561	12916372	0	0	0	0	1	128	0	1	386	350	44	45	1983	0	0	0	1	
8562	12916406	0	0	0	0	1	128	0	1	386	350	44	46	2001	0	0	0	1	
8563	12916439	0	0	0	0	1	128	0	1	386	352	44	46	2006	0	0	0	1	
8564	12916472	0	0	0	0	1	128	0	1	382	358	44	47	2045	0	0	0	1	
8565	12916506	0	0	0	0	1	128	0	1	382	360	44	47	2060	0	0	0	1	
8566	12916539	0	0	0	0	1	128	0	1	382	360	44	46	2059	0	0	0	1	
8567	12916573	0	0	0	0	1	128	0	1	382	360	45	47	2092	0	0	0	1	
8568	12916606	0	0	0	0	1	128	0	1	380	362	45	47	2094	0	0	0	1	
8569	12916639	0	0	0	0	1	128	0	1	380	366	45	47	2099	0	0	0	1	
8570	12916673	0	0	0	0	1	128	0	1	380	370	44	48	2122	0	0	0	1	
8571	12916706	0	0	0	0	1	128	0	1	380	372	45	48	2127	0	0	0	1	
8572	12916739	0	0	0	0	1	128	0	1	378	372	44	48	2125	0	0	0	1	
8573	12916773	0	0	0	0	1	128	0	1	378	374	44	48	2118	0	0	0	1	
8574	12916806	0	0	0	0	1	128	0	1	378	376	45	47	2111	0	0	0	1	
8575	12916840	0	0	0	0	1	128	0	1	378	376	44	47	2098	0	0	0	1	
8576	12916873	0	0	0	0	1	128	0	1	378	378	44	48	2097	0	0	0	1	
8577	12916906	0	0	0	0	1	128	0	1	378	380	44	48	2112	0	0	0	1	
8578	12916940	0	0	0	0	1	128	0	1	378	380	44	48	2107	0	0	0	1	
8579	12916973	0	0	0	0	1	128	0	1	378	380	44	48	2116	0	0	0	1	
8580	12917006	0	0	0	0	1	128	0	1	376	384	44	48	2093	0	0	0	1	
8581	12917040	0	0	0	0	1	128	0	1	376	386	44	48	2107	0	0	0	1	
8582	12917073	0	0	0	0	1	128	0	1	376	386	44	48	2099	0	0	0	1	
8583	12917107	0	0	0	0	1	128	0	1	376	388	43	48	2036	0	0	0	1	
8584	12917140	0	0	0	0	1	128	0	1	376	388	44	48	2128	0	0	0	1	
8585	12917173	0	0	0	0	1	128	0	1	376	388	44	48	2127	0	0	0	1	
8586	12917207	0	0	0	0	1	128	0	1	376	388	44	48	2137	0	0	0	1	
8587	12917240	0	0	0	0	1	128	0	1	376	388	44	49	2154	0	0	0	1	
8588	12917273	0	0	0	0	1	128	0	1	376	388	44	49	2148	0	0	0	1	
8589	12917307	0	0	0	0	1	128	0	1	378	390	41	45	1840	0	0	0	1	
8590	12917340	0	0	0	0	1	128	0	1	378	384	45	49	2194	0	0	0	1	
8591	12917373	0	0	0	0	1	128	0	1	378	384	45	49	2213	0	0	0	1	
8592	12917407	0	0	0	0	1	128	0	1	378	384	45	49	2225	0	0	0	1	
8593	12917440	0	0	0	0	1	128	0	1	378	384	45	49	2227	0	0	0	1	
8594	12917474	0	0	0	0	1	128	0	1	378	384	45	49	2231	0	0	0	1	
8595	12917507	0	0	0	0	1	128	0	1	378	384	45	49	2246	0	0	0	1	
8596	12917540	0	0	0	0	1	128	0	1	378	384	45	49	2243	0	0	0	1	
8597	12917574	0	0	0	0	1	128	0	1	378	384	45	49	2227	0	0	0	1	
8598	12917607	0	0	0	0	1	128	0	1	378	384	45	49	2207	0	0	0	1	
8599	12917640	0	0	0	0	1	128	0	1	378	384	45	49	2198	0	0	0	1	
8600	12917674	0	0	0	0	1	128	0	1	378	384	45	49	2183	0	0	0	1	
8601	12917707	0	0	0	0	1	128	0	1	378	382	42	44	1850	0	0	0	1	
8602	12917740	0	0	0	0	1	128	0	0	0	0	0	0	0	0	0	0	1	
8603	12917774	0	0	0	0	1	128	0	0	0	0	0	0	0	0	0	0	1	
8604	12917807	0	0	0	0	1	128	0	0	0	0	0	0	0	0	0	0	1	
8605	12917841	0	0	0	0	1	128	0	1	376	378	37	42	1550	0	0	0	1	
8606	12917874	0	0	0	0	1	128	0	1	378	384	45	49	2175	0	0	0	1	
8607	12917907	0	0	0	0	1	128	0	1	378	382	45	49	2187	0	0	0	1	
8608	12917941	0	0	0	0	1	128	0	1	378	382	45	49	2195	0	0	0	1	
8609	12917974	0	0	0	0	1	128	0	1	376	380	45	49	2195	0	0	0	1	
8610	12918007	0	0	0	0	1	128	0	1	376	380	45	49	2196	0	0	0	1	
8611	12918041	0	0	0	0	1	128	0	1	350	390	40	49	1965	0	0	0	1	
8612	12918074	0	0	0	0	1	128	0	1	348	392	41	49	1994	0	0	0	1	
8613	12918108	0	0	0	0	1	128	0	1	348	392	41	49	1997	0	0	0	1	
8614	12918141	0	0	0	0	1	128	0	1	348	392	41	49	1997	0	0	0	1	
8615	12918174	0	0	0	0	1	128	0	1	348	392	40	50	2006	0	0	0	1	
8616	12918208	0	0	0	0	1	128	0	1	346	392	40	49	1973	0	0	0	1	
8617	12918241	0	0	0	0	1	128	0	1	346	392	40	49	1974	0	0	0	1	
8618	12918274	0	0	0	0	1	128	0	1	346	392	40	49	1955	0	0	0	1	
8619	12918308	0	0	0	0	1	128	0	1	346	392	40	49	1926	0	0	0	1	
8620	12918341	0	0	0	0	1	128	0	1	344	392	40	48	1907	0	0	0	1	
8621	12918374	0	0	0	0	1	128	0	1	346	392	39	48	1894	0	0	0	1	
8622	12918408	0	0	0	0	1	128	0	1	346	392	39	48	1877	0	0	0	1	
8623	12918441	0	0	0	0	1	128	0	1	346	392	39	48	1864	0	0	0	1	
8624	12918475	0	0	0	0	1	128	0	1	346	392	39	48	1844	0	0	0	1	
8625	12918508	0	0	0	0	1	128	0	1	346	394	39	47	1829	0	0	0	1	
8626	12918541	0	0	0	0	1	128	0	1	346	394	39	47	1819	0	0	0	1	
8627	12918575	0	0	0	0	1	128	0	1	346	394	39	47	1833	0	0	0	1	
8628	12918608	0	0	0	0	1	128	0	1	346	394	39	47	1825	0	0	0	1	
8629	12918641	0	0	0	0	1	128	0	1	356	390	42	47	1955	0	0	0	1	
8630	12918675	0	0	0	0	1	128	0	1	378	376	44	48	2122	0	0	0	1	
8631	12918708	0	0	0	0	1	128	0	1	378	378	44	48	2110	0	0	0	1	
8632	12918742	0	0	0	0	1	128	0	1	378	378	45	48	2136	0	0	0	1	
8633	12918775	0	0	0	0	1	128	0	1	378	378	45	48	2148	0	0	0	1	
8634	12918808	0	0	0	0	1	128	0	1	378	378	45	48	2177	0	0	0	1	
8635	12918842	0	0	0	0	1	128	0	1	378	378	45	49	2201	0	0	0	1	
8636	12918875	0	0	0	0	1	128	0	1	378	378	45	49	2216	0	0	0	1	
8637	12918908	0	0	0	0	1	128	0	1	378	378	45	49	2231	0	0	0	1	
8638	12918942	0	0	0	0	1	128	0	1	378	378	46	49	2244	0	0	0	1	
8639	12918975	0	0	0	0	1	128	0	1	378	378	46	49	2252	0	0	0	1	
8640	12919008	0	0	0	0	1	128	0	1	378	380	45	49	2224	0	0	0	1	
8641	12919042	0	0	0	0	1	128	0	1	376	380	45	49	2208	0	0	0	1	
8642	12919075	0	0	0	0	1	128	0	1	376	380	45	49	2205	0	0	0	1	
8643	12919109	0	0	0	0	1	128	0	1	378	382	42	48	2003	0	0	0	1	
8644	12919142	0	0	0	0	1	128	0	1	374	382	44	48	2145	0	0	0	1	
8645	12919175	0	0	0	0	1	128	0	1	364	388	42	48	2027	0	0	0	1	
8646	12919209	0	0	0	0	1	128	0	1	364	388	42	48	2027	0	0	0	1	
8647	12919242	0	0	0	0	1	128	0	1	364	388	42	48	2014	0	0	0	1	
8648	12919275	0	0	0	0	1	128	0	1	364	388	42	48	2018	0	0	0	1	
8649	12919309	0	0	0	0	1	128	0	1	364	388	42	48	2011	0	0	0	1	
8650	12919342	0	0	0	0	1	128	0	1	364	388	42	48	2015	0	0	0	1	
8651	12919376	0	0	0	0	1	128	0	1	364	388	42	48	2025	0	0	0	1	
8652	12919409	0	0	0	0	1	128	0	1	364	388	42	48	2036	0	0	0	1	
8653	12919442	0	0	0	0	1	128	0	1	364	388	43	48	2045	0	0	0	1	
8654	12919476	0	0	0	0	1	128	0	1	368	392	43	48	2088	0	0	0	1	
8655	12919509	0	0	0	0	1	128	0	1	368	392	43	49	2098	0	0	0	1	
8656	12919542	0	0	0	0	1	128	0	1	364	394	43	49	2101	0	0	0	1	
8657	12919576	0	0	0	0	1	128	0	1	354	398	41	49	2026	0	0	0	1	
8658	12919609	0	0	0	0	1	128	0	1	352	398	41	49	2039	0	0	0	1	
8659	12919642	0	0	0	0	1	128	0	1	340	396	39	50	1955	0	0	0	1	
8660	12919676	0	0	0	0	1	128	0	1	340	394	39	50	1964	0	0	0	1	
8661	12919709	0	0	0	0	1	128	0	1	338	394	39	50	1951	0	0	0	1	
8662	12919743	0	0	0	0	1	128	0	1	336	392	39	50	1939	0	0	0	1	
8663	12919776	0	0	0	0	1	128	0	1	334	390	39	49	1905	0	0	0	1	
8664	12919809	0	0	0	0	1	128	0	1	332	388	38	49	1883	0	0	0	1	
8665	12919843	0	0	0	0	1	128	0	1	328	382	37	44	1659	0	0	0	1	
8666	12919876	0	0	0	0	1	128	0	1	326	382	37	49	1837	0	0	0	1	
8667	12919909	0	0	0	0	1	128	0	1	320	376	36	48	1730	0	0	0	1	
8668	12919943	0	0	0	0	1	128	0	1	318	372	36	48	1719	0	0	0	1	
8669	12919976	0	0	0	0	1	128	0	1	318	370	35	48	1714	0	0	0	1	
8670	12920009	0	0	0	0	1	128	0	1	316	368	36	48	1713	0	0	0	1	
8671	12920043	0	0	0	0	1	128	0	1	316	366	36	48	1718	0	0	0	1	
8672	12920076	0	0	0	0	1	128	0	1	316	364	35	48	1706	0	0	0	1	
8673	12920110	0	0	0	0	1	128	0	1	316	362	36	48	1706	0	0	0	1	
8674	12920143	0	0	0	0	1	128	0	1	318	358	35	48	1706	0	0	0	1	
8675	12920176	0	0	0	0	1	128	0	1	318	356	35	48	1716	0	0	0	1	
8676	12920210	0	0	0	0	1	128	0	1	320	348	36	48	1725	0	0	0	1	
8677	12920243	0	0	0	0	1	128	0	1	322	346	36	48	1740	0	0	0	1	
8678	12920277	0	0	0	0	1	128	0	1	324	344	37	48	1760	0	0	0	1	
8679	12920310	0	0	0	0	1	128	0	1	324	342	37	48	1760	0	0	0	1	
8680	12920343	0	0	0	0	1	128	0	1	326	342	37	48	1793	0	0	0	1	
8681	12920377	0	0	0	0	1	128	0	1	328	340	38	48	1822	0	0	0	1	
8682	12920410	0	0	0	0	1	128	0	1	330	338	38	48	1849	0	0	0	1	
8683	12920443	0	0	0	0	1	128	0	1	332	338	38	49	1871	0	0	0	1	
8684	12920477	0	0	0	0	1	128	0	1	334	336	39	49	1918	0	0	0	1	
8685	12920510	0	0	0	0	1	128	0	1	338	336	40	49	1939	0	0	0	1	
8686	12920543	0	0	0	0	1	128	0	1	340	336	40	49	1972	0	0	0	1	
8687	12920577	0	0	0	0	1	128	0	1	350	336	42	49	2077	0	0	0	1	
8688	12920610	0	0	0	0	1	128	0	1	354	336	43	49	2097	0	0	0	1	
8689	12920644	0	0	0	0	1	128	0	1	358	338	43	50	2133	0	0	0	1	
8690	12920677	0	0	0	0	1	128	0	1	360	338	44	49	2164	0	0	0	1	
8691	12920710	0	0	0	0	1	128	0	1	364	340	44	50	2203	0	0	0	1	
8692	12920744	0	0	0	0	1	128	0	1	368	342	45	50	2236	0	0	0	1	
8693	12920777	0	0	0	0	1	128	0	1	370	342	46	50	2271	0	0	0	1	
8694	12920810	0	0	0	0	1	128	0	1	368	340	45	49	2224	0	0	0	1	
8695	12920844	0	0	0	0	1	128	0	1	370	342	45	50	2254	0	0	0	1	
8696	12920877	0	0	0	0	1	128	0	1	372	344	46	50	2287	0	0	0	1	
8697	12920911	0	0	0	0	1	128	0	1	374	346	46	50	2300	0	0	0	1	
8698	12920944	0	0	0	0	1	128	0	1	378	348	46	50	2295	0	0	0	1	
8699	12920977	0	0	0	0	1	128	0	1	380	352	47	50	2327	0	0	0	1	
8700	12921011	0	0	0	0	1	128	0	1	382	354	47	50	2338	0	0	0	1	
8701	12921044	0	0	0	0	1	128	0	1	382	358	47	49	2328	0	0	0	1	
8702	12921077	0	0	0	0	1	128	0	1	380	364	47	50	2331	0	0	0	1	
8703	12921111	0	0	0	0	1	128	0	1	382	366	47	50	2345	0	0	0	1	
8704	12921144	0	0	0	0	1	128	0	1	382	368	47	50	2341	0	0	0	1	
8705	12921177	0	0	0	0	1	128	0	1	382	372	47	50	2321	0	0	0	1	
8706	12921211	0	0	0	0	1	128	0	1	382	374	46	50	2294	0	0	0	1	
8707	12921244	0	0	0	0	1	128	0	1	382	374	46	49	2265	0	0	0	1	
8708	12921277	0	0	0	0	1	128	0	1	378	380	45	49	2206	0	0	0	1	
8709	12921311	0	0	0	0	1	128	0	1	378	382	45	49	2181	0	0	0	1	
8710	12921344	0	0	0	0	1	128	0	1	378	382	44	48	2142	0	0	0	1	
8711	12921378	0	0	0	0	1	128	0	1	374	388	43	48	2072	0	0	0	1	
8712	12921411	0	0	0	0	1	128	0	1	374	388	43	48	2063	0	0	0	1	
8713	12921444	0	0	0	0	1	128	0	1	374	388	43	48	2053	0	0	0	1	
8714	12921478	0	0	0	0	1	128	0	1	374	388	43	48	2049	0	0	0	1	
8715	12921511	0	0	0	0	1	128	0	1	374	388	43	48	2059	0	0	0	1	
8716	12921544	0	0	0	0	1	128	0	1	374	388	43	48	2038	0	0	0	1	
8717	12921578	0	0	0	0	1	128	0	1	374	388	43	48	2051	0	0	0	1	
8718	12921611	0	0	0	0	1	128	0	1	376	380	44	48	2108	0	0	0	1	
8719	12921645	0	0	0	0	1	128	0	1	376	380	44	48	2101	0	0	0	1	
8720	12921678	0	0	0	0	1	128	0	1	378	380	44	48	2102	0	0	0	1	
8721	12921711	0	0	0	0	1	128	0	1	378	380	44	48	2116	0	0	0	1	
8722	12921745	0	0	0	0	1	128	0	1	378	380	44	48	2129	0	0	0	1	
8723	12921778	0	0	0	0	1	128	0	1	378	382	44	48	2139	0	0	0	1	
8724	12921811	0	0	0	0	1	128	0	1	378	382	44	49	2157	0	0	0	1	
8725	12921845	0	0	0	0	1	128	0	1	378	380	45	48	2159	0	0	0	1	
8726	12921878	0	0	0	0	1	128	0	1	378	382	45	49	2173	0	0	0	1	
8727	12921912	0	0	0	0	1	128	0	1	378	382	45	49	2167	0	0	0	1	
8728	12921945	0	0	0	0	1	128	0	1	378	380	45	49	2162	0	0	0	1	
8729	12921978	0	0	0	0	1	128	0	1	378	380	44	48	2147	0	0	0	1	
8730	12922012	0	0	0	0	1	128	0	1	378	380	44	48	2136	0	0	0	1	
8731	12922045	0	0	0	0	1	128	0	1	378	380	44	48	2120	0	0	0	1	
8732	12922078	0	0	0	0	1	128	0	1	376	380	44	48	2104	0	0	0	1	
8733	12922112	0	0	0	0	1	128	0	1	376	380	44	48	2093	0	0	0	1	
8734	12922145	0	0	0	0	1	128	0	1	376	380	44	48	2084	0	0	0	1	
8735	12922179	0	0	0	0	1	128	0	1	376	380	44	48	2084	0	0	0	1	
8736	12922212	0	0	0	0	1	128	0	1	376	380	44	48	2085	0	0	0	1	
8737	12922245	0	0	0	0	1	128	0	1	376	380	43	48	2074	0	0	0	1	
8738	12922279	0	0	0	0	1	128	0	1	376	380	44	48	2087	0	0	0	1	
8739	12922312	0	0	0	0	1	128	0	1	376	380	44	48	2087	0	0	0	1	
8740	12922345	0	0	0	0	1	128	0	1	376	380	44	48	2092	0	0	0	1	
8741	12922379	0	0	0	0	1	128	0	1	382	392	37	39	1419	0	0	0	1	
8742	12922412	0	0	0	0	1	128	0	1	380	384	43	47	2030	0	0	0	1	
8743	12922445	0	0	0	0	1	128	0	0	0	0	0	0	0	0	0	0	1	
8744	12922479	0	0	0	0	1	128	0	1	376	376	34	40	1339	0	0	0	1	
8745	12922512	0	0	0	0	1	128	0	1	378	386	44	47	2058	0	0	0	1	
8746	12922546	0	0	0	0	1	128	0	1	376	384	44	47	2069	0	0	0	1	
8747	12922579	0	0	0	0	1	128	0	1	376	382	44	48	2084	0	0	0	1	
8748	12922612	0	0	0	0	1	128	0	1	376	382	44	48	2090	0	0	0	1	
8749	12922646	0	0	0	0	1	128	0	1	378	386	40	43	1738	0	0	0	1	
8750	12922679	0	0	0	0	1	128	0	1	376	380	44	48	2083	0	0	0	1	
8751	12922712	0	0	0	0	1	128	0	1	376	380	44	48	2084	0	0	0	1	
8752	12922746	0	0	0	0	1	128	0	1	376	380	44	48	2107	0	0	0	1	
8753	12922779	0	0	0	0	1	128	0	1	376	380	44	48	2116	0	0	0	1	
8754	12922812	0	0	0	0	1	128	0	1	376	380	44	48	2116	0	0	0	1	
8755	12922846	0	0	0	0	1	128	0	1	376	380	44	48	2117	0	0	0	1	
8756	12922879	0	0	0	0	1	128	0	1	378	380	44	48	2134	0	0	0	1	
8757	12922913	0	0	0	0	1	128	0	1	378	380	45	48	2154	0	0	0	1	
8758	12922946	0	0	0	0	1	128	0	1	378	380	44	48	2142	0	0	0	1	
8759	12922979	0	0	0	0	1	128	0	1	378	380	44	48	2152	0	0	0	1	
8760	12923013	0	0	0	0	1	128	0	1	378	380	44	48	2149	0	0	0	1	
8761	12923046	0	0	0	0	1	128	0	1	378	380	45	48	2151	0	0	0	1	
8762	12923079	0	0	0	0	1	128	0	1	378	380	45	48	2144	0	0	0	1	
8763	12923113	0	0	0	0	1	128	0	1	378	380	45	48	2161	0	0	0	1	
8764	12923146	0	0	0	0	1	128	0	1	378	380	45	48	2161	0	0	0	1	
8765	12923180	0	0	0	0	1	128	0	1	378	380	45	48	2163	0	0	0	1	
8766	12923213	0	0	0	0	1	128	0	1	378	380	45	48	2166	0	0	0	1	
8767	12923246	0	0	0	0	1	128	0	1	378	380	45	48	2161	0	0	0	1	
8768	12923280	0	0	0	0	1	128	0	1	378	380	44	48	2151	0	0	0	1	
8769	12923313	0	0	0	0	1	128	0	1	378	380	44	49	2155	0	0	0	1	
8770	12923346	0	0	0	0	1	128	0	1	378	380	44	48	2150	0	0	0	1	
8771	12923380	0	0	0	0	1	128	0	1	378	380	44	48	2144	0	0	0	1	
8772	12923413	0	0	0	0	1	128	0	1	378	380	44	48	2138	0	0	0	1	
8773	12923446	0	0	0	0	1	128	0	1	378	380	44	48	2132	0	0	0	1	
8774	12923480	0	0	0	0	1	128	0	1	370	378	43	48	2071	0	0	0	1	
8775	12923513	0	0	0	0	1	128	0	1	370	378	43	48	2070	0	0	0	1	
8776	12923547	0	0	0	0	1	128	0	1	370	378	43	48	2056	0	0	0	1	
8777	12923580	0	0	0	0	1	128	0	1	370	378	43	48	2052	0	0	0	1	
8778	12923613	0	0	0	0	1	128	0	1	370	378	43	47	2033	0	0	0	1	
8779	12923647	0	0	0	0	1	128	0	1	370	378	43	48	2032	0	0	0	1	
8780	12923680	0	0	0	0	1	128	0	1	370	378	43	47	2025	0	0	0	1	
8781	12923713	0	0	0	0	1	128	0	1	370	378	43	47	2015	0	0	0	1	
8782	12923747	0	0	0	0	1	128	0	1	374	378	43	47	2037	0	0	0	1	
8783	12923780	0	0	0	0	1	128	0	1	374	378	43	47	2034	0	0	0	1	
8784	12923814	0	0	0	0	1	128	0	1	374	378	43	47	2034	0	0	0	1	
8785	12923847	0	0	0	0	1	128	0	1	374	378	43	48	2041	0	0	0	1	
8786	12923880	0	0	0	0	1	128	0	1	374	378	43	47	2045	0	0	0	1	
8787	12923914	0	0	0	0	1	128	0	1	374	378	43	48	2048	0	0	0	1	
8788	12923947	0	0	0	0	1	128	0	1	374	378	43	48	2059	0	0	0	1	
8789	12923980	0	0	0	0	1	128	0	1	374	378	43	48	2059	0	0	0	1	
8790	12924014	0	0	0	0	1	128	0	1	374	378	43	48	2053	0	0	0	1	
8791	12924047	0	0	0	0	1	128	0	1	374	378	43	48	2059	0	0	0	1	
8792	12924080	0	0	0	0	1	128	0	1	374	378	43	48	2055	0	0	0	1	
8793	12924114	0	0	0	0	1	128	0	1	372	378	43	48	2059	0	0	0	1	
8794	12924147	0	0	0	0	1	128	0	1	368	376	43	47	2037	0	0	0	1	
8795	12924181	0	0	0	0	1	128	0	1	368	376	43	48	2032	0	0	0	1	
8796	12924214	0	0	0	0	1	128	0	1	368	376	43	47	2030	0	0	0	1	
8797	12924247	0	0	0	0	1	128	0	1	368	376	43	47	2029	0	0	0	1	
8798	12924281	0	0	0	0	1	128	0	1	368	376	43	47	2030	0	0	0	1	
8799	12924314	0	0	0	0	1	128	0	1	368	378	43	47	2003	0	0	0	1	
8800	12924347	0	0	0	0	1	128	0	1	364	384	41	47	1947	0	0	0	1	
8801	12924381	0	0	0	0	1	128	0	0	0	0	0	0	0	0	0	0	1	
