noise number; onset time ms; duration ms
1; 19.000000; 2.000000
2; 39.000000; 2.000000
3; 45.000000; 2.000000
4; 51.000000; 6.000000
5; 61.000000; 3.000000
6; 74.000000; 3.000000
7; 80.000000; 2.000000
8; 86.000000; 2.000000
9; 104.000000; 1.000000
10; 163.000000; 2.000000
11; 169.000000; 2.000000
12; 192.000000; 1.000000
13; 236.000000; 1.000000
14; 251.000000; 2.000000
15; 254.000000; 2.000000
16; 267.000000; 1.000000
17; 309.000000; 1.000000
18; 320.000000; 1.000000
19; 333.000000; 3.000000
20; 345.000000; 2.000000
21; 348.000000; 4.000000
22; 356.000000; 2.000000
23; 373.000000; 2.000000
24; 378.000000; 3.000000
25; 392.000000; 1.000000
26; 427.000000; 3.000000
27; 436.000000; 5.000000
28; 452.000000; 1.000000
29; 489.000000; 2.000000
30; 550.000000; 3.000000
31; 556.000000; 1.000000
32; 576.000000; 1.000000
33; 608.000000; 2.000000
34; 640.000000; 1.000000
35; 648.000000; 2.000000
36; 660.000000; 1.000000
37; 662.000000; 3.000000
38; 684.000000; 1.000000
39; 725.000000; 5.000000
40; 749.000000; 2.000000
41; 780.000000; 1.000000
42; 791.000000; 2.000000
43; 804.000000; 2.000000
44; 826.000000; 3.000000
45; 852.000000; 1.000000
46; 858.000000; 3.000000
47; 862.000000; 2.000000
48; 884.000000; 1.000000
49; 891.000000; 2.000000
50; 933.000000; 6.000000
51; 955.000000; 2.000000
52; 1004.000000; 2.000000
53; 1016.000000; 7.000000
54; 1055.000000; 2.000000
55; 1063.000000; 2.000000
56; 1074.000000; 3.000000
57; 1102.000000; 1.000000
58; 1138.000000; 1.000000
59; 1146.000000; 1.000000
60; 1203.000000; 1.000000
61; 1236.000000; 5.000000
62; 1247.000000; 6.000000
63; 1258.000000; 3.000000
64; 1262.000000; 3.000000
65; 1286.000000; 2.000000
66; 1298.000000; 2.000000
67; 1322.000000; 3.000000
68; 1330.000000; 6.000000
69; 1337.000000; 3.000000
70; 1345.000000; 1.000000
71; 1351.000000; 3.000000
72; 1357.000000; 2.000000
73; 1368.000000; 3.000000
74; 1396.000000; 4.000000
75; 1403.000000; 7.000000
76; 1413.000000; 5.000000
77; 1421.000000; 4.000000
78; 1433.000000; 8.000000
79; 1444.000000; 3.000000
80; 1450.000000; 7.000000
81; 1458.000000; 7.000000
82; 1472.000000; 7.000000
83; 1480.000000; 8.000000
84; 1525.000000; 11.000000
85; 1595.000000; 11.000000
86; 1689.000000; 5.000000
87; 1695.000000; 5.000000
88; 1701.000000; 5.000000
89; 1707.000000; 5.000000
90; 2042.000000; 4.000000
91; 2183.000000; 4.000000
92; 2191.000000; 8.000000
93; 2202.000000; 9.000000
94; 2273.000000; 8.000000
95; 2391.000000; 3.000000
96; 2395.000000; 4.000000
97; 2427.000000; 7.000000
98; 2437.000000; 9.000000
99; 2497.000000; 8.000000
100; 2509.000000; 8.000000
101; 2521.000000; 7.000000
102; 2531.000000; 9.000000
103; 2544.000000; 8.000000
104; 2591.000000; 3.000000
105; 2595.000000; 6.000000
106; 2602.000000; 8.000000
107; 2615.000000; 8.000000
108; 2627.000000; 7.000000
109; 2638.000000; 8.000000
110; 2650.000000; 7.000000
111; 2661.000000; 9.000000
112; 2708.000000; 10.000000
113; 2721.000000; 8.000000
114; 2730.000000; 9.000000
115; 2744.000000; 3.000000
116; 2768.000000; 8.000000
117; 2815.000000; 3.000000
118; 2819.000000; 5.000000
119; 2862.000000; 3.000000
120; 2866.000000; 4.000000
121; 2873.000000; 15.000000
122; 2889.000000; 3.000000
123; 2893.000000; 2.000000
124; 2896.000000; 9.000000
125; 2944.000000; 4.000000
126; 2949.000000; 4.000000
127; 2956.000000; 4.000000
128; 2961.000000; 2.000000
129; 2979.000000; 4.000000
130; 2986.000000; 3.000000
131; 2992.000000; 3.000000
132; 2996.000000; 4.000000
133; 3020.000000; 4.000000
134; 3027.000000; 3.000000
135; 3033.000000; 3.000000
136; 3043.000000; 5.000000
137; 3049.000000; 4.000000
138; 3074.000000; 3.000000
139; 3086.000000; 3.000000
140; 3090.000000; 2.000000
141; 3093.000000; 13.000000
142; 3109.000000; 5.000000
143; 3118.000000; 6.000000
144; 3133.000000; 4.000000
145; 3145.000000; 3.000000
146; 3149.000000; 13.000000
147; 3168.000000; 3.000000
148; 3179.000000; 7.000000
149; 3189.000000; 5.000000
150; 3203.000000; 8.000000
151; 3216.000000; 5.000000
152; 3228.000000; 3.000000
153; 3273.000000; 8.000000
154; 3298.000000; 4.000000
155; 3305.000000; 1.000000
156; 3309.000000; 3.000000
157; 3316.000000; 2.000000
158; 3324.000000; 2.000000
159; 3334.000000; 2.000000
160; 3358.000000; 2.000000
161; 3370.000000; 1.000000
162; 3374.000000; 1.000000
163; 3383.000000; 1.000000
164; 3398.000000; 1.000000
165; 3409.000000; 3.000000
166; 3434.000000; 1.000000
167; 3441.000000; 1.000000
168; 3451.000000; 3.000000
169; 3455.000000; 2.000000
170; 3467.000000; 2.000000
171; 3476.000000; 2.000000
172; 3493.000000; 3.000000
173; 3505.000000; 2.000000
174; 3547.000000; 3.000000
175; 3658.000000; 2.000000
176; 3661.000000; 5.000000
177; 3679.000000; 4.000000
178; 3686.000000; 2.000000
179; 3706.000000; 3.000000
180; 3714.000000; 3.000000
181; 3722.000000; 2.000000
182; 3761.000000; 1.000000
183; 3791.000000; 3.000000
184; 3818.000000; 3.000000
185; 3832.000000; 1.000000
186; 3841.000000; 1.000000
187; 3843.000000; 2.000000
188; 3849.000000; 4.000000
189; 3862.000000; 1.000000
190; 3872.000000; 3.000000
191; 3893.000000; 3.000000
192; 3897.000000; 5.000000
193; 3907.000000; 1.000000
194; 3909.000000; 4.000000
195; 3927.000000; 1.000000
196; 3933.000000; 5.000000
197; 3954.000000; 1.000000
198; 3956.000000; 3.000000
199; 3968.000000; 2.000000
200; 3975.000000; 1.000000
201; 3979.000000; 1.000000
202; 3981.000000; 2.000000
203; 3988.000000; 9.000000
204; 4004.000000; 2.000000
205; 4049.000000; 2.000000
206; 4056.000000; 1.000000
207; 4063.000000; 3.000000
208; 4109.000000; 3.000000
209; 4119.000000; 1.000000
210; 4121.000000; 3.000000
211; 4130.000000; 4.000000
212; 4146.000000; 1.000000
213; 4148.000000; 3.000000
214; 4167.000000; 1.000000
215; 4193.000000; 2.000000
216; 4196.000000; 4.000000
217; 4203.000000; 3.000000
218; 4220.000000; 1.000000
219; 4227.000000; 6.000000
220; 4239.000000; 3.000000
221; 4248.000000; 5.000000
222; 4275.000000; 2.000000
223; 4283.000000; 5.000000
224; 4292.000000; 1.000000
225; 4304.000000; 1.000000
226; 4306.000000; 6.000000
227; 4317.000000; 1.000000
228; 4319.000000; 4.000000
229; 4331.000000; 4.000000
230; 4349.000000; 2.000000
231; 4373.000000; 2.000000
232; 4378.000000; 8.000000
233; 4389.000000; 4.000000
234; 4401.000000; 3.000000
235; 4416.000000; 2.000000
236; 4426.000000; 4.000000
237; 4431.000000; 4.000000
238; 4439.000000; 3.000000
239; 4452.000000; 1.000000
240; 4463.000000; 2.000000
241; 4476.000000; 2.000000
242; 4485.000000; 4.000000
243; 4499.000000; 1.000000
244; 4503.000000; 3.000000
245; 4509.000000; 3.000000
246; 4522.000000; 3.000000
247; 4534.000000; 2.000000
248; 4540.000000; 2.000000
249; 4556.000000; 1.000000
250; 4564.000000; 6.000000
251; 4627.000000; 3.000000
252; 4631.000000; 6.000000
253; 4668.000000; 20.000000
254; 4692.000000; 8.000000
255; 4701.000000; 5.000000
256; 4762.000000; 9.000000
257; 4772.000000; 5.000000
258; 4807.000000; 11.000000
259; 4821.000000; 3.000000
260; 4825.000000; 5.000000
261; 4884.000000; 4.000000
262; 4944.000000; 3.000000
263; 4948.000000; 5.000000
264; 4956.000000; 3.000000
265; 4962.000000; 3.000000
266; 4984.000000; 4.000000
267; 4991.000000; 3.000000
268; 4995.000000; 5.000000
269; 5001.000000; 5.000000
270; 5009.000000; 3.000000
271; 5015.000000; 3.000000
272; 5019.000000; 4.000000
273; 5026.000000; 4.000000
274; 5031.000000; 11.000000
275; 5043.000000; 4.000000
276; 5068.000000; 9.000000
277; 5097.000000; 3.000000
278; 5103.000000; 3.000000
279; 5148.000000; 11.000000
280; 5162.000000; 3.000000
281; 5168.000000; 3.000000
282; 5215.000000; 9.000000
283; 5225.000000; 5.000000
284; 5233.000000; 3.000000
285; 5262.000000; 3.000000
286; 5266.000000; 5.000000
287; 5313.000000; 11.000000
288; 5325.000000; 5.000000
289; 5349.000000; 4.000000
290; 5356.000000; 3.000000
291; 5409.000000; 3.000000
292; 5413.000000; 5.000000
293; 5448.000000; 5.000000
294; 5456.000000; 3.000000
295; 5509.000000; 3.000000
296; 5515.000000; 3.000000
297; 5579.000000; 4.000000
298; 5591.000000; 4.000000
299; 5596.000000; 2.000000
300; 5599.000000; 8.000000
301; 5625.000000; 1.000000
302; 5629.000000; 1.000000
303; 5642.000000; 1.000000
304; 5684.000000; 7.000000
305; 5706.000000; 2.000000
306; 5746.000000; 2.000000
307; 5832.000000; 3.000000
308; 5836.000000; 2.000000
309; 5856.000000; 1.000000
310; 5867.000000; 2.000000
311; 5946.000000; 3.000000
312; 6036.000000; 2.000000
313; 6047.000000; 3.000000
314; 6051.000000; 6.000000
315; 6065.000000; 1.000000
316; 6082.000000; 1.000000
317; 6094.000000; 5.000000
318; 6134.000000; 2.000000
319; 6154.000000; 5.000000
320; 6165.000000; 10.000000
321; 6192.000000; 3.000000
322; 6204.000000; 3.000000
323; 6227.000000; 3.000000
324; 6236.000000; 1.000000
325; 6238.000000; 4.000000
326; 6251.000000; 2.000000
327; 6263.000000; 1.000000
328; 6275.000000; 2.000000
329; 6286.000000; 6.000000
330; 6315.000000; 3.000000
331; 6322.000000; 5.000000
332; 6352.000000; 2.000000
333; 6357.000000; 2.000000
334; 6360.000000; 2.000000
335; 6365.000000; 5.000000
336; 6380.000000; 3.000000
337; 6392.000000; 3.000000
338; 6419.000000; 2.000000
339; 6435.000000; 3.000000
340; 6450.000000; 4.000000
341; 6460.000000; 1.000000
342; 6464.000000; 2.000000
343; 6471.000000; 5.000000
344; 6485.000000; 3.000000
345; 6498.000000; 5.000000
346; 6510.000000; 2.000000
347; 6517.000000; 1.000000
348; 6521.000000; 2.000000
349; 6576.000000; 8.000000
350; 6592.000000; 3.000000
351; 6626.000000; 5.000000
352; 6639.000000; 1.000000
353; 6664.000000; 1.000000
354; 6705.000000; 3.000000
355; 6709.000000; 4.000000
356; 6734.000000; 1.000000
357; 6745.000000; 3.000000
358; 6759.000000; 1.000000
359; 6767.000000; 1.000000
360; 6771.000000; 2.000000
361; 6790.000000; 7.000000
362; 6825.000000; 1.000000
363; 6827.000000; 3.000000
364; 6874.000000; 4.000000
365; 6886.000000; 3.000000
366; 6899.000000; 2.000000
367; 6910.000000; 3.000000
368; 6922.000000; 2.000000
369; 6925.000000; 2.000000
370; 6933.000000; 2.000000
371; 6946.000000; 2.000000
372; 6954.000000; 6.000000
373; 6969.000000; 3.000000
374; 6993.000000; 2.000000
375; 7005.000000; 2.000000
376; 7008.000000; 2.000000
377; 7016.000000; 2.000000
378; 7043.000000; 13.000000
379; 7063.000000; 3.000000
380; 7075.000000; 5.000000
381; 7087.000000; 5.000000
382; 7098.000000; 3.000000
383; 7110.000000; 3.000000
384; 7120.000000; 1.000000
385; 7122.000000; 3.000000
386; 7134.000000; 2.000000
387; 7137.000000; 2.000000
388; 7143.000000; 6.000000
389; 7165.000000; 2.000000
390; 7168.000000; 6.000000
391; 7178.000000; 5.000000
392; 7190.000000; 5.000000
393; 7204.000000; 3.000000
394; 7228.000000; 1.000000
395; 7235.000000; 1.000000
396; 7240.000000; 2.000000
397; 7246.000000; 3.000000
398; 7252.000000; 1.000000
399; 7263.000000; 3.000000
400; 7270.000000; 7.000000
401; 7285.000000; 4.000000
402; 7294.000000; 7.000000
403; 7306.000000; 1.000000
404; 7310.000000; 5.000000
405; 7322.000000; 2.000000
406; 7334.000000; 2.000000
407; 7343.000000; 1.000000
408; 7345.000000; 5.000000
409; 7357.000000; 3.000000
410; 7367.000000; 5.000000
411; 7381.000000; 2.000000
412; 7386.000000; 3.000000
413; 7392.000000; 3.000000
414; 7399.000000; 1.000000
415; 7405.000000; 2.000000
416; 7412.000000; 3.000000
417; 7416.000000; 2.000000
418; 7424.000000; 6.000000
419; 7440.000000; 2.000000
420; 7451.000000; 3.000000
421; 7461.000000; 2.000000
422; 7475.000000; 5.000000
423; 7485.000000; 4.000000
424; 7496.000000; 5.000000
425; 7510.000000; 3.000000
426; 7514.000000; 2.000000
427; 7522.000000; 5.000000
428; 7542.000000; 6.000000
429; 7555.000000; 5.000000
430; 7589.000000; 6.000000
431; 7614.000000; 5.000000
432; 7628.000000; 3.000000
433; 7636.000000; 6.000000
434; 7646.000000; 10.000000
435; 7705.000000; 1.000000
436; 7731.000000; 5.000000
437; 7743.000000; 4.000000
438; 7781.000000; 2.000000
439; 7860.000000; 6.000000
440; 7873.000000; 5.000000
441; 7881.000000; 3.000000
442; 7888.000000; 1.000000
443; 7899.000000; 2.000000
444; 7907.000000; 3.000000
445; 7913.000000; 1.000000
446; 7935.000000; 1.000000
447; 7947.000000; 1.000000
448; 7958.000000; 2.000000
449; 8011.000000; 3.000000
450; 8015.000000; 4.000000
451; 8020.000000; 3.000000
452; 8034.000000; 1.000000
453; 8046.000000; 1.000000
454; 8053.000000; 1.000000
455; 8058.000000; 1.000000
456; 8060.000000; 6.000000
457; 8072.000000; 2.000000
458; 8152.000000; 2.000000
459; 8155.000000; 2.000000
460; 8178.000000; 2.000000
461; 8187.000000; 2.000000
462; 8211.000000; 4.000000
463; 8226.000000; 8.000000
464; 8266.000000; 1.000000
465; 8268.000000; 2.000000
466; 8302.000000; 2.000000
467; 8321.000000; 1.000000
468; 8338.000000; 2.000000
469; 8370.000000; 3.000000
470; 8374.000000; 2.000000
471; 8379.000000; 1.000000
472; 8385.000000; 2.000000
473; 8397.000000; 1.000000
474; 8462.000000; 5.000000
475; 8475.000000; 1.000000
476; 8492.000000; 1.000000
477; 8496.000000; 4.000000
478; 8521.000000; 3.000000
479; 8525.000000; 2.000000
480; 8531.000000; 5.000000
481; 8539.000000; 2.000000
482; 8546.000000; 2.000000
483; 8549.000000; 2.000000
484; 8598.000000; 3.000000
485; 8606.000000; 1.000000
486; 8615.000000; 2.000000
487; 8633.000000; 1.000000
488; 8659.000000; 1.000000
489; 8661.000000; 2.000000
490; 8667.000000; 2.000000
491; 8691.000000; 3.000000
492; 8698.000000; 3.000000
493; 8702.000000; 6.000000
494; 8709.000000; 2.000000
495; 8715.000000; 9.000000
496; 8727.000000; 3.000000
497; 8734.000000; 5.000000
498; 8751.000000; 2.000000
499; 8754.000000; 4.000000
500; 8767.000000; 5.000000
501; 8776.000000; 1.000000
502; 8780.000000; 1.000000
503; 8797.000000; 1.000000
504; 8805.000000; 2.000000
505; 8816.000000; 6.000000
506; 8827.000000; 3.000000
507; 8833.000000; 3.000000
508; 8850.000000; 3.000000
509; 8856.000000; 2.000000
510; 8863.000000; 2.000000
511; 8874.000000; 1.000000
512; 8879.000000; 2.000000
513; 8887.000000; 5.000000
514; 8895.000000; 1.000000
515; 8899.000000; 5.000000
516; 8909.000000; 3.000000
517; 8920.000000; 6.000000
518; 8933.000000; 3.000000
519; 8939.000000; 2.000000
520; 8945.000000; 2.000000
521; 8966.000000; 5.000000
522; 8972.000000; 4.000000
523; 8979.000000; 1.000000
524; 8985.000000; 2.000000
525; 8993.000000; 1.000000
526; 9005.000000; 1.000000
527; 9013.000000; 6.000000
528; 9025.000000; 2.000000
529; 9028.000000; 2.000000
530; 9033.000000; 1.000000
531; 9039.000000; 3.000000
532; 9051.000000; 5.000000
533; 9062.000000; 2.000000
534; 9099.000000; 2.000000
535; 9102.000000; 3.000000
536; 9110.000000; 6.000000
537; 9122.000000; 1.000000
538; 9137.000000; 1.000000
539; 9145.000000; 1.000000
540; 9157.000000; 2.000000
541; 9164.000000; 1.000000
542; 9176.000000; 7.000000
543; 9199.000000; 2.000000
544; 9204.000000; 2.000000
545; 9216.000000; 1.000000
546; 9239.000000; 7.000000
547; 9274.000000; 7.000000
548; 9284.000000; 1.000000
549; 9316.000000; 2.000000
550; 9323.000000; 1.000000
551; 9327.000000; 2.000000
552; 9334.000000; 2.000000
553; 9356.000000; 3.000000
554; 9360.000000; 3.000000
555; 9387.000000; 1.000000
556; 9396.000000; 1.000000
557; 9416.000000; 6.000000
558; 9432.000000; 3.000000
559; 9456.000000; 1.000000
560; 9458.000000; 3.000000
561; 9468.000000; 2.000000
562; 9475.000000; 2.000000
563; 9483.000000; 1.000000
564; 9485.000000; 3.000000
565; 9496.000000; 2.000000
566; 9527.000000; 3.000000
567; 9533.000000; 2.000000
568; 9598.000000; 8.000000
569; 9616.000000; 3.000000
570; 9623.000000; 3.000000
571; 9627.000000; 6.000000
572; 9650.000000; 4.000000
573; 9661.000000; 1.000000
574; 9663.000000; 3.000000
575; 9671.000000; 1.000000
576; 9675.000000; 4.000000
577; 9686.000000; 6.000000
578; 9710.000000; 5.000000
579; 9716.000000; 2.000000
580; 9722.000000; 2.000000
581; 9734.000000; 1.000000
582; 9745.000000; 3.000000
583; 9757.000000; 3.000000
584; 9769.000000; 7.000000
585; 9780.000000; 4.000000
586; 9789.000000; 1.000000
587; 9794.000000; 1.000000
588; 9803.000000; 4.000000
589; 9814.000000; 5.000000
590; 9825.000000; 4.000000
591; 9851.000000; 5.000000
592; 9863.000000; 2.000000
593; 9875.000000; 2.000000
594; 9883.000000; 2.000000
595; 9886.000000; 3.000000
596; 9899.000000; 2.000000
597; 9910.000000; 3.000000
598; 9917.000000; 1.000000
599; 9922.000000; 2.000000
600; 9932.000000; 5.000000
601; 9946.000000; 2.000000
602; 9951.000000; 1.000000
603; 9953.000000; 7.000000
604; 9988.000000; 1.000000
605; 9992.000000; 3.000000
606; 10004.000000; 3.000000
607; 10011.000000; 1.000000
608; 10015.000000; 4.000000
609; 10043.000000; 1.000000
610; 10049.000000; 5.000000
611; 10065.000000; 1.000000
612; 10075.000000; 3.000000
613; 10082.000000; 2.000000
614; 10087.000000; 2.000000
615; 10095.000000; 6.000000
616; 10110.000000; 2.000000
617; 10122.000000; 3.000000
618; 10135.000000; 1.000000
619; 10146.000000; 2.000000
620; 10155.000000; 5.000000
621; 10161.000000; 4.000000
622; 10169.000000; 5.000000
623; 10178.000000; 6.000000
624; 10190.000000; 1.000000
625; 10192.000000; 3.000000
626; 10203.000000; 4.000000
627; 10216.000000; 3.000000
628; 10228.000000; 2.000000
629; 10247.000000; 3.000000
630; 10251.000000; 4.000000
631; 10263.000000; 3.000000
632; 10272.000000; 6.000000
633; 10283.000000; 2.000000
634; 10295.000000; 1.000000
635; 10297.000000; 4.000000
636; 10308.000000; 5.000000
637; 10317.000000; 2.000000
638; 10334.000000; 3.000000
639; 10356.000000; 4.000000
640; 10365.000000; 2.000000
641; 10368.000000; 7.000000
642; 10405.000000; 2.000000
643; 10411.000000; 2.000000
644; 10417.000000; 2.000000
645; 10422.000000; 2.000000
646; 10441.000000; 2.000000
647; 10450.000000; 4.000000
648; 10463.000000; 3.000000
649; 10473.000000; 1.000000
650; 10475.000000; 3.000000
651; 10486.000000; 1.000000
652; 10506.000000; 3.000000
653; 10512.000000; 1.000000
654; 10572.000000; 2.000000
655; 10598.000000; 2.000000
656; 10615.000000; 2.000000
657; 10625.000000; 3.000000
658; 10633.000000; 1.000000
659; 10638.000000; 1.000000
660; 10695.000000; 1.000000
661; 10701.000000; 3.000000
662; 10707.000000; 1.000000
663; 10737.000000; 2.000000
664; 10749.000000; 1.000000
665; 10758.000000; 2.000000
666; 10770.000000; 2.000000
667; 10773.000000; 3.000000
668; 10793.000000; 2.000000
669; 10823.000000; 2.000000
670; 10849.000000; 2.000000
671; 10865.000000; 3.000000
672; 10873.000000; 1.000000
673; 10879.000000; 7.000000
674; 10903.000000; 1.000000
675; 10958.000000; 6.000000
676; 10970.000000; 3.000000
677; 11041.000000; 5.000000
678; 11068.000000; 5.000000
679; 11074.000000; 3.000000
680; 11085.000000; 2.000000
681; 11101.000000; 3.000000
682; 11110.000000; 3.000000
683; 11126.000000; 3.000000
684; 11140.000000; 2.000000
685; 11147.000000; 1.000000
686; 11157.000000; 3.000000
687; 11161.000000; 2.000000
688; 11168.000000; 3.000000
689; 11172.000000; 4.000000
690; 11196.000000; 3.000000
691; 11200.000000; 5.000000
692; 11214.000000; 5.000000
693; 11232.000000; 2.000000
694; 11244.000000; 3.000000
695; 11261.000000; 1.000000
696; 11263.000000; 5.000000
697; 11279.000000; 1.000000
698; 11281.000000; 8.000000
699; 11292.000000; 1.000000
700; 11294.000000; 3.000000
701; 11309.000000; 2.000000
702; 11321.000000; 1.000000
703; 11329.000000; 1.000000
704; 11334.000000; 2.000000
705; 11337.000000; 4.000000
706; 11345.000000; 3.000000
707; 11351.000000; 2.000000
708; 11357.000000; 2.000000
709; 11360.000000; 2.000000
710; 11370.000000; 1.000000
711; 11372.000000; 4.000000
712; 11381.000000; 1.000000
713; 11383.000000; 3.000000
714; 11396.000000; 2.000000
715; 11409.000000; 2.000000
716; 11417.000000; 2.000000
717; 11425.000000; 6.000000
718; 11461.000000; 2.000000
719; 11484.000000; 1.000000
720; 11486.000000; 4.000000
721; 11552.000000; 3.000000
722; 11556.000000; 4.000000
723; 11568.000000; 3.000000
724; 11572.000000; 3.000000
725; 11586.000000; 1.000000
726; 11592.000000; 5.000000
727; 11600.000000; 2.000000
728; 11603.000000; 3.000000
729; 11607.000000; 2.000000
730; 11615.000000; 4.000000
731; 11622.000000; 1.000000
732; 11633.000000; 1.000000
733; 11651.000000; 2.000000
734; 11690.000000; 4.000000
735; 11699.000000; 6.000000
736; 11710.000000; 3.000000
737; 11722.000000; 1.000000
738; 11724.000000; 3.000000
739; 11731.000000; 1.000000
740; 11737.000000; 3.000000
741; 11743.000000; 3.000000
742; 11749.000000; 2.000000
743; 11769.000000; 5.000000
744; 11779.000000; 2.000000
745; 11842.000000; 1.000000
746; 11846.000000; 1.000000
747; 11852.000000; 2.000000
748; 11861.000000; 9.000000
749; 11873.000000; 3.000000
750; 11877.000000; 2.000000
751; 11884.000000; 1.000000
752; 11886.000000; 3.000000
753; 11896.000000; 9.000000
754; 11911.000000; 2.000000
755; 11914.000000; 2.000000
756; 11920.000000; 9.000000
757; 11930.000000; 3.000000
758; 11944.000000; 3.000000
759; 11957.000000; 2.000000
760; 11960.000000; 4.000000
761; 11965.000000; 8.000000
762; 11977.000000; 1.000000
763; 11985.000000; 2.000000
764; 11998.000000; 2.000000
765; 12001.000000; 6.000000
766; 12008.000000; 2.000000
767; 12013.000000; 9.000000
768; 12028.000000; 5.000000
769; 12036.000000; 2.000000
770; 12039.000000; 4.000000
771; 12050.000000; 3.000000
772; 12061.000000; 3.000000
773; 12069.000000; 1.000000
774; 12073.000000; 8.000000
775; 12086.000000; 7.000000
776; 12096.000000; 6.000000
777; 12103.000000; 2.000000
778; 12108.000000; 8.000000
779; 12121.000000; 7.000000
780; 12139.000000; 1.000000
781; 12144.000000; 8.000000
782; 12153.000000; 10.000000
783; 12166.000000; 10.000000
784; 12177.000000; 18.000000
785; 12198.000000; 2.000000
786; 12203.000000; 3.000000
787; 12207.000000; 3.000000
788; 12215.000000; 7.000000
789; 12223.000000; 6.000000
790; 12232.000000; 1.000000
791; 12239.000000; 15.000000
792; 12261.000000; 4.000000
793; 12273.000000; 7.000000
794; 12285.000000; 19.000000
795; 12305.000000; 12.000000
796; 12318.000000; 7.000000
797; 12334.000000; 4.000000
798; 12344.000000; 9.000000
799; 12354.000000; 6.000000
800; 12367.000000; 5.000000
801; 12385.000000; 2.000000
802; 12388.000000; 7.000000
803; 12396.000000; 3.000000
804; 12402.000000; 3.000000
805; 12406.000000; 3.000000
806; 12414.000000; 4.000000
807; 12422.000000; 13.000000
808; 12436.000000; 2.000000
809; 12444.000000; 1.000000
810; 12446.000000; 2.000000
811; 12451.000000; 6.000000
812; 12461.000000; 5.000000
813; 12474.000000; 7.000000
814; 12482.000000; 4.000000
815; 12487.000000; 3.000000
816; 12496.000000; 2.000000
817; 12502.000000; 1.000000
818; 12507.000000; 10.000000
819; 12518.000000; 7.000000
820; 12532.000000; 5.000000
821; 12538.000000; 13.000000
822; 12555.000000; 5.000000
823; 12566.000000; 8.000000
824; 12578.000000; 5.000000
825; 12584.000000; 2.000000
826; 12590.000000; 2.000000
827; 12597.000000; 2.000000
828; 12600.000000; 6.000000
829; 12607.000000; 3.000000
830; 12611.000000; 11.000000
831; 12626.000000; 5.000000
832; 12635.000000; 11.000000
833; 12649.000000; 8.000000
834; 12660.000000; 10.000000
835; 12671.000000; 10.000000
836; 12685.000000; 2.000000
837; 12691.000000; 3.000000
838; 12697.000000; 1.000000
839; 12707.000000; 8.000000
840; 12719.000000; 5.000000
841; 12727.000000; 2.000000
842; 12730.000000; 4.000000
843; 12737.000000; 3.000000
844; 12741.000000; 7.000000
845; 12749.000000; 22.000000
846; 12779.000000; 4.000000
847; 12786.000000; 3.000000
848; 12805.000000; 5.000000
849; 12823.000000; 8.000000
850; 12838.000000; 2.000000
851; 12845.000000; 1.000000
852; 12849.000000; 3.000000
853; 12855.000000; 3.000000
854; 12861.000000; 2.000000
855; 12867.000000; 2.000000
856; 12873.000000; 3.000000
857; 12883.000000; 1.000000
858; 12887.000000; 6.000000
859; 12896.000000; 3.000000
860; 12907.000000; 4.000000
861; 12918.000000; 6.000000
862; 12931.000000; 5.000000
863; 12964.000000; 1.000000
864; 12966.000000; 4.000000
865; 12989.000000; 1.000000
866; 12991.000000; 3.000000
867; 13004.000000; 2.000000
868; 13014.000000; 3.000000
869; 13020.000000; 6.000000
870; 13046.000000; 3.000000
871; 13050.000000; 8.000000
872; 13061.000000; 4.000000
873; 13068.000000; 3.000000
874; 13076.000000; 2.000000
875; 13086.000000; 3.000000
876; 13092.000000; 2.000000
877; 13097.000000; 3.000000
878; 13118.000000; 2.000000
879; 13132.000000; 2.000000
880; 13145.000000; 3.000000
881; 13152.000000; 1.000000
882; 13163.000000; 1.000000
883; 13193.000000; 1.000000
884; 13201.000000; 7.000000
885; 13239.000000; 7.000000
886; 13255.000000; 3.000000
887; 13263.000000; 2.000000
888; 13276.000000; 2.000000
889; 13279.000000; 3.000000
890; 13354.000000; 1.000000
891; 13356.000000; 3.000000
892; 13380.000000; 1.000000
893; 13393.000000; 1.000000
894; 13397.000000; 1.000000
895; 13404.000000; 2.000000
896; 13407.000000; 4.000000
897; 13415.000000; 1.000000
898; 13433.000000; 1.000000
899; 13451.000000; 2.000000
900; 13454.000000; 4.000000
901; 13463.000000; 3.000000
902; 13473.000000; 4.000000
903; 13492.000000; 2.000000
904; 13510.000000; 3.000000
905; 13545.000000; 3.000000
906; 13551.000000; 9.000000
907; 13571.000000; 1.000000
908; 13579.000000; 2.000000
909; 13592.000000; 1.000000
910; 13596.000000; 2.000000
911; 13609.000000; 1.000000
912; 13617.000000; 1.000000
913; 13652.000000; 2.000000
914; 13663.000000; 2.000000
915; 13668.000000; 2.000000
916; 13684.000000; 6.000000
917; 13691.000000; 2.000000
918; 13698.000000; 3.000000
919; 13702.000000; 3.000000
920; 13711.000000; 3.000000
921; 13719.000000; 5.000000
922; 13732.000000; 4.000000
923; 13737.000000; 3.000000
924; 13745.000000; 2.000000
925; 13753.000000; 3.000000
926; 13764.000000; 3.000000
927; 13768.000000; 4.000000
928; 13773.000000; 2.000000
929; 13805.000000; 1.000000
930; 13807.000000; 2.000000
931; 13816.000000; 6.000000
932; 13840.000000; 1.000000
933; 13848.000000; 5.000000
934; 13856.000000; 2.000000
935; 13867.000000; 1.000000
936; 13881.000000; 1.000000
937; 13888.000000; 1.000000
938; 13892.000000; 1.000000
939; 13898.000000; 3.000000
940; 13911.000000; 2.000000
941; 13914.000000; 2.000000
942; 13927.000000; 1.000000
943; 13946.000000; 5.000000
944; 13957.000000; 3.000000
945; 13980.000000; 2.000000
946; 14005.000000; 2.000000
947; 14012.000000; 1.000000
948; 14016.000000; 2.000000
949; 14019.000000; 2.000000
950; 14033.000000; 2.000000
951; 14039.000000; 2.000000
952; 14051.000000; 2.000000
953; 14068.000000; 2.000000
954; 14071.000000; 2.000000
955; 14080.000000; 3.000000
956; 14092.000000; 2.000000
957; 14100.000000; 1.000000
958; 14107.000000; 1.000000
959; 14114.000000; 3.000000
960; 14122.000000; 2.000000
961; 14139.000000; 1.000000
962; 14156.000000; 1.000000
963; 14158.000000; 2.000000
964; 14163.000000; 2.000000
965; 14185.000000; 3.000000
966; 14193.000000; 5.000000
967; 14219.000000; 1.000000
968; 14221.000000; 2.000000
969; 14228.000000; 1.000000
970; 14240.000000; 2.000000
971; 14249.000000; 2.000000
972; 14263.000000; 3.000000
973; 14319.000000; 8.000000
974; 14344.000000; 4.000000
975; 14355.000000; 4.000000
976; 14364.000000; 2.000000
977; 14381.000000; 4.000000
978; 14389.000000; 2.000000
979; 14392.000000; 3.000000
980; 14400.000000; 5.000000
981; 14413.000000; 7.000000
982; 14462.000000; 5.000000
983; 14476.000000; 2.000000
984; 14483.000000; 1.000000
985; 14487.000000; 1.000000
986; 14492.000000; 2.000000
987; 14495.000000; 2.000000
988; 14498.000000; 2.000000
989; 14504.000000; 1.000000
990; 14508.000000; 9.000000
991; 14518.000000; 10.000000
992; 14532.000000; 7.000000
993; 14544.000000; 4.000000
994; 14551.000000; 12.000000
995; 14567.000000; 8.000000
996; 14579.000000; 5.000000
997; 14593.000000; 2.000000
998; 14601.000000; 3.000000
999; 14607.000000; 2.000000
1000; 14616.000000; 6.000000
1001; 14628.000000; 3.000000
1002; 14636.000000; 1.000000
1003; 14652.000000; 1.000000
1004; 14661.000000; 9.000000
1005; 14671.000000; 11.000000
1006; 14687.000000; 3.000000
1007; 14697.000000; 1.000000
1008; 14704.000000; 2.000000
1009; 14707.000000; 3.000000
1010; 14715.000000; 1.000000
1011; 14720.000000; 5.000000
1012; 14728.000000; 13.000000
1013; 14745.000000; 4.000000
1014; 14756.000000; 4.000000
1015; 14767.000000; 1.000000
1016; 14769.000000; 5.000000
1017; 14775.000000; 3.000000
1018; 14789.000000; 7.000000
1019; 14805.000000; 5.000000
1020; 14815.000000; 6.000000
1021; 14826.000000; 5.000000
1022; 14836.000000; 6.000000
1023; 14855.000000; 2.000000
1024; 14864.000000; 5.000000
1025; 14870.000000; 4.000000
1026; 14878.000000; 7.000000
1027; 14886.000000; 4.000000
1028; 14893.000000; 1.000000
1029; 14897.000000; 7.000000
1030; 14908.000000; 5.000000
1031; 14919.000000; 8.000000
1032; 14930.000000; 8.000000
1033; 14955.000000; 10.000000
1034; 14966.000000; 10.000000
1035; 14977.000000; 2.000000
1036; 14980.000000; 6.000000
1037; 14989.000000; 2.000000
1038; 14992.000000; 7.000000
1039; 15000.000000; 3.000000
1040; 15004.000000; 6.000000
1041; 15013.000000; 9.000000
1042; 15025.000000; 8.000000
1043; 15036.000000; 1.000000
1044; 15040.000000; 5.000000
1045; 15046.000000; 8.000000
1046; 15057.000000; 2.000000
1047; 15060.000000; 6.000000
1048; 15067.000000; 3.000000
1049; 15073.000000; 3.000000
1050; 15087.000000; 6.000000
1051; 15141.000000; 3.000000
1052; 15145.000000; 3.000000
1053; 15155.000000; 4.000000
1054; 15189.000000; 1.000000
1055; 15197.000000; 1.000000
1056; 15238.000000; 5.000000
1057; 15326.000000; 5.000000
1058; 15380.000000; 3.000000
1059; 15397.000000; 2.000000
1060; 15405.000000; 2.000000
1061; 15413.000000; 2.000000
1062; 15416.000000; 2.000000
1063; 15421.000000; 1.000000
1064; 15441.000000; 3.000000
1065; 15456.000000; 1.000000
1066; 15462.000000; 3.000000
1067; 15514.000000; 2.000000
1068; 15526.000000; 2.000000
1069; 15534.000000; 1.000000
1070; 15549.000000; 3.000000
1071; 15558.000000; 7.000000
1072; 15575.000000; 1.000000
1073; 15627.000000; 3.000000
1074; 15634.000000; 2.000000
1075; 15637.000000; 4.000000
1076; 15698.000000; 3.000000
1077; 15714.000000; 3.000000
1078; 15744.000000; 4.000000
1079; 15749.000000; 3.000000
1080; 15781.000000; 1.000000
1081; 15790.000000; 5.000000
1082; 15804.000000; 2.000000
1083; 15816.000000; 2.000000
1084; 15821.000000; 1.000000
1085; 15829.000000; 6.000000
1086; 15839.000000; 2.000000
1087; 15845.000000; 1.000000
1088; 15849.000000; 5.000000
1089; 15861.000000; 8.000000
1090; 15872.000000; 5.000000
1091; 15881.000000; 3.000000
1092; 15885.000000; 5.000000
1093; 15893.000000; 1.000000
1094; 15915.000000; 3.000000
1095; 15919.000000; 4.000000
1096; 15926.000000; 1.000000
1097; 15932.000000; 3.000000
1098; 15938.000000; 2.000000
1099; 15945.000000; 2.000000
1100; 15957.000000; 3.000000
1101; 15965.000000; 1.000000
1102; 15996.000000; 1.000000
1103; 16003.000000; 1.000000
1104; 16005.000000; 2.000000
1105; 16008.000000; 3.000000
1106; 16012.000000; 3.000000
1107; 16024.000000; 1.000000
1108; 16029.000000; 5.000000
1109; 16035.000000; 3.000000
1110; 16039.000000; 3.000000
1111; 16047.000000; 2.000000
1112; 16050.000000; 4.000000
1113; 16059.000000; 2.000000
1114; 16064.000000; 1.000000
1115; 16072.000000; 1.000000
1116; 16074.000000; 3.000000
1117; 16087.000000; 6.000000
1118; 16099.000000; 2.000000
1119; 16110.000000; 3.000000
1120; 16114.000000; 3.000000
1121; 16122.000000; 6.000000
1122; 16139.000000; 2.000000
1123; 16146.000000; 2.000000
1124; 16149.000000; 3.000000
1125; 16157.000000; 3.000000
1126; 16163.000000; 1.000000
1127; 16180.000000; 2.000000
1128; 16194.000000; 1.000000
1129; 16209.000000; 3.000000
1130; 16216.000000; 6.000000
1131; 16229.000000; 2.000000
1132; 16240.000000; 5.000000
1133; 16263.000000; 2.000000
1134; 16266.000000; 3.000000
1135; 16275.000000; 6.000000
1136; 16304.000000; 1.000000
1137; 16312.000000; 5.000000
1138; 17702.000000; 4.000000
1139; 17707.000000; 6.000000
1140; 17780.000000; 4.000000
1141; 17785.000000; 5.000000
1142; 17827.000000; 4.000000
1143; 17834.000000; 2.000000
1144; 17837.000000; 6.000000
1145; 17851.000000; 4.000000
1146; 17865.000000; 1.000000
1147; 17870.000000; 2.000000
1148; 17875.000000; 3.000000
1149; 17888.000000; 1.000000
1150; 17893.000000; 1.000000
1151; 17895.000000; 6.000000
1152; 17919.000000; 1.000000
1153; 17921.000000; 3.000000
1154; 17927.000000; 2.000000
1155; 17962.000000; 2.000000
1156; 17967.000000; 2.000000
1157; 17970.000000; 2.000000
1158; 18016.000000; 3.000000
1159; 18028.000000; 3.000000
1160; 18038.000000; 4.000000
1161; 18046.000000; 1.000000
1162; 18078.000000; 6.000000
1163; 18099.000000; 2.000000
1164; 18248.000000; 23.000000
1165; 18275.000000; 3.000000
1166; 18285.000000; 9.000000
1167; 18297.000000; 9.000000
1168; 18310.000000; 3.000000
1169; 18319.000000; 6.000000
1170; 18331.000000; 1.000000
1171; 18333.000000; 5.000000
1172; 18344.000000; 18.000000
1173; 18365.000000; 8.000000
1174; 18405.000000; 2.000000
1175; 18413.000000; 2.000000
1176; 18416.000000; 3.000000
1177; 18420.000000; 4.000000
1178; 18428.000000; 3.000000
1179; 18440.000000; 4.000000
1180; 18452.000000; 3.000000
1181; 18456.000000; 2.000000
1182; 18465.000000; 1.000000
1183; 18467.000000; 3.000000
1184; 18475.000000; 3.000000
1185; 18500.000000; 2.000000
1186; 18510.000000; 4.000000
1187; 18519.000000; 1.000000
1188; 18521.000000; 4.000000
1189; 18529.000000; 2.000000
1190; 18534.000000; 6.000000
1191; 18546.000000; 2.000000
1192; 18570.000000; 1.000000
1193; 18581.000000; 3.000000
1194; 18588.000000; 1.000000
1195; 18593.000000; 3.000000
1196; 18601.000000; 1.000000
1197; 18605.000000; 3.000000
1198; 18614.000000; 5.000000
1199; 18623.000000; 2.000000
1200; 18628.000000; 6.000000
1201; 18638.000000; 5.000000
1202; 18647.000000; 3.000000
1203; 18651.000000; 4.000000
1204; 18666.000000; 1.000000
1205; 18677.000000; 1.000000
1206; 18687.000000; 3.000000
1207; 18694.000000; 3.000000
1208; 18698.000000; 3.000000
1209; 18711.000000; 3.000000
1210; 18720.000000; 8.000000
1211; 18735.000000; 2.000000
1212; 18738.000000; 2.000000
1213; 18747.000000; 2.000000
1214; 18753.000000; 3.000000
1215; 18759.000000; 2.000000
1216; 18767.000000; 1.000000
1217; 18781.000000; 3.000000
1218; 18789.000000; 7.000000
1219; 18803.000000; 5.000000
1220; 18814.000000; 1.000000
1221; 18816.000000; 3.000000
1222; 18825.000000; 6.000000
1223; 18834.000000; 1.000000
1224; 18841.000000; 1.000000
1225; 18849.000000; 1.000000
1226; 18851.000000; 4.000000
1227; 18860.000000; 1.000000
1228; 18862.000000; 4.000000
1229; 18876.000000; 2.000000
1230; 18888.000000; 2.000000
1231; 18897.000000; 5.000000
1232; 18943.000000; 6.000000
1233; 18953.000000; 4.000000
1234; 18958.000000; 3.000000
1235; 18970.000000; 2.000000
1236; 18981.000000; 3.000000
1237; 18993.000000; 2.000000
1238; 18998.000000; 1.000000
1239; 19002.000000; 5.000000
1240; 19018.000000; 2.000000
1241; 19028.000000; 3.000000
1242; 19052.000000; 3.000000
1243; 19064.000000; 2.000000
1244; 19076.000000; 2.000000
1245; 19083.000000; 2.000000
1246; 19086.000000; 4.000000
1247; 19100.000000; 1.000000
1248; 19105.000000; 4.000000
1249; 19112.000000; 1.000000
1250; 19123.000000; 2.000000
1251; 19146.000000; 5.000000
1252; 19159.000000; 2.000000
1253; 19162.000000; 2.000000
1254; 19170.000000; 2.000000
1255; 19173.000000; 2.000000
1256; 19182.000000; 2.000000
1257; 19193.000000; 2.000000
1258; 19205.000000; 2.000000
1259; 19241.000000; 2.000000
1260; 19249.000000; 2.000000
1261; 19252.000000; 2.000000
1262; 19274.000000; 7.000000
1263; 19285.000000; 5.000000
1264; 19297.000000; 1.000000
1265; 19299.000000; 3.000000
1266; 19309.000000; 4.000000
1267; 19388.000000; 1.000000
1268; 19402.000000; 3.000000
1269; 19408.000000; 1.000000
1270; 19414.000000; 3.000000
1271; 19448.000000; 10.000000
1272; 19461.000000; 2.000000
1273; 19474.000000; 1.000000
1274; 19484.000000; 3.000000
1275; 19497.000000; 1.000000
1276; 19512.000000; 6.000000
1277; 19525.000000; 1.000000
1278; 19564.000000; 7.000000
1279; 19574.000000; 2.000000
1280; 19577.000000; 6.000000
1281; 19584.000000; 5.000000
1282; 19597.000000; 1.000000
1283; 19605.000000; 2.000000
1284; 19608.000000; 4.000000
1285; 19624.000000; 6.000000
1286; 19631.000000; 4.000000
1287; 19640.000000; 6.000000
1288; 19649.000000; 5.000000
1289; 19658.000000; 2.000000
1290; 19702.000000; 3.000000
1291; 19731.000000; 11.000000
1292; 19745.000000; 7.000000
1293; 20611.000000; 12.000000
1294; 20624.000000; 11.000000
1295; 20683.000000; 11.000000
1296; 20778.000000; 8.000000
1297; 20832.000000; 4.000000
1298; 20839.000000; 9.000000
1299; 20851.000000; 6.000000
1300; 20895.000000; 12.000000
1301; 20931.000000; 9.000000
1302; 20963.000000; 4.000000
1303; 20988.000000; 11.000000
1304; 21002.000000; 24.000000
1305; 21027.000000; 7.000000
1306; 21037.000000; 9.000000
1307; 21047.000000; 11.000000
1308; 21220.000000; 6.000000
1309; 21227.000000; 8.000000
1310; 21367.000000; 12.000000
1311; 21380.000000; 10.000000
1312; 21391.000000; 5.000000
1313; 21397.000000; 4.000000
1314; 21405.000000; 14.000000
1315; 21423.000000; 3.000000
1316; 21427.000000; 4.000000
1317; 21432.000000; 4.000000
1318; 21440.000000; 7.000000
1319; 21451.000000; 10.000000
1320; 21462.000000; 11.000000
1321; 21527.000000; 7.000000
1322; 21593.000000; 3.000000
1323; 21676.000000; 1.000000
1324; 21705.000000; 2.000000
1325; 21735.000000; 1.000000
1326; 21753.000000; 3.000000
1327; 21757.000000; 4.000000
1328; 21771.000000; 1.000000
1329; 21793.000000; 5.000000
1330; 21814.000000; 5.000000
1331; 21828.000000; 3.000000
1332; 21900.000000; 2.000000
1333; 21903.000000; 3.000000
1334; 21911.000000; 3.000000
1335; 21920.000000; 2.000000
1336; 21946.000000; 2.000000
1337; 21953.000000; 1.000000
1338; 21959.000000; 2.000000
1339; 21982.000000; 2.000000
1340; 22109.000000; 9.000000
1341; 22144.000000; 21.000000
1342; 22166.000000; 2.000000
1343; 22519.000000; 11.000000
1344; 22685.000000; 9.000000
1345; 22837.000000; 10.000000
1346; 22848.000000; 11.000000
1347; 22909.000000; 9.000000
1348; 24441.000000; 2.000000
1349; 24453.000000; 2.000000
1350; 24466.000000; 7.000000
1351; 24478.000000; 3.000000
1352; 24491.000000; 6.000000
1353; 24504.000000; 2.000000
1354; 24514.000000; 3.000000
1355; 24525.000000; 5.000000
1356; 24537.000000; 6.000000
1357; 24561.000000; 4.000000
1358; 24571.000000; 2.000000
1359; 24577.000000; 1.000000
1360; 24585.000000; 3.000000
1361; 24597.000000; 3.000000
1362; 24606.000000; 3.000000
1363; 24612.000000; 1.000000
1364; 24628.000000; 3.000000
1365; 24634.000000; 1.000000
1366; 24642.000000; 5.000000
1367; 24654.000000; 1.000000
1368; 24699.000000; 3.000000
1369; 24705.000000; 1.000000
1370; 24712.000000; 2.000000
1371; 24851.000000; 5.000000
1372; 24862.000000; 1.000000
1373; 24885.000000; 5.000000
1374; 24897.000000; 1.000000
1375; 24911.000000; 3.000000
1376; 24936.000000; 1.000000
1377; 24956.000000; 2.000000
1378; 24977.000000; 7.000000
1379; 24988.000000; 1.000000
1380; 24994.000000; 2.000000
1381; 25015.000000; 5.000000
1382; 25026.000000; 1.000000
1383; 25028.000000; 3.000000
1384; 25052.000000; 3.000000
1385; 25062.000000; 5.000000
1386; 25084.000000; 1.000000
1387; 25106.000000; 1.000000
1388; 25191.000000; 5.000000
1389; 25239.000000; 4.000000
1390; 25250.000000; 2.000000
1391; 25253.000000; 3.000000
1392; 25266.000000; 1.000000
1393; 25275.000000; 2.000000
1394; 25285.000000; 5.000000
1395; 25297.000000; 2.000000
1396; 25300.000000; 2.000000
1397; 25308.000000; 5.000000
1398; 25317.000000; 2.000000
1399; 25333.000000; 4.000000
1400; 25345.000000; 2.000000
1401; 25358.000000; 2.000000
1402; 25361.000000; 2.000000
1403; 25366.000000; 2.000000
1404; 25369.000000; 6.000000
1405; 25385.000000; 2.000000
1406; 25390.000000; 7.000000
1407; 25403.000000; 1.000000
1408; 25414.000000; 1.000000
1409; 25416.000000; 3.000000
1410; 25425.000000; 9.000000
1411; 25439.000000; 2.000000
1412; 25461.000000; 2.000000
1413; 25474.000000; 7.000000
1414; 25484.000000; 2.000000
1415; 25513.000000; 1.000000
1416; 25520.000000; 6.000000
1417; 25535.000000; 1.000000
1418; 25556.000000; 7.000000
1419; 25568.000000; 2.000000
1420; 25571.000000; 4.000000
1421; 25580.000000; 4.000000
1422; 25585.000000; 3.000000
1423; 25603.000000; 8.000000
1424; 25615.000000; 6.000000
1425; 25627.000000; 1.000000
1426; 25633.000000; 2.000000
1427; 25636.000000; 2.000000
1428; 25653.000000; 2.000000
1429; 25661.000000; 5.000000
1430; 25673.000000; 3.000000
1431; 25686.000000; 1.000000
1432; 25724.000000; 1.000000
1433; 25756.000000; 2.000000
1434; 25759.000000; 2.000000
1435; 25780.000000; 1.000000
1436; 25782.000000; 2.000000
1437; 25792.000000; 3.000000
1438; 25796.000000; 3.000000
1439; 25827.000000; 2.000000
1440; 25838.000000; 2.000000
1441; 25850.000000; 1.000000
1442; 25852.000000; 3.000000
1443; 25875.000000; 2.000000
1444; 25884.000000; 3.000000
1445; 25933.000000; 2.000000
1446; 25940.000000; 7.000000
1447; 25953.000000; 5.000000
1448; 25986.000000; 6.000000
1449; 25993.000000; 4.000000
1450; 26016.000000; 3.000000
1451; 26020.000000; 2.000000
1452; 26026.000000; 1.000000
1453; 26038.000000; 3.000000
1454; 26049.000000; 3.000000
1455; 26061.000000; 3.000000
1456; 26070.000000; 6.000000
1457; 26085.000000; 1.000000
1458; 26094.000000; 1.000000
1459; 26096.000000; 4.000000
1460; 26125.000000; 1.000000
1461; 26132.000000; 3.000000
1462; 26165.000000; 3.000000
1463; 26169.000000; 3.000000
1464; 26173.000000; 4.000000
1465; 27534.000000; 8.000000
1466; 27550.000000; 1.000000
1467; 27557.000000; 1.000000
1468; 27594.000000; 1.000000
1469; 27596.000000; 2.000000
1470; 27652.000000; 4.000000
1471; 27662.000000; 5.000000
1472; 27673.000000; 3.000000
1473; 27679.000000; 5.000000
1474; 27687.000000; 5.000000
1475; 27698.000000; 7.000000
1476; 27710.000000; 5.000000
1477; 27720.000000; 6.000000
1478; 27732.000000; 5.000000
1479; 27748.000000; 2.000000
1480; 27756.000000; 4.000000
1481; 27771.000000; 1.000000
1482; 27780.000000; 2.000000
1483; 27790.000000; 1.000000
1484; 27803.000000; 5.000000
1485; 27815.000000; 5.000000
1486; 27826.000000; 3.000000
1487; 27842.000000; 2.000000
1488; 27861.000000; 2.000000
1489; 27864.000000; 4.000000
1490; 27875.000000; 3.000000
1491; 27895.000000; 1.000000
1492; 27912.000000; 2.000000
1493; 27923.000000; 2.000000
1494; 27935.000000; 3.000000
1495; 27945.000000; 1.000000
1496; 27959.000000; 2.000000
1497; 27978.000000; 2.000000
1498; 27985.000000; 2.000000
1499; 27991.000000; 5.000000
1500; 28003.000000; 1.000000
1501; 28010.000000; 1.000000
1502; 28017.000000; 3.000000
1503; 28027.000000; 7.000000
1504; 28039.000000; 1.000000
1505; 28050.000000; 3.000000
1506; 28054.000000; 3.000000
1507; 28062.000000; 4.000000
1508; 28075.000000; 3.000000
1509; 28092.000000; 1.000000
1510; 28098.000000; 1.000000
1511; 28109.000000; 5.000000
1512; 28120.000000; 1.000000
1513; 28144.000000; 5.000000
1514; 28155.000000; 6.000000
1515; 28162.000000; 2.000000
1516; 28168.000000; 5.000000
1517; 28180.000000; 4.000000
1518; 28185.000000; 2.000000
1519; 28205.000000; 3.000000
1520; 28214.000000; 6.000000
1521; 28226.000000; 2.000000
1522; 28229.000000; 2.000000
1523; 28232.000000; 2.000000
1524; 28241.000000; 2.000000
1525; 28252.000000; 5.000000
1526; 28263.000000; 6.000000
1527; 28274.000000; 1.000000
1528; 28278.000000; 4.000000
1529; 28283.000000; 9.000000
1530; 28296.000000; 4.000000
1531; 28307.000000; 3.000000
1532; 28311.000000; 3.000000
1533; 28321.000000; 12.000000
1534; 28337.000000; 1.000000
1535; 28344.000000; 5.000000
1536; 28359.000000; 2.000000
1537; 28370.000000; 3.000000
1538; 28383.000000; 1.000000
1539; 28393.000000; 6.000000
1540; 28403.000000; 1.000000
1541; 28409.000000; 1.000000
1542; 28418.000000; 2.000000
1543; 28492.000000; 4.000000
1544; 28698.000000; 9.000000
1545; 28875.000000; 3.000000
1546; 29523.000000; 6.000000
1547; 29603.000000; 5.000000
1548; 29613.000000; 1.000000
1549; 29617.000000; 2.000000
1550; 29689.000000; 2.000000
1551; 29699.000000; 2.000000
1552; 29747.000000; 4.000000
1553; 29775.000000; 2.000000
1554; 29862.000000; 1.000000
1555; 29879.000000; 1.000000
1556; 29932.000000; 5.000000
1557; 29956.000000; 1.000000
1558; 29964.000000; 1.000000
1559; 29983.000000; 2.000000
1560; 30015.000000; 1.000000
1561; 30017.000000; 3.000000
1562; 30065.000000; 1.000000
1563; 30088.000000; 2.000000
1564; 30111.000000; 3.000000
1565; 30123.000000; 2.000000
1566; 30136.000000; 2.000000
1567; 30147.000000; 2.000000
1568; 30156.000000; 5.000000
1569; 30170.000000; 3.000000
1570; 30229.000000; 2.000000
1571; 30247.000000; 1.000000
1572; 30253.000000; 2.000000
1573; 30262.000000; 5.000000
1574; 30276.000000; 3.000000
1575; 30288.000000; 3.000000
1576; 30300.000000; 2.000000
1577; 30309.000000; 1.000000
1578; 30311.000000; 2.000000
1579; 30320.000000; 1.000000
1580; 30322.000000; 4.000000
1581; 30356.000000; 1.000000
1582; 30358.000000; 3.000000
1583; 30372.000000; 2.000000
1584; 30391.000000; 5.000000
1585; 30407.000000; 1.000000
1586; 30484.000000; 1.000000
1587; 30488.000000; 6.000000
1588; 30509.000000; 1.000000
1589; 30521.000000; 2.000000
1590; 30559.000000; 2.000000
1591; 30567.000000; 5.000000
1592; 30583.000000; 1.000000
1593; 30604.000000; 2.000000
1594; 30638.000000; 3.000000
1595; 30646.000000; 2.000000
1596; 30649.000000; 3.000000
1597; 30665.000000; 1.000000
1598; 30674.000000; 5.000000
1599; 30696.000000; 6.000000
1600; 30709.000000; 1.000000
1601; 30711.000000; 2.000000
1602; 30733.000000; 5.000000
1603; 30757.000000; 3.000000
1604; 30761.000000; 2.000000
1605; 30767.000000; 2.000000
1606; 30772.000000; 1.000000
1607; 30780.000000; 3.000000
1608; 30786.000000; 1.000000
1609; 30793.000000; 7.000000
1610; 30804.000000; 3.000000
1611; 30808.000000; 3.000000
1612; 30827.000000; 4.000000
1613; 30843.000000; 1.000000
1614; 30851.000000; 5.000000
1615; 30872.000000; 7.000000
1616; 30886.000000; 2.000000
1617; 30891.000000; 2.000000
1618; 30898.000000; 6.000000
1619; 30910.000000; 7.000000
1620; 30921.000000; 5.000000
1621; 30927.000000; 2.000000
1622; 30933.000000; 2.000000
1623; 30944.000000; 6.000000
1624; 30958.000000; 2.000000
1625; 30970.000000; 3.000000
1626; 30980.000000; 4.000000
1627; 30987.000000; 2.000000
1628; 30994.000000; 2.000000
1629; 31007.000000; 2.000000
1630; 31018.000000; 2.000000
1631; 31025.000000; 2.000000
1632; 31028.000000; 4.000000
1633; 31041.000000; 5.000000
1634; 31062.000000; 1.000000
1635; 31066.000000; 4.000000
1636; 31074.000000; 5.000000
1637; 31089.000000; 1.000000
1638; 31098.000000; 3.000000
1639; 31109.000000; 1.000000
1640; 31113.000000; 3.000000
1641; 31132.000000; 6.000000
1642; 31143.000000; 1.000000
1643; 31168.000000; 8.000000
1644; 31179.000000; 6.000000
1645; 31190.000000; 6.000000
1646; 31197.000000; 2.000000
1647; 31202.000000; 6.000000
1648; 31222.000000; 10.000000
1649; 31233.000000; 11.000000
1650; 31251.000000; 4.000000
1651; 31262.000000; 5.000000
1652; 31273.000000; 6.000000
1653; 31286.000000; 1.000000
1654; 31333.000000; 6.000000
1655; 31345.000000; 3.000000
1656; 31357.000000; 3.000000
1657; 31368.000000; 1.000000
1658; 31370.000000; 6.000000
1659; 31384.000000; 2.000000
1660; 31392.000000; 1.000000
1661; 31398.000000; 3.000000
1662; 31402.000000; 6.000000
1663; 31415.000000; 4.000000
1664; 31466.000000; 4.000000
1665; 31509.000000; 9.000000
1666; 31519.000000; 22.000000
1667; 31542.000000; 3.000000
1668; 33444.000000; 5.000000
1669; 33452.000000; 3.000000
1670; 33463.000000; 3.000000
1671; 33495.000000; 2.000000
1672; 33512.000000; 2.000000
1673; 33531.000000; 2.000000
1674; 33541.000000; 3.000000
1675; 33577.000000; 3.000000
1676; 33586.000000; 2.000000
1677; 33650.000000; 3.000000
1678; 33656.000000; 2.000000
1679; 33664.000000; 1.000000
1680; 33695.000000; 2.000000
1681; 33703.000000; 5.000000
1682; 33720.000000; 2.000000
1683; 33733.000000; 1.000000
1684; 33735.000000; 2.000000
1685; 33773.000000; 3.000000
1686; 33786.000000; 8.000000
1687; 33801.000000; 1.000000
1688; 33803.000000; 3.000000
1689; 33874.000000; 2.000000
1690; 33881.000000; 1.000000
1691; 33892.000000; 2.000000
1692; 33976.000000; 2.000000
1693; 33986.000000; 2.000000
1694; 33991.000000; 1.000000
1695; 33993.000000; 3.000000
1696; 34005.000000; 7.000000
1697; 34019.000000; 1.000000
1698; 34025.000000; 2.000000
1699; 34028.000000; 4.000000
1700; 34058.000000; 2.000000
1701; 34074.000000; 1.000000
1702; 34089.000000; 1.000000
1703; 34101.000000; 1.000000
1704; 34108.000000; 5.000000
1705; 34125.000000; 2.000000
1706; 34135.000000; 2.000000
1707; 34142.000000; 7.000000
1708; 34152.000000; 2.000000
1709; 34159.000000; 1.000000
1710; 34192.000000; 1.000000
1711; 34225.000000; 1.000000
1712; 34229.000000; 2.000000
1713; 34234.000000; 2.000000
1714; 34242.000000; 1.000000
1715; 34246.000000; 3.000000
1716; 34252.000000; 3.000000
1717; 34265.000000; 3.000000
1718; 34312.000000; 2.000000
1719; 34318.000000; 1.000000
1720; 34326.000000; 3.000000
1721; 34330.000000; 8.000000
1722; 34339.000000; 2.000000
1723; 34348.000000; 1.000000
1724; 34355.000000; 2.000000
1725; 34365.000000; 2.000000
1726; 34382.000000; 5.000000
1727; 34393.000000; 2.000000
1728; 34400.000000; 3.000000
1729; 34406.000000; 2.000000
1730; 34419.000000; 2.000000
1731; 34429.000000; 2.000000
1732; 34445.000000; 2.000000
1733; 34453.000000; 2.000000
1734; 34460.000000; 2.000000
1735; 34463.000000; 4.000000
1736; 34477.000000; 3.000000
1737; 34489.000000; 2.000000
1738; 34500.000000; 2.000000
1739; 34512.000000; 1.000000
1740; 34516.000000; 2.000000
1741; 34534.000000; 4.000000
1742; 34547.000000; 2.000000
1743; 34550.000000; 3.000000
1744; 34558.000000; 3.000000
1745; 34580.000000; 5.000000
1746; 34595.000000; 1.000000
1747; 34615.000000; 5.000000
1748; 34624.000000; 2.000000
1749; 34643.000000; 1.000000
1750; 34653.000000; 2.000000
1751; 34661.000000; 1.000000
1752; 34663.000000; 4.000000
1753; 34671.000000; 1.000000
1754; 34676.000000; 3.000000
1755; 34682.000000; 2.000000
1756; 34700.000000; 2.000000
1757; 34703.000000; 2.000000
1758; 34732.000000; 5.000000
1759; 34761.000000; 1.000000
1760; 34771.000000; 2.000000
1761; 34795.000000; 1.000000
1762; 34802.000000; 7.000000
1763; 34841.000000; 1.000000
1764; 34855.000000; 1.000000
1765; 34869.000000; 1.000000
1766; 34876.000000; 2.000000
1767; 34904.000000; 3.000000
1768; 34947.000000; 1.000000
1769; 34954.000000; 1.000000
1770; 34959.000000; 1.000000
1771; 34968.000000; 1.000000
1772; 34994.000000; 2.000000
1773; 35016.000000; 4.000000
1774; 35089.000000; 1.000000
1775; 35099.000000; 2.000000
1776; 35112.000000; 3.000000
1777; 35118.000000; 1.000000
1778; 35146.000000; 3.000000
1779; 35163.000000; 3.000000
1780; 35167.000000; 3.000000
1781; 35204.000000; 5.000000
1782; 1229.000000; 28.000000
1783; 1266.000000; 36.000000
1784; 1316.000000; 51.000000
1785; 1401.000000; 48.000000
1786; 1466.000000; 5.000000
1787; 1503.000000; 35.000000
1788; 1848.000000; 1.000000
1789; 1929.000000; 1.000000
1790; 2859.000000; 49.000000
1791; 2929.000000; 1.000000
1792; 2942.000000; 23.000000
1793; 2984.000000; 18.000000
1794; 3025.000000; 7.000000
1795; 3068.000000; 17.000000
1796; 3107.000000; 37.000000
1797; 3163.000000; 39.000000
1798; 3212.000000; 27.000000
1799; 3255.000000; 17.000000
1800; 3282.000000; 26.000000
1801; 3313.000000; 44.000000
1802; 3361.000000; 47.000000
1803; 3413.000000; 37.000000
1804; 3458.000000; 46.000000
1805; 3508.000000; 20.000000
1806; 4625.000000; 83.000000
1807; 4738.000000; 1.000000
1808; 5565.000000; 87.000000
1809; 5669.000000; 1.000000
1810; 6571.000000; 4.000000
1811; 6585.000000; 53.000000
1812; 6641.000000; 29.000000
1813; 6700.000000; 4.000000
1814; 6714.000000; 75.000000
1815; 6798.000000; 40.000000
1816; 7549.000000; 96.000000
1817; 7784.000000; 8.000000
1818; 8067.000000; 10.000000
1819; 8102.000000; 49.000000
1820; 8158.000000; 33.000000
1821; 8209.000000; 16.000000
1822; 8235.000000; 30.000000
1823; 8271.000000; 77.000000
1824; 8366.000000; 79.000000
1825; 11549.000000; 83.000000
1826; 11635.000000; 22.000000
1827; 12735.000000; 59.000000
1828; 12912.000000; 18.000000
1829; 12960.000000; 28.000000
1830; 12995.000000; 24.000000
1831; 13027.000000; 1.000000
1832; 13059.000000; 37.000000
1833; 13101.000000; 61.000000
1834; 13165.000000; 57.000000
1835; 15293.000000; 2.000000
1836; 16365.000000; 86.000000
1837; 17034.000000; 1.000000
1838; 17211.000000; 1.000000
1839; 17446.000000; 1.000000
1840; 17575.000000; 3.000000
1841; 17649.000000; 1.000000
1842; 17773.000000; 6.000000
1843; 17832.000000; 1.000000
1844; 17844.000000; 48.000000
1845; 17902.000000; 31.000000
1846; 17956.000000; 93.000000
1847; 19282.000000; 44.000000
1848; 19355.000000; 46.000000
1849; 19406.000000; 7.000000
1850; 19459.000000; 52.000000
1851; 19519.000000; 18.000000
1852; 19706.000000; 48.000000
1853; 19789.000000; 47.000000
1854; 19917.000000; 2.000000
1855; 20636.000000; 1.000000
1856; 20718.000000; 95.000000
1857; 20837.000000; 35.000000
1858; 20929.000000; 25.000000
1859; 20961.000000; 75.000000
1860; 21279.000000; 1.000000
1861; 21365.000000; 85.000000
1862; 21731.000000; 3.000000
1863; 21750.000000; 2.000000
1864; 22095.000000; 75.000000
1865; 22260.000000; 1.000000
1866; 22531.000000; 1.000000
1867; 22613.000000; 59.000000
1868; 22777.000000; 1.000000
1869; 22860.000000; 61.000000
1870; 24403.000000; 3.000000
1871; 24420.000000; 32.000000
1872; 24456.000000; 21.000000
1873; 24482.000000; 31.000000
1874; 24518.000000; 18.000000
1875; 24544.000000; 26.000000
1876; 24574.000000; 31.000000
1877; 24610.000000; 31.000000
1878; 24648.000000; 11.000000
1879; 25926.000000; 13.000000
1880; 25948.000000; 12.000000
1881; 25998.000000; 1.000000
1882; 26010.000000; 15.000000
1883; 26028.000000; 20.000000
1884; 26053.000000; 16.000000
1885; 26077.000000; 16.000000
1886; 26123.000000; 16.000000
1887; 26158.000000; 23.000000
1888; 26201.000000; 2.000000
1889; 26298.000000; 2.000000
1890; 27072.000000; 1.000000
1891; 27261.000000; 1.000000
1892; 27367.000000; 1.000000
1893; 27530.000000; 3.000000
1894; 27543.000000; 59.000000
1895; 27641.000000; 1.000000
1896; 28334.000000; 83.000000
1897; 28527.000000; 1.000000
1898; 28661.000000; 48.000000
1899; 28849.000000; 25.000000
1900; 28966.000000; 1.000000
1901; 29504.000000; 2.000000
1902; 29519.000000; 3.000000
1903; 31507.000000; 1.000000
1904; 31576.000000; 3.000000
1905; 31614.000000; 58.000000
1906; 31705.000000; 74.000000
1907; 31931.000000; 1.000000
1908; 32155.000000; 1.000000
1909; 32261.000000; 1.000000
1910; 32873.000000; 1.000000
1911; 33308.000000; 1.000000
