Version	1.08	gmtime	1441365457
index	timestamp	eyeroihoriz	eyeroivert	eyeroizoomx	eyeroizoomy	blendmode	blendfactor	onlinecalib	eye_valid	eye_x	eye_y	eye_w	eye_h	eye_a	field_x	field_y	displaymode	displayeyedetection	event
612	77850372	0	0	0	0	1	128	0	1	450	342	27	32	879	0	0	0	1	
613	77850405	0	0	0	0	1	128	0	1	450	342	27	33	888	0	0	0	1	
614	77850438	0	0	0	0	1	128	0	1	450	342	27	33	897	0	0	0	1	
615	77850472	0	0	0	0	1	128	0	1	450	342	27	33	902	0	0	0	1	
616	77850505	0	0	0	0	1	128	0	1	452	342	28	33	905	0	0	0	1	
617	77850539	0	0	0	0	1	128	0	1	450	342	27	33	902	0	0	0	1	
618	77850572	0	0	0	0	1	128	0	1	450	342	28	33	908	0	0	0	1	
619	77850605	0	0	0	0	1	128	0	1	452	342	28	33	914	0	0	0	1	
620	77850639	0	0	0	0	1	128	0	1	452	342	28	33	921	0	0	0	1	
621	77850672	0	0	0	0	1	128	0	1	452	342	28	33	922	0	0	0	1	
622	77850705	0	0	0	0	1	128	0	1	452	342	28	34	938	0	0	0	1	
623	77850739	0	0	0	0	1	128	0	1	448	344	28	33	947	0	0	0	1	
624	77850772	0	0	0	0	1	128	0	1	442	348	29	34	982	0	0	0	1	
625	77850805	0	0	0	0	1	128	0	1	442	348	29	34	989	0	0	0	1	
626	77850839	0	0	0	0	1	128	0	1	442	348	29	35	1004	0	0	0	1	
627	77850872	0	0	0	0	1	128	0	1	442	348	29	35	1001	0	0	0	1	
628	77850906	0	0	0	0	1	128	0	1	442	348	30	34	1023	0	0	0	1	
629	77850939	0	0	0	0	1	128	0	1	442	348	29	35	1021	0	0	0	1	
630	77850972	0	0	0	0	1	128	0	1	442	348	29	35	1014	0	0	0	1	
631	77851006	0	0	0	0	1	128	0	1	442	348	30	35	1024	0	0	0	1	
632	77851039	0	0	0	0	1	128	0	1	442	348	29	35	1018	0	0	0	1	
633	77851072	0	0	0	0	1	128	0	1	448	344	29	35	1003	0	0	0	1	
634	77851106	0	0	0	0	1	128	0	1	450	344	29	34	978	0	0	0	1	
635	77851139	0	0	0	0	1	128	0	1	450	342	29	34	980	0	0	0	1	
636	77851172	0	0	0	0	1	128	0	1	452	342	29	34	983	0	0	0	1	
637	77851206	0	0	0	0	1	128	0	1	452	342	29	34	981	0	0	0	1	
638	77851239	0	0	0	0	1	128	0	1	452	342	29	34	985	0	0	0	1	
639	77851273	0	0	0	0	1	128	0	1	452	342	29	34	982	0	0	0	1	
640	77851306	0	0	0	0	1	128	0	1	450	342	28	34	944	0	0	0	1	
641	77851339	0	0	0	0	1	128	0	0	0	0	0	0	0	0	0	0	1	
642	77851373	0	0	0	0	1	128	0	0	0	0	0	0	0	0	0	0	1	
643	77851406	0	0	0	0	1	128	0	0	0	0	0	0	0	0	0	0	1	
644	77851439	0	0	0	0	1	128	0	0	0	0	0	0	0	0	0	0	1	
645	77851473	0	0	0	0	1	128	0	1	450	348	28	33	937	0	0	0	1	
646	77851506	0	0	0	0	1	128	0	1	450	348	28	34	982	0	0	0	1	
647	77851540	0	0	0	0	1	128	0	1	450	346	28	35	989	0	0	0	1	
648	77851573	0	0	0	0	1	128	0	1	450	346	29	34	984	0	0	0	1	
649	77851606	0	0	0	0	1	128	0	1	450	346	29	35	990	0	0	0	1	
650	77851640	0	0	0	0	1	128	0	1	450	346	28	35	990	0	0	0	1	
651	77851673	0	0	0	0	1	128	0	1	450	344	29	35	1003	0	0	0	1	
652	77851706	0	0	0	0	1	128	0	1	450	344	29	35	1004	0	0	0	1	
653	77851740	0	0	0	0	1	128	0	1	450	344	29	35	1018	0	0	0	1	
654	77851773	0	0	0	0	1	128	0	1	450	344	29	35	1020	0	0	0	1	
655	77851806	0	0	0	0	1	128	0	1	452	344	29	35	1021	0	0	0	1	
656	77851840	0	0	0	0	1	128	0	1	452	344	29	35	1017	0	0	0	1	
657	77851873	0	0	0	0	1	128	0	1	450	344	29	35	1014	0	0	0	1	
658	77851907	0	0	0	0	1	128	0	1	450	344	29	35	1009	0	0	0	1	
659	77851940	0	0	0	0	1	128	0	1	450	344	29	35	1003	0	0	0	1	
660	77851973	0	0	0	0	1	128	0	1	450	344	29	35	1000	0	0	0	1	
661	77852007	0	0	0	0	1	128	0	1	450	344	29	35	1003	0	0	0	1	
662	77852040	0	0	0	0	1	128	0	1	450	344	29	35	1009	0	0	0	1	
663	77852073	0	0	0	0	1	128	0	1	450	344	29	35	1008	0	0	0	1	
664	77852107	0	0	0	0	1	128	0	1	450	344	29	35	1003	0	0	0	1	
665	77852140	0	0	0	0	1	128	0	1	450	344	29	35	1003	0	0	0	1	
666	77852174	0	0	0	0	1	128	0	1	450	344	29	35	1012	0	0	0	1	
667	77852207	0	0	0	0	1	128	0	1	450	344	29	35	1008	0	0	0	1	
668	77852240	0	0	0	0	1	128	0	1	450	344	29	35	1015	0	0	0	1	
669	77852274	0	0	0	0	1	128	0	1	450	344	29	35	1009	0	0	0	1	
670	77852307	0	0	0	0	1	128	0	1	450	344	29	35	1018	0	0	0	1	
671	77852340	0	0	0	0	1	128	0	1	450	344	29	35	1013	0	0	0	1	
672	77852374	0	0	0	0	1	128	0	1	444	350	30	35	1040	0	0	0	1	
673	77852407	0	0	0	0	1	128	0	1	444	348	30	35	1043	0	0	0	1	
674	77852440	0	0	0	0	1	128	0	1	444	348	30	35	1046	0	0	0	1	
675	77852474	0	0	0	0	1	128	0	1	444	348	30	35	1051	0	0	0	1	
676	77852507	0	0	0	0	1	128	0	1	444	348	30	35	1051	0	0	0	1	
677	77852541	0	0	0	0	1	128	0	1	444	350	30	35	1056	0	0	0	1	
678	77852574	0	0	0	0	1	128	0	1	444	348	30	35	1055	0	0	0	1	
679	77852607	0	0	0	0	1	128	0	1	444	348	30	35	1066	0	0	0	1	
680	77852641	0	0	0	0	1	128	0	1	444	348	30	35	1069	0	0	0	1	
681	77852674	0	0	0	0	1	128	0	1	444	348	30	35	1073	0	0	0	1	
682	77852707	0	0	0	0	1	128	0	1	444	348	30	35	1072	0	0	0	1	
683	77852741	0	0	0	0	1	128	0	1	444	348	30	35	1078	0	0	0	1	
684	77852774	0	0	0	0	1	128	0	1	444	348	30	36	1081	0	0	0	1	
685	77852807	0	0	0	0	1	128	0	1	444	348	31	36	1088	0	0	0	1	
686	77852841	0	0	0	0	1	128	0	1	444	348	31	36	1094	0	0	0	1	
687	77852874	0	0	0	0	1	128	0	1	444	348	31	36	1089	0	0	0	1	
688	77852908	0	0	0	0	1	128	0	1	444	348	30	36	1079	0	0	0	1	
689	77852941	0	0	0	0	1	128	0	1	432	340	35	51	1787	0	0	0	1	
690	77852974	0	0	0	0	1	128	0	1	432	392	29	33	977	0	0	0	1	
691	77853008	0	0	0	0	1	128	0	1	432	396	29	33	979	0	0	0	1	
692	77853041	0	0	0	0	1	128	0	1	432	396	29	33	965	0	0	0	1	
693	77853074	0	0	0	0	1	128	0	1	432	398	29	33	957	0	0	0	1	
694	77853108	0	0	0	0	1	128	0	1	432	398	29	33	963	0	0	0	1	
695	77853141	0	0	0	0	1	128	0	1	432	398	29	33	962	0	0	0	1	
696	77853175	0	0	0	0	1	128	0	1	432	398	29	33	952	0	0	0	1	
697	77853208	0	0	0	0	1	128	0	1	432	398	29	33	938	0	0	0	1	
698	77853241	0	0	0	0	1	128	0	1	430	398	29	33	938	0	0	0	1	
699	77853275	0	0	0	0	1	128	0	1	430	398	29	33	943	0	0	0	1	
700	77853308	0	0	0	0	1	128	0	1	430	398	28	33	929	0	0	0	1	
701	77853341	0	0	0	0	1	128	0	1	430	398	28	32	920	0	0	0	1	
702	77853375	0	0	0	0	1	128	0	1	430	398	29	33	933	0	0	0	1	
703	77853408	0	0	0	0	1	128	0	1	432	398	29	33	932	0	0	0	1	
704	77853442	0	0	0	0	1	128	0	1	430	398	29	33	939	0	0	0	1	
705	77853475	0	0	0	0	1	128	0	1	430	398	29	33	945	0	0	0	1	
706	77853508	0	0	0	0	1	128	0	1	430	398	29	33	952	0	0	0	1	
707	77853542	0	0	0	0	1	128	0	1	430	398	29	33	965	0	0	0	1	
708	77853575	0	0	0	0	1	128	0	1	430	398	29	34	968	0	0	0	1	
709	77853608	0	0	0	0	1	128	0	1	430	398	29	34	977	0	0	0	1	
710	77853642	0	0	0	0	1	128	0	1	430	398	29	34	979	0	0	0	1	
711	77853675	0	0	0	0	1	128	0	1	430	398	29	34	987	0	0	0	1	
712	77853708	0	0	0	0	1	128	0	1	430	398	29	34	985	0	0	0	1	
713	77853742	0	0	0	0	1	128	0	1	430	398	29	34	994	0	0	0	1	
714	77853775	0	0	0	0	1	128	0	1	430	398	29	34	997	0	0	0	1	
715	77853809	0	0	0	0	1	128	0	1	430	396	30	34	1011	0	0	0	1	
716	77853842	0	0	0	0	1	128	0	1	430	396	30	34	1015	0	0	0	1	
717	77853875	0	0	0	0	1	128	0	1	430	396	30	34	1008	0	0	0	1	
718	77853909	0	0	0	0	1	128	0	1	430	398	30	34	1019	0	0	0	1	
719	77853942	0	0	0	0	1	128	0	1	430	396	30	34	1025	0	0	0	1	
720	77853975	0	0	0	0	1	128	0	1	432	396	29	34	990	0	0	0	1	
721	77854009	0	0	0	0	1	128	0	1	430	396	30	34	1037	0	0	0	1	
722	77854042	0	0	0	0	1	128	0	1	430	396	30	34	1046	0	0	0	1	
723	77854075	0	0	0	0	1	128	0	1	432	396	30	35	1042	0	0	0	1	
724	77854109	0	0	0	0	1	128	0	1	434	394	30	35	1054	0	0	0	1	
725	77854142	0	0	0	0	1	128	0	0	0	0	0	0	0	0	0	0	1	
726	77854176	0	0	0	0	1	128	0	1	484	354	25	35	882	0	0	0	1	
727	77854209	0	0	0	0	1	128	0	1	484	354	25	35	867	0	0	0	1	
728	77854242	0	0	0	0	1	128	0	1	484	354	25	35	861	0	0	0	1	
729	77854276	0	0	0	0	1	128	0	1	486	354	25	35	865	0	0	0	1	
730	77854309	0	0	0	0	1	128	0	1	486	354	25	34	856	0	0	0	1	
731	77854342	0	0	0	0	1	128	0	1	488	352	25	34	843	0	0	0	1	
732	77854376	0	0	0	0	1	128	0	1	488	350	25	34	828	0	0	0	1	
733	77854409	0	0	0	0	1	128	0	1	488	352	25	34	829	0	0	0	1	
734	77854443	0	0	0	0	1	128	0	1	488	350	25	33	828	0	0	0	1	
735	77854476	0	0	0	0	1	128	0	1	488	352	25	33	824	0	0	0	1	
736	77854509	0	0	0	0	1	128	0	1	488	350	24	34	817	0	0	0	1	
737	77854543	0	0	0	0	1	128	0	1	488	350	25	34	826	0	0	0	1	
738	77854576	0	0	0	0	1	128	0	1	488	350	25	34	828	0	0	0	1	
739	77854609	0	0	0	0	1	128	0	1	488	352	25	33	835	0	0	0	1	
740	77854643	0	0	0	0	1	128	0	1	488	350	25	34	853	0	0	0	1	
741	77854676	0	0	0	0	1	128	0	1	488	352	25	34	854	0	0	0	1	
742	77854710	0	0	0	0	1	128	0	1	488	350	25	35	858	0	0	0	1	
743	77854743	0	0	0	0	1	128	0	1	488	350	25	34	862	0	0	0	1	
744	77854776	0	0	0	0	1	128	0	1	488	350	25	35	867	0	0	0	1	
745	77854810	0	0	0	0	1	128	0	1	488	350	25	35	872	0	0	0	1	
746	77854843	0	0	0	0	1	128	0	1	488	350	25	35	871	0	0	0	1	
747	77854876	0	0	0	0	1	128	0	1	488	350	25	35	873	0	0	0	1	
748	77854910	0	0	0	0	1	128	0	1	488	350	25	35	871	0	0	0	1	
749	77854943	0	0	0	0	1	128	0	1	488	350	25	35	887	0	0	0	1	
750	77854976	0	0	0	0	1	128	0	1	482	332	26	41	1070	0	0	0	1	
751	77855010	0	0	0	0	1	128	0	1	462	300	29	38	1084	0	0	0	1	
752	77855043	0	0	0	0	1	128	0	1	456	296	30	37	1097	0	0	0	1	
753	77855077	0	0	0	0	1	128	0	1	456	296	30	37	1111	0	0	0	1	
754	77855110	0	0	0	0	1	128	0	1	456	296	30	37	1112	0	0	0	1	
755	77855143	0	0	0	0	1	128	0	1	456	296	30	37	1123	0	0	0	1	
756	77855177	0	0	0	0	1	128	0	1	456	296	30	38	1134	0	0	0	1	
757	77855210	0	0	0	0	1	128	0	1	456	296	30	37	1138	0	0	0	1	
758	77855243	0	0	0	0	1	128	0	1	456	296	30	38	1145	0	0	0	1	
759	77855277	0	0	0	0	1	128	0	1	456	296	31	37	1144	0	0	0	1	
760	77855310	0	0	0	0	1	128	0	1	456	296	30	38	1142	0	0	0	1	
761	77855344	0	0	0	0	1	128	0	1	456	296	30	37	1121	0	0	0	1	
762	77855377	0	0	0	0	1	128	0	1	454	298	30	37	1123	0	0	0	1	
763	77855410	0	0	0	0	1	128	0	1	456	298	30	37	1111	0	0	0	1	
764	77855444	0	0	0	0	1	128	0	1	456	298	30	37	1104	0	0	0	1	
765	77855477	0	0	0	0	1	128	0	1	456	298	30	37	1095	0	0	0	1	
766	77855510	0	0	0	0	1	128	0	1	456	298	30	37	1089	0	0	0	1	
767	77855544	0	0	0	0	1	128	0	1	456	298	30	37	1077	0	0	0	1	
768	77855577	0	0	0	0	1	128	0	1	456	298	29	36	1052	0	0	0	1	
769	77855610	0	0	0	0	1	128	0	1	456	298	29	36	1050	0	0	0	1	
770	77855644	0	0	0	0	1	128	0	1	456	298	29	36	1031	0	0	0	1	
771	77855677	0	0	0	0	1	128	0	1	456	298	29	35	1016	0	0	0	1	
772	77855711	0	0	0	0	1	128	0	1	456	298	29	35	1002	0	0	0	1	
773	77855744	0	0	0	0	1	128	0	1	456	298	29	35	1000	0	0	0	1	
774	77855777	0	0	0	0	1	128	0	1	456	298	28	35	996	0	0	0	1	
775	77855811	0	0	0	0	1	128	0	1	456	298	28	35	989	0	0	0	1	
776	77855844	0	0	0	0	1	128	0	1	456	298	28	35	987	0	0	0	1	
777	77855877	0	0	0	0	1	128	0	1	456	298	28	35	989	0	0	0	1	
778	77855911	0	0	0	0	1	128	0	1	456	298	28	35	985	0	0	0	1	
779	77855944	0	0	0	0	1	128	0	1	456	298	28	35	976	0	0	0	1	
780	77855977	0	0	0	0	1	128	0	1	456	298	28	35	971	0	0	0	1	
781	77856011	0	0	0	0	1	128	0	1	456	298	28	34	966	0	0	0	1	
782	77856044	0	0	0	0	1	128	0	1	456	298	28	34	957	0	0	0	1	
783	77856078	0	0	0	0	1	128	0	1	456	298	28	34	950	0	0	0	1	
784	77856111	0	0	0	0	1	128	0	1	456	298	28	34	948	0	0	0	1	
785	77856144	0	0	0	0	1	128	0	1	456	298	27	34	938	0	0	0	1	
786	77856178	0	0	0	0	1	128	0	1	456	298	28	34	940	0	0	0	1	
787	77856211	0	0	0	0	1	128	0	1	456	298	28	34	950	0	0	0	1	
788	77856244	0	0	0	0	1	128	0	1	456	298	28	34	951	0	0	0	1	
789	77856278	0	0	0	0	1	128	0	1	456	298	28	34	956	0	0	0	1	
790	77856311	0	0	0	0	1	128	0	1	458	302	26	31	818	0	0	0	1	
791	77856345	0	0	0	0	1	128	0	1	456	298	28	35	982	0	0	0	1	
792	77856378	0	0	0	0	1	128	0	0	0	0	0	0	0	0	0	0	1	
793	77856411	0	0	0	0	1	128	0	1	416	332	31	32	976	0	0	0	1	
794	77856445	0	0	0	0	1	128	0	1	404	336	33	35	1168	0	0	0	1	
795	77856478	0	0	0	0	1	128	0	1	404	336	33	35	1158	0	0	0	1	
796	77856511	0	0	0	0	1	128	0	1	404	336	33	35	1152	0	0	0	1	
797	77856545	0	0	0	0	1	128	0	1	388	342	33	60	1982	0	0	0	1	
798	77856578	0	0	0	0	1	128	0	1	402	336	33	36	1182	0	0	0	1	
799	77856611	0	0	0	0	1	128	0	1	402	336	33	36	1176	0	0	0	1	
800	77856645	0	0	0	0	1	128	0	1	400	338	33	35	1161	0	0	0	1	
801	77856678	0	0	0	0	1	128	0	1	400	338	33	35	1141	0	0	0	1	
802	77856712	0	0	0	0	1	128	0	1	398	338	34	36	1208	0	0	0	1	
803	77856745	0	0	0	0	1	128	0	1	400	340	32	34	1085	0	0	0	1	
804	77856778	0	0	0	0	1	128	0	1	400	340	32	33	1063	0	0	0	1	
805	77856812	0	0	0	0	1	128	0	1	400	338	32	33	1060	0	0	0	1	
806	77856845	0	0	0	0	1	128	0	1	400	340	31	33	1033	0	0	0	1	
807	77856878	0	0	0	0	1	128	0	1	400	338	31	33	1024	0	0	0	1	
808	77856912	0	0	0	0	1	128	0	1	400	340	31	33	1005	0	0	0	1	
809	77856945	0	0	0	0	1	128	0	1	400	340	31	32	989	0	0	0	1	
810	77856978	0	0	0	0	1	128	0	0	0	0	0	0	0	0	0	0	1	
811	77857012	0	0	0	0	1	128	0	0	0	0	0	0	0	0	0	0	1	
812	77857045	0	0	0	0	1	128	0	0	0	0	0	0	0	0	0	0	1	
813	77857079	0	0	0	0	1	128	0	0	0	0	0	0	0	0	0	0	1	
814	77857112	0	0	0	0	1	128	0	1	428	394	22	30	649	0	0	0	1	
815	77857145	0	0	0	0	1	128	0	1	428	398	27	30	811	0	0	0	1	
816	77857179	0	0	0	0	1	128	0	1	428	398	27	31	820	0	0	0	1	
817	77857212	0	0	0	0	1	128	0	1	428	398	27	31	822	0	0	0	1	
818	77857246	0	0	0	0	1	128	0	1	428	396	27	31	829	0	0	0	1	
819	77857279	0	0	0	0	1	128	0	1	430	396	27	30	817	0	0	0	1	
820	77857312	0	0	0	0	1	128	0	1	430	396	27	30	826	0	0	0	1	
821	77857346	0	0	0	0	1	128	0	1	430	398	27	31	823	0	0	0	1	
822	77857379	0	0	0	0	1	128	0	1	432	398	27	31	827	0	0	0	1	
823	77857412	0	0	0	0	1	128	0	1	432	398	27	31	840	0	0	0	1	
824	77857446	0	0	0	0	1	128	0	1	432	398	27	31	840	0	0	0	1	
825	77857479	0	0	0	0	1	128	0	1	432	398	27	31	843	0	0	0	1	
826	77857512	0	0	0	0	1	128	0	1	432	398	27	31	841	0	0	0	1	
827	77857546	0	0	0	0	1	128	0	1	432	398	27	31	845	0	0	0	1	
828	77857579	0	0	0	0	1	128	0	1	432	396	27	31	845	0	0	0	1	
829	77857612	0	0	0	0	1	128	0	1	432	396	27	31	846	0	0	0	1	
830	77857646	0	0	0	0	1	128	0	1	432	396	27	31	850	0	0	0	1	
831	77857679	0	0	0	0	1	128	0	1	432	396	27	32	860	0	0	0	1	
832	77857713	0	0	0	0	1	128	0	1	432	396	27	32	868	0	0	0	1	
833	77857746	0	0	0	0	1	128	0	1	432	396	27	32	871	0	0	0	1	
834	77857779	0	0	0	0	1	128	0	1	432	396	27	32	886	0	0	0	1	
835	77857813	0	0	0	0	1	128	0	1	450	356	28	34	941	0	0	0	1	
836	77857846	0	0	0	0	1	128	0	1	448	352	28	33	927	0	0	0	1	
837	77857879	0	0	0	0	1	128	0	1	448	352	28	33	936	0	0	0	1	
838	77857913	0	0	0	0	1	128	0	1	448	352	29	33	946	0	0	0	1	
839	77857946	0	0	0	0	1	128	0	1	448	352	29	33	948	0	0	0	1	
840	77857980	0	0	0	0	1	128	0	1	448	344	28	34	976	0	0	0	1	
841	77858013	0	0	0	0	1	128	0	1	446	344	29	34	977	0	0	0	1	
842	77858046	0	0	0	0	1	128	0	1	446	342	29	33	967	0	0	0	1	
843	77858080	0	0	0	0	1	128	0	1	446	344	29	34	975	0	0	0	1	
844	77858113	0	0	0	0	1	128	0	1	446	344	29	34	975	0	0	0	1	
845	77858146	0	0	0	0	1	128	0	1	448	344	29	33	971	0	0	0	1	
846	77858180	0	0	0	0	1	128	0	1	448	342	29	33	972	0	0	0	1	
847	77858213	0	0	0	0	1	128	0	1	448	344	29	34	982	0	0	0	1	
848	77858246	0	0	0	0	1	128	0	1	448	344	29	34	979	0	0	0	1	
849	77858280	0	0	0	0	1	128	0	1	448	344	29	33	974	0	0	0	1	
850	77858313	0	0	0	0	1	128	0	1	448	344	29	33	958	0	0	0	1	
851	77858347	0	0	0	0	1	128	0	1	448	344	29	33	951	0	0	0	1	
852	77858380	0	0	0	0	1	128	0	1	448	344	29	33	942	0	0	0	1	
853	77858413	0	0	0	0	1	128	0	1	448	344	28	33	920	0	0	0	1	
854	77858447	0	0	0	0	1	128	0	1	448	344	28	32	912	0	0	0	1	
855	77858480	0	0	0	0	1	128	0	1	448	344	28	32	903	0	0	0	1	
856	77858513	0	0	0	0	1	128	0	1	448	346	28	32	883	0	0	0	1	
857	77858547	0	0	0	0	1	128	0	1	448	346	28	31	873	0	0	0	1	
858	77858580	0	0	0	0	1	128	0	1	448	346	28	31	870	0	0	0	1	
859	77858614	0	0	0	0	1	128	0	1	448	344	28	31	864	0	0	0	1	
860	77858647	0	0	0	0	1	128	0	1	448	344	28	31	860	0	0	0	1	
861	77858680	0	0	0	0	1	128	0	1	448	344	27	31	860	0	0	0	1	
862	77858714	0	0	0	0	1	128	0	1	448	346	27	31	864	0	0	0	1	
863	77858747	0	0	0	0	1	128	0	1	448	346	28	31	869	0	0	0	1	
864	77858780	0	0	0	0	1	128	0	1	448	346	28	31	870	0	0	0	1	
865	77858814	0	0	0	0	1	128	0	1	448	346	28	31	867	0	0	0	1	
866	77858847	0	0	0	0	1	128	0	1	448	346	27	32	870	0	0	0	1	
867	77858880	0	0	0	0	1	128	0	1	448	346	27	32	864	0	0	0	1	
868	77858914	0	0	0	0	1	128	0	1	448	346	27	32	866	0	0	0	1	
869	77858947	0	0	0	0	1	128	0	1	448	346	27	32	866	0	0	0	1	
870	77858981	0	0	0	0	1	128	0	1	448	346	27	32	864	0	0	0	1	
871	77859014	0	0	0	0	1	128	0	1	448	346	27	32	863	0	0	0	1	
872	77859047	0	0	0	0	1	128	0	1	448	346	27	31	859	0	0	0	1	
873	77859081	0	0	0	0	1	128	0	1	448	346	27	31	857	0	0	0	1	
874	77859114	0	0	0	0	1	128	0	1	448	346	27	32	864	0	0	0	1	
875	77859147	0	0	0	0	1	128	0	1	448	346	27	32	871	0	0	0	1	
876	77859181	0	0	0	0	1	128	0	1	448	346	27	32	872	0	0	0	1	
877	77859214	0	0	0	0	1	128	0	1	448	346	27	32	878	0	0	0	1	
878	77859248	0	0	0	0	1	128	0	1	448	346	28	32	892	0	0	0	1	
879	77859281	0	0	0	0	1	128	0	1	448	346	28	32	896	0	0	0	1	
880	77859314	0	0	0	0	1	128	0	1	448	346	28	32	905	0	0	0	1	
881	77859348	0	0	0	0	1	128	0	1	448	346	28	32	911	0	0	0	1	
882	77859381	0	0	0	0	1	128	0	1	448	346	28	32	916	0	0	0	1	
883	77859414	0	0	0	0	1	128	0	1	448	346	27	32	878	0	0	0	1	
884	77859448	0	0	0	0	1	128	0	1	448	346	28	33	931	0	0	0	1	
885	77859481	0	0	0	0	1	128	0	1	448	346	28	33	944	0	0	0	1	
886	77859515	0	0	0	0	1	128	0	1	448	346	28	33	949	0	0	0	1	
887	77859548	0	0	0	0	1	128	0	1	448	346	28	33	951	0	0	0	1	
888	77859581	0	0	0	0	1	128	0	1	448	346	28	34	953	0	0	0	1	
889	77859615	0	0	0	0	1	128	0	1	448	346	28	34	956	0	0	0	1	
890	77859648	0	0	0	0	1	128	0	1	448	346	28	34	956	0	0	0	1	
891	77859681	0	0	0	0	1	128	0	1	448	346	29	34	964	0	0	0	1	
892	77859715	0	0	0	0	1	128	0	1	448	346	29	33	965	0	0	0	1	
893	77859748	0	0	0	0	1	128	0	1	448	346	29	33	967	0	0	0	1	
894	77859781	0	0	0	0	1	128	0	1	448	346	29	34	968	0	0	0	1	
895	77859815	0	0	0	0	1	128	0	1	448	346	29	33	965	0	0	0	1	
896	77859848	0	0	0	0	1	128	0	1	448	346	29	34	969	0	0	0	1	
897	77859882	0	0	0	0	1	128	0	1	448	346	29	33	968	0	0	0	1	
898	77859915	0	0	0	0	1	128	0	1	448	346	29	34	976	0	0	0	1	
899	77859948	0	0	0	0	1	128	0	1	448	346	29	34	973	0	0	0	1	
900	77859982	0	0	0	0	1	128	0	1	358	350	109	162	17580	0	0	0	1	
901	77860015	0	0	0	0	1	128	0	1	426	370	30	34	1023	0	0	0	1	
902	77860048	0	0	0	0	1	128	0	1	428	370	30	33	1008	0	0	0	1	
903	77860082	0	0	0	0	1	128	0	1	428	370	30	33	1002	0	0	0	1	
904	77860115	0	0	0	0	1	128	0	1	426	370	31	33	1024	0	0	0	1	
905	77860149	0	0	0	0	1	128	0	1	426	372	31	33	1022	0	0	0	1	
906	77860182	0	0	0	0	1	128	0	1	426	370	31	33	1026	0	0	0	1	
907	77860215	0	0	0	0	1	128	0	1	430	370	30	34	1013	0	0	0	1	
908	77860249	0	0	0	0	1	128	0	1	430	370	30	34	1010	0	0	0	1	
909	77860282	0	0	0	0	1	128	0	1	430	368	30	33	1003	0	0	0	1	
910	77860315	0	0	0	0	1	128	0	1	430	370	30	33	997	0	0	0	1	
911	77860349	0	0	0	0	1	128	0	1	430	368	30	33	989	0	0	0	1	
912	77860382	0	0	0	0	1	128	0	1	430	368	30	33	987	0	0	0	1	
913	77860415	0	0	0	0	1	128	0	1	430	368	30	33	988	0	0	0	1	
914	77860449	0	0	0	0	1	128	0	1	430	370	30	33	979	0	0	0	1	
915	77860482	0	0	0	0	1	128	0	1	430	368	30	33	983	0	0	0	1	
916	77860516	0	0	0	0	1	128	0	1	430	368	30	33	987	0	0	0	1	
917	77860549	0	0	0	0	1	128	0	1	442	348	29	36	1059	0	0	0	1	
918	77860582	0	0	0	0	1	128	0	1	446	338	29	33	965	0	0	0	1	
919	77860616	0	0	0	0	1	128	0	1	446	338	29	33	966	0	0	0	1	
920	77860649	0	0	0	0	1	128	0	1	446	338	29	33	969	0	0	0	1	
921	77860682	0	0	0	0	1	128	0	1	446	338	29	33	968	0	0	0	1	
922	77860716	0	0	0	0	1	128	0	1	446	338	30	33	975	0	0	0	1	
923	77860749	0	0	0	0	1	128	0	1	448	336	29	34	977	0	0	0	1	
924	77860783	0	0	0	0	1	128	0	1	448	336	29	34	993	0	0	0	1	
925	77860816	0	0	0	0	1	128	0	1	448	336	30	34	1003	0	0	0	1	
926	77860849	0	0	0	0	1	128	0	1	448	336	30	34	1008	0	0	0	1	
927	77860883	0	0	0	0	1	128	0	1	448	336	30	34	1009	0	0	0	1	
928	77860916	0	0	0	0	1	128	0	1	448	336	30	34	1021	0	0	0	1	
929	77860949	0	0	0	0	1	128	0	1	448	336	30	34	1030	0	0	0	1	
930	77860983	0	0	0	0	1	128	0	1	448	336	30	34	1034	0	0	0	1	
931	77861016	0	0	0	0	1	128	0	1	448	336	30	34	1033	0	0	0	1	
932	77861049	0	0	0	0	1	128	0	1	448	336	30	35	1045	0	0	0	1	
933	77861083	0	0	0	0	1	128	0	1	448	336	30	34	1039	0	0	0	1	
934	77861116	0	0	0	0	1	128	0	1	448	336	30	35	1039	0	0	0	1	
935	77861150	0	0	0	0	1	128	0	1	448	336	30	35	1037	0	0	0	1	
936	77861183	0	0	0	0	1	128	0	1	448	336	30	34	1032	0	0	0	1	
937	77861216	0	0	0	0	1	128	0	1	448	336	30	34	1032	0	0	0	1	
938	77861250	0	0	0	0	1	128	0	1	448	336	30	34	1022	0	0	0	1	
939	77861283	0	0	0	0	1	128	0	1	448	334	30	35	1033	0	0	0	1	
940	77861316	0	0	0	0	1	128	0	1	452	310	29	34	995	0	0	0	1	
941	77861350	0	0	0	0	1	128	0	1	452	310	29	34	986	0	0	0	1	
942	77861383	0	0	0	0	1	128	0	1	452	310	29	34	991	0	0	0	1	
943	77861417	0	0	0	0	1	128	0	1	452	310	29	34	988	0	0	0	1	
944	77861450	0	0	0	0	1	128	0	1	452	310	29	35	991	0	0	0	1	
945	77861483	0	0	0	0	1	128	0	1	452	310	29	35	1003	0	0	0	1	
946	77861517	0	0	0	0	1	128	0	1	452	310	29	35	1004	0	0	0	1	
947	77861550	0	0	0	0	1	128	0	1	452	310	29	35	1007	0	0	0	1	
948	77861583	0	0	0	0	1	128	0	1	452	310	29	35	1011	0	0	0	1	
949	77861617	0	0	0	0	1	128	0	1	452	310	29	35	1011	0	0	0	1	
950	77861650	0	0	0	0	1	128	0	1	452	310	29	35	1012	0	0	0	1	
951	77861683	0	0	0	0	1	128	0	1	452	310	29	35	1016	0	0	0	1	
952	77861717	0	0	0	0	1	128	0	1	452	310	29	35	1015	0	0	0	1	
953	77861750	0	0	0	0	1	128	0	1	452	310	29	35	1008	0	0	0	1	
954	77861784	0	0	0	0	1	128	0	1	452	310	29	35	1013	0	0	0	1	
955	77861817	0	0	0	0	1	128	0	1	454	312	27	31	843	0	0	0	1	
956	77861850	0	0	0	0	1	128	0	1	452	310	29	34	1002	0	0	0	1	
957	77861884	0	0	0	0	1	128	0	1	452	310	29	35	1001	0	0	0	1	
958	77861917	0	0	0	0	1	128	0	1	452	310	29	35	991	0	0	0	1	
959	77861950	0	0	0	0	1	128	0	1	452	310	29	34	990	0	0	0	1	
960	77861984	0	0	0	0	1	128	0	1	452	310	29	34	992	0	0	0	1	
961	77862017	0	0	0	0	1	128	0	1	460	326	29	33	950	0	0	0	1	
962	77862051	0	0	0	0	1	128	0	1	460	326	28	33	950	0	0	0	1	
963	77862084	0	0	0	0	1	128	0	1	460	326	28	34	954	0	0	0	1	
964	77862117	0	0	0	0	1	128	0	1	460	328	29	34	959	0	0	0	1	
965	77862151	0	0	0	0	1	128	0	1	460	328	29	34	962	0	0	0	1	
966	77862184	0	0	0	0	1	128	0	1	460	328	29	34	969	0	0	0	1	
967	77862217	0	0	0	0	1	128	0	1	460	326	29	34	976	0	0	0	1	
968	77862251	0	0	0	0	1	128	0	1	458	324	29	34	970	0	0	0	1	
969	77862284	0	0	0	0	1	128	0	1	460	324	29	34	971	0	0	0	1	
970	77862317	0	0	0	0	1	128	0	1	458	324	29	34	965	0	0	0	1	
971	77862351	0	0	0	0	1	128	0	1	458	326	28	33	949	0	0	0	1	
972	77862384	0	0	0	0	1	128	0	0	0	0	0	0	0	0	0	0	1	
973	77862418	0	0	0	0	1	128	0	0	0	0	0	0	0	0	0	0	1	
974	77862451	0	0	0	0	1	128	0	1	458	330	28	32	911	0	0	0	1	
975	77862484	0	0	0	0	1	128	0	1	458	330	29	34	982	0	0	0	1	
976	77862518	0	0	0	0	1	128	0	1	458	328	29	34	986	0	0	0	1	
977	77862551	0	0	0	0	1	128	0	1	458	328	29	34	1001	0	0	0	1	
978	77862584	0	0	0	0	1	128	0	1	458	328	29	34	1006	0	0	0	1	
979	77862618	0	0	0	0	1	128	0	1	458	328	29	34	1008	0	0	0	1	
980	77862651	0	0	0	0	1	128	0	1	458	328	30	35	1021	0	0	0	1	
981	77862685	0	0	0	0	1	128	0	1	458	328	29	35	1019	0	0	0	1	
982	77862718	0	0	0	0	1	128	0	1	458	328	29	35	1014	0	0	0	1	
983	77862751	0	0	0	0	1	128	0	1	458	332	29	35	1004	0	0	0	1	
984	77862785	0	0	0	0	1	128	0	1	458	336	29	35	1013	0	0	0	1	
985	77862818	0	0	0	0	1	128	0	1	458	338	29	35	1015	0	0	0	1	
986	77862851	0	0	0	0	1	128	0	1	458	338	29	35	1020	0	0	0	1	
987	77862885	0	0	0	0	1	128	0	1	458	338	29	35	1017	0	0	0	1	
988	77862918	0	0	0	0	1	128	0	1	458	338	29	35	1022	0	0	0	1	
989	77862951	0	0	0	0	1	128	0	1	458	338	29	34	1010	0	0	0	1	
990	77862985	0	0	0	0	1	128	0	1	458	338	29	34	1010	0	0	0	1	
991	77863018	0	0	0	0	1	128	0	1	458	338	29	34	1001	0	0	0	1	
992	77863052	0	0	0	0	1	128	0	1	458	338	29	34	1005	0	0	0	1	
993	77863085	0	0	0	0	1	128	0	1	458	338	29	34	994	0	0	0	1	
994	77863118	0	0	0	0	1	128	0	1	458	338	29	34	992	0	0	0	1	
995	77863152	0	0	0	0	1	128	0	1	458	338	29	34	993	0	0	0	1	
996	77863185	0	0	0	0	1	128	0	1	458	338	29	34	986	0	0	0	1	
997	77863218	0	0	0	0	1	128	0	1	458	338	29	34	992	0	0	0	1	
998	77863252	0	0	0	0	1	128	0	1	458	338	29	34	985	0	0	0	1	
999	77863285	0	0	0	0	1	128	0	1	458	338	29	34	999	0	0	0	1	
1000	77863319	0	0	0	0	1	128	0	1	458	338	29	34	991	0	0	0	1	
1001	77863352	0	0	0	0	1	128	0	1	458	336	29	34	1004	0	0	0	1	
1002	77863385	0	0	0	0	1	128	0	1	458	338	29	35	1007	0	0	0	1	
1003	77863419	0	0	0	0	1	128	0	1	458	338	29	34	1006	0	0	0	1	
1004	77863452	0	0	0	0	1	128	0	1	458	338	29	34	1011	0	0	0	1	
1005	77863485	0	0	0	0	1	128	0	1	458	338	29	34	1010	0	0	0	1	
1006	77863519	0	0	0	0	1	128	0	1	458	338	29	35	1022	0	0	0	1	
1007	77863552	0	0	0	0	1	128	0	1	458	338	29	35	1017	0	0	0	1	
1008	77863585	0	0	0	0	1	128	0	1	466	328	29	34	979	0	0	0	1	
1009	77863619	0	0	0	0	1	128	0	1	466	328	28	34	973	0	0	0	1	
1010	77863652	0	0	0	0	1	128	0	1	466	326	29	34	975	0	0	0	1	
1011	77863686	0	0	0	0	1	128	0	1	468	326	28	34	970	0	0	0	1	
1012	77863719	0	0	0	0	1	128	0	1	468	324	28	35	965	0	0	0	1	
1013	77863752	0	0	0	0	1	128	0	1	474	316	27	34	924	0	0	0	1	
1014	77863786	0	0	0	0	1	128	0	1	474	316	27	34	921	0	0	0	1	
1015	77863819	0	0	0	0	1	128	0	1	476	314	27	34	926	0	0	0	1	
1016	77863852	0	0	0	0	1	128	0	1	476	314	27	34	934	0	0	0	1	
1017	77863886	0	0	0	0	1	128	0	1	476	314	27	35	945	0	0	0	1	
1018	77863919	0	0	0	0	1	128	0	1	476	312	27	35	948	0	0	0	1	
1019	77863953	0	0	0	0	1	128	0	1	480	308	26	35	928	0	0	0	1	
1020	77863986	0	0	0	0	1	128	0	1	480	306	26	35	923	0	0	0	1	
1021	77864019	0	0	0	0	1	128	0	1	482	306	27	35	929	0	0	0	1	
1022	77864053	0	0	0	0	1	128	0	1	482	304	26	35	920	0	0	0	1	
1023	77864086	0	0	0	0	1	128	0	1	482	304	26	35	933	0	0	0	1	
1024	77864119	0	0	0	0	1	128	0	1	482	304	27	35	929	0	0	0	1	
1025	77864153	0	0	0	0	1	128	0	1	484	300	26	35	919	0	0	0	1	
1026	77864186	0	0	0	0	1	128	0	1	486	298	25	35	897	0	0	0	1	
1027	77864219	0	0	0	0	1	128	0	1	486	298	25	35	888	0	0	0	1	
1028	77864253	0	0	0	0	1	128	0	1	488	296	25	34	875	0	0	0	1	
1029	77864286	0	0	0	0	1	128	0	1	488	296	25	34	856	0	0	0	1	
1030	77864320	0	0	0	0	1	128	0	1	488	296	25	34	844	0	0	0	1	
1031	77864353	0	0	0	0	1	128	0	1	492	290	24	34	815	0	0	0	1	
1032	77864386	0	0	0	0	1	128	0	1	492	288	24	34	814	0	0	0	1	
1033	77864420	0	0	0	0	1	128	0	1	492	288	23	34	802	0	0	0	1	
1034	77864453	0	0	0	0	1	128	0	1	492	286	23	34	789	0	0	0	1	
1035	77864486	0	0	0	0	1	128	0	1	494	286	23	34	781	0	0	0	1	
1036	77864520	0	0	0	0	1	128	0	1	494	286	23	34	786	0	0	0	1	
1037	77864553	0	0	0	0	1	128	0	1	492	290	23	33	772	0	0	0	1	
1038	77864587	0	0	0	0	1	128	0	1	488	294	24	33	807	0	0	0	1	
1039	77864620	0	0	0	0	1	128	0	1	488	294	24	33	805	0	0	0	1	
1040	77864653	0	0	0	0	1	128	0	1	488	294	24	33	809	0	0	0	1	
1041	77864687	0	0	0	0	1	128	0	1	488	294	24	33	809	0	0	0	1	
1042	77864720	0	0	0	0	1	128	0	1	488	294	24	33	812	0	0	0	1	
1043	77864753	0	0	0	0	1	128	0	1	488	294	24	33	810	0	0	0	1	
1044	77864787	0	0	0	0	1	128	0	1	490	294	24	33	807	0	0	0	1	
1045	77864820	0	0	0	0	1	128	0	1	488	294	24	33	804	0	0	0	1	
1046	77864853	0	0	0	0	1	128	0	1	490	294	24	33	791	0	0	0	1	
1047	77864887	0	0	0	0	1	128	0	1	490	294	24	33	786	0	0	0	1	
1048	77864920	0	0	0	0	1	128	0	1	490	294	24	33	784	0	0	0	1	
1049	77864954	0	0	0	0	1	128	0	1	490	294	24	33	783	0	0	0	1	
1050	77864987	0	0	0	0	1	128	0	1	490	294	24	32	774	0	0	0	1	
1051	77865020	0	0	0	0	1	128	0	1	490	294	24	32	772	0	0	0	1	
1052	77865054	0	0	0	0	1	128	0	1	488	294	24	33	775	0	0	0	1	
1053	77865087	0	0	0	0	1	128	0	1	488	294	24	32	777	0	0	0	1	
1054	77865120	0	0	0	0	1	128	0	1	488	294	24	33	783	0	0	0	1	
1055	77865154	0	0	0	0	1	128	0	1	488	294	24	33	785	0	0	0	1	
1056	77865187	0	0	0	0	1	128	0	1	488	294	24	33	793	0	0	0	1	
1057	77865221	0	0	0	0	1	128	0	1	488	294	24	33	799	0	0	0	1	
1058	77865254	0	0	0	0	1	128	0	1	488	294	24	33	791	0	0	0	1	
1059	77865287	0	0	0	0	1	128	0	1	488	294	24	33	804	0	0	0	1	
1060	77865321	0	0	0	0	1	128	0	1	488	294	24	33	805	0	0	0	1	
1061	77865354	0	0	0	0	1	128	0	1	488	294	24	33	802	0	0	0	1	
1062	77865387	0	0	0	0	1	128	0	1	488	294	24	33	801	0	0	0	1	
1063	77865421	0	0	0	0	1	128	0	1	488	294	24	33	797	0	0	0	1	
1064	77865454	0	0	0	0	1	128	0	1	488	294	24	33	796	0	0	0	1	
1065	77865487	0	0	0	0	1	128	0	1	488	294	24	33	799	0	0	0	1	
1066	77865521	0	0	0	0	1	128	0	1	488	294	24	33	789	0	0	0	1	
1067	77865554	0	0	0	0	1	128	0	1	486	296	24	33	804	0	0	0	1	
1068	77865587	0	0	0	0	1	128	0	1	480	304	26	33	845	0	0	0	1	
1069	77865621	0	0	0	0	1	128	0	1	480	306	26	34	859	0	0	0	1	
1070	77865654	0	0	0	0	1	128	0	1	480	306	26	33	859	0	0	0	1	
1071	77865688	0	0	0	0	1	128	0	1	478	308	26	33	860	0	0	0	1	
1072	77865721	0	0	0	0	1	128	0	1	478	308	26	33	864	0	0	0	1	
1073	77865754	0	0	0	0	1	128	0	1	478	308	26	34	874	0	0	0	1	
1074	77865788	0	0	0	0	1	128	0	1	476	310	26	34	889	0	0	0	1	
1075	77865821	0	0	0	0	1	128	0	1	478	308	26	34	890	0	0	0	1	
1076	77865854	0	0	0	0	1	128	0	1	478	308	26	34	877	0	0	0	1	
1077	77865888	0	0	0	0	1	128	0	1	478	308	26	34	879	0	0	0	1	
1078	77865921	0	0	0	0	1	128	0	1	478	310	26	34	898	0	0	0	1	
1079	77865955	0	0	0	0	1	128	0	1	476	310	26	34	893	0	0	0	1	
1080	77865988	0	0	0	0	1	128	0	1	476	310	26	34	912	0	0	0	1	
1081	77866021	0	0	0	0	1	128	0	1	476	312	27	34	910	0	0	0	1	
1082	77866055	0	0	0	0	1	128	0	1	474	312	27	34	910	0	0	0	1	
1083	77866088	0	0	0	0	1	128	0	1	474	314	27	34	920	0	0	0	1	
1084	77866121	0	0	0	0	1	128	0	1	472	314	27	34	919	0	0	0	1	
1085	77866155	0	0	0	0	1	128	0	1	472	316	27	34	919	0	0	0	1	
1086	77866188	0	0	0	0	1	128	0	1	472	316	27	34	924	0	0	0	1	
1087	77866222	0	0	0	0	1	128	0	1	470	318	28	34	946	0	0	0	1	
1088	77866255	0	0	0	0	1	128	0	1	470	318	27	35	944	0	0	0	1	
1089	77866288	0	0	0	0	1	128	0	1	468	320	27	34	940	0	0	0	1	
1090	77866322	0	0	0	0	1	128	0	1	468	320	28	35	956	0	0	0	1	
1091	77866355	0	0	0	0	1	128	0	1	468	322	28	34	951	0	0	0	1	
1092	77866388	0	0	0	0	1	128	0	1	466	322	28	34	958	0	0	0	1	
1093	77866422	0	0	0	0	1	128	0	1	466	324	28	34	964	0	0	0	1	
1094	77866455	0	0	0	0	1	128	0	1	466	324	28	34	943	0	0	0	1	
1095	77866488	0	0	0	0	1	128	0	1	464	326	28	34	948	0	0	0	1	
1096	77866522	0	0	0	0	1	128	0	1	464	326	28	33	938	0	0	0	1	
1097	77866555	0	0	0	0	1	128	0	1	462	328	28	33	939	0	0	0	1	
1098	77866589	0	0	0	0	1	128	0	1	462	328	28	33	939	0	0	0	1	
1099	77866622	0	0	0	0	1	128	0	1	462	330	28	33	929	0	0	0	1	
1100	77866655	0	0	0	0	1	128	0	1	458	334	28	34	955	0	0	0	1	
1101	77866689	0	0	0	0	1	128	0	1	458	334	28	33	949	0	0	0	1	
1102	77866722	0	0	0	0	1	128	0	1	456	336	28	34	955	0	0	0	1	
1103	77866755	0	0	0	0	1	128	0	1	456	336	28	33	951	0	0	0	1	
1104	77866789	0	0	0	0	1	128	0	1	456	338	28	33	942	0	0	0	1	
1105	77866822	0	0	0	0	1	128	0	1	454	338	29	33	951	0	0	0	1	
1106	77866856	0	0	0	0	1	128	0	1	454	338	29	33	968	0	0	0	1	
1107	77866889	0	0	0	0	1	128	0	1	454	340	29	33	952	0	0	0	1	
1108	77866922	0	0	0	0	1	128	0	1	452	340	29	33	949	0	0	0	1	
1109	77866956	0	0	0	0	1	128	0	1	452	342	29	33	950	0	0	0	1	
1110	77866989	0	0	0	0	1	128	0	1	450	342	29	33	944	0	0	0	1	
1111	77867022	0	0	0	0	1	128	0	1	450	344	29	33	943	0	0	0	1	
1112	77867056	0	0	0	0	1	128	0	1	450	344	29	33	951	0	0	0	1	
1113	77867089	0	0	0	0	1	128	0	1	446	348	29	33	977	0	0	0	1	
1114	77867123	0	0	0	0	1	128	0	1	444	350	29	33	974	0	0	0	1	
1115	77867156	0	0	0	0	1	128	0	1	444	350	30	33	985	0	0	0	1	
1116	77867189	0	0	0	0	1	128	0	1	444	352	30	33	973	0	0	0	1	
1117	77867223	0	0	0	0	1	128	0	1	444	352	29	33	973	0	0	0	1	
1118	77867256	0	0	0	0	1	128	0	1	444	352	29	33	978	0	0	0	1	
1119	77867289	0	0	0	0	1	128	0	0	0	0	0	0	0	0	0	0	1	
1120	77867323	0	0	0	0	1	128	0	0	0	0	0	0	0	0	0	0	1	
1121	77867356	0	0	0	0	1	128	0	0	0	0	0	0	0	0	0	0	1	
1122	77867389	0	0	0	0	1	128	0	0	0	0	0	0	0	0	0	0	1	
1123	77867423	0	0	0	0	1	128	0	0	0	0	0	0	0	0	0	0	1	
1124	77867456	0	0	0	0	1	128	0	1	448	350	29	33	950	0	0	0	1	
1125	77867490	0	0	0	0	1	128	0	1	448	348	29	34	965	0	0	0	1	
1126	77867523	0	0	0	0	1	128	0	1	448	348	29	33	977	0	0	0	1	
1127	77867556	0	0	0	0	1	128	0	1	448	348	29	33	974	0	0	0	1	
1128	77867590	0	0	0	0	1	128	0	1	448	348	29	34	984	0	0	0	1	
1129	77867623	0	0	0	0	1	128	0	1	448	346	29	34	987	0	0	0	1	
1130	77867656	0	0	0	0	1	128	0	1	448	346	30	34	992	0	0	0	1	
1131	77867690	0	0	0	0	1	128	0	1	448	346	30	34	1005	0	0	0	1	
1132	77867723	0	0	0	0	1	128	0	1	448	346	30	34	1023	0	0	0	1	
1133	77867756	0	0	0	0	1	128	0	1	446	348	30	34	1018	0	0	0	1	
1134	77867790	0	0	0	0	1	128	0	1	446	348	30	34	1021	0	0	0	1	
1135	77867823	0	0	0	0	1	128	0	1	448	348	30	34	1028	0	0	0	1	
1136	77867857	0	0	0	0	1	128	0	1	448	348	30	34	1006	0	0	0	1	
1137	77867890	0	0	0	0	1	128	0	1	448	348	30	34	1006	0	0	0	1	
1138	77867923	0	0	0	0	1	128	0	1	448	348	29	34	1002	0	0	0	1	
1139	77867957	0	0	0	0	1	128	0	1	454	356	28	34	948	0	0	0	1	
1140	77867990	0	0	0	0	1	128	0	1	456	358	28	33	937	0	0	0	1	
1141	77868023	0	0	0	0	1	128	0	1	456	358	28	33	924	0	0	0	1	
1142	77868057	0	0	0	0	1	128	0	1	456	358	28	33	918	0	0	0	1	
1143	77868090	0	0	0	0	1	128	0	1	458	358	28	33	915	0	0	0	1	
1144	77868123	0	0	0	0	1	128	0	1	458	358	28	33	906	0	0	0	1	
1145	77868157	0	0	0	0	1	128	0	1	458	358	28	32	893	0	0	0	1	
1146	77868190	0	0	0	0	1	128	0	1	458	358	27	33	891	0	0	0	1	
1147	77868224	0	0	0	0	1	128	0	1	458	358	27	32	880	0	0	0	1	
1148	77868257	0	0	0	0	1	128	0	1	458	358	27	32	881	0	0	0	1	
1149	77868290	0	0	0	0	1	128	0	1	458	358	27	32	876	0	0	0	1	
1150	77868324	0	0	0	0	1	128	0	1	458	358	27	32	879	0	0	0	1	
1151	77868357	0	0	0	0	1	128	0	1	458	358	27	32	874	0	0	0	1	
1152	77868390	0	0	0	0	1	128	0	1	458	358	27	32	884	0	0	0	1	
1153	77868424	0	0	0	0	1	128	0	1	458	358	27	32	889	0	0	0	1	
1154	77868457	0	0	0	0	1	128	0	1	458	358	27	33	898	0	0	0	1	
1155	77868491	0	0	0	0	1	128	0	1	458	358	28	33	906	0	0	0	1	
1156	77868524	0	0	0	0	1	128	0	1	458	358	27	33	917	0	0	0	1	
1157	77868557	0	0	0	0	1	128	0	1	458	358	28	33	918	0	0	0	1	
1158	77868591	0	0	0	0	1	128	0	1	456	358	28	34	935	0	0	0	1	
1159	77868624	0	0	0	0	1	128	0	1	458	358	28	34	953	0	0	0	1	
1160	77868657	0	0	0	0	1	128	0	1	458	358	29	34	966	0	0	0	1	
1161	77868691	0	0	0	0	1	128	0	1	456	356	29	34	972	0	0	0	1	
1162	77868724	0	0	0	0	1	128	0	1	442	330	30	35	1064	0	0	0	1	
1163	77868757	0	0	0	0	1	128	0	1	438	330	31	34	1050	0	0	0	1	
1164	77868791	0	0	0	0	1	128	0	0	0	0	0	0	0	0	0	0	1	
1165	77868824	0	0	0	0	1	128	0	0	0	0	0	0	0	0	0	0	1	
1166	77868858	0	0	0	0	1	128	0	0	0	0	0	0	0	0	0	0	1	
1167	77868891	0	0	0	0	1	128	0	0	0	0	0	0	0	0	0	0	1	
1168	77868924	0	0	0	0	1	128	0	1	436	330	31	34	1066	0	0	0	1	
1169	77868958	0	0	0	0	1	128	0	1	436	328	32	35	1100	0	0	0	1	
1170	77868991	0	0	0	0	1	128	0	1	436	328	32	34	1093	0	0	0	1	
1171	77869024	0	0	0	0	1	128	0	1	438	332	32	35	1101	0	0	0	1	
1172	77869058	0	0	0	0	1	128	0	1	438	332	32	35	1102	0	0	0	1	
1173	77869091	0	0	0	0	1	128	0	1	438	332	31	35	1085	0	0	0	1	
1174	77869125	0	0	0	0	1	128	0	1	438	332	31	35	1066	0	0	0	1	
1175	77869158	0	0	0	0	1	128	0	1	438	332	31	34	1058	0	0	0	1	
1176	77869191	0	0	0	0	1	128	0	1	438	332	31	34	1052	0	0	0	1	
1177	77869225	0	0	0	0	1	128	0	1	438	332	30	34	1039	0	0	0	1	
1178	77869258	0	0	0	0	1	128	0	1	438	332	30	34	1026	0	0	0	1	
1179	77869291	0	0	0	0	1	128	0	1	438	332	30	33	1012	0	0	0	1	
1180	77869325	0	0	0	0	1	128	0	1	438	332	30	34	1003	0	0	0	1	
1181	77869358	0	0	0	0	1	128	0	1	438	332	30	33	996	0	0	0	1	
1182	77869391	0	0	0	0	1	128	0	1	438	332	30	33	973	0	0	0	1	
1183	77869425	0	0	0	0	1	128	0	1	444	332	31	32	988	0	0	0	1	
1184	77869458	0	0	0	0	1	128	0	1	470	330	26	32	839	0	0	0	1	
1185	77869492	0	0	0	0	1	128	0	1	470	330	27	33	877	0	0	0	1	
1186	77869525	0	0	0	0	1	128	0	1	470	330	26	32	837	0	0	0	1	
1187	77869558	0	0	0	0	1	128	0	1	470	330	26	32	841	0	0	0	1	
1188	77869592	0	0	0	0	1	128	0	1	470	330	26	32	836	0	0	0	1	
1189	77869625	0	0	0	0	1	128	0	1	470	330	26	32	831	0	0	0	1	
1190	77869658	0	0	0	0	1	128	0	1	470	332	26	32	812	0	0	0	1	
1191	77869692	0	0	0	0	1	128	0	1	470	332	26	32	821	0	0	0	1	
1192	77869725	0	0	0	0	1	128	0	1	470	332	26	31	809	0	0	0	1	
1193	77869759	0	0	0	0	1	128	0	1	470	332	25	31	801	0	0	0	1	
1194	77869792	0	0	0	0	1	128	0	1	470	332	25	31	792	0	0	0	1	
1195	77869825	0	0	0	0	1	128	0	1	470	332	25	31	794	0	0	0	1	
1196	77869859	0	0	0	0	1	128	0	1	470	332	25	31	795	0	0	0	1	
1197	77869892	0	0	0	0	1	128	0	1	470	332	25	31	790	0	0	0	1	
1198	77869925	0	0	0	0	1	128	0	1	470	332	25	31	798	0	0	0	1	
1199	77869959	0	0	0	0	1	128	0	1	470	332	25	32	801	0	0	0	1	
1200	77869992	0	0	0	0	1	128	0	1	470	332	26	32	810	0	0	0	1	
1201	77870025	0	0	0	0	1	128	0	1	470	332	26	32	816	0	0	0	1	
1202	77870059	0	0	0	0	1	128	0	1	470	332	26	32	826	0	0	0	1	
1203	77870092	0	0	0	0	1	128	0	1	468	332	26	32	845	0	0	0	1	
1204	77870126	0	0	0	0	1	128	0	1	468	332	26	32	858	0	0	0	1	
1205	77870159	0	0	0	0	1	128	0	1	468	332	27	33	863	0	0	0	1	
1206	77870192	0	0	0	0	1	128	0	1	430	342	37	50	1843	0	0	0	1	
1207	77870226	0	0	0	0	1	128	0	1	440	348	30	34	993	0	0	0	1	
1208	77870259	0	0	0	0	1	128	0	1	440	348	30	34	993	0	0	0	1	
1209	77870292	0	0	0	0	1	128	0	1	438	348	30	34	1004	0	0	0	1	
1210	77870326	0	0	0	0	1	128	0	1	438	348	30	34	1006	0	0	0	1	
1211	77870359	0	0	0	0	1	128	0	1	438	348	30	34	1014	0	0	0	1	
1212	77870393	0	0	0	0	1	128	0	1	438	348	30	34	1018	0	0	0	1	
1213	77870426	0	0	0	0	1	128	0	1	438	348	30	34	1023	0	0	0	1	
1214	77870459	0	0	0	0	1	128	0	1	438	348	30	34	1021	0	0	0	1	
1215	77870493	0	0	0	0	1	128	0	1	438	348	30	34	1026	0	0	0	1	
1216	77870526	0	0	0	0	1	128	0	1	438	348	30	34	1022	0	0	0	1	
1217	77870559	0	0	0	0	1	128	0	1	438	348	30	34	1025	0	0	0	1	
1218	77870593	0	0	0	0	1	128	0	1	438	348	30	34	1036	0	0	0	1	
1219	77870626	0	0	0	0	1	128	0	1	438	348	30	34	1037	0	0	0	1	
1220	77870659	0	0	0	0	1	128	0	1	438	348	31	34	1049	0	0	0	1	
1221	77870693	0	0	0	0	1	128	0	1	438	348	31	34	1051	0	0	0	1	
1222	77870726	0	0	0	0	1	128	0	1	438	348	31	34	1061	0	0	0	1	
1223	77870760	0	0	0	0	1	128	0	1	438	348	31	35	1065	0	0	0	1	
1224	77870793	0	0	0	0	1	128	0	1	438	346	31	35	1070	0	0	0	1	
1225	77870826	0	0	0	0	1	128	0	1	438	346	31	35	1077	0	0	0	1	
1226	77870860	0	0	0	0	1	128	0	1	438	346	31	35	1067	0	0	0	1	
1227	77870893	0	0	0	0	1	128	0	1	438	346	31	34	1062	0	0	0	1	
1228	77870926	0	0	0	0	1	128	0	1	442	344	31	35	1083	0	0	0	1	
1229	77870960	0	0	0	0	1	128	0	1	446	332	30	34	1040	0	0	0	1	
1230	77870993	0	0	0	0	1	128	0	1	446	332	31	34	1043	0	0	0	1	
1231	77871027	0	0	0	0	1	128	0	1	446	332	31	34	1044	0	0	0	1	
1232	77871060	0	0	0	0	1	128	0	1	446	332	31	34	1050	0	0	0	1	
1233	77871093	0	0	0	0	1	128	0	1	446	332	31	34	1042	0	0	0	1	
1234	77871127	0	0	0	0	1	128	0	1	446	330	30	34	1037	0	0	0	1	
1235	77871160	0	0	0	0	1	128	0	1	446	330	30	35	1038	0	0	0	1	
1236	77871193	0	0	0	0	1	128	0	1	446	332	31	34	1050	0	0	0	1	
1237	77871227	0	0	0	0	1	128	0	1	446	330	31	34	1049	0	0	0	1	
1238	77871260	0	0	0	0	1	128	0	1	446	332	31	34	1052	0	0	0	1	
1239	77871294	0	0	0	0	1	128	0	1	446	332	30	35	1058	0	0	0	1	
1240	77871327	0	0	0	0	1	128	0	1	446	332	31	35	1056	0	0	0	1	
1241	77871360	0	0	0	0	1	128	0	1	446	332	30	35	1053	0	0	0	1	
1242	77871394	0	0	0	0	1	128	0	1	446	332	30	35	1059	0	0	0	1	
1243	77871427	0	0	0	0	1	128	0	1	446	332	30	35	1049	0	0	0	1	
1244	77871460	0	0	0	0	1	128	0	1	446	332	30	34	1047	0	0	0	1	
1245	77871494	0	0	0	0	1	128	0	1	446	332	30	34	1046	0	0	0	1	
1246	77871527	0	0	0	0	1	128	0	1	446	332	30	34	1039	0	0	0	1	
1247	77871560	0	0	0	0	1	128	0	1	446	332	30	34	1027	0	0	0	1	
1248	77871594	0	0	0	0	1	128	0	1	446	332	30	34	1018	0	0	0	1	
1249	77871627	0	0	0	0	1	128	0	1	446	332	30	34	1024	0	0	0	1	
1250	77871661	0	0	0	0	1	128	0	1	448	334	30	34	995	0	0	0	1	
1251	77871694	0	0	0	0	1	128	0	1	450	346	29	34	980	0	0	0	1	
1252	77871727	0	0	0	0	1	128	0	1	450	346	29	33	971	0	0	0	1	
1253	77871761	0	0	0	0	1	128	0	1	450	346	29	33	966	0	0	0	1	
1254	77871794	0	0	0	0	1	128	0	1	450	346	29	33	971	0	0	0	1	
1255	77871827	0	0	0	0	1	128	0	1	450	346	29	33	969	0	0	0	1	
1256	77871861	0	0	0	0	1	128	0	1	450	346	29	33	966	0	0	0	1	
1257	77871894	0	0	0	0	1	128	0	1	450	346	29	33	960	0	0	0	1	
1258	77871927	0	0	0	0	1	128	0	1	450	346	29	33	957	0	0	0	1	
1259	77871961	0	0	0	0	1	128	0	1	450	346	29	33	943	0	0	0	1	
1260	77871994	0	0	0	0	1	128	0	1	450	346	29	33	937	0	0	0	1	
1261	77872028	0	0	0	0	1	128	0	1	450	346	28	33	936	0	0	0	1	
1262	77872061	0	0	0	0	1	128	0	1	450	346	28	33	929	0	0	0	1	
1263	77872094	0	0	0	0	1	128	0	1	450	346	29	33	937	0	0	0	1	
1264	77872128	0	0	0	0	1	128	0	1	450	348	29	33	956	0	0	0	1	
1265	77872161	0	0	0	0	1	128	0	1	450	346	29	33	946	0	0	0	1	
1266	77872194	0	0	0	0	1	128	0	1	450	346	29	33	953	0	0	0	1	
1267	77872228	0	0	0	0	1	128	0	1	450	346	29	33	957	0	0	0	1	
1268	77872261	0	0	0	0	1	128	0	1	450	346	29	33	964	0	0	0	1	
1269	77872295	0	0	0	0	1	128	0	1	450	346	29	33	959	0	0	0	1	
1270	77872328	0	0	0	0	1	128	0	1	450	346	29	34	975	0	0	0	1	
1271	77872361	0	0	0	0	1	128	0	1	450	346	29	34	980	0	0	0	1	
1272	77872395	0	0	0	0	1	128	0	1	450	346	29	34	983	0	0	0	1	
1273	77872428	0	0	0	0	1	128	0	1	450	346	29	34	985	0	0	0	1	
1274	77872461	0	0	0	0	1	128	0	1	450	346	29	34	993	0	0	0	1	
1275	77872495	0	0	0	0	1	128	0	1	452	350	29	33	976	0	0	0	1	
1276	77872528	0	0	0	0	1	128	0	1	452	364	29	33	967	0	0	0	1	
1277	77872562	0	0	0	0	1	128	0	1	454	364	29	34	974	0	0	0	1	
1278	77872595	0	0	0	0	1	128	0	1	454	366	29	34	977	0	0	0	1	
1279	77872628	0	0	0	0	1	128	0	1	454	368	29	34	979	0	0	0	1	
1280	77872662	0	0	0	0	1	128	0	1	446	382	29	34	988	0	0	0	1	
1281	77872695	0	0	0	0	1	128	0	1	446	384	29	34	983	0	0	0	1	
1282	77872728	0	0	0	0	1	128	0	1	444	386	29	34	967	0	0	0	1	
1283	77872762	0	0	0	0	1	128	0	1	442	388	28	33	945	0	0	0	1	
1284	77872795	0	0	0	0	1	128	0	1	442	390	28	33	944	0	0	0	1	
1285	77872828	0	0	0	0	1	128	0	1	438	392	29	33	949	0	0	0	1	
1286	77872862	0	0	0	0	1	128	0	1	424	398	29	33	963	0	0	0	1	
1287	77872895	0	0	0	0	1	128	0	1	422	398	29	33	961	0	0	0	1	
1288	77872929	0	0	0	0	1	128	0	1	422	398	29	33	965	0	0	0	1	
1289	77872962	0	0	0	0	1	128	0	1	420	398	29	33	968	0	0	0	1	
1290	77872995	0	0	0	0	1	128	0	1	418	398	30	33	974	0	0	0	1	
1291	77873029	0	0	0	0	1	128	0	1	416	398	30	33	994	0	0	0	1	
1292	77873062	0	0	0	0	1	128	0	1	414	398	31	33	1011	0	0	0	1	
1293	77873095	0	0	0	0	1	128	0	1	414	396	31	33	1029	0	0	0	1	
1294	77873129	0	0	0	0	1	128	0	1	414	398	28	33	931	0	0	0	1	
1295	77873162	0	0	0	0	1	128	0	1	400	390	32	34	1095	0	0	0	1	
1296	77873196	0	0	0	0	1	128	0	1	396	384	33	34	1129	0	0	0	1	
1297	77873229	0	0	0	0	1	128	0	1	394	382	34	35	1165	0	0	0	1	
1298	77873262	0	0	0	0	1	128	0	1	394	380	33	35	1154	0	0	0	1	
1299	77873296	0	0	0	0	1	128	0	1	392	378	34	35	1184	0	0	0	1	
1300	77873329	0	0	0	0	1	128	0	1	392	376	34	35	1186	0	0	0	1	
1301	77873362	0	0	0	0	1	128	0	1	390	374	34	37	1260	0	0	0	1	
1302	77873396	0	0	0	0	1	128	0	1	386	372	34	41	1415	0	0	0	1	
1303	77873429	0	0	0	0	1	128	0	1	392	370	34	36	1224	0	0	0	1	
1304	77873462	0	0	0	0	1	128	0	1	392	368	34	35	1212	0	0	0	1	
1305	77873496	0	0	0	0	1	128	0	1	392	366	35	37	1290	0	0	0	1	
1306	77873529	0	0	0	0	1	128	0	1	394	362	35	35	1234	0	0	0	1	
1307	77873563	0	0	0	0	1	128	0	1	396	360	34	35	1192	0	0	0	1	
1308	77873596	0	0	0	0	1	128	0	1	398	356	33	35	1181	0	0	0	1	
1309	77873629	0	0	0	0	1	128	0	1	400	352	33	35	1165	0	0	0	1	
1310	77873663	0	0	0	0	1	128	0	1	400	348	34	36	1227	0	0	0	1	
1311	77873696	0	0	0	0	1	128	0	1	402	348	33	35	1168	0	0	0	1	
1312	77873729	0	0	0	0	1	128	0	1	402	346	33	36	1189	0	0	0	1	
1313	77873763	0	0	0	0	1	128	0	1	398	340	34	38	1291	0	0	0	1	
1314	77873796	0	0	0	0	1	128	0	1	400	338	35	35	1207	0	0	0	1	
1315	77873830	0	0	0	0	1	128	0	1	404	338	33	35	1153	0	0	0	1	
1316	77873863	0	0	0	0	1	128	0	1	406	334	34	35	1194	0	0	0	1	
1317	77873896	0	0	0	0	1	128	0	1	408	332	34	37	1253	0	0	0	1	
1318	77873930	0	0	0	0	1	128	0	1	414	332	32	35	1101	0	0	0	1	
1319	77873963	0	0	0	0	1	128	0	1	416	332	32	35	1115	0	0	0	1	
1320	77873996	0	0	0	0	1	128	0	1	420	330	32	34	1119	0	0	0	1	
1321	77874030	0	0	0	0	1	128	0	1	428	332	31	35	1088	0	0	0	1	
1322	77874063	0	0	0	0	1	128	0	1	430	332	32	35	1097	0	0	0	1	
1323	77874096	0	0	0	0	1	128	0	1	434	334	31	34	1068	0	0	0	1	
1324	77874130	0	0	0	0	1	128	0	1	436	334	32	35	1092	0	0	0	1	
1325	77874163	0	0	0	0	1	128	0	1	438	336	31	34	1054	0	0	0	1	
1326	77874197	0	0	0	0	1	128	0	1	440	338	30	34	1031	0	0	0	1	
1327	77874230	0	0	0	0	1	128	0	1	442	338	30	33	1006	0	0	0	1	
1328	77874263	0	0	0	0	1	128	0	1	444	340	30	33	970	0	0	0	1	
1329	77874297	0	0	0	0	1	128	0	1	446	342	29	33	958	0	0	0	1	
1330	77874330	0	0	0	0	1	128	0	1	448	344	29	33	939	0	0	0	1	
1331	77874363	0	0	0	0	1	128	0	1	452	352	28	32	904	0	0	0	1	
1332	77874397	0	0	0	0	1	128	0	1	452	352	28	32	901	0	0	0	1	
1333	77874430	0	0	0	0	1	128	0	1	452	354	28	32	893	0	0	0	1	
1334	77874463	0	0	0	0	1	128	0	1	452	354	28	32	897	0	0	0	1	
1335	77874497	0	0	0	0	1	128	0	1	452	354	28	33	905	0	0	0	1	
1336	77874530	0	0	0	0	1	128	0	1	452	354	28	32	899	0	0	0	1	
1337	77874564	0	0	0	0	1	128	0	1	452	354	28	32	904	0	0	0	1	
1338	77874597	0	0	0	0	1	128	0	1	452	350	28	33	909	0	0	0	1	
1339	77874630	0	0	0	0	1	128	0	1	450	348	28	33	917	0	0	0	1	
1340	77874664	0	0	0	0	1	128	0	0	0	0	0	0	0	0	0	0	1	
1341	77874697	0	0	0	0	1	128	0	0	0	0	0	0	0	0	0	0	1	
1342	77874730	0	0	0	0	1	128	0	0	0	0	0	0	0	0	0	0	1	
1343	77874764	0	0	0	0	1	128	0	1	448	348	26	30	785	0	0	0	1	
1344	77874797	0	0	0	0	1	128	0	1	448	352	29	33	964	0	0	0	1	
1345	77874831	0	0	0	0	1	128	0	1	448	350	29	34	995	0	0	0	1	
1346	77874864	0	0	0	0	1	128	0	1	448	350	30	34	1016	0	0	0	1	
1347	77874897	0	0	0	0	1	128	0	1	448	348	30	34	1024	0	0	0	1	
1348	77874931	0	0	0	0	1	128	0	1	448	348	30	35	1034	0	0	0	1	
1349	77874964	0	0	0	0	1	128	0	1	448	348	30	35	1037	0	0	0	1	
1350	77874997	0	0	0	0	1	128	0	1	448	348	30	35	1044	0	0	0	1	
1351	77875031	0	0	0	0	1	128	0	1	448	348	30	35	1044	0	0	0	1	
1352	77875064	0	0	0	0	1	128	0	1	448	348	30	35	1058	0	0	0	1	
1353	77875098	0	0	0	0	1	128	0	1	448	348	30	35	1062	0	0	0	1	
1354	77875131	0	0	0	0	1	128	0	1	448	348	30	35	1074	0	0	0	1	
1355	77875164	0	0	0	0	1	128	0	1	448	346	30	35	1066	0	0	0	1	
1356	77875198	0	0	0	0	1	128	0	1	448	346	30	35	1070	0	0	0	1	
1357	77875231	0	0	0	0	1	128	0	1	448	346	30	35	1070	0	0	0	1	
1358	77875264	0	0	0	0	1	128	0	1	448	346	30	35	1068	0	0	0	1	
1359	77875298	0	0	0	0	1	128	0	1	448	346	30	35	1060	0	0	0	1	
1360	77875331	0	0	0	0	1	128	0	1	448	346	30	35	1064	0	0	0	1	
1361	77875364	0	0	0	0	1	128	0	1	448	346	30	35	1064	0	0	0	1	
1362	77875398	0	0	0	0	1	128	0	1	448	346	30	35	1058	0	0	0	1	
1363	77875431	0	0	0	0	1	128	0	1	448	346	30	35	1051	0	0	0	1	
1364	77875465	0	0	0	0	1	128	0	1	448	358	29	35	1025	0	0	0	1	
1365	77875498	0	0	0	0	1	128	0	1	448	362	30	34	1017	0	0	0	1	
1366	77875531	0	0	0	0	1	128	0	1	448	362	30	34	1011	0	0	0	1	
1367	77875565	0	0	0	0	1	128	0	1	448	362	29	34	1001	0	0	0	1	
1368	77875598	0	0	0	0	1	128	0	1	448	362	30	34	1008	0	0	0	1	
1369	77875631	0	0	0	0	1	128	0	1	448	362	30	34	993	0	0	0	1	
1370	77875665	0	0	0	0	1	128	0	1	448	362	29	34	980	0	0	0	1	
1371	77875698	0	0	0	0	1	128	0	1	448	362	29	33	965	0	0	0	1	
1372	77875731	0	0	0	0	1	128	0	1	448	362	29	33	956	0	0	0	1	
1373	77875765	0	0	0	0	1	128	0	1	448	362	29	32	937	0	0	0	1	
1374	77875798	0	0	0	0	1	128	0	1	448	362	29	32	919	0	0	0	1	
1375	77875832	0	0	0	0	1	128	0	1	448	362	29	32	926	0	0	0	1	
1376	77875865	0	0	0	0	1	128	0	1	448	362	29	32	923	0	0	0	1	
1377	77875898	0	0	0	0	1	128	0	1	448	362	29	33	929	0	0	0	1	
1378	77875932	0	0	0	0	1	128	0	1	446	364	29	32	937	0	0	0	1	
1379	77875965	0	0	0	0	1	128	0	1	446	364	29	33	942	0	0	0	1	
1380	77875998	0	0	0	0	1	128	0	1	446	364	29	33	953	0	0	0	1	
1381	77876032	0	0	0	0	1	128	0	1	446	364	29	33	957	0	0	0	1	
1382	77876065	0	0	0	0	1	128	0	1	446	364	29	33	972	0	0	0	1	
1383	77876099	0	0	0	0	1	128	0	1	446	364	29	33	970	0	0	0	1	
1384	77876132	0	0	0	0	1	128	0	1	446	364	29	33	980	0	0	0	1	
1385	77876165	0	0	0	0	1	128	0	1	446	364	30	33	992	0	0	0	1	
1386	77876199	0	0	0	0	1	128	0	1	446	364	30	34	993	0	0	0	1	
1387	77876232	0	0	0	0	1	128	0	1	446	364	30	34	1011	0	0	0	1	
1388	77876265	0	0	0	0	1	128	0	1	470	344	27	35	947	0	0	0	1	
1389	77876299	0	0	0	0	1	128	0	1	476	340	27	33	889	0	0	0	1	
1390	77876332	0	0	0	0	1	128	0	1	476	340	27	33	890	0	0	0	1	
1391	77876365	0	0	0	0	1	128	0	1	476	340	27	33	889	0	0	0	1	
1392	77876399	0	0	0	0	1	128	0	1	476	340	27	33	885	0	0	0	1	
1393	77876432	0	0	0	0	1	128	0	1	476	340	27	33	890	0	0	0	1	
1394	77876466	0	0	0	0	1	128	0	1	476	340	27	34	904	0	0	0	1	
1395	77876499	0	0	0	0	1	128	0	1	476	342	27	33	903	0	0	0	1	
1396	77876532	0	0	0	0	1	128	0	1	476	342	27	34	915	0	0	0	1	
1397	77876566	0	0	0	0	1	128	0	1	476	342	27	34	911	0	0	0	1	
1398	77876599	0	0	0	0	1	128	0	1	476	342	27	33	899	0	0	0	1	
1399	77876632	0	0	0	0	1	128	0	1	476	342	27	33	886	0	0	0	1	
1400	77876666	0	0	0	0	1	128	0	1	476	342	27	33	884	0	0	0	1	
1401	77876699	0	0	0	0	1	128	0	1	476	342	27	33	888	0	0	0	1	
1402	77876732	0	0	0	0	1	128	0	1	476	342	27	33	879	0	0	0	1	
1403	77876766	0	0	0	0	1	128	0	1	474	342	27	33	880	0	0	0	1	
1404	77876799	0	0	0	0	1	128	0	1	474	340	27	33	874	0	0	0	1	
1405	77876833	0	0	0	0	1	128	0	1	474	342	26	33	872	0	0	0	1	
1406	77876866	0	0	0	0	1	128	0	1	474	340	27	33	876	0	0	0	1	
1407	77876899	0	0	0	0	1	128	0	1	474	340	26	33	872	0	0	0	1	
1408	77876933	0	0	0	0	1	128	0	1	474	340	27	33	873	0	0	0	1	
1409	77876966	0	0	0	0	1	128	0	1	464	340	29	33	946	0	0	0	1	
1410	77876999	0	0	0	0	1	128	0	1	446	328	30	34	1035	0	0	0	1	
1411	77877033	0	0	0	0	1	128	0	1	444	328	30	34	1019	0	0	0	1	
1412	77877066	0	0	0	0	1	128	0	1	444	328	30	34	1017	0	0	0	1	
1413	77877100	0	0	0	0	1	128	0	1	444	328	30	34	1020	0	0	0	1	
1414	77877133	0	0	0	0	1	128	0	1	444	328	30	34	1029	0	0	0	1	
1415	77877166	0	0	0	0	1	128	0	1	446	330	30	34	1021	0	0	0	1	
1416	77877200	0	0	0	0	1	128	0	1	448	332	30	34	1036	0	0	0	1	
1417	77877233	0	0	0	0	1	128	0	1	448	332	30	34	1034	0	0	0	1	
1418	77877266	0	0	0	0	1	128	0	1	448	332	30	34	1029	0	0	0	1	
1419	77877300	0	0	0	0	1	128	0	1	448	332	30	34	1016	0	0	0	1	
1420	77877333	0	0	0	0	1	128	0	1	448	332	30	33	991	0	0	0	1	
1421	77877366	0	0	0	0	1	128	0	1	448	332	29	33	967	0	0	0	1	
1422	77877400	0	0	0	0	1	128	0	1	448	332	29	33	946	0	0	0	1	
1423	77877433	0	0	0	0	1	128	0	1	448	332	29	32	925	0	0	0	1	
1424	77877467	0	0	0	0	1	128	0	1	448	332	29	32	918	0	0	0	1	
1425	77877500	0	0	0	0	1	128	0	1	448	332	28	32	909	0	0	0	1	
1426	77877533	0	0	0	0	1	128	0	1	448	332	28	32	898	0	0	0	1	
1427	77877567	0	0	0	0	1	128	0	1	448	332	28	32	890	0	0	0	1	
1428	77877600	0	0	0	0	1	128	0	1	448	332	28	32	887	0	0	0	1	
1429	77877633	0	0	0	0	1	128	0	1	448	332	28	31	884	0	0	0	1	
1430	77877667	0	0	0	0	1	128	0	1	448	332	28	32	883	0	0	0	1	
1431	77877700	0	0	0	0	1	128	0	1	448	332	28	32	879	0	0	0	1	
1432	77877734	0	0	0	0	1	128	0	1	424	356	30	31	943	0	0	0	1	
1433	77877767	0	0	0	0	1	128	0	1	422	360	30	32	957	0	0	0	1	
1434	77877800	0	0	0	0	1	128	0	1	422	360	30	32	954	0	0	0	1	
1435	77877834	0	0	0	0	1	128	0	1	422	360	30	32	955	0	0	0	1	
1436	77877867	0	0	0	0	1	128	0	1	422	360	30	32	946	0	0	0	1	
1437	77877900	0	0	0	0	1	128	0	1	422	360	30	32	967	0	0	0	1	
1438	77877934	0	0	0	0	1	128	0	1	422	360	30	32	969	0	0	0	1	
1439	77877967	0	0	0	0	1	128	0	1	422	360	30	32	946	0	0	0	1	
1440	77878000	0	0	0	0	1	128	0	1	422	360	30	32	975	0	0	0	1	
1441	77878034	0	0	0	0	1	128	0	1	422	360	29	32	933	0	0	0	1	
1442	77878067	0	0	0	0	1	128	0	1	422	360	29	31	913	0	0	0	1	
1443	77878101	0	0	0	0	1	128	0	1	422	360	30	32	933	0	0	0	1	
1444	77878134	0	0	0	0	1	128	0	1	422	360	29	31	910	0	0	0	1	
1445	77878167	0	0	0	0	1	128	0	1	422	360	29	32	923	0	0	0	1	
1446	77878201	0	0	0	0	1	128	0	1	422	360	29	32	925	0	0	0	1	
1447	77878234	0	0	0	0	1	128	0	1	422	360	29	31	918	0	0	0	1	
1448	77878267	0	0	0	0	1	128	0	1	422	360	29	32	930	0	0	0	1	
1449	77878301	0	0	0	0	1	128	0	1	422	360	29	31	910	0	0	0	1	
1450	77878334	0	0	0	0	1	128	0	1	422	360	29	32	923	0	0	0	1	
1451	77878368	0	0	0	0	1	128	0	1	422	360	29	31	918	0	0	0	1	
1452	77878401	0	0	0	0	1	128	0	1	424	360	29	31	919	0	0	0	1	
1453	77878434	0	0	0	0	1	128	0	1	422	360	29	32	954	0	0	0	1	
1454	77878468	0	0	0	0	1	128	0	1	432	380	57	100	5693	0	0	0	1	
1455	77878501	0	0	0	0	1	128	0	1	448	332	28	32	868	0	0	0	1	
1456	77878534	0	0	0	0	1	128	0	1	448	332	27	32	867	0	0	0	1	
1457	77878568	0	0	0	0	1	128	0	1	448	332	27	32	875	0	0	0	1	
1458	77878601	0	0	0	0	1	128	0	1	450	332	27	32	876	0	0	0	1	
1459	77878635	0	0	0	0	1	128	0	1	450	332	28	32	881	0	0	0	1	
1460	77878668	0	0	0	0	1	128	0	1	450	332	28	32	890	0	0	0	1	
1461	77878701	0	0	0	0	1	128	0	1	450	332	28	32	886	0	0	0	1	
1462	77878735	0	0	0	0	1	128	0	1	450	332	28	32	900	0	0	0	1	
1463	77878768	0	0	0	0	1	128	0	1	450	332	28	32	892	0	0	0	1	
1464	77878801	0	0	0	0	1	128	0	1	450	332	28	32	905	0	0	0	1	
1465	77878835	0	0	0	0	1	128	0	1	450	332	28	32	905	0	0	0	1	
1466	77878868	0	0	0	0	1	128	0	1	448	336	28	33	918	0	0	0	1	
1467	77878901	0	0	0	0	1	128	0	1	448	336	28	33	928	0	0	0	1	
1468	77878935	0	0	0	0	1	128	0	1	448	336	28	33	929	0	0	0	1	
1469	77878968	0	0	0	0	1	128	0	1	448	336	28	32	923	0	0	0	1	
1470	77879002	0	0	0	0	1	128	0	1	448	336	28	33	920	0	0	0	1	
1471	77879035	0	0	0	0	1	128	0	1	448	336	28	33	920	0	0	0	1	
1472	77879068	0	0	0	0	1	128	0	1	448	336	28	33	909	0	0	0	1	
1473	77879102	0	0	0	0	1	128	0	1	450	338	28	32	904	0	0	0	1	
1474	77879135	0	0	0	0	1	128	0	1	450	338	28	32	898	0	0	0	1	
1475	77879168	0	0	0	0	1	128	0	1	450	338	28	32	898	0	0	0	1	
1476	77879202	0	0	0	0	1	128	0	1	450	338	28	32	906	0	0	0	1	
1477	77879235	0	0	0	0	1	128	0	1	450	338	28	32	913	0	0	0	1	
1478	77879268	0	0	0	0	1	128	0	1	448	340	28	32	911	0	0	0	1	
1479	77879302	0	0	0	0	1	128	0	1	448	342	28	32	909	0	0	0	1	
1480	77879335	0	0	0	0	1	128	0	1	444	350	29	33	937	0	0	0	1	
1481	77879369	0	0	0	0	1	128	0	1	444	352	29	33	947	0	0	0	1	
1482	77879402	0	0	0	0	1	128	0	1	442	354	29	33	947	0	0	0	1	
1483	77879435	0	0	0	0	1	128	0	1	442	356	29	33	957	0	0	0	1	
1484	77879469	0	0	0	0	1	128	0	1	442	360	29	33	952	0	0	0	1	
1485	77879502	0	0	0	0	1	128	0	1	442	362	29	33	953	0	0	0	1	
1486	77879535	0	0	0	0	1	128	0	1	442	364	29	33	955	0	0	0	1	
1487	77879569	0	0	0	0	1	128	0	1	436	370	29	33	974	0	0	0	1	
1488	77879602	0	0	0	0	1	128	0	1	436	374	29	33	955	0	0	0	1	
1489	77879636	0	0	0	0	1	128	0	1	434	376	29	33	951	0	0	0	1	
1490	77879669	0	0	0	0	1	128	0	1	434	378	29	32	947	0	0	0	1	
1491	77879702	0	0	0	0	1	128	0	1	432	380	29	32	947	0	0	0	1	
1492	77879736	0	0	0	0	1	128	0	1	432	382	29	33	953	0	0	0	1	
1493	77879769	0	0	0	0	1	128	0	1	430	384	29	33	952	0	0	0	1	
1494	77879802	0	0	0	0	1	128	0	1	430	386	29	33	959	0	0	0	1	
1495	77879836	0	0	0	0	1	128	0	1	430	388	29	33	955	0	0	0	1	
1496	77879869	0	0	0	0	1	128	0	1	428	388	29	33	959	0	0	0	1	
1497	77879903	0	0	0	0	1	128	0	1	428	390	30	33	973	0	0	0	1	
1498	77879936	0	0	0	0	1	128	0	1	428	392	30	33	978	0	0	0	1	
1499	77879969	0	0	0	0	1	128	0	1	426	394	30	33	977	0	0	0	1	
1500	77880003	0	0	0	0	1	128	0	1	426	396	30	33	973	0	0	0	1	
1501	77880036	0	0	0	0	1	128	0	1	424	402	29	32	953	0	0	0	1	
1502	77880069	0	0	0	0	1	128	0	1	424	404	30	33	970	0	0	0	1	
1503	77880103	0	0	0	0	1	128	0	1	422	404	29	33	966	0	0	0	1	
1504	77880136	0	0	0	0	1	128	0	1	422	408	29	33	962	0	0	0	1	
1505	77880169	0	0	0	0	1	128	0	1	422	408	29	33	961	0	0	0	1	
1506	77880203	0	0	0	0	1	128	0	1	420	410	29	33	947	0	0	0	1	
1507	77880236	0	0	0	0	1	128	0	1	420	410	29	33	943	0	0	0	1	
1508	77880270	0	0	0	0	1	128	0	1	428	400	29	33	967	0	0	0	1	
1509	77880303	0	0	0	0	1	128	0	1	426	400	29	33	953	0	0	0	1	
1510	77880336	0	0	0	0	1	128	0	1	428	400	29	32	943	0	0	0	1	
1511	77880370	0	0	0	0	1	128	0	1	428	398	29	33	945	0	0	0	1	
1512	77880403	0	0	0	0	1	128	0	1	428	398	29	32	928	0	0	0	1	
1513	77880436	0	0	0	0	1	128	0	1	428	398	29	33	944	0	0	0	1	
1514	77880470	0	0	0	0	1	128	0	1	426	400	29	32	934	0	0	0	1	
1515	77880503	0	0	0	0	1	128	0	1	424	400	25	31	780	0	0	0	1	
1516	77880537	0	0	0	0	1	128	0	0	0	0	0	0	0	0	0	0	1	
1517	77880570	0	0	0	0	1	128	0	1	232	392	33	37	1232	0	0	0	1	
1518	77880603	0	0	0	0	1	128	0	1	424	404	25	33	841	0	0	0	1	
1519	77880637	0	0	0	0	1	128	0	1	424	404	29	33	973	0	0	0	1	
1520	77880670	0	0	0	0	1	128	0	1	424	400	30	33	991	0	0	0	1	
1521	77880703	0	0	0	0	1	128	0	1	424	400	30	34	1007	0	0	0	1	
1522	77880737	0	0	0	0	1	128	0	1	424	398	30	34	1009	0	0	0	1	
1523	77880770	0	0	0	0	1	128	0	1	426	398	30	34	1015	0	0	0	1	
1524	77880803	0	0	0	0	1	128	0	1	426	398	30	34	1020	0	0	0	1	
1525	77880837	0	0	0	0	1	128	0	1	426	398	30	34	1019	0	0	0	1	
1526	77880870	0	0	0	0	1	128	0	1	426	398	30	34	1021	0	0	0	1	
1527	77880904	0	0	0	0	1	128	0	1	426	398	30	34	1014	0	0	0	1	
1528	77880937	0	0	0	0	1	128	0	1	426	398	30	34	1029	0	0	0	1	
1529	77880970	0	0	0	0	1	128	0	1	426	398	30	34	1022	0	0	0	1	
1530	77881004	0	0	0	0	1	128	0	1	426	398	30	34	1032	0	0	0	1	
1531	77881037	0	0	0	0	1	128	0	1	426	398	30	34	1012	0	0	0	1	
1532	77881070	0	0	0	0	1	128	0	1	428	400	27	33	892	0	0	0	1	
1533	77881104	0	0	0	0	1	128	0	1	426	398	30	33	993	0	0	0	1	
1534	77881137	0	0	0	0	1	128	0	1	428	400	26	33	844	0	0	0	1	
1535	77881170	0	0	0	0	1	128	0	1	426	398	29	33	961	0	0	0	1	
1536	77881204	0	0	0	0	1	128	0	1	426	398	29	33	950	0	0	0	1	
1537	77881237	0	0	0	0	1	128	0	1	426	398	29	32	939	0	0	0	1	
1538	77881271	0	0	0	0	1	128	0	1	430	390	29	33	959	0	0	0	1	
1539	77881304	0	0	0	0	1	128	0	1	434	386	29	32	926	0	0	0	1	
1540	77881337	0	0	0	0	1	128	0	1	434	384	29	32	936	0	0	0	1	
1541	77881371	0	0	0	0	1	128	0	1	436	382	29	32	926	0	0	0	1	
1542	77881404	0	0	0	0	1	128	0	1	436	380	29	32	923	0	0	0	1	
1543	77881437	0	0	0	0	1	128	0	1	438	378	29	32	921	0	0	0	1	
1544	77881471	0	0	0	0	1	128	0	1	438	378	29	32	920	0	0	0	1	
1545	77881504	0	0	0	0	1	128	0	1	438	376	29	32	932	0	0	0	1	
1546	77881538	0	0	0	0	1	128	0	1	440	374	29	33	937	0	0	0	1	
1547	77881571	0	0	0	0	1	128	0	1	440	372	29	33	948	0	0	0	1	
1548	77881604	0	0	0	0	1	128	0	1	440	370	29	33	952	0	0	0	1	
1549	77881638	0	0	0	0	1	128	0	1	440	368	29	33	962	0	0	0	1	
1550	77881671	0	0	0	0	1	128	0	1	442	368	29	33	973	0	0	0	1	
1551	77881704	0	0	0	0	1	128	0	1	442	366	29	33	979	0	0	0	1	
1552	77881738	0	0	0	0	1	128	0	1	442	364	29	33	980	0	0	0	1	
1553	77881771	0	0	0	0	1	128	0	1	444	364	30	33	996	0	0	0	1	
1554	77881804	0	0	0	0	1	128	0	1	444	362	30	34	1015	0	0	0	1	
1555	77881838	0	0	0	0	1	128	0	1	444	360	30	34	1023	0	0	0	1	
1556	77881871	0	0	0	0	1	128	0	1	444	358	30	34	1030	0	0	0	1	
1557	77881905	0	0	0	0	1	128	0	1	446	356	30	35	1042	0	0	0	1	
1558	77881938	0	0	0	0	1	128	0	1	446	356	30	35	1047	0	0	0	1	
1559	77881971	0	0	0	0	1	128	0	1	446	354	30	35	1052	0	0	0	1	
1560	77882005	0	0	0	0	1	128	0	1	446	352	31	35	1059	0	0	0	1	
1561	77882038	0	0	0	0	1	128	0	1	448	352	30	35	1050	0	0	0	1	
1562	77882071	0	0	0	0	1	128	0	1	448	350	30	35	1054	0	0	0	1	
1563	77882105	0	0	0	0	1	128	0	1	448	348	30	35	1053	0	0	0	1	
1564	77882138	0	0	0	0	1	128	0	1	448	346	30	35	1059	0	0	0	1	
1565	77882172	0	0	0	0	1	128	0	1	450	346	30	35	1063	0	0	0	1	
1566	77882205	0	0	0	0	1	128	0	1	450	344	30	35	1058	0	0	0	1	
1567	77882238	0	0	0	0	1	128	0	1	450	344	30	35	1066	0	0	0	1	
1568	77882272	0	0	0	0	1	128	0	1	450	342	30	35	1057	0	0	0	1	
1569	77882305	0	0	0	0	1	128	0	1	450	340	30	35	1059	0	0	0	1	
1570	77882338	0	0	0	0	1	128	0	1	452	340	30	35	1060	0	0	0	1	
1571	77882372	0	0	0	0	1	128	0	1	452	340	30	35	1063	0	0	0	1	
1572	77882405	0	0	0	0	1	128	0	1	452	340	30	35	1066	0	0	0	1	
1573	77882439	0	0	0	0	1	128	0	1	448	344	31	35	1088	0	0	0	1	
1574	77882472	0	0	0	0	1	128	0	1	448	344	31	35	1093	0	0	0	1	
1575	77882505	0	0	0	0	1	128	0	1	448	344	31	35	1088	0	0	0	1	
1576	77882539	0	0	0	0	1	128	0	1	448	344	31	35	1080	0	0	0	1	
1577	77882572	0	0	0	0	1	128	0	1	448	344	31	35	1081	0	0	0	1	
1578	77882605	0	0	0	0	1	128	0	1	448	344	31	35	1083	0	0	0	1	
1579	77882639	0	0	0	0	1	128	0	1	448	344	31	35	1068	0	0	0	1	
1580	77882672	0	0	0	0	1	128	0	1	448	344	30	35	1058	0	0	0	1	
1581	77882705	0	0	0	0	1	128	0	1	448	346	30	35	1049	0	0	0	1	
1582	77882739	0	0	0	0	1	128	0	1	448	346	30	34	1037	0	0	0	1	
1583	77882772	0	0	0	0	1	128	0	1	448	346	30	34	1028	0	0	0	1	
1584	77882805	0	0	0	0	1	128	0	1	448	346	30	34	1019	0	0	0	1	
1585	77882839	0	0	0	0	1	128	0	1	448	346	30	34	1008	0	0	0	1	
1586	77882872	0	0	0	0	1	128	0	1	448	346	30	34	1003	0	0	0	1	
1587	77882906	0	0	0	0	1	128	0	1	448	346	29	34	989	0	0	0	1	
1588	77882939	0	0	0	0	1	128	0	1	448	346	29	34	983	0	0	0	1	
1589	77882972	0	0	0	0	1	128	0	1	448	346	29	34	973	0	0	0	1	
1590	77883006	0	0	0	0	1	128	0	1	448	346	29	34	964	0	0	0	1	
1591	77883039	0	0	0	0	1	128	0	1	448	346	29	33	958	0	0	0	1	
1592	77883072	0	0	0	0	1	128	0	1	448	346	29	33	954	0	0	0	1	
1593	77883106	0	0	0	0	1	128	0	1	446	346	29	33	979	0	0	0	1	
1594	77883139	0	0	0	0	1	128	0	1	428	332	30	34	1022	0	0	0	1	
1595	77883173	0	0	0	0	1	128	0	1	426	332	30	33	1001	0	0	0	1	
1596	77883206	0	0	0	0	1	128	0	1	426	332	31	34	1034	0	0	0	1	
1597	77883239	0	0	0	0	1	128	0	1	426	332	30	33	1015	0	0	0	1	
1598	77883273	0	0	0	0	1	128	0	1	426	332	31	35	1075	0	0	0	1	
1599	77883306	0	0	0	0	1	128	0	1	426	332	31	35	1059	0	0	0	1	
1600	77883339	0	0	0	0	1	128	0	1	426	332	31	34	1071	0	0	0	1	
1601	77883373	0	0	0	0	1	128	0	1	426	332	31	35	1077	0	0	0	1	
1602	77883406	0	0	0	0	1	128	0	1	426	332	31	35	1086	0	0	0	1	
1603	77883439	0	0	0	0	1	128	0	1	426	334	31	34	1063	0	0	0	1	
1604	77883473	0	0	0	0	1	128	0	1	426	332	31	34	1064	0	0	0	1	
1605	77883506	0	0	0	0	1	128	0	1	428	334	31	34	1048	0	0	0	1	
1606	77883540	0	0	0	0	1	128	0	1	426	332	31	34	1055	0	0	0	1	
1607	77883573	0	0	0	0	1	128	0	1	428	334	31	34	1060	0	0	0	1	
1608	77883606	0	0	0	0	1	128	0	1	428	334	31	34	1041	0	0	0	1	
1609	77883640	0	0	0	0	1	128	0	1	428	334	31	34	1045	0	0	0	1	
1610	77883673	0	0	0	0	1	128	0	1	428	334	31	34	1041	0	0	0	1	
1611	77883706	0	0	0	0	1	128	0	1	428	334	30	34	1026	0	0	0	1	
1612	77883740	0	0	0	0	1	128	0	1	428	334	30	34	1023	0	0	0	1	
1613	77883773	0	0	0	0	1	128	0	1	428	334	30	33	1017	0	0	0	1	
1614	77883807	0	0	0	0	1	128	0	1	428	332	31	35	1077	0	0	0	1	
1615	77883840	0	0	0	0	1	128	0	1	424	352	27	35	929	0	0	0	1	
1616	77883873	0	0	0	0	1	128	0	1	416	362	31	33	1020	0	0	0	1	
1617	77883907	0	0	0	0	1	128	0	1	416	362	31	33	1032	0	0	0	1	
1618	77883940	0	0	0	0	1	128	0	1	416	360	32	34	1080	0	0	0	1	
1619	77883973	0	0	0	0	1	128	0	1	416	362	31	33	1045	0	0	0	1	
1620	77884007	0	0	0	0	1	128	0	1	416	362	31	33	1020	0	0	0	1	
1621	77884040	0	0	0	0	1	128	0	1	416	362	31	33	1021	0	0	0	1	
1622	77884073	0	0	0	0	1	128	0	1	416	362	31	33	1021	0	0	0	1	
1623	77884107	0	0	0	0	1	128	0	1	416	362	31	33	1017	0	0	0	1	
1624	77884140	0	0	0	0	1	128	0	1	416	362	31	33	1009	0	0	0	1	
1625	77884174	0	0	0	0	1	128	0	1	416	362	31	33	1006	0	0	0	1	
1626	77884207	0	0	0	0	1	128	0	1	416	362	30	32	971	0	0	0	1	
1627	77884240	0	0	0	0	1	128	0	1	416	362	31	32	986	0	0	0	1	
1628	77884274	0	0	0	0	1	128	0	1	416	362	30	32	974	0	0	0	1	
1629	77884307	0	0	0	0	1	128	0	1	416	362	30	32	969	0	0	0	1	
1630	77884340	0	0	0	0	1	128	0	1	416	362	30	32	970	0	0	0	1	
1631	77884374	0	0	0	0	1	128	0	1	416	362	31	32	989	0	0	0	1	
1632	77884407	0	0	0	0	1	128	0	1	416	362	31	32	988	0	0	0	1	
1633	77884441	0	0	0	0	1	128	0	1	416	362	31	32	1001	0	0	0	1	
1634	77884474	0	0	0	0	1	128	0	1	418	362	30	32	985	0	0	0	1	
1635	77884507	0	0	0	0	1	128	0	1	418	364	31	32	992	0	0	0	1	
1636	77884541	0	0	0	0	1	128	0	1	418	364	31	32	1002	0	0	0	1	
1637	77884574	0	0	0	0	1	128	0	1	418	364	30	32	975	0	0	0	1	
1638	77884607	0	0	0	0	1	128	0	1	418	364	30	32	980	0	0	0	1	
1639	77884641	0	0	0	0	1	128	0	1	408	342	96	106	10221	0	0	0	1	
1640	77884674	0	0	0	0	1	128	0	1	412	328	30	32	981	0	0	0	1	
1641	77884708	0	0	0	0	1	128	0	1	412	328	30	32	968	0	0	0	1	
1642	77884741	0	0	0	0	1	128	0	1	412	328	30	32	967	0	0	0	1	
1643	77884774	0	0	0	0	1	128	0	1	414	328	31	32	984	0	0	0	1	
1644	77884808	0	0	0	0	1	128	0	1	414	330	31	33	1030	0	0	0	1	
1645	77884841	0	0	0	0	1	128	0	1	414	330	31	33	1040	0	0	0	1	
1646	77884874	0	0	0	0	1	128	0	1	414	330	31	33	1031	0	0	0	1	
1647	77884908	0	0	0	0	1	128	0	1	414	330	31	33	1038	0	0	0	1	
1648	77884941	0	0	0	0	1	128	0	1	416	332	31	33	1023	0	0	0	1	
1649	77884974	0	0	0	0	1	128	0	1	416	332	31	33	1019	0	0	0	1	
1650	77885008	0	0	0	0	1	128	0	1	416	332	31	33	1011	0	0	0	1	
1651	77885041	0	0	0	0	1	128	0	1	416	332	31	32	1006	0	0	0	1	
1652	77885075	0	0	0	0	1	128	0	1	416	332	31	32	972	0	0	0	1	
1653	77885108	0	0	0	0	1	128	0	1	416	332	31	32	965	0	0	0	1	
1654	77885141	0	0	0	0	1	128	0	1	416	332	30	31	957	0	0	0	1	
1655	77885175	0	0	0	0	1	128	0	1	416	332	30	31	918	0	0	0	1	
1656	77885208	0	0	0	0	1	128	0	1	416	332	30	31	914	0	0	0	1	
1657	77885241	0	0	0	0	1	128	0	1	416	332	30	31	911	0	0	0	1	
1658	77885275	0	0	0	0	1	128	0	1	416	332	30	31	912	0	0	0	1	
1659	77885308	0	0	0	0	1	128	0	1	416	332	30	30	901	0	0	0	1	
1660	77885342	0	0	0	0	1	128	0	1	418	330	30	31	952	0	0	0	1	
1661	77885375	0	0	0	0	1	128	0	1	426	324	29	31	910	0	0	0	1	
1662	77885408	0	0	0	0	1	128	0	1	426	324	29	31	906	0	0	0	1	
1663	77885442	0	0	0	0	1	128	0	1	426	324	29	31	897	0	0	0	1	
1664	77885475	0	0	0	0	1	128	0	0	0	0	0	0	0	0	0	0	1	
1665	77885508	0	0	0	0	1	128	0	0	0	0	0	0	0	0	0	0	1	
1666	77885542	0	0	0	0	1	128	0	0	0	0	0	0	0	0	0	0	1	
1667	77885575	0	0	0	0	1	128	0	1	396	320	72	104	7443	0	0	0	1	
1668	77885608	0	0	0	0	1	128	0	1	436	336	28	42	1155	0	0	0	1	
1669	77885642	0	0	0	0	1	128	0	0	0	0	0	0	0	0	0	0	1	
1670	77885675	0	0	0	0	1	128	0	1	428	328	30	32	938	0	0	0	1	
1671	77885709	0	0	0	0	1	128	0	1	428	328	30	32	960	0	0	0	1	
1672	77885742	0	0	0	0	1	128	0	1	428	326	30	32	949	0	0	0	1	
1673	77885775	0	0	0	0	1	128	0	1	428	326	29	32	928	0	0	0	1	
1674	77885809	0	0	0	0	1	128	0	1	430	328	29	31	897	0	0	0	1	
1675	77885842	0	0	0	0	1	128	0	1	428	326	30	31	941	0	0	0	1	
1676	77885875	0	0	0	0	1	128	0	1	428	326	30	32	939	0	0	0	1	
1677	77885909	0	0	0	0	1	128	0	1	428	326	30	32	948	0	0	0	1	
1678	77885942	0	0	0	0	1	128	0	1	428	326	30	32	955	0	0	0	1	
1679	77885976	0	0	0	0	1	128	0	1	428	326	30	32	931	0	0	0	1	
1680	77886009	0	0	0	0	1	128	0	1	428	326	30	31	935	0	0	0	1	
1681	77886042	0	0	0	0	1	128	0	1	428	326	29	31	918	0	0	0	1	
1682	77886076	0	0	0	0	1	128	0	1	428	326	30	31	927	0	0	0	1	
1683	77886109	0	0	0	0	1	128	0	1	428	326	29	31	919	0	0	0	1	
1684	77886142	0	0	0	0	1	128	0	1	428	326	29	31	911	0	0	0	1	
1685	77886176	0	0	0	0	1	128	0	1	430	326	29	31	910	0	0	0	1	
1686	77886209	0	0	0	0	1	128	0	1	434	334	29	32	916	0	0	0	1	
1687	77886242	0	0	0	0	1	128	0	1	436	334	29	32	922	0	0	0	1	
1688	77886276	0	0	0	0	1	128	0	1	436	336	29	32	913	0	0	0	1	
1689	77886309	0	0	0	0	1	128	0	1	438	338	29	32	917	0	0	0	1	
1690	77886343	0	0	0	0	1	128	0	1	440	338	29	31	900	0	0	0	1	
1691	77886376	0	0	0	0	1	128	0	1	440	340	28	31	893	0	0	0	1	
1692	77886409	0	0	0	0	1	128	0	1	442	340	28	31	883	0	0	0	1	
1693	77886443	0	0	0	0	1	128	0	1	442	340	28	31	860	0	0	0	1	
1694	77886476	0	0	0	0	1	128	0	1	444	342	28	31	847	0	0	0	1	
1695	77886509	0	0	0	0	1	128	0	1	444	342	28	31	847	0	0	0	1	
1696	77886543	0	0	0	0	1	128	0	1	444	344	27	30	833	0	0	0	1	
1697	77886576	0	0	0	0	1	128	0	1	446	344	27	30	824	0	0	0	1	
1698	77886609	0	0	0	0	1	128	0	1	446	346	27	30	823	0	0	0	1	
1699	77886643	0	0	0	0	1	128	0	1	448	346	27	30	827	0	0	0	1	
1700	77886676	0	0	0	0	1	128	0	1	448	348	27	30	824	0	0	0	1	
1701	77886710	0	0	0	0	1	128	0	1	450	348	27	31	831	0	0	0	1	
1702	77886743	0	0	0	0	1	128	0	1	450	350	27	31	836	0	0	0	1	
1703	77886776	0	0	0	0	1	128	0	1	452	350	27	31	849	0	0	0	1	
1704	77886810	0	0	0	0	1	128	0	1	452	352	27	31	851	0	0	0	1	
1705	77886843	0	0	0	0	1	128	0	1	452	352	27	31	853	0	0	0	1	
1706	77886876	0	0	0	0	1	128	0	1	452	352	28	31	864	0	0	0	1	
1707	77886910	0	0	0	0	1	128	0	1	452	352	28	31	868	0	0	0	1	
1708	77886943	0	0	0	0	1	128	0	1	452	352	28	31	875	0	0	0	1	
1709	77886977	0	0	0	0	1	128	0	1	452	352	28	32	894	0	0	0	1	
1710	77887010	0	0	0	0	1	128	0	1	450	350	28	32	891	0	0	0	1	
1711	77887043	0	0	0	0	1	128	0	1	450	350	28	32	895	0	0	0	1	
1712	77887077	0	0	0	0	1	128	0	1	450	350	28	32	898	0	0	0	1	
1713	77887110	0	0	0	0	1	128	0	1	450	350	28	32	903	0	0	0	1	
1714	77887143	0	0	0	0	1	128	0	1	450	350	28	32	907	0	0	0	1	
1715	77887177	0	0	0	0	1	128	0	1	450	350	28	32	914	0	0	0	1	
1716	77887210	0	0	0	0	1	128	0	1	450	350	28	32	917	0	0	0	1	
1717	77887243	0	0	0	0	1	128	0	1	450	350	29	32	937	0	0	0	1	
1718	77887277	0	0	0	0	1	128	0	1	450	350	29	33	940	0	0	0	1	
1719	77887310	0	0	0	0	1	128	0	1	450	350	29	33	949	0	0	0	1	
1720	77887344	0	0	0	0	1	128	0	1	450	350	29	33	949	0	0	0	1	
1721	77887377	0	0	0	0	1	128	0	1	450	350	29	33	965	0	0	0	1	
1722	77887410	0	0	0	0	1	128	0	1	450	350	29	33	971	0	0	0	1	
1723	77887444	0	0	0	0	1	128	0	1	450	350	29	33	970	0	0	0	1	
1724	77887477	0	0	0	0	1	128	0	1	450	350	29	34	985	0	0	0	1	
1725	77887510	0	0	0	0	1	128	0	1	450	350	29	33	979	0	0	0	1	
1726	77887544	0	0	0	0	1	128	0	1	450	350	29	34	981	0	0	0	1	
1727	77887577	0	0	0	0	1	128	0	1	450	350	29	33	980	0	0	0	1	
1728	77887611	0	0	0	0	1	128	0	1	450	350	29	34	984	0	0	0	1	
1729	77887644	0	0	0	0	1	128	0	1	446	372	26	34	865	0	0	0	1	
1730	77887677	0	0	0	0	1	128	0	1	444	380	29	33	949	0	0	0	1	
1731	77887711	0	0	0	0	1	128	0	1	444	380	29	33	941	0	0	0	1	
1732	77887744	0	0	0	0	1	128	0	1	444	380	28	33	935	0	0	0	1	
1733	77887777	0	0	0	0	1	128	0	1	444	380	28	33	933	0	0	0	1	
1734	77887811	0	0	0	0	1	128	0	1	444	380	28	33	930	0	0	0	1	
1735	77887844	0	0	0	0	1	128	0	1	444	380	28	33	921	0	0	0	1	
1736	77887878	0	0	0	0	1	128	0	1	444	380	28	33	918	0	0	0	1	
1737	77887911	0	0	0	0	1	128	0	1	444	380	28	32	909	0	0	0	1	
1738	77887944	0	0	0	0	1	128	0	1	444	380	28	32	905	0	0	0	1	
1739	77887978	0	0	0	0	1	128	0	1	444	380	28	32	902	0	0	0	1	
1740	77888011	0	0	0	0	1	128	0	1	444	380	28	32	895	0	0	0	1	
1741	77888044	0	0	0	0	1	128	0	1	444	380	28	32	894	0	0	0	1	
1742	77888078	0	0	0	0	1	128	0	1	444	380	28	32	904	0	0	0	1	
1743	77888111	0	0	0	0	1	128	0	1	444	380	28	32	904	0	0	0	1	
1744	77888144	0	0	0	0	1	128	0	1	444	380	28	32	910	0	0	0	1	
1745	77888178	0	0	0	0	1	128	0	1	444	380	28	32	914	0	0	0	1	
1746	77888211	0	0	0	0	1	128	0	1	444	380	29	33	934	0	0	0	1	
1747	77888245	0	0	0	0	1	128	0	1	444	380	29	33	943	0	0	0	1	
1748	77888278	0	0	0	0	1	128	0	1	444	380	29	33	947	0	0	0	1	
1749	77888311	0	0	0	0	1	128	0	1	444	380	29	33	963	0	0	0	1	
1750	77888345	0	0	0	0	1	128	0	1	444	380	29	33	968	0	0	0	1	
1751	77888378	0	0	0	0	1	128	0	1	446	362	26	35	923	0	0	0	1	
1752	77888411	0	0	0	0	1	128	0	1	448	346	30	34	1028	0	0	0	1	
1753	77888445	0	0	0	0	1	128	0	1	448	346	30	34	1040	0	0	0	1	
1754	77888478	0	0	0	0	1	128	0	1	448	346	30	35	1050	0	0	0	1	
1755	77888511	0	0	0	0	1	128	0	1	448	346	31	34	1053	0	0	0	1	
1756	77888545	0	0	0	0	1	128	0	1	448	346	31	35	1057	0	0	0	1	
1757	77888578	0	0	0	0	1	128	0	1	448	346	31	35	1065	0	0	0	1	
1758	77888612	0	0	0	0	1	128	0	1	448	346	31	35	1065	0	0	0	1	
1759	77888645	0	0	0	0	1	128	0	1	448	346	31	35	1069	0	0	0	1	
1760	77888678	0	0	0	0	1	128	0	1	448	346	31	35	1063	0	0	0	1	
1761	77888712	0	0	0	0	1	128	0	1	448	346	31	35	1067	0	0	0	1	
1762	77888745	0	0	0	0	1	128	0	1	448	346	30	35	1057	0	0	0	1	
1763	77888778	0	0	0	0	1	128	0	1	448	346	30	35	1046	0	0	0	1	
1764	77888812	0	0	0	0	1	128	0	1	448	346	30	34	1034	0	0	0	1	
1765	77888845	0	0	0	0	1	128	0	1	448	346	30	34	1025	0	0	0	1	
1766	77888878	0	0	0	0	1	128	0	1	448	346	30	34	1017	0	0	0	1	
1767	77888912	0	0	0	0	1	128	0	1	448	346	30	34	1017	0	0	0	1	
1768	77888945	0	0	0	0	1	128	0	1	448	346	30	34	1012	0	0	0	1	
1769	77888979	0	0	0	0	1	128	0	1	448	346	30	34	1015	0	0	0	1	
1770	77889012	0	0	0	0	1	128	0	1	448	346	30	34	1015	0	0	0	1	
1771	77889045	0	0	0	0	1	128	0	1	448	346	30	34	1012	0	0	0	1	
1772	77889079	0	0	0	0	1	128	0	1	448	346	30	34	1014	0	0	0	1	
1773	77889112	0	0	0	0	1	128	0	1	448	346	30	34	1020	0	0	0	1	
1774	77889145	0	0	0	0	1	128	0	1	448	346	30	34	1013	0	0	0	1	
1775	77889179	0	0	0	0	1	128	0	1	452	354	29	33	967	0	0	0	1	
1776	77889212	0	0	0	0	1	128	0	1	454	366	29	34	964	0	0	0	1	
1777	77889246	0	0	0	0	1	128	0	1	454	368	28	34	960	0	0	0	1	
1778	77889279	0	0	0	0	1	128	0	1	454	370	28	34	963	0	0	0	1	
1779	77889312	0	0	0	0	1	128	0	1	454	372	28	34	958	0	0	0	1	
1780	77889346	0	0	0	0	1	128	0	1	448	378	28	34	966	0	0	0	1	
1781	77889379	0	0	0	0	1	128	0	1	444	384	28	33	953	0	0	0	1	
1782	77889412	0	0	0	0	1	128	0	1	442	386	29	33	932	0	0	0	1	
1783	77889446	0	0	0	0	1	128	0	1	442	388	28	32	921	0	0	0	1	
1784	77889479	0	0	0	0	1	128	0	1	440	390	28	32	922	0	0	0	1	
1785	77889512	0	0	0	0	1	128	0	1	438	390	28	32	905	0	0	0	1	
1786	77889546	0	0	0	0	1	128	0	1	438	392	28	32	910	0	0	0	1	
1787	77889579	0	0	0	0	1	128	0	1	436	392	28	32	914	0	0	0	1	
1788	77889613	0	0	0	0	1	128	0	1	434	392	27	32	865	0	0	0	1	
1789	77889646	0	0	0	0	1	128	0	1	434	392	28	32	923	0	0	0	1	
1790	77889679	0	0	0	0	1	128	0	1	432	392	29	33	937	0	0	0	1	
1791	77889713	0	0	0	0	1	128	0	1	432	392	29	33	938	0	0	0	1	
1792	77889746	0	0	0	0	1	128	0	1	430	392	29	33	960	0	0	0	1	
1793	77889779	0	0	0	0	1	128	0	1	430	392	29	33	968	0	0	0	1	
1794	77889813	0	0	0	0	1	128	0	1	430	390	30	34	994	0	0	0	1	
1795	77889846	0	0	0	0	1	128	0	1	430	390	30	34	1013	0	0	0	1	
1796	77889880	0	0	0	0	1	128	0	1	428	390	30	34	1020	0	0	0	1	
1797	77889913	0	0	0	0	1	128	0	0	0	0	0	0	0	0	0	0	1	
1798	77889946	0	0	0	0	1	128	0	1	386	376	33	39	1295	0	0	0	1	
1799	77889980	0	0	0	0	1	128	0	1	386	376	34	37	1272	0	0	0	1	
1800	77890013	0	0	0	0	1	128	0	1	388	374	34	35	1213	0	0	0	1	
1801	77890046	0	0	0	0	1	128	0	1	388	372	35	36	1231	0	0	0	1	
1802	77890080	0	0	0	0	1	128	0	1	388	370	35	35	1238	0	0	0	1	
1803	77890113	0	0	0	0	1	128	0	1	386	368	35	35	1241	0	0	0	1	
1804	77890147	0	0	0	0	1	128	0	1	388	366	35	36	1251	0	0	0	1	
1805	77890180	0	0	0	0	1	128	0	1	388	364	35	35	1227	0	0	0	1	
1806	77890213	0	0	0	0	1	128	0	1	388	362	35	35	1228	0	0	0	1	
1807	77890247	0	0	0	0	1	128	0	1	390	358	34	35	1212	0	0	0	1	
1808	77890280	0	0	0	0	1	128	0	1	390	356	35	35	1218	0	0	0	1	
1809	77890313	0	0	0	0	1	128	0	1	394	354	33	34	1150	0	0	0	1	
1810	77890347	0	0	0	0	1	128	0	1	394	350	33	36	1187	0	0	0	1	
1811	77890380	0	0	0	0	1	128	0	1	396	348	34	36	1213	0	0	0	1	
1812	77890413	0	0	0	0	1	128	0	1	400	344	33	35	1147	0	0	0	1	
1813	77890447	0	0	0	0	1	128	0	1	402	338	33	34	1130	0	0	0	1	
1814	77890480	0	0	0	0	1	128	0	1	404	336	32	35	1126	0	0	0	1	
1815	77890514	0	0	0	0	1	128	0	1	406	334	32	34	1096	0	0	0	1	
1816	77890547	0	0	0	0	1	128	0	1	410	332	32	35	1088	0	0	0	1	
1817	77890580	0	0	0	0	1	128	0	1	412	332	32	34	1084	0	0	0	1	
1818	77890614	0	0	0	0	1	128	0	1	414	332	32	34	1084	0	0	0	1	
1819	77890647	0	0	0	0	1	128	0	1	418	330	32	34	1077	0	0	0	1	
1820	77890680	0	0	0	0	1	128	0	1	420	330	32	35	1104	0	0	0	1	
1821	77890714	0	0	0	0	1	128	0	1	428	332	31	34	1073	0	0	0	1	
1822	77890747	0	0	0	0	1	128	0	1	432	334	30	34	1011	0	0	0	1	
1823	77890781	0	0	0	0	1	128	0	1	434	334	30	34	1036	0	0	0	1	
1824	77890814	0	0	0	0	1	128	0	1	436	334	30	34	1027	0	0	0	1	
1825	77890847	0	0	0	0	1	128	0	1	438	336	30	33	1004	0	0	0	1	
1826	77890881	0	0	0	0	1	128	0	1	442	338	30	33	981	0	0	0	1	
1827	77890914	0	0	0	0	1	128	0	1	444	340	29	32	947	0	0	0	1	
1828	77890947	0	0	0	0	1	128	0	1	444	340	29	32	938	0	0	0	1	
1829	77890981	0	0	0	0	1	128	0	1	446	342	29	32	921	0	0	0	1	
1830	77891014	0	0	0	0	1	128	0	1	450	348	28	32	903	0	0	0	1	
1831	77891047	0	0	0	0	1	128	0	1	452	350	28	32	887	0	0	0	1	
1832	77891081	0	0	0	0	1	128	0	1	452	352	28	32	890	0	0	0	1	
1833	77891114	0	0	0	0	1	128	0	1	452	352	28	32	888	0	0	0	1	
1834	77891148	0	0	0	0	1	128	0	1	452	354	28	32	883	0	0	0	1	
1835	77891181	0	0	0	0	1	128	0	1	452	354	28	32	900	0	0	0	1	
1836	77891214	0	0	0	0	1	128	0	1	452	354	28	32	894	0	0	0	1	
1837	77891248	0	0	0	0	1	128	0	1	452	354	28	32	898	0	0	0	1	
1838	77891281	0	0	0	0	1	128	0	1	452	354	28	32	901	0	0	0	1	
1839	77891314	0	0	0	0	1	128	0	1	450	350	28	32	919	0	0	0	1	
1840	77891348	0	0	0	0	1	128	0	1	450	348	29	33	937	0	0	0	1	
1841	77891381	0	0	0	0	1	128	0	1	450	348	29	33	950	0	0	0	1	
1842	77891415	0	0	0	0	1	128	0	1	450	348	29	33	955	0	0	0	1	
1843	77891448	0	0	0	0	1	128	0	1	448	348	29	33	969	0	0	0	1	
1844	77891481	0	0	0	0	1	128	0	1	448	348	29	33	978	0	0	0	1	
1845	77891515	0	0	0	0	1	128	0	1	448	348	29	33	982	0	0	0	1	
1846	77891548	0	0	0	0	1	128	0	1	448	348	29	34	997	0	0	0	1	
1847	77891581	0	0	0	0	1	128	0	1	448	348	30	34	1018	0	0	0	1	
1848	77891615	0	0	0	0	1	128	0	1	448	348	30	34	1019	0	0	0	1	
1849	77891648	0	0	0	0	1	128	0	1	448	348	30	34	1033	0	0	0	1	
1850	77891681	0	0	0	0	1	128	0	1	448	348	30	34	1039	0	0	0	1	
1851	77891715	0	0	0	0	1	128	0	1	448	348	30	35	1050	0	0	0	1	
1852	77891748	0	0	0	0	1	128	0	1	448	348	30	35	1045	0	0	0	1	
1853	77891782	0	0	0	0	1	128	0	1	448	348	30	34	1046	0	0	0	1	
1854	77891815	0	0	0	0	1	128	0	1	448	348	30	34	1044	0	0	0	1	
1855	77891848	0	0	0	0	1	128	0	1	448	346	30	35	1047	0	0	0	1	
1856	77891882	0	0	0	0	1	128	0	0	0	0	0	0	0	0	0	0	1	
1857	77891915	0	0	0	0	1	128	0	0	0	0	0	0	0	0	0	0	1	
1858	77891948	0	0	0	0	1	128	0	0	0	0	0	0	0	0	0	0	1	
1859	77891982	0	0	0	0	1	128	0	1	446	348	30	33	991	0	0	0	1	
1860	77892015	0	0	0	0	1	128	0	1	446	348	30	34	1032	0	0	0	1	
1861	77892049	0	0	0	0	1	128	0	1	446	348	30	34	1032	0	0	0	1	
1862	77892082	0	0	0	0	1	128	0	1	446	346	31	34	1055	0	0	0	1	
1863	77892115	0	0	0	0	1	128	0	1	446	346	31	35	1060	0	0	0	1	
1864	77892149	0	0	0	0	1	128	0	1	446	346	31	34	1050	0	0	0	1	
1865	77892182	0	0	0	0	1	128	0	1	446	346	30	35	1051	0	0	0	1	
1866	77892215	0	0	0	0	1	128	0	1	446	346	31	35	1053	0	0	0	1	
1867	77892249	0	0	0	0	1	128	0	1	446	346	30	34	1043	0	0	0	1	
1868	77892282	0	0	0	0	1	128	0	1	448	348	30	34	1038	0	0	0	1	
1869	77892315	0	0	0	0	1	128	0	1	448	348	30	34	1033	0	0	0	1	
1870	77892349	0	0	0	0	1	128	0	1	448	348	30	34	1028	0	0	0	1	
1871	77892382	0	0	0	0	1	128	0	1	448	348	30	34	1025	0	0	0	1	
1872	77892416	0	0	0	0	1	128	0	1	448	348	30	34	1004	0	0	0	1	
1873	77892449	0	0	0	0	1	128	0	1	448	348	30	34	995	0	0	0	1	
1874	77892482	0	0	0	0	1	128	0	1	448	348	29	34	982	0	0	0	1	
1875	77892516	0	0	0	0	1	128	0	1	448	346	29	33	971	0	0	0	1	
1876	77892549	0	0	0	0	1	128	0	1	448	346	29	33	957	0	0	0	1	
1877	77892582	0	0	0	0	1	128	0	1	448	346	29	33	957	0	0	0	1	
1878	77892616	0	0	0	0	1	128	0	1	448	346	29	33	954	0	0	0	1	
1879	77892649	0	0	0	0	1	128	0	1	448	346	29	33	953	0	0	0	1	
1880	77892682	0	0	0	0	1	128	0	1	448	346	29	33	950	0	0	0	1	
1881	77892716	0	0	0	0	1	128	0	1	448	346	29	33	948	0	0	0	1	
1882	77892749	0	0	0	0	1	128	0	1	448	348	29	33	954	0	0	0	1	
1883	77892783	0	0	0	0	1	128	0	1	448	346	29	33	949	0	0	0	1	
1884	77892816	0	0	0	0	1	128	0	1	448	346	29	33	952	0	0	0	1	
1885	77892849	0	0	0	0	1	128	0	1	448	346	29	33	954	0	0	0	1	
1886	77892883	0	0	0	0	1	128	0	1	448	346	29	33	953	0	0	0	1	
1887	77892916	0	0	0	0	1	128	0	1	448	346	29	33	951	0	0	0	1	
1888	77892949	0	0	0	0	1	128	0	1	448	346	29	33	944	0	0	0	1	
1889	77892983	0	0	0	0	1	128	0	1	448	346	29	33	942	0	0	0	1	
1890	77893016	0	0	0	0	1	128	0	1	448	348	29	33	941	0	0	0	1	
1891	77893050	0	0	0	0	1	128	0	1	448	346	29	33	939	0	0	0	1	
1892	77893083	0	0	0	0	1	128	0	1	448	348	29	32	931	0	0	0	1	
1893	77893116	0	0	0	0	1	128	0	1	448	348	29	33	930	0	0	0	1	
1894	77893150	0	0	0	0	1	128	0	1	448	348	29	33	932	0	0	0	1	
1895	77893183	0	0	0	0	1	128	0	1	448	348	29	33	932	0	0	0	1	
1896	77893216	0	0	0	0	1	128	0	1	448	348	29	32	921	0	0	0	1	
1897	77893250	0	0	0	0	1	128	0	1	448	348	29	32	925	0	0	0	1	
1898	77893283	0	0	0	0	1	128	0	1	446	350	29	32	930	0	0	0	1	
1899	77893317	0	0	0	0	1	128	0	1	444	350	29	32	932	0	0	0	1	
1900	77893350	0	0	0	0	1	128	0	1	444	350	29	32	914	0	0	0	1	
1901	77893383	0	0	0	0	1	128	0	1	444	350	29	32	927	0	0	0	1	
1902	77893417	0	0	0	0	1	128	0	1	444	350	29	32	917	0	0	0	1	
1903	77893450	0	0	0	0	1	128	0	1	444	350	29	32	910	0	0	0	1	
1904	77893483	0	0	0	0	1	128	0	1	444	350	29	32	919	0	0	0	1	
1905	77893517	0	0	0	0	1	128	0	1	444	350	28	32	908	0	0	0	1	
1906	77893550	0	0	0	0	1	128	0	1	444	350	28	32	904	0	0	0	1	
1907	77893583	0	0	0	0	1	128	0	1	444	350	28	32	907	0	0	0	1	
1908	77893617	0	0	0	0	1	128	0	1	444	350	29	32	909	0	0	0	1	
1909	77893650	0	0	0	0	1	128	0	1	450	348	28	32	896	0	0	0	1	
1910	77893684	0	0	0	0	1	128	0	1	452	346	28	32	884	0	0	0	1	
1911	77893717	0	0	0	0	1	128	0	1	452	346	27	32	883	0	0	0	1	
1912	77893750	0	0	0	0	1	128	0	1	452	346	27	32	884	0	0	0	1	
1913	77893784	0	0	0	0	1	128	0	1	452	346	28	32	888	0	0	0	1	
1914	77893817	0	0	0	0	1	128	0	1	452	346	27	32	867	0	0	0	1	
1915	77893850	0	0	0	0	1	128	0	1	452	346	28	32	890	0	0	0	1	
1916	77893884	0	0	0	0	1	128	0	1	452	346	28	32	884	0	0	0	1	
1917	77893917	0	0	0	0	1	128	0	1	452	346	27	32	890	0	0	0	1	
1918	77893951	0	0	0	0	1	128	0	1	452	346	28	32	891	0	0	0	1	
1919	77893984	0	0	0	0	1	128	0	1	452	346	28	32	885	0	0	0	1	
1920	77894017	0	0	0	0	1	128	0	1	452	346	28	32	891	0	0	0	1	
1921	77894051	0	0	0	0	1	128	0	1	454	344	28	32	896	0	0	0	1	
1922	77894084	0	0	0	0	1	128	0	1	454	344	28	32	893	0	0	0	1	
1923	77894117	0	0	0	0	1	128	0	1	454	344	28	32	898	0	0	0	1	
1924	77894151	0	0	0	0	1	128	0	1	454	344	28	32	893	0	0	0	1	
1925	77894184	0	0	0	0	1	128	0	1	454	344	28	32	895	0	0	0	1	
1926	77894217	0	0	0	0	1	128	0	1	454	344	28	32	888	0	0	0	1	
1927	77894251	0	0	0	0	1	128	0	1	452	344	27	31	852	0	0	0	1	
1928	77894284	0	0	0	0	1	128	0	0	0	0	0	0	0	0	0	0	1	
1929	77894318	0	0	0	0	1	128	0	0	0	0	0	0	0	0	0	0	1	
1930	77894351	0	0	0	0	1	128	0	0	0	0	0	0	0	0	0	0	1	
