Version	1.08	gmtime	1440677356
index	timestamp	eyeroihoriz	eyeroivert	eyeroizoomx	eyeroizoomy	blendmode	blendfactor	onlinecalib	eye_valid	eye_x	eye_y	eye_w	eye_h	eye_a	field_x	field_y	displaymode	displayeyedetection	event
6355	12842762	0	0	0	0	1	128	0	1	384	384	44	47	2077	0	0	0	1	
6356	12842795	0	0	0	0	1	128	0	1	386	390	41	42	1749	0	0	0	1	
6357	12842828	0	0	0	0	1	128	0	1	384	382	44	49	2139	0	0	0	1	
6358	12842862	0	0	0	0	1	128	0	1	384	384	44	47	2063	0	0	0	1	
6359	12842895	0	0	0	0	1	128	0	1	384	384	44	47	2069	0	0	0	1	
6360	12842928	0	0	0	0	1	128	0	1	384	384	44	47	2061	0	0	0	1	
6361	12842962	0	0	0	0	1	128	0	1	384	384	44	47	2061	0	0	0	1	
6362	12842995	0	0	0	0	1	128	0	1	384	384	44	47	2072	0	0	0	1	
6363	12843029	0	0	0	0	1	128	0	1	388	386	45	47	2084	0	0	0	1	
6364	12843062	0	0	0	0	1	128	0	1	388	386	45	47	2108	0	0	0	1	
6365	12843095	0	0	0	0	1	128	0	1	388	386	45	47	2111	0	0	0	1	
6366	12843129	0	0	0	0	1	128	0	1	388	386	45	47	2123	0	0	0	1	
6367	12843162	0	0	0	0	1	128	0	1	388	386	45	47	2146	0	0	0	1	
6368	12843195	0	0	0	0	1	128	0	1	388	386	45	48	2172	0	0	0	1	
6369	12843229	0	0	0	0	1	128	0	1	374	380	44	48	2113	0	0	0	1	
6370	12843262	0	0	0	0	1	128	0	1	376	382	42	46	1921	0	0	0	1	
6371	12843295	0	0	0	0	1	128	0	1	374	380	44	48	2139	0	0	0	1	
6372	12843329	0	0	0	0	1	128	0	1	374	380	45	48	2166	0	0	0	1	
6373	12843362	0	0	0	0	1	128	0	1	374	380	45	49	2184	0	0	0	1	
6374	12843396	0	0	0	0	1	128	0	1	374	380	45	49	2191	0	0	0	1	
6375	12843429	0	0	0	0	1	128	0	1	374	380	45	49	2199	0	0	0	1	
6376	12843462	0	0	0	0	1	128	0	1	374	380	45	49	2204	0	0	0	1	
6377	12843496	0	0	0	0	1	128	0	1	374	380	45	49	2212	0	0	0	1	
6378	12843529	0	0	0	0	1	128	0	1	374	380	45	49	2217	0	0	0	1	
6379	12843562	0	0	0	0	1	128	0	1	386	384	47	49	2294	0	0	0	1	
6380	12843596	0	0	0	0	1	128	0	1	388	386	47	49	2307	0	0	0	1	
6381	12843629	0	0	0	0	1	128	0	1	388	386	47	50	2313	0	0	0	1	
6382	12843663	0	0	0	0	1	128	0	1	388	388	45	47	2105	0	0	0	1	
6383	12843696	0	0	0	0	1	128	0	1	388	386	47	49	2314	0	0	0	1	
6384	12843729	0	0	0	0	1	128	0	1	388	386	47	49	2316	0	0	0	1	
6385	12843763	0	0	0	0	1	128	0	1	388	386	47	50	2314	0	0	0	1	
6386	12843796	0	0	0	0	1	128	0	1	376	380	46	49	2252	0	0	0	1	
6387	12843829	0	0	0	0	1	128	0	1	376	386	41	42	1745	0	0	0	1	
6388	12843863	0	0	0	0	1	128	0	1	374	380	45	49	2231	0	0	0	1	
6389	12843896	0	0	0	0	1	128	0	1	374	380	46	49	2250	0	0	0	1	
6390	12843930	0	0	0	0	1	128	0	1	374	380	46	49	2249	0	0	0	1	
6391	12843963	0	0	0	0	1	128	0	1	376	380	46	49	2254	0	0	0	1	
6392	12843996	0	0	0	0	1	128	0	1	378	380	46	50	2289	0	0	0	1	
6393	12844030	0	0	0	0	1	128	0	1	378	380	46	50	2289	0	0	0	1	
6394	12844063	0	0	0	0	1	128	0	1	378	380	46	50	2298	0	0	0	1	
6395	12844096	0	0	0	0	1	128	0	1	378	380	46	50	2302	0	0	0	1	
6396	12844130	0	0	0	0	1	128	0	1	378	380	46	50	2313	0	0	0	1	
6397	12844163	0	0	0	0	1	128	0	1	378	382	46	50	2312	0	0	0	1	
6398	12844196	0	0	0	0	1	128	0	1	378	380	47	50	2323	0	0	0	1	
6399	12844230	0	0	0	0	1	128	0	1	384	382	47	50	2342	0	0	0	1	
6400	12844263	0	0	0	0	1	128	0	1	384	382	47	50	2333	0	0	0	1	
6401	12844297	0	0	0	0	1	128	0	1	384	382	47	50	2323	0	0	0	1	
6402	12844330	0	0	0	0	1	128	0	1	384	382	46	50	2306	0	0	0	1	
6403	12844363	0	0	0	0	1	128	0	1	384	384	44	48	2125	0	0	0	1	
6404	12844397	0	0	0	0	1	128	0	1	384	386	44	47	2084	0	0	0	1	
6405	12844430	0	0	0	0	1	128	0	1	388	384	47	49	2291	0	0	0	1	
6406	12844463	0	0	0	0	1	128	0	1	388	386	46	49	2294	0	0	0	1	
6407	12844497	0	0	0	0	1	128	0	1	388	386	46	49	2284	0	0	0	1	
6408	12844530	0	0	0	0	1	128	0	1	388	386	46	49	2285	0	0	0	1	
6409	12844563	0	0	0	0	1	128	0	1	384	384	46	50	2308	0	0	0	1	
6410	12844597	0	0	0	0	1	128	0	1	376	380	45	49	2214	0	0	0	1	
6411	12844630	0	0	0	0	1	128	0	1	376	380	45	49	2221	0	0	0	1	
6412	12844664	0	0	0	0	1	128	0	1	376	380	45	49	2218	0	0	0	1	
6413	12844697	0	0	0	0	1	128	0	1	376	380	45	49	2227	0	0	0	1	
6414	12844730	0	0	0	0	1	128	0	1	384	384	47	49	2275	0	0	0	1	
6415	12844764	0	0	0	0	1	128	0	1	388	386	47	49	2298	0	0	0	1	
6416	12844797	0	0	0	0	1	128	0	1	388	386	47	49	2302	0	0	0	1	
6417	12844830	0	0	0	0	1	128	0	1	388	386	47	49	2312	0	0	0	1	
6418	12844864	0	0	0	0	1	128	0	1	388	386	47	50	2317	0	0	0	1	
6419	12844897	0	0	0	0	1	128	0	1	356	392	38	48	1808	0	0	0	1	
6420	12844931	0	0	0	0	1	128	0	1	336	386	39	50	1970	0	0	0	1	
6421	12844964	0	0	0	0	1	128	0	1	336	388	40	49	1952	0	0	0	1	
6422	12844997	0	0	0	0	1	128	0	1	336	388	39	49	1931	0	0	0	1	
6423	12845031	0	0	0	0	1	128	0	1	332	390	38	48	1842	0	0	0	1	
6424	12845064	0	0	0	0	1	128	0	1	328	390	37	48	1791	0	0	0	1	
6425	12845097	0	0	0	0	1	128	0	1	330	390	37	48	1763	0	0	0	1	
6426	12845131	0	0	0	0	1	128	0	1	330	390	37	48	1737	0	0	0	1	
6427	12845164	0	0	0	0	1	128	0	1	330	390	36	47	1712	0	0	0	1	
6428	12845198	0	0	0	0	1	128	0	1	330	390	36	47	1686	0	0	0	1	
6429	12845231	0	0	0	0	1	128	0	1	330	392	36	47	1654	0	0	0	1	
6430	12845264	0	0	0	0	1	128	0	1	330	390	35	46	1641	0	0	0	1	
6431	12845298	0	0	0	0	1	128	0	1	330	390	35	46	1620	0	0	0	1	
6432	12845331	0	0	0	0	1	128	0	1	330	392	35	46	1591	0	0	0	1	
6433	12845364	0	0	0	0	1	128	0	1	330	392	35	45	1583	0	0	0	1	
6434	12845398	0	0	0	0	1	128	0	1	330	392	35	45	1564	0	0	0	1	
6435	12845431	0	0	0	0	1	128	0	1	330	390	35	45	1564	0	0	0	1	
6436	12845464	0	0	0	0	1	128	0	1	330	390	35	45	1555	0	0	0	1	
6437	12845498	0	0	0	0	1	128	0	1	330	392	35	45	1557	0	0	0	1	
6438	12845531	0	0	0	0	1	128	0	1	330	392	35	45	1552	0	0	0	1	
6439	12845565	0	0	0	0	1	128	0	1	330	390	35	45	1567	0	0	0	1	
6440	12845598	0	0	0	0	1	128	0	1	330	390	35	45	1554	0	0	0	1	
6441	12845631	0	0	0	0	1	128	0	1	330	390	35	45	1554	0	0	0	1	
6442	12845665	0	0	0	0	1	128	0	1	330	390	35	45	1552	0	0	0	1	
6443	12845698	0	0	0	0	1	128	0	1	330	390	35	45	1553	0	0	0	1	
6444	12845731	0	0	0	0	1	128	0	1	330	392	35	45	1558	0	0	0	1	
6445	12845765	0	0	0	0	1	128	0	1	330	390	35	45	1553	0	0	0	1	
6446	12845798	0	0	0	0	1	128	0	1	330	390	35	44	1536	0	0	0	1	
6447	12845832	0	0	0	0	1	128	0	0	0	0	0	0	0	0	0	0	1	
6448	12845865	0	0	0	0	1	128	0	1	392	426	40	43	1735	0	0	0	1	
6449	12845898	0	0	0	0	1	128	0	1	402	430	40	45	1773	0	0	0	1	
6450	12845932	0	0	0	0	1	128	0	1	402	430	40	45	1763	0	0	0	1	
6451	12845965	0	0	0	0	1	128	0	1	402	432	40	45	1774	0	0	0	1	
6452	12845998	0	0	0	0	1	128	0	1	402	432	40	44	1770	0	0	0	1	
6453	12846032	0	0	0	0	1	128	0	1	408	432	40	45	1790	0	0	0	1	
6454	12846065	0	0	0	0	1	128	0	1	408	432	40	45	1797	0	0	0	1	
6455	12846098	0	0	0	0	1	128	0	1	408	432	40	45	1795	0	0	0	1	
6456	12846132	0	0	0	0	1	128	0	1	408	432	40	45	1801	0	0	0	1	
6457	12846165	0	0	0	0	1	128	0	1	408	432	40	45	1805	0	0	0	1	
6458	12846199	0	0	0	0	1	128	0	1	408	432	40	45	1807	0	0	0	1	
6459	12846232	0	0	0	0	1	128	0	1	408	432	40	45	1819	0	0	0	1	
6460	12846265	0	0	0	0	1	128	0	1	408	432	40	45	1822	0	0	0	1	
6461	12846299	0	0	0	0	1	128	0	1	408	432	40	45	1825	0	0	0	1	
6462	12846332	0	0	0	0	1	128	0	1	408	432	40	45	1832	0	0	0	1	
6463	12846365	0	0	0	0	1	128	0	1	408	432	40	45	1834	0	0	0	1	
6464	12846399	0	0	0	0	1	128	0	1	408	432	40	45	1836	0	0	0	1	
6465	12846432	0	0	0	0	1	128	0	1	408	432	40	45	1829	0	0	0	1	
6466	12846466	0	0	0	0	1	128	0	1	408	432	40	45	1834	0	0	0	1	
6467	12846499	0	0	0	0	1	128	0	1	408	432	40	45	1825	0	0	0	1	
6468	12846532	0	0	0	0	1	128	0	1	408	432	40	45	1826	0	0	0	1	
6469	12846566	0	0	0	0	1	128	0	1	408	432	40	46	1837	0	0	0	1	
6470	12846599	0	0	0	0	1	128	0	1	408	432	40	46	1833	0	0	0	1	
6471	12846632	0	0	0	0	1	128	0	1	408	432	40	46	1845	0	0	0	1	
6472	12846666	0	0	0	0	1	128	0	1	408	434	41	46	1853	0	0	0	1	
6473	12846699	0	0	0	0	1	128	0	1	398	424	40	49	1959	0	0	0	1	
6474	12846732	0	0	0	0	1	128	0	1	368	396	39	49	1905	0	0	0	1	
6475	12846766	0	0	0	0	1	128	0	1	356	358	40	47	1907	0	0	0	1	
6476	12846799	0	0	0	0	1	128	0	1	362	346	41	46	1879	0	0	0	1	
6477	12846833	0	0	0	0	1	128	0	1	362	346	41	46	1884	0	0	0	1	
6478	12846866	0	0	0	0	1	128	0	1	362	346	41	46	1893	0	0	0	1	
6479	12846899	0	0	0	0	1	128	0	1	364	348	42	46	1911	0	0	0	1	
6480	12846933	0	0	0	0	1	128	0	1	360	338	41	47	1908	0	0	0	1	
6481	12846966	0	0	0	0	1	128	0	1	360	334	41	46	1906	0	0	0	1	
6482	12846999	0	0	0	0	1	128	0	1	360	334	41	46	1911	0	0	0	1	
6483	12847033	0	0	0	0	1	128	0	1	360	334	41	47	1922	0	0	0	1	
6484	12847066	0	0	0	0	1	128	0	1	362	334	42	47	1941	0	0	0	1	
6485	12847100	0	0	0	0	1	128	0	1	360	334	42	47	1963	0	0	0	1	
6486	12847133	0	0	0	0	1	128	0	1	360	334	42	47	1979	0	0	0	1	
6487	12847166	0	0	0	0	1	128	0	1	360	334	42	47	1997	0	0	0	1	
6488	12847200	0	0	0	0	1	128	0	1	360	332	42	48	2014	0	0	0	1	
6489	12847233	0	0	0	0	1	128	0	1	360	332	42	48	2015	0	0	0	1	
6490	12847266	0	0	0	0	1	128	0	1	360	332	42	48	2017	0	0	0	1	
6491	12847300	0	0	0	0	1	128	0	1	360	332	42	48	2009	0	0	0	1	
6492	12847333	0	0	0	0	1	128	0	1	360	332	42	48	1998	0	0	0	1	
6493	12847366	0	0	0	0	1	128	0	1	360	332	42	48	1976	0	0	0	1	
6494	12847400	0	0	0	0	1	128	0	1	360	332	41	47	1950	0	0	0	1	
6495	12847433	0	0	0	0	1	128	0	1	360	332	41	47	1925	0	0	0	1	
6496	12847467	0	0	0	0	1	128	0	1	360	334	41	47	1914	0	0	0	1	
6497	12847500	0	0	0	0	1	128	0	1	360	334	41	46	1888	0	0	0	1	
6498	12847533	0	0	0	0	1	128	0	1	360	334	41	46	1860	0	0	0	1	
6499	12847567	0	0	0	0	1	128	0	1	360	334	40	46	1822	0	0	0	1	
6500	12847600	0	0	0	0	1	128	0	1	360	334	40	45	1801	0	0	0	1	
6501	12847633	0	0	0	0	1	128	0	1	360	334	40	45	1776	0	0	0	1	
6502	12847667	0	0	0	0	1	128	0	1	360	334	39	45	1761	0	0	0	1	
6503	12847700	0	0	0	0	1	128	0	1	360	334	39	44	1728	0	0	0	1	
6504	12847733	0	0	0	0	1	128	0	1	360	334	39	44	1717	0	0	0	1	
6505	12847767	0	0	0	0	1	128	0	1	360	334	39	43	1678	0	0	0	1	
6506	12847800	0	0	0	0	1	128	0	1	360	334	38	43	1658	0	0	0	1	
6507	12847834	0	0	0	0	1	128	0	1	360	334	38	43	1629	0	0	0	1	
6508	12847867	0	0	0	0	1	128	0	1	360	334	38	43	1620	0	0	0	1	
6509	12847900	0	0	0	0	1	128	0	1	362	336	37	42	1580	0	0	0	1	
6510	12847934	0	0	0	0	1	128	0	1	398	354	41	43	1755	0	0	0	1	
6511	12847967	0	0	0	0	1	128	0	1	426	366	43	43	1838	0	0	0	1	
6512	12848000	0	0	0	0	1	128	0	1	428	366	43	43	1854	0	0	0	1	
6513	12848034	0	0	0	0	1	128	0	1	428	366	43	43	1853	0	0	0	1	
6514	12848067	0	0	0	0	1	128	0	1	428	366	43	44	1869	0	0	0	1	
6515	12848101	0	0	0	0	1	128	0	1	428	366	43	44	1886	0	0	0	1	
6516	12848134	0	0	0	0	1	128	0	1	428	368	43	44	1912	0	0	0	1	
6517	12848167	0	0	0	0	1	128	0	1	432	368	44	44	1933	0	0	0	1	
6518	12848201	0	0	0	0	1	128	0	1	432	368	44	44	1945	0	0	0	1	
6519	12848234	0	0	0	0	1	128	0	1	432	368	44	44	1951	0	0	0	1	
6520	12848267	0	0	0	0	1	128	0	1	432	368	44	45	1962	0	0	0	1	
6521	12848301	0	0	0	0	1	128	0	1	432	368	44	45	1968	0	0	0	1	
6522	12848334	0	0	0	0	1	128	0	1	432	368	44	45	1975	0	0	0	1	
6523	12848367	0	0	0	0	1	128	0	1	432	368	44	45	1991	0	0	0	1	
6524	12848401	0	0	0	0	1	128	0	1	432	368	45	45	1999	0	0	0	1	
6525	12848434	0	0	0	0	1	128	0	1	432	368	45	45	2013	0	0	0	1	
6526	12848468	0	0	0	0	1	128	0	1	432	368	45	45	2027	0	0	0	1	
6527	12848501	0	0	0	0	1	128	0	1	432	368	45	46	2044	0	0	0	1	
6528	12848534	0	0	0	0	1	128	0	1	432	368	45	46	2047	0	0	0	1	
6529	12848568	0	0	0	0	1	128	0	1	432	368	45	46	2054	0	0	0	1	
6530	12848601	0	0	0	0	1	128	0	1	430	368	45	46	2051	0	0	0	1	
6531	12848634	0	0	0	0	1	128	0	1	430	368	45	46	2053	0	0	0	1	
6532	12848668	0	0	0	0	1	128	0	1	432	368	45	46	2055	0	0	0	1	
6533	12848701	0	0	0	0	1	128	0	1	430	368	45	46	2056	0	0	0	1	
6534	12848735	0	0	0	0	1	128	0	1	430	368	45	46	2052	0	0	0	1	
6535	12848768	0	0	0	0	1	128	0	1	430	368	45	46	2053	0	0	0	1	
6536	12848801	0	0	0	0	1	128	0	1	430	368	45	46	2057	0	0	0	1	
6537	12848835	0	0	0	0	1	128	0	1	430	368	45	46	2064	0	0	0	1	
6538	12848868	0	0	0	0	1	128	0	1	430	368	45	46	2064	0	0	0	1	
6539	12848901	0	0	0	0	1	128	0	1	430	368	45	46	2082	0	0	0	1	
6540	12848935	0	0	0	0	1	128	0	1	430	368	45	46	2095	0	0	0	1	
6541	12848968	0	0	0	0	1	128	0	1	430	368	45	46	2107	0	0	0	1	
6542	12849001	0	0	0	0	1	128	0	1	430	368	46	46	2117	0	0	0	1	
6543	12849035	0	0	0	0	1	128	0	1	430	368	45	47	2122	0	0	0	1	
6544	12849068	0	0	0	0	1	128	0	1	430	368	45	47	2125	0	0	0	1	
6545	12849102	0	0	0	0	1	128	0	1	430	368	46	47	2134	0	0	0	1	
6546	12849135	0	0	0	0	1	128	0	1	430	368	46	47	2145	0	0	0	1	
6547	12849168	0	0	0	0	1	128	0	1	430	368	46	47	2147	0	0	0	1	
6548	12849202	0	0	0	0	1	128	0	1	430	368	46	47	2166	0	0	0	1	
6549	12849235	0	0	0	0	1	128	0	1	430	368	46	47	2164	0	0	0	1	
6550	12849268	0	0	0	0	1	128	0	1	430	368	46	47	2179	0	0	0	1	
6551	12849302	0	0	0	0	1	128	0	1	430	368	46	47	2190	0	0	0	1	
6552	12849335	0	0	0	0	1	128	0	1	430	368	47	47	2207	0	0	0	1	
6553	12849369	0	0	0	0	1	128	0	1	430	368	47	47	2206	0	0	0	1	
6554	12849402	0	0	0	0	1	128	0	1	430	368	46	47	2201	0	0	0	1	
6555	12849435	0	0	0	0	1	128	0	1	430	368	46	47	2202	0	0	0	1	
6556	12849469	0	0	0	0	1	128	0	1	430	368	47	47	2209	0	0	0	1	
6557	12849502	0	0	0	0	1	128	0	1	430	368	47	47	2217	0	0	0	1	
6558	12849535	0	0	0	0	1	128	0	1	430	368	47	48	2233	0	0	0	1	
6559	12849569	0	0	0	0	1	128	0	1	430	368	47	48	2242	0	0	0	1	
6560	12849602	0	0	0	0	1	128	0	1	430	368	47	48	2238	0	0	0	1	
6561	12849636	0	0	0	0	1	128	0	1	432	370	47	48	2244	0	0	0	1	
6562	12849669	0	0	0	0	1	128	0	1	432	370	47	48	2249	0	0	0	1	
6563	12849702	0	0	0	0	1	128	0	1	432	370	47	48	2254	0	0	0	1	
6564	12849736	0	0	0	0	1	128	0	1	430	370	47	48	2247	0	0	0	1	
6565	12849769	0	0	0	0	1	128	0	1	430	370	47	48	2243	0	0	0	1	
6566	12849802	0	0	0	0	1	128	0	1	430	370	47	47	2218	0	0	0	1	
6567	12849836	0	0	0	0	1	128	0	1	430	370	47	48	2229	0	0	0	1	
6568	12849869	0	0	0	0	1	128	0	1	430	370	47	48	2227	0	0	0	1	
6569	12849902	0	0	0	0	1	128	0	1	430	370	47	48	2233	0	0	0	1	
6570	12849936	0	0	0	0	1	128	0	1	430	370	46	48	2219	0	0	0	1	
6571	12849969	0	0	0	0	1	128	0	1	430	370	47	48	2223	0	0	0	1	
6572	12850003	0	0	0	0	1	128	0	1	426	370	46	48	2218	0	0	0	1	
6573	12850036	0	0	0	0	1	128	0	1	384	376	43	47	2034	0	0	0	1	
6574	12850069	0	0	0	0	1	128	0	1	376	380	44	47	2069	0	0	0	1	
6575	12850103	0	0	0	0	1	128	0	1	378	380	43	47	2050	0	0	0	1	
6576	12850136	0	0	0	0	1	128	0	1	378	380	43	48	2056	0	0	0	1	
6577	12850169	0	0	0	0	1	128	0	1	378	380	44	48	2073	0	0	0	1	
6578	12850203	0	0	0	0	1	128	0	1	378	380	44	48	2088	0	0	0	1	
6579	12850236	0	0	0	0	1	128	0	1	378	380	44	48	2086	0	0	0	1	
6580	12850270	0	0	0	0	1	128	0	1	378	380	44	48	2097	0	0	0	1	
6581	12850303	0	0	0	0	1	128	0	1	378	380	44	48	2091	0	0	0	1	
6582	12850336	0	0	0	0	1	128	0	1	378	380	44	48	2086	0	0	0	1	
6583	12850370	0	0	0	0	1	128	0	1	378	380	44	47	2075	0	0	0	1	
6584	12850403	0	0	0	0	1	128	0	1	378	380	43	47	2051	0	0	0	1	
6585	12850436	0	0	0	0	1	128	0	1	378	380	43	47	2041	0	0	0	1	
6586	12850470	0	0	0	0	1	128	0	1	378	380	43	47	2028	0	0	0	1	
6587	12850503	0	0	0	0	1	128	0	1	378	380	43	47	1991	0	0	0	1	
6588	12850536	0	0	0	0	1	128	0	1	378	382	42	46	1966	0	0	0	1	
6589	12850570	0	0	0	0	1	128	0	1	378	382	42	46	1957	0	0	0	1	
6590	12850603	0	0	0	0	1	128	0	1	378	380	42	46	1926	0	0	0	1	
6591	12850637	0	0	0	0	1	128	0	1	378	382	42	46	1899	0	0	0	1	
6592	12850670	0	0	0	0	1	128	0	1	378	380	41	45	1887	0	0	0	1	
6593	12850703	0	0	0	0	1	128	0	1	378	380	41	45	1877	0	0	0	1	
6594	12850737	0	0	0	0	1	128	0	1	378	380	41	45	1855	0	0	0	1	
6595	12850770	0	0	0	0	1	128	0	1	378	382	41	45	1860	0	0	0	1	
6596	12850803	0	0	0	0	1	128	0	1	378	382	41	45	1847	0	0	0	1	
6597	12850837	0	0	0	0	1	128	0	1	378	382	41	45	1856	0	0	0	1	
6598	12850870	0	0	0	0	1	128	0	1	378	382	41	45	1830	0	0	0	1	
6599	12850904	0	0	0	0	1	128	0	1	378	382	41	45	1815	0	0	0	1	
6600	12850937	0	0	0	0	1	128	0	1	378	382	41	44	1802	0	0	0	1	
6601	12850970	0	0	0	0	1	128	0	1	378	382	40	44	1794	0	0	0	1	
6602	12851004	0	0	0	0	1	128	0	1	378	382	40	44	1775	0	0	0	1	
6603	12851037	0	0	0	0	1	128	0	1	378	382	40	44	1759	0	0	0	1	
6604	12851070	0	0	0	0	1	128	0	1	378	382	40	44	1760	0	0	0	1	
6605	12851104	0	0	0	0	1	128	0	1	378	382	40	44	1741	0	0	0	1	
6606	12851137	0	0	0	0	1	128	0	1	378	382	40	43	1743	0	0	0	1	
6607	12851170	0	0	0	0	1	128	0	1	378	382	40	44	1737	0	0	0	1	
6608	12851204	0	0	0	0	1	128	0	1	378	382	40	43	1733	0	0	0	1	
6609	12851237	0	0	0	0	1	128	0	1	378	382	40	43	1736	0	0	0	1	
6610	12851271	0	0	0	0	1	128	0	1	378	382	40	43	1725	0	0	0	1	
6611	12851304	0	0	0	0	1	128	0	1	378	382	40	43	1717	0	0	0	1	
6612	12851337	0	0	0	0	1	128	0	1	378	382	40	43	1716	0	0	0	1	
6613	12851371	0	0	0	0	1	128	0	1	378	382	40	43	1707	0	0	0	1	
6614	12851404	0	0	0	0	1	128	0	1	378	382	39	43	1696	0	0	0	1	
6615	12851437	0	0	0	0	1	128	0	1	378	382	40	43	1691	0	0	0	1	
6616	12851471	0	0	0	0	1	128	0	1	378	382	39	43	1685	0	0	0	1	
6617	12851504	0	0	0	0	1	128	0	1	378	382	39	43	1678	0	0	0	1	
6618	12851537	0	0	0	0	1	128	0	1	378	382	39	43	1679	0	0	0	1	
6619	12851571	0	0	0	0	1	128	0	1	378	382	39	43	1682	0	0	0	1	
6620	12851604	0	0	0	0	1	128	0	1	378	382	39	43	1679	0	0	0	1	
6621	12851638	0	0	0	0	1	128	0	1	378	382	39	43	1686	0	0	0	1	
6622	12851671	0	0	0	0	1	128	0	1	378	382	39	43	1691	0	0	0	1	
6623	12851704	0	0	0	0	1	128	0	1	378	382	40	43	1704	0	0	0	1	
6624	12851738	0	0	0	0	1	128	0	1	378	382	40	43	1718	0	0	0	1	
6625	12851771	0	0	0	0	1	128	0	1	378	382	40	44	1747	0	0	0	1	
6626	12851805	0	0	0	0	1	128	0	1	378	382	40	44	1751	0	0	0	1	
6627	12851838	0	0	0	0	1	128	0	1	378	382	41	44	1784	0	0	0	1	
6628	12851871	0	0	0	0	1	128	0	1	378	382	41	44	1789	0	0	0	1	
6629	12851905	0	0	0	0	1	128	0	1	390	384	43	44	1897	0	0	0	1	
6630	12851938	0	0	0	0	1	128	0	1	392	384	43	45	1916	0	0	0	1	
6631	12851971	0	0	0	0	1	128	0	1	392	384	43	45	1927	0	0	0	1	
6632	12852005	0	0	0	0	1	128	0	1	392	384	43	45	1938	0	0	0	1	
6633	12852038	0	0	0	0	1	128	0	1	392	384	43	45	1948	0	0	0	1	
6634	12852071	0	0	0	0	1	128	0	1	392	384	43	46	1963	0	0	0	1	
6635	12852105	0	0	0	0	1	128	0	1	394	382	43	46	1987	0	0	0	1	
6636	12852138	0	0	0	0	1	128	0	1	394	382	43	46	2000	0	0	0	1	
6637	12852172	0	0	0	0	1	128	0	1	394	382	44	46	2029	0	0	0	1	
6638	12852205	0	0	0	0	1	128	0	1	394	382	44	46	2050	0	0	0	1	
6639	12852238	0	0	0	0	1	128	0	1	394	382	44	47	2068	0	0	0	1	
6640	12852272	0	0	0	0	1	128	0	1	394	382	45	47	2091	0	0	0	1	
6641	12852305	0	0	0	0	1	128	0	1	396	382	45	47	2136	0	0	0	1	
6642	12852338	0	0	0	0	1	128	0	1	394	382	45	47	2126	0	0	0	1	
6643	12852372	0	0	0	0	1	128	0	1	394	382	45	47	2130	0	0	0	1	
6644	12852405	0	0	0	0	1	128	0	1	394	382	45	47	2124	0	0	0	1	
6645	12852438	0	0	0	0	1	128	0	1	394	382	45	47	2114	0	0	0	1	
6646	12852472	0	0	0	0	1	128	0	1	394	382	45	47	2093	0	0	0	1	
6647	12852505	0	0	0	0	1	128	0	1	394	382	45	47	2078	0	0	0	1	
6648	12852539	0	0	0	0	1	128	0	1	396	384	42	44	1822	0	0	0	1	
6649	12852572	0	0	0	0	1	128	0	1	396	386	42	43	1783	0	0	0	1	
6650	12852605	0	0	0	0	1	128	0	1	394	382	44	47	2063	0	0	0	1	
6651	12852639	0	0	0	0	1	128	0	1	388	386	44	46	2013	0	0	0	1	
6652	12852672	0	0	0	0	1	128	0	1	374	398	41	46	1888	0	0	0	1	
6653	12852705	0	0	0	0	1	128	0	1	374	400	41	46	1900	0	0	0	1	
6654	12852739	0	0	0	0	1	128	0	1	374	400	41	46	1912	0	0	0	1	
6655	12852772	0	0	0	0	1	128	0	1	372	404	41	46	1898	0	0	0	1	
6656	12852805	0	0	0	0	1	128	0	1	372	406	41	47	1905	0	0	0	1	
6657	12852839	0	0	0	0	1	128	0	1	372	406	41	47	1915	0	0	0	1	
6658	12852872	0	0	0	0	1	128	0	1	372	406	41	47	1904	0	0	0	1	
6659	12852906	0	0	0	0	1	128	0	1	372	406	41	46	1898	0	0	0	1	
6660	12852939	0	0	0	0	1	128	0	1	372	406	41	47	1901	0	0	0	1	
6661	12852972	0	0	0	0	1	128	0	1	370	406	41	47	1894	0	0	0	1	
6662	12853006	0	0	0	0	1	128	0	1	370	406	41	46	1895	0	0	0	1	
6663	12853039	0	0	0	0	1	128	0	1	370	406	41	47	1901	0	0	0	1	
6664	12853072	0	0	0	0	1	128	0	1	370	404	41	47	1888	0	0	0	1	
6665	12853106	0	0	0	0	1	128	0	1	370	404	40	47	1887	0	0	0	1	
6666	12853139	0	0	0	0	1	128	0	1	370	404	40	47	1884	0	0	0	1	
6667	12853173	0	0	0	0	1	128	0	1	370	404	40	47	1877	0	0	0	1	
6668	12853206	0	0	0	0	1	128	0	1	372	404	40	46	1870	0	0	0	1	
6669	12853239	0	0	0	0	1	128	0	1	372	404	41	46	1879	0	0	0	1	
6670	12853273	0	0	0	0	1	128	0	1	372	404	41	46	1871	0	0	0	1	
6671	12853306	0	0	0	0	1	128	0	1	372	404	40	46	1876	0	0	0	1	
6672	12853339	0	0	0	0	1	128	0	1	372	404	41	46	1885	0	0	0	1	
6673	12853373	0	0	0	0	1	128	0	1	368	398	39	48	1870	0	0	0	1	
6674	12853406	0	0	0	0	1	128	0	1	370	374	42	46	1956	0	0	0	1	
6675	12853440	0	0	0	0	1	128	0	1	370	374	42	46	1934	0	0	0	1	
6676	12853473	0	0	0	0	1	128	0	1	370	376	42	46	1950	0	0	0	1	
6677	12853506	0	0	0	0	1	128	0	1	370	376	42	46	1962	0	0	0	1	
6678	12853540	0	0	0	0	1	128	0	1	370	376	43	46	1974	0	0	0	1	
6679	12853573	0	0	0	0	1	128	0	1	370	376	43	46	1983	0	0	0	1	
6680	12853606	0	0	0	0	1	128	0	1	372	376	43	47	2001	0	0	0	1	
6681	12853640	0	0	0	0	1	128	0	1	372	376	43	47	1997	0	0	0	1	
6682	12853673	0	0	0	0	1	128	0	1	372	376	43	47	1997	0	0	0	1	
6683	12853706	0	0	0	0	1	128	0	1	372	376	43	46	1982	0	0	0	1	
6684	12853740	0	0	0	0	1	128	0	1	372	376	43	46	1966	0	0	0	1	
6685	12853773	0	0	0	0	1	128	0	1	372	376	42	46	1940	0	0	0	1	
6686	12853807	0	0	0	0	1	128	0	1	372	376	42	46	1922	0	0	0	1	
6687	12853840	0	0	0	0	1	128	0	1	372	376	42	45	1895	0	0	0	1	
6688	12853873	0	0	0	0	1	128	0	1	372	376	41	45	1880	0	0	0	1	
6689	12853907	0	0	0	0	1	128	0	1	372	376	41	45	1874	0	0	0	1	
6690	12853940	0	0	0	0	1	128	0	1	372	376	41	45	1856	0	0	0	1	
6691	12853973	0	0	0	0	1	128	0	1	372	376	41	45	1843	0	0	0	1	
6692	12854007	0	0	0	0	1	128	0	1	372	376	41	45	1839	0	0	0	1	
6693	12854040	0	0	0	0	1	128	0	1	372	376	41	45	1838	0	0	0	1	
6694	12854074	0	0	0	0	1	128	0	1	372	376	41	45	1842	0	0	0	1	
6695	12854107	0	0	0	0	1	128	0	1	362	378	41	44	1806	0	0	0	1	
6696	12854140	0	0	0	0	1	128	0	1	356	380	39	45	1764	0	0	0	1	
6697	12854174	0	0	0	0	1	128	0	1	356	382	39	45	1773	0	0	0	1	
6698	12854207	0	0	0	0	1	128	0	1	356	380	39	45	1779	0	0	0	1	
6699	12854240	0	0	0	0	1	128	0	1	356	380	39	45	1785	0	0	0	1	
6700	12854274	0	0	0	0	1	128	0	1	356	382	40	45	1804	0	0	0	1	
6701	12854307	0	0	0	0	1	128	0	1	356	382	40	46	1809	0	0	0	1	
6702	12854340	0	0	0	0	1	128	0	1	356	382	39	46	1792	0	0	0	1	
6703	12854374	0	0	0	0	1	128	0	1	356	382	39	45	1773	0	0	0	1	
6704	12854407	0	0	0	0	1	128	0	1	356	382	39	45	1744	0	0	0	1	
6705	12854441	0	0	0	0	1	128	0	1	356	382	39	44	1728	0	0	0	1	
6706	12854474	0	0	0	0	1	128	0	1	356	382	39	44	1724	0	0	0	1	
6707	12854507	0	0	0	0	1	128	0	1	356	382	39	44	1715	0	0	0	1	
6708	12854541	0	0	0	0	1	128	0	1	358	382	39	44	1719	0	0	0	1	
6709	12854574	0	0	0	0	1	128	0	1	358	382	39	44	1723	0	0	0	1	
6710	12854607	0	0	0	0	1	128	0	1	358	382	39	44	1724	0	0	0	1	
6711	12854641	0	0	0	0	1	128	0	1	358	382	39	44	1727	0	0	0	1	
6712	12854674	0	0	0	0	1	128	0	1	358	382	39	45	1749	0	0	0	1	
6713	12854708	0	0	0	0	1	128	0	1	358	382	39	45	1749	0	0	0	1	
6714	12854741	0	0	0	0	1	128	0	1	358	382	39	45	1761	0	0	0	1	
6715	12854774	0	0	0	0	1	128	0	1	358	382	39	45	1763	0	0	0	1	
6716	12854808	0	0	0	0	1	128	0	1	358	382	40	45	1779	0	0	0	1	
6717	12854841	0	0	0	0	1	128	0	1	358	382	40	45	1802	0	0	0	1	
6718	12854874	0	0	0	0	1	128	0	1	372	370	39	45	1756	0	0	0	1	
6719	12854908	0	0	0	0	1	128	0	1	384	360	44	46	2005	0	0	0	1	
6720	12854941	0	0	0	0	1	128	0	1	384	362	44	46	2007	0	0	0	1	
6721	12854974	0	0	0	0	1	128	0	1	384	362	44	46	2040	0	0	0	1	
6722	12855008	0	0	0	0	1	128	0	1	382	360	43	45	1926	0	0	0	1	
6723	12855041	0	0	0	0	1	128	0	1	386	362	45	47	2095	0	0	0	1	
6724	12855075	0	0	0	0	1	128	0	1	388	364	45	47	2122	0	0	0	1	
6725	12855108	0	0	0	0	1	128	0	1	388	364	46	47	2149	0	0	0	1	
6726	12855141	0	0	0	0	1	128	0	1	388	364	46	47	2167	0	0	0	1	
6727	12855175	0	0	0	0	1	128	0	1	388	364	46	47	2163	0	0	0	1	
6728	12855208	0	0	0	0	1	128	0	1	388	364	46	47	2162	0	0	0	1	
6729	12855241	0	0	0	0	1	128	0	1	388	364	46	47	2148	0	0	0	1	
6730	12855275	0	0	0	0	1	128	0	1	388	364	45	47	2118	0	0	0	1	
6731	12855308	0	0	0	0	1	128	0	1	388	364	45	47	2100	0	0	0	1	
6732	12855341	0	0	0	0	1	128	0	1	386	360	42	45	1868	0	0	0	1	
6733	12855375	0	0	0	0	1	128	0	1	388	364	45	46	2060	0	0	0	1	
6734	12855408	0	0	0	0	1	128	0	1	388	364	45	46	2050	0	0	0	1	
6735	12855442	0	0	0	0	1	128	0	1	388	364	44	46	2040	0	0	0	1	
6736	12855475	0	0	0	0	1	128	0	1	388	364	44	46	2023	0	0	0	1	
6737	12855508	0	0	0	0	1	128	0	1	388	364	44	46	2025	0	0	0	1	
6738	12855542	0	0	0	0	1	128	0	1	388	364	44	46	2031	0	0	0	1	
6739	12855575	0	0	0	0	1	128	0	1	388	364	44	46	2032	0	0	0	1	
6740	12855609	0	0	0	0	1	128	0	1	388	364	45	46	2052	0	0	0	1	
6741	12855642	0	0	0	0	1	128	0	1	388	364	45	46	2074	0	0	0	1	
6742	12855675	0	0	0	0	1	128	0	1	388	364	45	46	2079	0	0	0	1	
6743	12855709	0	0	0	0	1	128	0	1	382	368	44	47	2068	0	0	0	1	
6744	12855742	0	0	0	0	1	128	0	1	382	368	44	47	2093	0	0	0	1	
6745	12855775	0	0	0	0	1	128	0	1	382	368	44	47	2099	0	0	0	1	
6746	12855809	0	0	0	0	1	128	0	1	376	372	44	47	2081	0	0	0	1	
6747	12855842	0	0	0	0	1	128	0	1	376	372	44	48	2093	0	0	0	1	
6748	12855875	0	0	0	0	1	128	0	1	376	372	44	48	2096	0	0	0	1	
6749	12855909	0	0	0	0	1	128	0	1	370	372	43	48	2061	0	0	0	1	
6750	12855942	0	0	0	0	1	128	0	1	370	372	43	48	2063	0	0	0	1	
6751	12855975	0	0	0	0	1	128	0	1	368	372	43	48	2055	0	0	0	1	
6752	12856009	0	0	0	0	1	128	0	1	368	370	43	48	2046	0	0	0	1	
6753	12856042	0	0	0	0	1	128	0	1	366	370	43	48	2041	0	0	0	1	
6754	12856076	0	0	0	0	1	128	0	1	366	370	43	48	2029	0	0	0	1	
6755	12856109	0	0	0	0	1	128	0	1	364	362	43	47	2002	0	0	0	1	
6756	12856142	0	0	0	0	1	128	0	1	364	362	42	47	1993	0	0	0	1	
6757	12856176	0	0	0	0	1	128	0	1	364	360	43	47	2001	0	0	0	1	
6758	12856209	0	0	0	0	1	128	0	1	364	360	42	47	1998	0	0	0	1	
6759	12856242	0	0	0	0	1	128	0	1	362	358	42	47	1991	0	0	0	1	
6760	12856276	0	0	0	0	1	128	0	1	362	356	43	47	2021	0	0	0	1	
6761	12856309	0	0	0	0	1	128	0	1	358	352	42	47	1968	0	0	0	1	
6762	12856343	0	0	0	0	1	128	0	1	358	352	42	47	1966	0	0	0	1	
6763	12856376	0	0	0	0	1	128	0	1	358	350	42	47	1979	0	0	0	1	
6764	12856409	0	0	0	0	1	128	0	1	358	350	42	47	1995	0	0	0	1	
6765	12856443	0	0	0	0	1	128	0	1	360	348	42	47	2011	0	0	0	1	
6766	12856476	0	0	0	0	1	128	0	1	362	348	43	48	2040	0	0	0	1	
6767	12856509	0	0	0	0	1	128	0	1	362	348	43	48	2046	0	0	0	1	
6768	12856543	0	0	0	0	1	128	0	1	362	346	43	48	2033	0	0	0	1	
6769	12856576	0	0	0	0	1	128	0	1	364	346	43	48	2044	0	0	0	1	
6770	12856610	0	0	0	0	1	128	0	1	364	346	43	48	2048	0	0	0	1	
6771	12856643	0	0	0	0	1	128	0	1	366	344	43	48	2042	0	0	0	1	
6772	12856676	0	0	0	0	1	128	0	1	366	344	43	48	2037	0	0	0	1	
6773	12856710	0	0	0	0	1	128	0	1	368	344	43	47	2032	0	0	0	1	
6774	12856743	0	0	0	0	1	128	0	1	368	344	43	47	2036	0	0	0	1	
6775	12856776	0	0	0	0	1	128	0	1	370	344	43	47	2020	0	0	0	1	
6776	12856810	0	0	0	0	1	128	0	1	372	344	43	47	2029	0	0	0	1	
6777	12856843	0	0	0	0	1	128	0	1	372	344	43	47	2046	0	0	0	1	
6778	12856876	0	0	0	0	1	128	0	1	374	344	43	47	2049	0	0	0	1	
6779	12856910	0	0	0	0	1	128	0	1	380	344	44	47	2091	0	0	0	1	
6780	12856943	0	0	0	0	1	128	0	1	382	346	44	47	2074	0	0	0	1	
6781	12856977	0	0	0	0	1	128	0	1	382	346	44	47	2086	0	0	0	1	
6782	12857010	0	0	0	0	1	128	0	1	384	346	44	47	2098	0	0	0	1	
6783	12857043	0	0	0	0	1	128	0	1	386	348	45	47	2101	0	0	0	1	
6784	12857077	0	0	0	0	1	128	0	1	386	348	45	47	2104	0	0	0	1	
6785	12857110	0	0	0	0	1	128	0	1	388	350	45	47	2101	0	0	0	1	
6786	12857143	0	0	0	0	1	128	0	1	388	350	45	47	2100	0	0	0	1	
6787	12857177	0	0	0	0	1	128	0	1	390	352	45	47	2097	0	0	0	1	
6788	12857210	0	0	0	0	1	128	0	1	388	354	45	47	2098	0	0	0	1	
6789	12857244	0	0	0	0	1	128	0	1	388	356	45	47	2097	0	0	0	1	
6790	12857277	0	0	0	0	1	128	0	1	388	356	45	47	2092	0	0	0	1	
6791	12857310	0	0	0	0	1	128	0	1	388	358	45	47	2079	0	0	0	1	
6792	12857344	0	0	0	0	1	128	0	1	390	358	45	47	2077	0	0	0	1	
6793	12857377	0	0	0	0	1	128	0	1	390	360	45	46	2065	0	0	0	1	
6794	12857410	0	0	0	0	1	128	0	1	390	360	44	46	2050	0	0	0	1	
6795	12857444	0	0	0	0	1	128	0	1	390	362	45	46	2047	0	0	0	1	
6796	12857477	0	0	0	0	1	128	0	1	388	364	44	46	2030	0	0	0	1	
6797	12857510	0	0	0	0	1	128	0	1	386	366	44	46	2041	0	0	0	1	
6798	12857544	0	0	0	0	1	128	0	1	386	366	44	46	2033	0	0	0	1	
6799	12857577	0	0	0	0	1	128	0	1	386	366	44	46	2036	0	0	0	1	
6800	12857611	0	0	0	0	1	128	0	1	384	368	44	46	2038	0	0	0	1	
6801	12857644	0	0	0	0	1	128	0	1	384	368	44	46	2033	0	0	0	1	
6802	12857677	0	0	0	0	1	128	0	1	384	368	44	46	2034	0	0	0	1	
6803	12857711	0	0	0	0	1	128	0	1	384	366	44	46	2030	0	0	0	1	
6804	12857744	0	0	0	0	1	128	0	1	386	366	44	46	2018	0	0	0	1	
6805	12857777	0	0	0	0	1	128	0	1	386	366	44	46	2024	0	0	0	1	
6806	12857811	0	0	0	0	1	128	0	1	388	366	44	46	2010	0	0	0	1	
6807	12857844	0	0	0	0	1	128	0	1	388	364	44	46	2010	0	0	0	1	
6808	12857878	0	0	0	0	1	128	0	1	386	364	44	46	2013	0	0	0	1	
6809	12857911	0	0	0	0	1	128	0	1	386	366	44	46	2028	0	0	0	1	
6810	12857944	0	0	0	0	1	128	0	1	386	366	44	46	2040	0	0	0	1	
6811	12857978	0	0	0	0	1	128	0	1	386	366	44	46	2060	0	0	0	1	
6812	12858011	0	0	0	0	1	128	0	1	386	366	45	47	2088	0	0	0	1	
6813	12858044	0	0	0	0	1	128	0	1	386	366	45	47	2111	0	0	0	1	
6814	12858078	0	0	0	0	1	128	0	1	386	366	45	47	2142	0	0	0	1	
6815	12858111	0	0	0	0	1	128	0	1	386	366	46	47	2172	0	0	0	1	
6816	12858145	0	0	0	0	1	128	0	1	388	366	46	48	2216	0	0	0	1	
6817	12858178	0	0	0	0	1	128	0	1	388	366	46	48	2219	0	0	0	1	
6818	12858211	0	0	0	0	1	128	0	1	388	366	46	48	2239	0	0	0	1	
6819	12858245	0	0	0	0	1	128	0	1	388	366	46	49	2256	0	0	0	1	
6820	12858278	0	0	0	0	1	128	0	1	388	366	47	49	2271	0	0	0	1	
6821	12858311	0	0	0	0	1	128	0	1	388	366	47	49	2288	0	0	0	1	
6822	12858345	0	0	0	0	1	128	0	1	388	366	47	49	2284	0	0	0	1	
6823	12858378	0	0	0	0	1	128	0	1	388	366	47	49	2282	0	0	0	1	
6824	12858411	0	0	0	0	1	128	0	1	388	366	47	49	2283	0	0	0	1	
6825	12858445	0	0	0	0	1	128	0	1	388	366	47	49	2283	0	0	0	1	
6826	12858478	0	0	0	0	1	128	0	1	388	366	47	49	2273	0	0	0	1	
6827	12858512	0	0	0	0	1	128	0	1	388	366	47	49	2269	0	0	0	1	
6828	12858545	0	0	0	0	1	128	0	1	388	366	47	49	2272	0	0	0	1	
6829	12858578	0	0	0	0	1	128	0	1	388	366	47	48	2258	0	0	0	1	
6830	12858612	0	0	0	0	1	128	0	1	388	366	47	49	2276	0	0	0	1	
6831	12858645	0	0	0	0	1	128	0	1	410	368	48	49	2370	0	0	0	1	
6832	12858678	0	0	0	0	1	128	0	1	418	368	48	50	2386	0	0	0	1	
6833	12858712	0	0	0	0	1	128	0	1	420	368	48	49	2370	0	0	0	1	
6834	12858745	0	0	0	0	1	128	0	1	420	368	48	49	2379	0	0	0	1	
6835	12858778	0	0	0	0	1	128	0	1	420	368	48	50	2391	0	0	0	1	
6836	12858812	0	0	0	0	1	128	0	1	420	368	48	50	2404	0	0	0	1	
6837	12858845	0	0	0	0	1	128	0	1	420	368	49	50	2419	0	0	0	1	
6838	12858879	0	0	0	0	1	128	0	1	420	368	49	50	2452	0	0	0	1	
6839	12858912	0	0	0	0	1	128	0	1	420	368	49	50	2460	0	0	0	1	
6840	12858945	0	0	0	0	1	128	0	1	420	368	49	50	2467	0	0	0	1	
6841	12858979	0	0	0	0	1	128	0	1	420	368	49	50	2482	0	0	0	1	
6842	12859012	0	0	0	0	1	128	0	1	420	368	49	50	2492	0	0	0	1	
6843	12859045	0	0	0	0	1	128	0	1	420	368	49	50	2493	0	0	0	1	
6844	12859079	0	0	0	0	1	128	0	1	420	368	49	51	2511	0	0	0	1	
6845	12859112	0	0	0	0	1	128	0	1	416	366	49	51	2507	0	0	0	1	
6846	12859146	0	0	0	0	1	128	0	1	416	366	49	50	2474	0	0	0	1	
6847	12859179	0	0	0	0	1	128	0	1	416	366	49	50	2458	0	0	0	1	
6848	12859212	0	0	0	0	1	128	0	1	416	366	49	50	2438	0	0	0	1	
6849	12859246	0	0	0	0	1	128	0	1	414	366	48	50	2391	0	0	0	1	
6850	12859279	0	0	0	0	1	128	0	1	414	366	48	49	2368	0	0	0	1	
6851	12859312	0	0	0	0	1	128	0	1	414	366	48	49	2340	0	0	0	1	
6852	12859346	0	0	0	0	1	128	0	1	414	366	48	49	2326	0	0	0	1	
6853	12859379	0	0	0	0	1	128	0	1	404	362	49	51	2496	0	0	0	1	
6854	12859412	0	0	0	0	1	128	0	1	378	364	42	46	1912	0	0	0	1	
6855	12859446	0	0	0	0	1	128	0	1	380	368	45	48	2147	0	0	0	1	
6856	12859479	0	0	0	0	1	128	0	1	380	368	45	48	2139	0	0	0	1	
6857	12859513	0	0	0	0	1	128	0	1	380	368	45	48	2149	0	0	0	1	
6858	12859546	0	0	0	0	1	128	0	1	380	368	45	48	2150	0	0	0	1	
6859	12859579	0	0	0	0	1	128	0	1	380	368	45	48	2133	0	0	0	1	
6860	12859613	0	0	0	0	1	128	0	1	380	370	44	48	2105	0	0	0	1	
6861	12859646	0	0	0	0	1	128	0	1	380	370	44	47	2075	0	0	0	1	
6862	12859679	0	0	0	0	1	128	0	1	380	370	43	47	2037	0	0	0	1	
6863	12859713	0	0	0	0	1	128	0	1	380	370	43	47	2019	0	0	0	1	
6864	12859746	0	0	0	0	1	128	0	1	380	370	43	46	1990	0	0	0	1	
6865	12859779	0	0	0	0	1	128	0	1	380	370	43	46	1987	0	0	0	1	
6866	12859813	0	0	0	0	1	128	0	1	380	370	43	46	1977	0	0	0	1	
6867	12859846	0	0	0	0	1	128	0	1	380	370	43	46	1971	0	0	0	1	
6868	12859880	0	0	0	0	1	128	0	1	380	370	43	46	1970	0	0	0	1	
6869	12859913	0	0	0	0	1	128	0	1	380	370	43	46	1978	0	0	0	1	
6870	12859946	0	0	0	0	1	128	0	1	380	368	42	45	1858	0	0	0	1	
6871	12859980	0	0	0	0	1	128	0	1	382	374	40	44	1781	0	0	0	1	
6872	12860013	0	0	0	0	1	128	0	1	382	370	44	47	2056	0	0	0	1	
6873	12860046	0	0	0	0	1	128	0	1	382	370	44	47	2078	0	0	0	1	
6874	12860080	0	0	0	0	1	128	0	1	382	370	45	47	2109	0	0	0	1	
6875	12860113	0	0	0	0	1	128	0	1	382	370	45	47	2123	0	0	0	1	
6876	12860147	0	0	0	0	1	128	0	1	382	370	45	47	2132	0	0	0	1	
6877	12860180	0	0	0	0	1	128	0	1	370	348	43	48	2099	0	0	0	1	
6878	12860213	0	0	0	0	1	128	0	1	366	338	43	47	2023	0	0	0	1	
6879	12860247	0	0	0	0	1	128	0	1	366	340	42	47	2002	0	0	0	1	
6880	12860280	0	0	0	0	1	128	0	1	366	340	42	47	2005	0	0	0	1	
6881	12860313	0	0	0	0	1	128	0	1	366	340	42	47	2008	0	0	0	1	
6882	12860347	0	0	0	0	1	128	0	1	364	340	42	47	2004	0	0	0	1	
6883	12860380	0	0	0	0	1	128	0	1	364	340	42	47	2013	0	0	0	1	
6884	12860414	0	0	0	0	1	128	0	1	364	340	42	48	2014	0	0	0	1	
6885	12860447	0	0	0	0	1	128	0	1	364	340	42	48	2015	0	0	0	1	
6886	12860480	0	0	0	0	1	128	0	1	364	340	42	47	2006	0	0	0	1	
6887	12860514	0	0	0	0	1	128	0	1	364	342	42	47	1996	0	0	0	1	
6888	12860547	0	0	0	0	1	128	0	1	364	342	42	47	1949	0	0	0	1	
6889	12860580	0	0	0	0	1	128	0	1	364	342	42	46	1936	0	0	0	1	
6890	12860614	0	0	0	0	1	128	0	1	364	342	41	46	1912	0	0	0	1	
6891	12860647	0	0	0	0	1	128	0	1	364	342	41	46	1899	0	0	0	1	
6892	12860680	0	0	0	0	1	128	0	1	364	342	41	46	1894	0	0	0	1	
6893	12860714	0	0	0	0	1	128	0	1	364	342	41	46	1875	0	0	0	1	
6894	12860747	0	0	0	0	1	128	0	1	364	342	41	46	1883	0	0	0	1	
6895	12860781	0	0	0	0	1	128	0	1	364	342	41	46	1888	0	0	0	1	
6896	12860814	0	0	0	0	1	128	0	1	364	342	41	46	1889	0	0	0	1	
6897	12860847	0	0	0	0	1	128	0	1	364	342	41	46	1893	0	0	0	1	
6898	12860881	0	0	0	0	1	128	0	1	370	354	44	46	2004	0	0	0	1	
6899	12860914	0	0	0	0	1	128	0	1	368	368	42	47	1974	0	0	0	1	
6900	12860947	0	0	0	0	1	128	0	1	368	368	42	47	1997	0	0	0	1	
6901	12860981	0	0	0	0	1	128	0	1	368	368	43	47	2009	0	0	0	1	
6902	12861014	0	0	0	0	1	128	0	1	368	368	43	47	2024	0	0	0	1	
6903	12861048	0	0	0	0	1	128	0	1	368	370	43	47	2035	0	0	0	1	
6904	12861081	0	0	0	0	1	128	0	1	368	368	43	48	2039	0	0	0	1	
6905	12861114	0	0	0	0	1	128	0	1	368	368	43	48	2056	0	0	0	1	
6906	12861148	0	0	0	0	1	128	0	1	368	368	43	48	2043	0	0	0	1	
6907	12861181	0	0	0	0	1	128	0	1	368	366	43	48	2050	0	0	0	1	
6908	12861214	0	0	0	0	1	128	0	1	368	366	43	48	2046	0	0	0	1	
6909	12861248	0	0	0	0	1	128	0	1	368	368	43	47	2031	0	0	0	1	
6910	12861281	0	0	0	0	1	128	0	1	368	368	43	48	2031	0	0	0	1	
6911	12861314	0	0	0	0	1	128	0	1	366	368	43	48	2033	0	0	0	1	
6912	12861348	0	0	0	0	1	128	0	1	368	368	43	48	2037	0	0	0	1	
6913	12861381	0	0	0	0	1	128	0	1	368	366	43	48	2053	0	0	0	1	
6914	12861415	0	0	0	0	1	128	0	1	368	366	43	48	2067	0	0	0	1	
6915	12861448	0	0	0	0	1	128	0	1	368	366	43	48	2080	0	0	0	1	
6916	12861481	0	0	0	0	1	128	0	1	368	368	43	48	2083	0	0	0	1	
6917	12861515	0	0	0	0	1	128	0	1	368	368	43	48	2096	0	0	0	1	
6918	12861548	0	0	0	0	1	128	0	1	368	368	44	48	2102	0	0	0	1	
6919	12861581	0	0	0	0	1	128	0	1	368	366	44	48	2131	0	0	0	1	
6920	12861615	0	0	0	0	1	128	0	1	368	366	44	49	2144	0	0	0	1	
6921	12861648	0	0	0	0	1	128	0	1	386	358	47	50	2335	0	0	0	1	
6922	12861682	0	0	0	0	1	128	0	1	392	352	47	49	2318	0	0	0	1	
6923	12861715	0	0	0	0	1	128	0	1	392	352	47	49	2329	0	0	0	1	
6924	12861748	0	0	0	0	1	128	0	1	392	352	48	49	2346	0	0	0	1	
6925	12861782	0	0	0	0	1	128	0	1	392	352	48	49	2355	0	0	0	1	
6926	12861815	0	0	0	0	1	128	0	1	394	352	48	50	2386	0	0	0	1	
6927	12861848	0	0	0	0	1	128	0	1	394	354	48	50	2392	0	0	0	1	
6928	12861882	0	0	0	0	1	128	0	1	394	354	48	50	2404	0	0	0	1	
6929	12861915	0	0	0	0	1	128	0	1	394	354	48	50	2410	0	0	0	1	
6930	12861948	0	0	0	0	1	128	0	1	394	354	48	50	2411	0	0	0	1	
6931	12861982	0	0	0	0	1	128	0	1	394	354	48	50	2400	0	0	0	1	
6932	12862015	0	0	0	0	1	128	0	1	394	354	48	50	2389	0	0	0	1	
6933	12862049	0	0	0	0	1	128	0	1	394	354	48	50	2380	0	0	0	1	
6934	12862082	0	0	0	0	1	128	0	1	390	356	48	49	2324	0	0	0	1	
6935	12862115	0	0	0	0	1	128	0	1	382	358	46	49	2265	0	0	0	1	
6936	12862149	0	0	0	0	1	128	0	1	382	358	46	49	2239	0	0	0	1	
6937	12862182	0	0	0	0	1	128	0	1	382	358	46	49	2225	0	0	0	1	
6938	12862215	0	0	0	0	1	128	0	1	382	358	46	48	2195	0	0	0	1	
6939	12862249	0	0	0	0	1	128	0	1	384	358	45	48	2171	0	0	0	1	
6940	12862282	0	0	0	0	1	128	0	1	384	358	45	48	2163	0	0	0	1	
6941	12862315	0	0	0	0	1	128	0	1	384	358	45	48	2145	0	0	0	1	
6942	12862349	0	0	0	0	1	128	0	1	384	358	45	48	2142	0	0	0	1	
6943	12862382	0	0	0	0	1	128	0	1	382	360	45	47	2109	0	0	0	1	
6944	12862416	0	0	0	0	1	128	0	1	378	380	44	48	2082	0	0	0	1	
6945	12862449	0	0	0	0	1	128	0	1	378	380	44	48	2100	0	0	0	1	
6946	12862482	0	0	0	0	1	128	0	1	378	382	44	48	2114	0	0	0	1	
6947	12862516	0	0	0	0	1	128	0	1	378	382	44	48	2120	0	0	0	1	
6948	12862549	0	0	0	0	1	128	0	1	378	382	44	48	2118	0	0	0	1	
6949	12862582	0	0	0	0	1	128	0	1	378	382	44	48	2111	0	0	0	1	
6950	12862616	0	0	0	0	1	128	0	1	378	382	44	48	2102	0	0	0	1	
6951	12862649	0	0	0	0	1	128	0	1	378	382	44	48	2080	0	0	0	1	
6952	12862683	0	0	0	0	1	128	0	1	378	382	44	47	2059	0	0	0	1	
6953	12862716	0	0	0	0	1	128	0	1	378	382	43	47	2042	0	0	0	1	
6954	12862749	0	0	0	0	1	128	0	1	378	382	43	47	2044	0	0	0	1	
6955	12862783	0	0	0	0	1	128	0	1	378	382	43	47	2031	0	0	0	1	
6956	12862816	0	0	0	0	1	128	0	1	380	382	43	47	2022	0	0	0	1	
6957	12862849	0	0	0	0	1	128	0	1	380	382	43	47	2034	0	0	0	1	
6958	12862883	0	0	0	0	1	128	0	1	380	382	43	47	2029	0	0	0	1	
6959	12862916	0	0	0	0	1	128	0	1	380	382	43	47	2019	0	0	0	1	
6960	12862949	0	0	0	0	1	128	0	1	380	382	43	47	2018	0	0	0	1	
6961	12862983	0	0	0	0	1	128	0	1	380	382	43	47	2017	0	0	0	1	
6962	12863016	0	0	0	0	1	128	0	1	380	382	41	47	1952	0	0	0	1	
6963	12863050	0	0	0	0	1	128	0	1	380	382	43	46	2004	0	0	0	1	
6964	12863083	0	0	0	0	1	128	0	1	380	382	43	46	2005	0	0	0	1	
6965	12863116	0	0	0	0	1	128	0	1	380	382	43	47	2010	0	0	0	1	
6966	12863150	0	0	0	0	1	128	0	1	380	382	43	47	2013	0	0	0	1	
6967	12863183	0	0	0	0	1	128	0	1	380	382	43	47	2025	0	0	0	1	
6968	12863216	0	0	0	0	1	128	0	1	380	382	43	47	2038	0	0	0	1	
6969	12863250	0	0	0	0	1	128	0	1	378	366	44	48	2106	0	0	0	1	
6970	12863283	0	0	0	0	1	128	0	1	380	364	44	47	2075	0	0	0	1	
6971	12863317	0	0	0	0	1	128	0	1	380	362	45	47	2083	0	0	0	1	
6972	12863350	0	0	0	0	1	128	0	1	378	362	44	47	2079	0	0	0	1	
6973	12863383	0	0	0	0	1	128	0	1	378	362	44	47	2096	0	0	0	1	
6974	12863417	0	0	0	0	1	128	0	1	374	360	44	47	2092	0	0	0	1	
6975	12863450	0	0	0	0	1	128	0	1	370	358	44	48	2085	0	0	0	1	
6976	12863483	0	0	0	0	1	128	0	1	368	358	44	48	2092	0	0	0	1	
6977	12863517	0	0	0	0	1	128	0	1	366	358	44	48	2098	0	0	0	1	
6978	12863550	0	0	0	0	1	128	0	1	366	356	43	48	2079	0	0	0	1	
6979	12863583	0	0	0	0	1	128	0	1	364	356	43	48	2077	0	0	0	1	
6980	12863617	0	0	0	0	1	128	0	1	362	354	43	48	2053	0	0	0	1	
6981	12863650	0	0	0	0	1	128	0	1	360	354	43	48	2032	0	0	0	1	
6982	12863684	0	0	0	0	1	128	0	1	354	352	42	47	1977	0	0	0	1	
6983	12863717	0	0	0	0	1	128	0	1	354	352	41	47	1936	0	0	0	1	
6984	12863750	0	0	0	0	1	128	0	1	352	352	41	47	1934	0	0	0	1	
6985	12863784	0	0	0	0	1	128	0	1	350	352	41	47	1915	0	0	0	1	
6986	12863817	0	0	0	0	1	128	0	1	350	354	41	47	1902	0	0	0	1	
6987	12863850	0	0	0	0	1	128	0	1	348	358	40	47	1907	0	0	0	1	
6988	12863884	0	0	0	0	1	128	0	1	348	358	40	47	1888	0	0	0	1	
6989	12863917	0	0	0	0	1	128	0	1	346	360	40	47	1874	0	0	0	1	
6990	12863951	0	0	0	0	1	128	0	1	346	360	40	47	1864	0	0	0	1	
6991	12863984	0	0	0	0	1	128	0	1	346	362	39	47	1848	0	0	0	1	
6992	12864017	0	0	0	0	1	128	0	1	344	362	40	46	1829	0	0	0	1	
6993	12864051	0	0	0	0	1	128	0	1	340	364	39	46	1772	0	0	0	1	
6994	12864084	0	0	0	0	1	128	0	1	340	366	39	46	1788	0	0	0	1	
6995	12864117	0	0	0	0	1	128	0	1	340	366	38	46	1763	0	0	0	1	
6996	12864151	0	0	0	0	1	128	0	1	340	368	38	47	1770	0	0	0	1	
6997	12864184	0	0	0	0	1	128	0	1	340	370	38	46	1769	0	0	0	1	
6998	12864218	0	0	0	0	1	128	0	1	340	372	38	46	1762	0	0	0	1	
6999	12864251	0	0	0	0	1	128	0	1	342	374	38	46	1753	0	0	0	1	
7000	12864284	0	0	0	0	1	128	0	1	342	376	38	46	1746	0	0	0	1	
7001	12864318	0	0	0	0	1	128	0	1	342	380	38	46	1763	0	0	0	1	
7002	12864351	0	0	0	0	1	128	0	1	344	382	38	47	1778	0	0	0	1	
7003	12864384	0	0	0	0	1	128	0	1	344	384	38	46	1777	0	0	0	1	
7004	12864418	0	0	0	0	1	128	0	1	346	384	39	47	1801	0	0	0	1	
7005	12864451	0	0	0	0	1	128	0	1	348	386	39	47	1811	0	0	0	1	
7006	12864484	0	0	0	0	1	128	0	1	350	388	39	46	1820	0	0	0	1	
7007	12864518	0	0	0	0	1	128	0	1	352	388	40	47	1852	0	0	0	1	
7008	12864551	0	0	0	0	1	128	0	1	354	390	40	47	1875	0	0	0	1	
7009	12864585	0	0	0	0	1	128	0	1	356	390	40	47	1900	0	0	0	1	
7010	12864618	0	0	0	0	1	128	0	1	358	390	41	47	1921	0	0	0	1	
7011	12864651	0	0	0	0	1	128	0	1	360	392	41	48	1947	0	0	0	1	
7012	12864685	0	0	0	0	1	128	0	1	362	392	42	48	1976	0	0	0	1	
7013	12864718	0	0	0	0	1	128	0	1	364	392	42	48	2013	0	0	0	1	
7014	12864751	0	0	0	0	1	128	0	1	366	392	42	48	2037	0	0	0	1	
7015	12864785	0	0	0	0	1	128	0	1	368	392	43	48	2047	0	0	0	1	
7016	12864818	0	0	0	0	1	128	0	1	370	390	43	48	2086	0	0	0	1	
7017	12864852	0	0	0	0	1	128	0	1	372	388	44	48	2113	0	0	0	1	
7018	12864885	0	0	0	0	1	128	0	1	374	388	44	49	2121	0	0	0	1	
7019	12864918	0	0	0	0	1	128	0	1	374	386	44	49	2150	0	0	0	1	
7020	12864952	0	0	0	0	1	128	0	1	374	386	44	49	2145	0	0	0	1	
7021	12864985	0	0	0	0	1	128	0	1	374	386	44	49	2154	0	0	0	1	
7022	12865018	0	0	0	0	1	128	0	1	376	386	44	49	2158	0	0	0	1	
7023	12865052	0	0	0	0	1	128	0	1	376	384	45	49	2186	0	0	0	1	
7024	12865085	0	0	0	0	1	128	0	1	380	380	46	49	2227	0	0	0	1	
7025	12865118	0	0	0	0	1	128	0	1	382	380	46	49	2238	0	0	0	1	
7026	12865152	0	0	0	0	1	128	0	1	382	380	46	49	2248	0	0	0	1	
7027	12865185	0	0	0	0	1	128	0	1	382	380	46	49	2244	0	0	0	1	
7028	12865219	0	0	0	0	1	128	0	1	382	380	46	49	2263	0	0	0	1	
7029	12865252	0	0	0	0	1	128	0	1	382	380	46	49	2265	0	0	0	1	
7030	12865285	0	0	0	0	1	128	0	1	382	380	46	49	2273	0	0	0	1	
7031	12865319	0	0	0	0	1	128	0	1	384	384	43	46	1954	0	0	0	1	
7032	12865352	0	0	0	0	1	128	0	1	382	380	46	49	2291	0	0	0	1	
7033	12865385	0	0	0	0	1	128	0	1	382	380	46	50	2295	0	0	0	1	
7034	12865419	0	0	0	0	1	128	0	1	382	380	46	49	2281	0	0	0	1	
7035	12865452	0	0	0	0	1	128	0	1	382	380	46	49	2257	0	0	0	1	
7036	12865486	0	0	0	0	1	128	0	1	382	380	46	49	2229	0	0	0	1	
7037	12865519	0	0	0	0	1	128	0	1	382	380	46	48	2202	0	0	0	1	
7038	12865552	0	0	0	0	1	128	0	1	380	380	45	48	2168	0	0	0	1	
7039	12865586	0	0	0	0	1	128	0	1	380	380	45	48	2130	0	0	0	1	
7040	12865619	0	0	0	0	1	128	0	1	380	380	44	47	2102	0	0	0	1	
7041	12865652	0	0	0	0	1	128	0	1	380	380	44	47	2083	0	0	0	1	
7042	12865686	0	0	0	0	1	128	0	1	380	380	44	47	2061	0	0	0	1	
7043	12865719	0	0	0	0	1	128	0	1	380	380	44	47	2043	0	0	0	1	
7044	12865752	0	0	0	0	1	128	0	1	380	380	44	47	2029	0	0	0	1	
7045	12865786	0	0	0	0	1	128	0	1	380	380	43	47	2017	0	0	0	1	
7046	12865819	0	0	0	0	1	128	0	1	380	380	43	46	2006	0	0	0	1	
7047	12865853	0	0	0	0	1	128	0	1	380	380	43	46	1985	0	0	0	1	
7048	12865886	0	0	0	0	1	128	0	1	380	380	43	46	1994	0	0	0	1	
7049	12865919	0	0	0	0	1	128	0	1	380	380	43	46	1980	0	0	0	1	
7050	12865953	0	0	0	0	1	128	0	1	380	380	43	46	1979	0	0	0	1	
7051	12865986	0	0	0	0	1	128	0	1	380	380	43	46	1990	0	0	0	1	
7052	12866019	0	0	0	0	1	128	0	1	380	380	43	46	2003	0	0	0	1	
7053	12866053	0	0	0	0	1	128	0	1	380	380	43	47	2001	0	0	0	1	
7054	12866086	0	0	0	0	1	128	0	1	380	380	43	46	1994	0	0	0	1	
7055	12866119	0	0	0	0	1	128	0	1	380	380	43	46	2003	0	0	0	1	
7056	12866153	0	0	0	0	1	128	0	1	380	380	43	46	1992	0	0	0	1	
7057	12866186	0	0	0	0	1	128	0	1	370	360	41	47	1959	0	0	0	1	
7058	12866220	0	0	0	0	1	128	0	1	370	348	42	46	1922	0	0	0	1	
7059	12866253	0	0	0	0	1	128	0	1	370	348	42	45	1903	0	0	0	1	
7060	12866286	0	0	0	0	1	128	0	1	372	350	42	45	1896	0	0	0	1	
7061	12866320	0	0	0	0	1	128	0	1	372	350	42	45	1887	0	0	0	1	
7062	12866353	0	0	0	0	1	128	0	1	372	350	42	45	1892	0	0	0	1	
7063	12866386	0	0	0	0	1	128	0	1	372	350	42	45	1913	0	0	0	1	
7064	12866420	0	0	0	0	1	128	0	1	372	350	42	45	1919	0	0	0	1	
7065	12866453	0	0	0	0	1	128	0	1	370	348	42	46	1930	0	0	0	1	
7066	12866487	0	0	0	0	1	128	0	1	370	348	42	46	1958	0	0	0	1	
7067	12866520	0	0	0	0	1	128	0	1	370	348	43	46	1971	0	0	0	1	
7068	12866553	0	0	0	0	1	128	0	1	372	348	43	46	1978	0	0	0	1	
7069	12866587	0	0	0	0	1	128	0	1	372	348	43	47	1996	0	0	0	1	
7070	12866620	0	0	0	0	1	128	0	1	372	348	43	47	1997	0	0	0	1	
7071	12866653	0	0	0	0	1	128	0	1	372	348	43	46	1978	0	0	0	1	
7072	12866687	0	0	0	0	1	128	0	1	372	348	42	46	1967	0	0	0	1	
7073	12866720	0	0	0	0	1	128	0	1	372	348	42	46	1949	0	0	0	1	
7074	12866753	0	0	0	0	1	128	0	1	370	344	39	44	1731	0	0	0	1	
7075	12866787	0	0	0	0	1	128	0	1	372	348	42	46	1927	0	0	0	1	
7076	12866820	0	0	0	0	1	128	0	1	370	348	42	46	1915	0	0	0	1	
7077	12866854	0	0	0	0	1	128	0	1	370	350	42	45	1917	0	0	0	1	
7078	12866887	0	0	0	0	1	128	0	1	370	348	42	45	1911	0	0	0	1	
7079	12866920	0	0	0	0	1	128	0	1	368	352	42	45	1898	0	0	0	1	
7080	12866954	0	0	0	0	1	128	0	1	350	366	39	45	1787	0	0	0	1	
7081	12866987	0	0	0	0	1	128	0	1	346	372	39	46	1794	0	0	0	1	
7082	12867020	0	0	0	0	1	128	0	1	348	372	39	46	1811	0	0	0	1	
7083	12867054	0	0	0	0	1	128	0	1	348	372	39	46	1801	0	0	0	1	
7084	12867087	0	0	0	0	1	128	0	1	348	372	39	46	1804	0	0	0	1	
7085	12867121	0	0	0	0	1	128	0	1	348	372	39	46	1794	0	0	0	1	
7086	12867154	0	0	0	0	1	128	0	1	348	372	39	46	1786	0	0	0	1	
7087	12867187	0	0	0	0	1	128	0	1	348	372	39	45	1769	0	0	0	1	
7088	12867221	0	0	0	0	1	128	0	1	346	374	39	45	1740	0	0	0	1	
7089	12867254	0	0	0	0	1	128	0	1	346	374	38	45	1741	0	0	0	1	
7090	12867287	0	0	0	0	1	128	0	1	346	374	38	45	1723	0	0	0	1	
7091	12867321	0	0	0	0	1	128	0	1	346	374	38	45	1712	0	0	0	1	
7092	12867354	0	0	0	0	1	128	0	1	346	374	38	45	1716	0	0	0	1	
7093	12867388	0	0	0	0	1	128	0	1	346	374	38	45	1704	0	0	0	1	
7094	12867421	0	0	0	0	1	128	0	1	346	374	38	45	1714	0	0	0	1	
7095	12867454	0	0	0	0	1	128	0	1	346	374	38	45	1706	0	0	0	1	
7096	12867488	0	0	0	0	1	128	0	1	346	374	38	45	1704	0	0	0	1	
7097	12867521	0	0	0	0	1	128	0	1	346	374	38	45	1713	0	0	0	1	
7098	12867554	0	0	0	0	1	128	0	1	346	374	38	45	1714	0	0	0	1	
7099	12867588	0	0	0	0	1	128	0	1	346	374	38	45	1726	0	0	0	1	
7100	12867621	0	0	0	0	1	128	0	1	346	374	38	45	1730	0	0	0	1	
7101	12867654	0	0	0	0	1	128	0	1	346	374	38	45	1728	0	0	0	1	
7102	12867688	0	0	0	0	1	128	0	1	352	396	38	45	1720	0	0	0	1	
7103	12867721	0	0	0	0	1	128	0	1	348	402	37	46	1722	0	0	0	1	
7104	12867755	0	0	0	0	1	128	0	1	348	402	37	46	1732	0	0	0	1	
7105	12867788	0	0	0	0	1	128	0	1	348	402	38	46	1761	0	0	0	1	
7106	12867821	0	0	0	0	1	128	0	1	348	402	38	47	1762	0	0	0	1	
7107	12867855	0	0	0	0	1	128	0	1	348	402	38	47	1773	0	0	0	1	
7108	12867888	0	0	0	0	1	128	0	1	348	402	38	47	1776	0	0	0	1	
7109	12867921	0	0	0	0	1	128	0	1	348	402	38	47	1766	0	0	0	1	
7110	12867955	0	0	0	0	1	128	0	1	348	400	38	46	1758	0	0	0	1	
7111	12867988	0	0	0	0	1	128	0	1	350	400	38	46	1736	0	0	0	1	
7112	12868022	0	0	0	0	1	128	0	1	350	400	38	46	1722	0	0	0	1	
7113	12868055	0	0	0	0	1	128	0	1	350	400	38	46	1719	0	0	0	1	
7114	12868088	0	0	0	0	1	128	0	1	350	400	38	46	1715	0	0	0	1	
7115	12868122	0	0	0	0	1	128	0	1	350	400	37	46	1717	0	0	0	1	
7116	12868155	0	0	0	0	1	128	0	1	350	400	38	46	1721	0	0	0	1	
7117	12868188	0	0	0	0	1	128	0	1	350	400	38	46	1743	0	0	0	1	
7118	12868222	0	0	0	0	1	128	0	1	350	400	38	46	1745	0	0	0	1	
7119	12868255	0	0	0	0	1	128	0	1	350	400	38	46	1764	0	0	0	1	
7120	12868288	0	0	0	0	1	128	0	1	350	400	38	47	1782	0	0	0	1	
7121	12868322	0	0	0	0	1	128	0	1	350	400	38	47	1793	0	0	0	1	
7122	12868355	0	0	0	0	1	128	0	1	350	400	39	47	1823	0	0	0	1	
7123	12868389	0	0	0	0	1	128	0	1	350	400	39	47	1830	0	0	0	1	
7124	12868422	0	0	0	0	1	128	0	1	348	396	39	49	1915	0	0	0	1	
7125	12868455	0	0	0	0	1	128	0	1	348	370	41	48	1961	0	0	0	1	
7126	12868489	0	0	0	0	1	128	0	1	350	370	40	48	1932	0	0	0	1	
7127	12868522	0	0	0	0	1	128	0	1	350	370	41	48	1941	0	0	0	1	
7128	12868555	0	0	0	0	1	128	0	1	350	370	41	48	1955	0	0	0	1	
7129	12868589	0	0	0	0	1	128	0	1	350	370	41	48	1961	0	0	0	1	
7130	12868622	0	0	0	0	1	128	0	1	350	370	41	48	1971	0	0	0	1	
7131	12868656	0	0	0	0	1	128	0	1	350	370	41	48	1965	0	0	0	1	
7132	12868689	0	0	0	0	1	128	0	1	348	370	41	48	1952	0	0	0	1	
7133	12868722	0	0	0	0	1	128	0	1	348	370	41	48	1946	0	0	0	1	
7134	12868756	0	0	0	0	1	128	0	1	348	370	41	48	1938	0	0	0	1	
7135	12868789	0	0	0	0	1	128	0	1	348	370	41	48	1931	0	0	0	1	
7136	12868822	0	0	0	0	1	128	0	1	348	370	40	47	1914	0	0	0	1	
7137	12868856	0	0	0	0	1	128	0	1	348	370	40	47	1908	0	0	0	1	
7138	12868889	0	0	0	0	1	128	0	1	348	370	40	47	1893	0	0	0	1	
7139	12868922	0	0	0	0	1	128	0	1	348	370	40	47	1885	0	0	0	1	
7140	12868956	0	0	0	0	1	128	0	1	352	378	41	46	1887	0	0	0	1	
7141	12868989	0	0	0	0	1	128	0	1	352	378	41	47	1899	0	0	0	1	
7142	12869023	0	0	0	0	1	128	0	1	352	378	40	47	1894	0	0	0	1	
7143	12869056	0	0	0	0	1	128	0	1	352	378	40	47	1891	0	0	0	1	
7144	12869089	0	0	0	0	1	128	0	1	352	378	41	47	1903	0	0	0	1	
7145	12869123	0	0	0	0	1	128	0	1	352	378	41	47	1917	0	0	0	1	
7146	12869156	0	0	0	0	1	128	0	1	352	378	41	47	1917	0	0	0	1	
7147	12869189	0	0	0	0	1	128	0	1	358	378	43	47	2003	0	0	0	1	
7148	12869223	0	0	0	0	1	128	0	1	364	374	43	47	2012	0	0	0	1	
7149	12869256	0	0	0	0	1	128	0	1	364	374	43	47	2025	0	0	0	1	
7150	12869289	0	0	0	0	1	128	0	1	364	374	43	47	2035	0	0	0	1	
7151	12869323	0	0	0	0	1	128	0	1	364	374	43	48	2051	0	0	0	1	
7152	12869356	0	0	0	0	1	128	0	1	364	374	43	48	2071	0	0	0	1	
7153	12869390	0	0	0	0	1	128	0	1	364	374	43	48	2087	0	0	0	1	
7154	12869423	0	0	0	0	1	128	0	1	364	376	43	48	2088	0	0	0	1	
7155	12869456	0	0	0	0	1	128	0	1	364	376	44	49	2115	0	0	0	1	
7156	12869490	0	0	0	0	1	128	0	1	364	376	44	48	2109	0	0	0	1	
7157	12869523	0	0	0	0	1	128	0	1	364	376	43	48	2104	0	0	0	1	
7158	12869556	0	0	0	0	1	128	0	1	364	376	43	48	2089	0	0	0	1	
7159	12869590	0	0	0	0	1	128	0	1	362	372	43	51	2192	0	0	0	1	
7160	12869623	0	0	0	0	1	128	0	1	364	376	43	47	2029	0	0	0	1	
7161	12869657	0	0	0	0	1	128	0	1	364	376	42	47	2000	0	0	0	1	
7162	12869690	0	0	0	0	1	128	0	1	364	376	42	47	1974	0	0	0	1	
7163	12869723	0	0	0	0	1	128	0	1	364	376	42	47	1947	0	0	0	1	
7164	12869757	0	0	0	0	1	128	0	1	362	376	42	46	1939	0	0	0	1	
7165	12869790	0	0	0	0	1	128	0	1	362	376	42	46	1940	0	0	0	1	
7166	12869823	0	0	0	0	1	128	0	1	364	376	42	46	1926	0	0	0	1	
7167	12869857	0	0	0	0	1	128	0	1	364	376	42	46	1931	0	0	0	1	
7168	12869890	0	0	0	0	1	128	0	1	362	376	42	46	1934	0	0	0	1	
7169	12869924	0	0	0	0	1	128	0	1	380	380	44	47	2044	0	0	0	1	
7170	12869957	0	0	0	0	1	128	0	1	382	382	43	47	2033	0	0	0	1	
7171	12869990	0	0	0	0	1	128	0	1	382	382	43	47	2042	0	0	0	1	
7172	12870024	0	0	0	0	1	128	0	1	382	382	43	47	2049	0	0	0	1	
7173	12870057	0	0	0	0	1	128	0	1	382	382	44	47	2057	0	0	0	1	
7174	12870090	0	0	0	0	1	128	0	1	382	382	44	47	2063	0	0	0	1	
7175	12870124	0	0	0	0	1	128	0	1	380	382	44	47	2066	0	0	0	1	
7176	12870157	0	0	0	0	1	128	0	1	380	382	44	47	2075	0	0	0	1	
7177	12870190	0	0	0	0	1	128	0	1	380	382	44	48	2075	0	0	0	1	
7178	12870224	0	0	0	0	1	128	0	1	380	382	44	47	2074	0	0	0	1	
7179	12870257	0	0	0	0	1	128	0	1	380	382	44	48	2088	0	0	0	1	
7180	12870291	0	0	0	0	1	128	0	1	380	382	44	47	2071	0	0	0	1	
7181	12870324	0	0	0	0	1	128	0	1	380	382	43	48	2059	0	0	0	1	
7182	12870357	0	0	0	0	1	128	0	1	380	382	43	48	2059	0	0	0	1	
7183	12870391	0	0	0	0	1	128	0	1	380	382	43	47	2029	0	0	0	1	
7184	12870424	0	0	0	0	1	128	0	1	380	382	43	47	2020	0	0	0	1	
7185	12870457	0	0	0	0	1	128	0	1	380	382	43	47	2013	0	0	0	1	
7186	12870491	0	0	0	0	1	128	0	1	380	382	43	47	2003	0	0	0	1	
7187	12870524	0	0	0	0	1	128	0	1	380	382	43	47	2001	0	0	0	1	
7188	12870558	0	0	0	0	1	128	0	1	380	382	43	47	2005	0	0	0	1	
7189	12870591	0	0	0	0	1	128	0	1	380	382	43	47	2013	0	0	0	1	
7190	12870624	0	0	0	0	1	128	0	1	380	382	43	47	2036	0	0	0	1	
7191	12870658	0	0	0	0	1	128	0	1	380	382	44	47	2051	0	0	0	1	
7192	12870691	0	0	0	0	1	128	0	1	380	382	44	48	2074	0	0	0	1	
7193	12870724	0	0	0	0	1	128	0	1	374	390	43	47	2013	0	0	0	1	
7194	12870758	0	0	0	0	1	128	0	1	372	390	43	48	2049	0	0	0	1	
7195	12870791	0	0	0	0	1	128	0	1	370	392	43	48	2068	0	0	0	1	
7196	12870825	0	0	0	0	1	128	0	1	358	398	41	48	1970	0	0	0	1	
7197	12870858	0	0	0	0	1	128	0	1	358	398	41	48	1988	0	0	0	1	
7198	12870891	0	0	0	0	1	128	0	1	350	396	40	48	1949	0	0	0	1	
7199	12870925	0	0	0	0	1	128	0	1	346	396	40	48	1919	0	0	0	1	
7200	12870958	0	0	0	0	1	128	0	1	344	394	39	48	1893	0	0	0	1	
7201	12870991	0	0	0	0	1	128	0	1	340	392	39	48	1868	0	0	0	1	
7202	12871025	0	0	0	0	1	128	0	1	338	390	38	48	1832	0	0	0	1	
7203	12871058	0	0	0	0	1	128	0	1	336	388	38	48	1823	0	0	0	1	
7204	12871091	0	0	0	0	1	128	0	1	334	386	38	48	1813	0	0	0	1	
7205	12871125	0	0	0	0	1	128	0	1	332	384	38	48	1799	0	0	0	1	
7206	12871158	0	0	0	0	1	128	0	1	332	382	38	48	1788	0	0	0	1	
7207	12871191	0	0	0	0	1	128	0	1	328	380	37	48	1802	0	0	0	1	
7208	12871225	0	0	0	0	1	128	0	1	322	370	36	48	1711	0	0	0	1	
7209	12871258	0	0	0	0	1	128	0	1	322	368	36	47	1692	0	0	0	1	
7210	12871292	0	0	0	0	1	128	0	1	322	366	36	47	1680	0	0	0	1	
7211	12871325	0	0	0	0	1	128	0	1	320	364	36	47	1676	0	0	0	1	
7212	12871358	0	0	0	0	1	128	0	1	320	362	36	47	1675	0	0	0	1	
7213	12871392	0	0	0	0	1	128	0	1	320	360	36	47	1682	0	0	0	1	
7214	12871425	0	0	0	0	1	128	0	1	320	358	36	47	1694	0	0	0	1	
7215	12871458	0	0	0	0	1	128	0	1	322	358	36	47	1688	0	0	0	1	
7216	12871492	0	0	0	0	1	128	0	1	322	356	36	47	1688	0	0	0	1	
7217	12871525	0	0	0	0	1	128	0	1	322	346	36	48	1702	0	0	0	1	
7218	12871559	0	0	0	0	1	128	0	1	324	344	36	47	1720	0	0	0	1	
7219	12871592	0	0	0	0	1	128	0	1	324	344	36	47	1713	0	0	0	1	
7220	12871625	0	0	0	0	1	128	0	1	326	342	37	47	1738	0	0	0	1	
7221	12871659	0	0	0	0	1	128	0	1	326	342	37	47	1751	0	0	0	1	
7222	12871692	0	0	0	0	1	128	0	1	328	342	37	47	1772	0	0	0	1	
7223	12871725	0	0	0	0	1	128	0	1	338	338	39	47	1847	0	0	0	1	
7224	12871759	0	0	0	0	1	128	0	1	340	338	39	47	1849	0	0	0	1	
7225	12871792	0	0	0	0	1	128	0	1	342	338	39	47	1847	0	0	0	1	
7226	12871826	0	0	0	0	1	128	0	1	344	338	40	47	1874	0	0	0	1	
7227	12871859	0	0	0	0	1	128	0	1	346	338	40	47	1878	0	0	0	1	
7228	12871892	0	0	0	0	1	128	0	1	348	338	40	47	1902	0	0	0	1	
7229	12871926	0	0	0	0	1	128	0	1	350	338	40	48	1917	0	0	0	1	
7230	12871959	0	0	0	0	1	128	0	1	354	336	41	48	1929	0	0	0	1	
7231	12871992	0	0	0	0	1	128	0	1	356	336	41	47	1940	0	0	0	1	
7232	12872026	0	0	0	0	1	128	0	1	358	336	41	47	1940	0	0	0	1	
7233	12872059	0	0	0	0	1	128	0	1	362	338	42	47	1954	0	0	0	1	
7234	12872092	0	0	0	0	1	128	0	1	364	340	42	47	1965	0	0	0	1	
7235	12872126	0	0	0	0	1	128	0	1	366	342	42	47	1976	0	0	0	1	
7236	12872159	0	0	0	0	1	128	0	1	374	348	43	47	2035	0	0	0	1	
7237	12872193	0	0	0	0	1	128	0	1	376	350	43	47	2036	0	0	0	1	
7238	12872226	0	0	0	0	1	128	0	1	376	352	44	46	2044	0	0	0	1	
7239	12872259	0	0	0	0	1	128	0	1	378	354	44	47	2041	0	0	0	1	
7240	12872293	0	0	0	0	1	128	0	1	380	356	44	47	2043	0	0	0	1	
7241	12872326	0	0	0	0	1	128	0	1	382	360	44	47	2041	0	0	0	1	
7242	12872359	0	0	0	0	1	128	0	1	382	362	44	46	2027	0	0	0	1	
7243	12872393	0	0	0	0	1	128	0	1	384	364	44	46	2021	0	0	0	1	
7244	12872426	0	0	0	0	1	128	0	1	384	372	44	46	2011	0	0	0	1	
7245	12872460	0	0	0	0	1	128	0	1	384	374	44	46	1998	0	0	0	1	
7246	12872493	0	0	0	0	1	128	0	1	384	376	44	46	1985	0	0	0	1	
7247	12872526	0	0	0	0	1	128	0	1	384	378	43	46	1973	0	0	0	1	
7248	12872560	0	0	0	0	1	128	0	1	380	380	43	46	1955	0	0	0	1	
7249	12872593	0	0	0	0	1	128	0	1	380	382	42	46	1934	0	0	0	1	
7250	12872626	0	0	0	0	1	128	0	1	378	382	42	46	1935	0	0	0	1	
7251	12872660	0	0	0	0	1	128	0	1	378	382	42	46	1944	0	0	0	1	
7252	12872693	0	0	0	0	1	128	0	1	378	382	42	46	1937	0	0	0	1	
7253	12872726	0	0	0	0	1	128	0	1	378	382	42	46	1936	0	0	0	1	
7254	12872760	0	0	0	0	1	128	0	1	378	382	42	46	1937	0	0	0	1	
7255	12872793	0	0	0	0	1	128	0	1	378	382	42	46	1951	0	0	0	1	
7256	12872827	0	0	0	0	1	128	0	1	378	382	42	46	1955	0	0	0	1	
7257	12872860	0	0	0	0	1	128	0	1	378	382	42	46	1948	0	0	0	1	
7258	12872893	0	0	0	0	1	128	0	1	378	382	42	46	1953	0	0	0	1	
7259	12872927	0	0	0	0	1	128	0	1	378	382	42	46	1958	0	0	0	1	
7260	12872960	0	0	0	0	1	128	0	1	378	382	42	46	1953	0	0	0	1	
7261	12872993	0	0	0	0	1	128	0	1	378	382	42	46	1957	0	0	0	1	
7262	12873027	0	0	0	0	1	128	0	1	378	382	42	46	1957	0	0	0	1	
7263	12873060	0	0	0	0	1	128	0	1	378	382	43	46	1974	0	0	0	1	
7264	12873094	0	0	0	0	1	128	0	1	378	382	43	46	1978	0	0	0	1	
7265	12873127	0	0	0	0	1	128	0	1	378	382	43	46	2002	0	0	0	1	
7266	12873160	0	0	0	0	1	128	0	1	378	382	43	47	2018	0	0	0	1	
7267	12873194	0	0	0	0	1	128	0	1	378	382	43	47	2021	0	0	0	1	
7268	12873227	0	0	0	0	1	128	0	1	378	382	43	47	2039	0	0	0	1	
7269	12873260	0	0	0	0	1	128	0	1	378	382	43	47	2049	0	0	0	1	
7270	12873294	0	0	0	0	1	128	0	1	378	382	44	47	2055	0	0	0	1	
7271	12873327	0	0	0	0	1	128	0	1	378	382	44	47	2062	0	0	0	1	
7272	12873361	0	0	0	0	1	128	0	1	378	382	44	47	2061	0	0	0	1	
7273	12873394	0	0	0	0	1	128	0	1	378	382	44	47	2059	0	0	0	1	
7274	12873427	0	0	0	0	1	128	0	1	378	382	44	47	2063	0	0	0	1	
7275	12873461	0	0	0	0	1	128	0	1	378	384	44	47	2062	0	0	0	1	
7276	12873494	0	0	0	0	1	128	0	1	378	384	44	47	2060	0	0	0	1	
7277	12873527	0	0	0	0	1	128	0	1	378	382	44	47	2063	0	0	0	1	
7278	12873561	0	0	0	0	1	128	0	1	378	382	44	47	2056	0	0	0	1	
7279	12873594	0	0	0	0	1	128	0	1	378	382	44	47	2067	0	0	0	1	
7280	12873627	0	0	0	0	1	128	0	1	378	382	44	47	2065	0	0	0	1	
7281	12873661	0	0	0	0	1	128	0	1	378	382	44	47	2066	0	0	0	1	
7282	12873694	0	0	0	0	1	128	0	1	378	384	44	47	2075	0	0	0	1	
7283	12873728	0	0	0	0	1	128	0	1	378	384	44	47	2079	0	0	0	1	
7284	12873761	0	0	0	0	1	128	0	1	378	384	44	47	2080	0	0	0	1	
7285	12873794	0	0	0	0	1	128	0	1	378	382	44	48	2093	0	0	0	1	
7286	12873828	0	0	0	0	1	128	0	1	378	382	44	48	2095	0	0	0	1	
7287	12873861	0	0	0	0	1	128	0	1	378	382	44	48	2102	0	0	0	1	
7288	12873894	0	0	0	0	1	128	0	1	380	388	41	44	1789	0	0	0	1	
7289	12873928	0	0	0	0	1	128	0	1	378	382	44	48	2087	0	0	0	1	
7290	12873961	0	0	0	0	1	128	0	1	378	382	44	48	2094	0	0	0	1	
7291	12873994	0	0	0	0	1	128	0	1	378	382	44	48	2106	0	0	0	1	
7292	12874028	0	0	0	0	1	128	0	1	378	382	44	48	2115	0	0	0	1	
7293	12874061	0	0	0	0	1	128	0	1	378	382	44	48	2131	0	0	0	1	
7294	12874095	0	0	0	0	1	128	0	1	380	382	45	48	2151	0	0	0	1	
7295	12874128	0	0	0	0	1	128	0	1	380	382	45	48	2169	0	0	0	1	
7296	12874161	0	0	0	0	1	128	0	1	380	382	45	49	2182	0	0	0	1	
7297	12874195	0	0	0	0	1	128	0	1	380	382	46	49	2211	0	0	0	1	
7298	12874228	0	0	0	0	1	128	0	1	380	382	45	49	2227	0	0	0	1	
7299	12874261	0	0	0	0	1	128	0	1	382	388	42	43	1835	0	0	0	1	
7300	12874295	0	0	0	0	1	128	0	1	380	382	46	49	2260	0	0	0	1	
7301	12874328	0	0	0	0	1	128	0	1	380	382	46	49	2266	0	0	0	1	
7302	12874361	0	0	0	0	1	128	0	1	380	382	46	50	2282	0	0	0	1	
7303	12874395	0	0	0	0	1	128	0	1	380	382	46	50	2299	0	0	0	1	
7304	12874428	0	0	0	0	1	128	0	1	380	382	46	50	2296	0	0	0	1	
7305	12874462	0	0	0	0	1	128	0	1	380	382	46	50	2301	0	0	0	1	
7306	12874495	0	0	0	0	1	128	0	1	380	382	46	50	2301	0	0	0	1	
7307	12874528	0	0	0	0	1	128	0	1	380	382	46	50	2311	0	0	0	1	
7308	12874562	0	0	0	0	1	128	0	1	380	382	46	50	2324	0	0	0	1	
7309	12874595	0	0	0	0	1	128	0	1	380	382	46	50	2317	0	0	0	1	
7310	12874629	0	0	0	0	1	128	0	1	380	382	46	50	2329	0	0	0	1	
7311	12874662	0	0	0	0	1	128	0	1	380	382	47	50	2334	0	0	0	1	
7312	12874695	0	0	0	0	1	128	0	1	380	382	47	50	2345	0	0	0	1	
7313	12874729	0	0	0	0	1	128	0	1	380	382	47	50	2354	0	0	0	1	
7314	12874762	0	0	0	0	1	128	0	1	380	382	47	51	2358	0	0	0	1	
7315	12874795	0	0	0	0	1	128	0	1	380	382	47	51	2360	0	0	0	1	
7316	12874829	0	0	0	0	1	128	0	1	380	382	47	51	2378	0	0	0	1	
7317	12874862	0	0	0	0	1	128	0	1	380	382	47	51	2370	0	0	0	1	
7318	12874895	0	0	0	0	1	128	0	1	380	382	47	51	2374	0	0	0	1	
7319	12874929	0	0	0	0	1	128	0	1	380	382	47	51	2369	0	0	0	1	
7320	12874962	0	0	0	0	1	128	0	1	380	382	47	51	2366	0	0	0	1	
7321	12874995	0	0	0	0	1	128	0	1	380	382	47	51	2368	0	0	0	1	
7322	12875029	0	0	0	0	1	128	0	1	380	382	47	51	2373	0	0	0	1	
7323	12875062	0	0	0	0	1	128	0	1	380	382	47	51	2379	0	0	0	1	
7324	12875096	0	0	0	0	1	128	0	1	380	382	47	51	2366	0	0	0	1	
7325	12875129	0	0	0	0	1	128	0	1	380	382	47	51	2375	0	0	0	1	
7326	12875162	0	0	0	0	1	128	0	1	380	382	47	51	2360	0	0	0	1	
7327	12875196	0	0	0	0	1	128	0	1	380	382	47	51	2371	0	0	0	1	
7328	12875229	0	0	0	0	1	128	0	1	380	382	47	51	2367	0	0	0	1	
7329	12875262	0	0	0	0	1	128	0	1	380	382	47	51	2366	0	0	0	1	
7330	12875296	0	0	0	0	1	128	0	1	380	382	47	51	2365	0	0	0	1	
7331	12875329	0	0	0	0	1	128	0	1	380	382	47	51	2371	0	0	0	1	
7332	12875363	0	0	0	0	1	128	0	1	380	382	47	51	2367	0	0	0	1	
7333	12875396	0	0	0	0	1	128	0	1	380	382	47	51	2374	0	0	0	1	
7334	12875429	0	0	0	0	1	128	0	1	380	382	47	51	2371	0	0	0	1	
7335	12875463	0	0	0	0	1	128	0	1	380	382	47	51	2376	0	0	0	1	
7336	12875496	0	0	0	0	1	128	0	1	380	382	47	51	2375	0	0	0	1	
7337	12875529	0	0	0	0	1	128	0	1	380	382	47	51	2383	0	0	0	1	
7338	12875563	0	0	0	0	1	128	0	1	380	382	47	51	2386	0	0	0	1	
7339	12875596	0	0	0	0	1	128	0	1	380	382	47	51	2385	0	0	0	1	
7340	12875630	0	0	0	0	1	128	0	1	380	382	47	51	2392	0	0	0	1	
7341	12875663	0	0	0	0	1	128	0	1	380	382	47	51	2396	0	0	0	1	
7342	12875696	0	0	0	0	1	128	0	1	380	382	47	51	2389	0	0	0	1	
7343	12875730	0	0	0	0	1	128	0	1	380	382	47	51	2393	0	0	0	1	
7344	12875763	0	0	0	0	1	128	0	1	374	378	46	51	2349	0	0	0	1	
7345	12875796	0	0	0	0	1	128	0	1	374	378	46	51	2332	0	0	0	1	
7346	12875830	0	0	0	0	1	128	0	1	374	380	46	51	2308	0	0	0	1	
7347	12875863	0	0	0	0	1	128	0	1	378	378	43	48	2066	0	0	0	1	
7348	12875896	0	0	0	0	1	128	0	0	0	0	0	0	0	0	0	0	1	
7349	12875930	0	0	0	0	1	128	0	0	0	0	0	0	0	0	0	0	1	
7350	12875963	0	0	0	0	1	128	0	0	0	0	0	0	0	0	0	0	1	
7351	12875997	0	0	0	0	1	128	0	0	0	0	0	0	0	0	0	0	1	
7352	12876030	0	0	0	0	1	128	0	1	382	380	39	43	1650	0	0	0	1	
7353	12876063	0	0	0	0	1	128	0	1	384	386	45	48	2157	0	0	0	1	
7354	12876097	0	0	0	0	1	128	0	1	384	386	45	49	2219	0	0	0	1	
7355	12876130	0	0	0	0	1	128	0	1	382	386	45	49	2202	0	0	0	1	
7356	12876163	0	0	0	0	1	128	0	1	382	386	45	49	2200	0	0	0	1	
7357	12876197	0	0	0	0	1	128	0	1	390	386	45	48	2188	0	0	0	1	
7358	12876230	0	0	0	0	1	128	0	1	428	396	47	49	2316	0	0	0	1	
7359	12876264	0	0	0	0	1	128	0	1	444	400	48	49	2380	0	0	0	1	
7360	12876297	0	0	0	0	1	128	0	1	444	400	48	49	2385	0	0	0	1	
7361	12876330	0	0	0	0	1	128	0	1	444	400	48	50	2395	0	0	0	1	
7362	12876364	0	0	0	0	1	128	0	1	444	400	49	50	2418	0	0	0	1	
7363	12876397	0	0	0	0	1	128	0	1	444	400	49	50	2434	0	0	0	1	
7364	12876430	0	0	0	0	1	128	0	1	442	400	49	50	2425	0	0	0	1	
7365	12876464	0	0	0	0	1	128	0	1	420	392	38	51	1959	0	0	0	1	
7366	12876497	0	0	0	0	1	128	0	0	0	0	0	0	0	0	0	0	1	
7367	12876530	0	0	0	0	1	128	0	0	0	0	0	0	0	0	0	0	1	
7368	12876564	0	0	0	0	1	128	0	1	376	370	30	40	1200	0	0	0	1	
7369	12876597	0	0	0	0	1	128	0	1	382	386	45	48	2188	0	0	0	1	
7370	12876631	0	0	0	0	1	128	0	1	382	386	45	49	2214	0	0	0	1	
7371	12876664	0	0	0	0	1	128	0	1	380	384	45	49	2218	0	0	0	1	
7372	12876697	0	0	0	0	1	128	0	1	380	384	45	49	2208	0	0	0	1	
