Version	1.08	gmtime	1440675019
index	timestamp	eyeroihoriz	eyeroivert	eyeroizoomx	eyeroizoomy	blendmode	blendfactor	onlinecalib	eye_valid	eye_x	eye_y	eye_w	eye_h	eye_a	field_x	field_y	displaymode	displayeyedetection	event
6801	10521399	0	0	0	0	1	128	0	1	394	254	59	62	3695	0	0	0	1	
6802	10521432	0	0	0	0	1	128	0	1	394	254	60	63	3767	0	0	0	1	
6803	10521466	0	0	0	0	1	128	0	1	394	254	60	63	3809	0	0	0	1	
6804	10521499	0	0	0	0	1	128	0	1	394	254	60	64	3840	0	0	0	1	
6805	10521532	0	0	0	0	1	128	0	1	394	254	61	64	3860	0	0	0	1	
6806	10521566	0	0	0	0	1	128	0	1	394	254	61	64	3849	0	0	0	1	
6807	10521599	0	0	0	0	1	128	0	1	394	254	60	63	3827	0	0	0	1	
6808	10521632	0	0	0	0	1	128	0	1	394	254	60	63	3803	0	0	0	1	
6809	10521666	0	0	0	0	1	128	0	1	394	252	60	63	3793	0	0	0	1	
6810	10521699	0	0	0	0	1	128	0	1	394	252	60	63	3783	0	0	0	1	
6811	10521733	0	0	0	0	1	128	0	1	396	252	60	63	3765	0	0	0	1	
6812	10521766	0	0	0	0	1	128	0	1	396	252	60	63	3762	0	0	0	1	
6813	10521799	0	0	0	0	1	128	0	1	396	252	60	63	3755	0	0	0	1	
6814	10521833	0	0	0	0	1	128	0	1	396	252	60	63	3733	0	0	0	1	
6815	10521866	0	0	0	0	1	128	0	1	394	252	59	63	3724	0	0	0	1	
6816	10521899	0	0	0	0	1	128	0	1	394	252	60	62	3724	0	0	0	1	
6817	10521933	0	0	0	0	1	128	0	1	394	252	60	62	3705	0	0	0	1	
6818	10521966	0	0	0	0	1	128	0	1	394	252	59	62	3700	0	0	0	1	
6819	10521999	0	0	0	0	1	128	0	1	404	248	58	62	3636	0	0	0	1	
6820	10522033	0	0	0	0	1	128	0	1	404	248	58	62	3626	0	0	0	1	
6821	10522066	0	0	0	0	1	128	0	1	404	248	58	62	3616	0	0	0	1	
6822	10522100	0	0	0	0	1	128	0	1	404	248	58	62	3607	0	0	0	1	
6823	10522133	0	0	0	0	1	128	0	1	406	248	58	62	3600	0	0	0	1	
6824	10522166	0	0	0	0	1	128	0	1	404	248	58	62	3594	0	0	0	1	
6825	10522200	0	0	0	0	1	128	0	1	404	248	58	62	3595	0	0	0	1	
6826	10522233	0	0	0	0	1	128	0	1	408	248	58	62	3572	0	0	0	1	
6827	10522266	0	0	0	0	1	128	0	1	408	248	58	62	3559	0	0	0	1	
6828	10522300	0	0	0	0	1	128	0	1	408	248	58	61	3546	0	0	0	1	
6829	10522333	0	0	0	0	1	128	0	1	408	248	58	61	3541	0	0	0	1	
6830	10522367	0	0	0	0	1	128	0	1	408	246	58	61	3530	0	0	0	1	
6831	10522400	0	0	0	0	1	128	0	1	408	246	58	61	3539	0	0	0	1	
6832	10522433	0	0	0	0	1	128	0	1	408	246	58	61	3529	0	0	0	1	
6833	10522467	0	0	0	0	1	128	0	1	408	246	58	61	3514	0	0	0	1	
6834	10522500	0	0	0	0	1	128	0	1	406	246	57	61	3503	0	0	0	1	
6835	10522533	0	0	0	0	1	128	0	1	404	248	58	61	3521	0	0	0	1	
6836	10522567	0	0	0	0	1	128	0	1	404	248	58	61	3514	0	0	0	1	
6837	10522600	0	0	0	0	1	128	0	1	402	248	57	61	3493	0	0	0	1	
6838	10522633	0	0	0	0	1	128	0	1	390	252	58	61	3554	0	0	0	1	
6839	10522667	0	0	0	0	1	128	0	1	390	252	59	61	3563	0	0	0	1	
6840	10522700	0	0	0	0	1	128	0	1	390	252	59	61	3567	0	0	0	1	
6841	10522734	0	0	0	0	1	128	0	1	388	252	59	61	3577	0	0	0	1	
6842	10522767	0	0	0	0	1	128	0	1	388	250	59	61	3581	0	0	0	1	
6843	10522800	0	0	0	0	1	128	0	1	388	250	59	61	3578	0	0	0	1	
6844	10522834	0	0	0	0	1	128	0	1	388	250	59	61	3574	0	0	0	1	
6845	10522867	0	0	0	0	1	128	0	1	386	248	59	61	3566	0	0	0	1	
6846	10522900	0	0	0	0	1	128	0	1	386	248	59	60	3547	0	0	0	1	
6847	10522934	0	0	0	0	1	128	0	1	386	248	58	60	3538	0	0	0	1	
6848	10522967	0	0	0	0	1	128	0	1	386	250	58	60	3475	0	0	0	1	
6849	10523001	0	0	0	0	1	128	0	0	0	0	0	0	0	0	0	0	1	
6850	10523034	0	0	0	0	1	128	0	0	0	0	0	0	0	0	0	0	1	
6851	10523067	0	0	0	0	1	128	0	0	0	0	0	0	0	0	0	0	1	
6852	10523101	0	0	0	0	1	128	0	0	0	0	0	0	0	0	0	0	1	
6853	10523134	0	0	0	0	1	128	0	0	0	0	0	0	0	0	0	0	1	
6854	10523167	0	0	0	0	1	128	0	1	396	246	39	54	2104	0	0	0	1	
6855	10523201	0	0	0	0	1	128	0	1	386	260	58	59	3416	0	0	0	1	
6856	10523234	0	0	0	0	1	128	0	1	386	258	57	58	3321	0	0	0	1	
6857	10523268	0	0	0	0	1	128	0	1	386	258	57	58	3316	0	0	0	1	
6858	10523301	0	0	0	0	1	128	0	1	388	258	57	59	3413	0	0	0	1	
6859	10523334	0	0	0	0	1	128	0	1	388	258	58	59	3418	0	0	0	1	
6860	10523368	0	0	0	0	1	128	0	1	388	256	58	59	3428	0	0	0	1	
6861	10523401	0	0	0	0	1	128	0	1	388	256	58	60	3470	0	0	0	1	
6862	10523434	0	0	0	0	1	128	0	1	388	256	59	60	3498	0	0	0	1	
6863	10523468	0	0	0	0	1	128	0	1	388	256	59	60	3542	0	0	0	1	
6864	10523501	0	0	0	0	1	128	0	1	388	256	59	60	3551	0	0	0	1	
6865	10523534	0	0	0	0	1	128	0	1	388	254	59	60	3534	0	0	0	1	
6866	10523568	0	0	0	0	1	128	0	1	388	254	59	60	3499	0	0	0	1	
6867	10523601	0	0	0	0	1	128	0	1	392	274	53	58	3114	0	0	0	1	
6868	10523635	0	0	0	0	1	128	0	1	378	316	52	66	3439	0	0	0	1	
6869	10523668	0	0	0	0	1	128	0	1	348	322	52	58	3011	0	0	0	1	
6870	10523701	0	0	0	0	1	128	0	1	346	322	52	58	3007	0	0	0	1	
6871	10523735	0	0	0	0	1	128	0	1	346	322	51	58	2992	0	0	0	1	
6872	10523768	0	0	0	0	1	128	0	1	346	322	51	58	2992	0	0	0	1	
6873	10523801	0	0	0	0	1	128	0	1	328	328	50	58	2931	0	0	0	1	
6874	10523835	0	0	0	0	1	128	0	1	326	328	51	58	2988	0	0	0	1	
6875	10523868	0	0	0	0	1	128	0	1	326	330	51	58	3002	0	0	0	1	
6876	10523902	0	0	0	0	1	128	0	1	326	330	52	58	3019	0	0	0	1	
6877	10523935	0	0	0	0	1	128	0	1	326	330	52	58	3024	0	0	0	1	
6878	10523968	0	0	0	0	1	128	0	1	326	330	52	59	3030	0	0	0	1	
6879	10524002	0	0	0	0	1	128	0	1	326	330	52	58	3030	0	0	0	1	
6880	10524035	0	0	0	0	1	128	0	1	326	330	52	58	3024	0	0	0	1	
6881	10524068	0	0	0	0	1	128	0	1	326	330	52	58	3018	0	0	0	1	
6882	10524102	0	0	0	0	1	128	0	1	326	330	52	58	3005	0	0	0	1	
6883	10524135	0	0	0	0	1	128	0	1	330	328	52	58	3006	0	0	0	1	
6884	10524168	0	0	0	0	1	128	0	1	332	328	52	58	2984	0	0	0	1	
6885	10524202	0	0	0	0	1	128	0	0	0	0	0	0	0	0	0	0	1	
6886	10524235	0	0	0	0	1	128	0	1	468	240	128	238	30295	0	0	0	1	
6887	10524269	0	0	0	0	1	128	0	1	476	290	43	56	2423	0	0	0	1	
6888	10524302	0	0	0	0	1	128	0	1	478	290	43	56	2381	0	0	0	1	
6889	10524335	0	0	0	0	1	128	0	1	478	290	43	56	2386	0	0	0	1	
6890	10524369	0	0	0	0	1	128	0	1	478	290	43	56	2376	0	0	0	1	
6891	10524402	0	0	0	0	1	128	0	1	478	290	43	56	2384	0	0	0	1	
6892	10524435	0	0	0	0	1	128	0	1	478	290	43	56	2389	0	0	0	1	
6893	10524469	0	0	0	0	1	128	0	1	474	288	44	56	2435	0	0	0	1	
6894	10524502	0	0	0	0	1	128	0	1	474	288	44	56	2449	0	0	0	1	
6895	10524536	0	0	0	0	1	128	0	1	474	288	44	56	2470	0	0	0	1	
6896	10524569	0	0	0	0	1	128	0	1	474	288	44	56	2500	0	0	0	1	
6897	10524602	0	0	0	0	1	128	0	1	474	288	45	57	2552	0	0	0	1	
6898	10524636	0	0	0	0	1	128	0	1	474	286	45	57	2594	0	0	0	1	
6899	10524669	0	0	0	0	1	128	0	0	0	0	0	0	0	0	0	0	1	
6900	10524702	0	0	0	0	1	128	0	1	454	180	51	60	3071	0	0	0	1	
6901	10524736	0	0	0	0	1	128	0	1	438	166	53	61	3228	0	0	0	1	
6902	10524769	0	0	0	0	1	128	0	1	436	168	53	61	3261	0	0	0	1	
6903	10524802	0	0	0	0	1	128	0	1	436	168	53	62	3293	0	0	0	1	
6904	10524836	0	0	0	0	1	128	0	1	436	168	54	61	3313	0	0	0	1	
6905	10524869	0	0	0	0	1	128	0	1	446	172	53	61	3241	0	0	0	1	
6906	10524903	0	0	0	0	1	128	0	1	446	172	53	61	3270	0	0	0	1	
6907	10524936	0	0	0	0	1	128	0	1	444	172	53	61	3263	0	0	0	1	
6908	10524969	0	0	0	0	1	128	0	1	444	172	53	61	3263	0	0	0	1	
6909	10525003	0	0	0	0	1	128	0	1	444	172	53	62	3265	0	0	0	1	
6910	10525036	0	0	0	0	1	128	0	1	446	172	53	62	3257	0	0	0	1	
6911	10525069	0	0	0	0	1	128	0	1	446	172	53	62	3253	0	0	0	1	
6912	10525103	0	0	0	0	1	128	0	1	444	172	53	62	3255	0	0	0	1	
6913	10525136	0	0	0	0	1	128	0	1	444	172	53	62	3264	0	0	0	1	
6914	10525169	0	0	0	0	1	128	0	1	444	172	53	62	3278	0	0	0	1	
6915	10525203	0	0	0	0	1	128	0	1	444	172	53	62	3293	0	0	0	1	
6916	10525236	0	0	0	0	1	128	0	1	444	172	53	62	3319	0	0	0	1	
6917	10525270	0	0	0	0	1	128	0	1	444	172	53	63	3341	0	0	0	1	
6918	10525303	0	0	0	0	1	128	0	1	444	172	53	63	3360	0	0	0	1	
6919	10525336	0	0	0	0	1	128	0	1	444	172	53	63	3373	0	0	0	1	
6920	10525370	0	0	0	0	1	128	0	0	0	0	0	0	0	0	0	0	1	
6921	10525403	0	0	0	0	1	128	0	0	0	0	0	0	0	0	0	0	1	
6922	10525436	0	0	0	0	1	128	0	1	328	306	54	60	3268	0	0	0	1	
6923	10525470	0	0	0	0	1	128	0	1	326	312	56	61	3390	0	0	0	1	
6924	10525503	0	0	0	0	1	128	0	1	326	312	55	61	3383	0	0	0	1	
6925	10525537	0	0	0	0	1	128	0	1	324	312	56	61	3405	0	0	0	1	
6926	10525570	0	0	0	0	1	128	0	1	324	314	56	61	3419	0	0	0	1	
6927	10525603	0	0	0	0	1	128	0	1	328	326	53	60	3217	0	0	0	1	
6928	10525637	0	0	0	0	1	128	0	1	328	328	54	60	3228	0	0	0	1	
6929	10525670	0	0	0	0	1	128	0	1	328	330	53	60	3217	0	0	0	1	
6930	10525703	0	0	0	0	1	128	0	1	328	330	53	60	3195	0	0	0	1	
6931	10525737	0	0	0	0	1	128	0	1	328	330	53	60	3178	0	0	0	1	
6932	10525770	0	0	0	0	1	128	0	1	328	330	53	60	3161	0	0	0	1	
6933	10525804	0	0	0	0	1	128	0	1	328	332	53	59	3118	0	0	0	1	
6934	10525837	0	0	0	0	1	128	0	1	328	332	53	59	3112	0	0	0	1	
6935	10525870	0	0	0	0	1	128	0	1	328	332	53	59	3094	0	0	0	1	
6936	10525904	0	0	0	0	1	128	0	1	332	330	53	59	3113	0	0	0	1	
6937	10525937	0	0	0	0	1	128	0	1	332	330	53	59	3106	0	0	0	1	
6938	10525970	0	0	0	0	1	128	0	0	0	0	0	0	0	0	0	0	1	
6939	10526004	0	0	0	0	1	128	0	1	148	468	46	79	3626	0	0	0	1	
6940	10526037	0	0	0	0	1	128	0	1	472	292	45	58	2609	0	0	0	1	
6941	10526070	0	0	0	0	1	128	0	1	472	292	45	58	2586	0	0	0	1	
6942	10526104	0	0	0	0	1	128	0	1	472	292	45	58	2593	0	0	0	1	
6943	10526137	0	0	0	0	1	128	0	1	474	292	45	58	2592	0	0	0	1	
6944	10526170	0	0	0	0	1	128	0	1	474	292	44	58	2567	0	0	0	1	
6945	10526204	0	0	0	0	1	128	0	1	474	292	44	57	2557	0	0	0	1	
6946	10526237	0	0	0	0	1	128	0	1	478	288	44	57	2515	0	0	0	1	
6947	10526271	0	0	0	0	1	128	0	1	478	288	44	57	2525	0	0	0	1	
6948	10526304	0	0	0	0	1	128	0	1	478	288	44	57	2533	0	0	0	1	
6949	10526337	0	0	0	0	1	128	0	1	478	288	44	57	2541	0	0	0	1	
6950	10526371	0	0	0	0	1	128	0	1	478	288	45	58	2570	0	0	0	1	
6951	10526404	0	0	0	0	1	128	0	1	476	288	45	58	2593	0	0	0	1	
6952	10526437	0	0	0	0	1	128	0	1	476	288	45	58	2628	0	0	0	1	
6953	10526471	0	0	0	0	1	128	0	1	476	288	45	58	2648	0	0	0	1	
6954	10526504	0	0	0	0	1	128	0	1	476	288	46	59	2675	0	0	0	1	
6955	10526538	0	0	0	0	1	128	0	1	476	286	46	59	2706	0	0	0	1	
6956	10526571	0	0	0	0	1	128	0	1	476	288	46	59	2715	0	0	0	1	
6957	10526604	0	0	0	0	1	128	0	1	474	288	46	59	2722	0	0	0	1	
6958	10526638	0	0	0	0	1	128	0	1	474	288	46	59	2726	0	0	0	1	
6959	10526671	0	0	0	0	1	128	0	1	428	280	58	65	3809	0	0	0	1	
6960	10526704	0	0	0	0	1	128	0	1	384	278	49	59	2862	0	0	0	1	
6961	10526738	0	0	0	0	1	128	0	1	332	238	56	61	3421	0	0	0	1	
6962	10526771	0	0	0	0	1	128	0	1	310	214	59	63	3721	0	0	0	1	
6963	10526804	0	0	0	0	1	128	0	1	310	206	59	63	3710	0	0	0	1	
6964	10526838	0	0	0	0	1	128	0	1	308	206	59	63	3707	0	0	0	1	
6965	10526871	0	0	0	0	1	128	0	1	306	206	59	63	3724	0	0	0	1	
6966	10526905	0	0	0	0	1	128	0	1	306	206	60	63	3729	0	0	0	1	
6967	10526938	0	0	0	0	1	128	0	1	304	206	60	63	3733	0	0	0	1	
6968	10526971	0	0	0	0	1	128	0	1	298	200	59	62	3700	0	0	0	1	
6969	10527005	0	0	0	0	1	128	0	1	296	200	59	62	3697	0	0	0	1	
6970	10527038	0	0	0	0	1	128	0	1	296	200	59	62	3671	0	0	0	1	
6971	10527071	0	0	0	0	1	128	0	1	296	200	59	62	3644	0	0	0	1	
6972	10527105	0	0	0	0	1	128	0	1	296	200	59	62	3628	0	0	0	1	
6973	10527138	0	0	0	0	1	128	0	1	296	200	59	62	3609	0	0	0	1	
6974	10527172	0	0	0	0	1	128	0	1	296	200	59	61	3585	0	0	0	1	
6975	10527205	0	0	0	0	1	128	0	1	296	200	58	61	3571	0	0	0	1	
6976	10527238	0	0	0	0	1	128	0	1	296	200	58	61	3563	0	0	0	1	
6977	10527272	0	0	0	0	1	128	0	1	296	200	58	61	3546	0	0	0	1	
6978	10527305	0	0	0	0	1	128	0	1	296	200	58	61	3513	0	0	0	1	
6979	10527338	0	0	0	0	1	128	0	1	296	200	58	60	3474	0	0	0	1	
6980	10527372	0	0	0	0	1	128	0	0	0	0	0	0	0	0	0	0	1	
6981	10527405	0	0	0	0	1	128	0	1	314	294	52	64	3358	0	0	0	1	
6982	10527438	0	0	0	0	1	128	0	1	332	322	50	56	2822	0	0	0	1	
6983	10527472	0	0	0	0	1	128	0	1	332	324	51	56	2874	0	0	0	1	
6984	10527505	0	0	0	0	1	128	0	1	332	326	51	57	2864	0	0	0	1	
6985	10527539	0	0	0	0	1	128	0	1	332	326	51	56	2860	0	0	0	1	
6986	10527572	0	0	0	0	1	128	0	1	332	326	51	57	2862	0	0	0	1	
6987	10527605	0	0	0	0	1	128	0	1	332	326	51	56	2858	0	0	0	1	
6988	10527639	0	0	0	0	1	128	0	1	328	332	49	56	2781	0	0	0	1	
6989	10527672	0	0	0	0	1	128	0	1	328	332	50	56	2787	0	0	0	1	
6990	10527705	0	0	0	0	1	128	0	1	328	332	50	56	2789	0	0	0	1	
6991	10527739	0	0	0	0	1	128	0	1	328	332	50	56	2792	0	0	0	1	
6992	10527772	0	0	0	0	1	128	0	1	328	332	50	56	2802	0	0	0	1	
6993	10527806	0	0	0	0	1	128	0	1	328	332	50	56	2822	0	0	0	1	
6994	10527839	0	0	0	0	1	128	0	1	328	332	50	57	2832	0	0	0	1	
6995	10527872	0	0	0	0	1	128	0	1	328	332	50	57	2847	0	0	0	1	
6996	10527906	0	0	0	0	1	128	0	1	328	332	50	57	2863	0	0	0	1	
6997	10527939	0	0	0	0	1	128	0	1	328	332	51	57	2870	0	0	0	1	
6998	10527972	0	0	0	0	1	128	0	1	328	332	51	57	2873	0	0	0	1	
6999	10528006	0	0	0	0	1	128	0	1	328	332	51	57	2877	0	0	0	1	
7000	10528039	0	0	0	0	1	128	0	1	330	332	51	57	2875	0	0	0	1	
7001	10528072	0	0	0	0	1	128	0	0	0	0	0	0	0	0	0	0	1	
7002	10528106	0	0	0	0	1	128	0	1	464	296	44	55	2398	0	0	0	1	
7003	10528139	0	0	0	0	1	128	0	1	470	292	44	56	2441	0	0	0	1	
7004	10528173	0	0	0	0	1	128	0	1	470	292	44	56	2425	0	0	0	1	
7005	10528206	0	0	0	0	1	128	0	1	472	292	43	55	2408	0	0	0	1	
7006	10528239	0	0	0	0	1	128	0	1	472	292	43	55	2395	0	0	0	1	
7007	10528273	0	0	0	0	1	128	0	1	472	292	44	55	2411	0	0	0	1	
7008	10528306	0	0	0	0	1	128	0	1	480	286	43	55	2366	0	0	0	1	
7009	10528339	0	0	0	0	1	128	0	1	478	288	43	55	2379	0	0	0	1	
7010	10528373	0	0	0	0	1	128	0	1	478	288	43	55	2400	0	0	0	1	
7011	10528406	0	0	0	0	1	128	0	1	478	288	43	56	2414	0	0	0	1	
7012	10528440	0	0	0	0	1	128	0	1	478	288	44	56	2431	0	0	0	1	
7013	10528473	0	0	0	0	1	128	0	1	476	286	44	56	2441	0	0	0	1	
7014	10528506	0	0	0	0	1	128	0	1	434	264	52	57	2951	0	0	0	1	
7015	10528540	0	0	0	0	1	128	0	1	432	264	52	57	2948	0	0	0	1	
7016	10528573	0	0	0	0	1	128	0	1	430	266	52	57	2971	0	0	0	1	
7017	10528606	0	0	0	0	1	128	0	1	428	266	52	57	3003	0	0	0	1	
7018	10528640	0	0	0	0	1	128	0	1	424	260	53	62	3239	0	0	0	1	
7019	10528673	0	0	0	0	1	128	0	1	398	242	56	58	3262	0	0	0	1	
7020	10528707	0	0	0	0	1	128	0	1	396	244	56	59	3299	0	0	0	1	
7021	10528740	0	0	0	0	1	128	0	1	394	244	57	59	3340	0	0	0	1	
7022	10528773	0	0	0	0	1	128	0	1	394	244	57	59	3355	0	0	0	1	
7023	10528807	0	0	0	0	1	128	0	1	394	244	57	59	3392	0	0	0	1	
7024	10528840	0	0	0	0	1	128	0	1	394	244	58	59	3417	0	0	0	1	
7025	10528873	0	0	0	0	1	128	0	1	394	244	58	59	3443	0	0	0	1	
7026	10528907	0	0	0	0	1	128	0	1	394	244	58	60	3455	0	0	0	1	
7027	10528940	0	0	0	0	1	128	0	1	392	248	58	59	3455	0	0	0	1	
7028	10528973	0	0	0	0	1	128	0	1	392	248	58	59	3438	0	0	0	1	
7029	10529007	0	0	0	0	1	128	0	1	394	248	57	59	3392	0	0	0	1	
7030	10529040	0	0	0	0	1	128	0	1	394	248	57	59	3376	0	0	0	1	
7031	10529074	0	0	0	0	1	128	0	1	394	248	57	59	3345	0	0	0	1	
7032	10529107	0	0	0	0	1	128	0	1	394	248	57	59	3324	0	0	0	1	
7033	10529140	0	0	0	0	1	128	0	1	394	248	56	59	3292	0	0	0	1	
7034	10529174	0	0	0	0	1	128	0	1	394	248	56	58	3277	0	0	0	1	
7035	10529207	0	0	0	0	1	128	0	1	394	248	56	58	3264	0	0	0	1	
7036	10529240	0	0	0	0	1	128	0	1	394	248	56	58	3258	0	0	0	1	
7037	10529274	0	0	0	0	1	128	0	1	394	248	56	58	3253	0	0	0	1	
7038	10529307	0	0	0	0	1	128	0	1	394	248	56	58	3241	0	0	0	1	
7039	10529341	0	0	0	0	1	128	0	1	394	248	56	58	3233	0	0	0	1	
7040	10529374	0	0	0	0	1	128	0	1	394	248	56	58	3215	0	0	0	1	
7041	10529407	0	0	0	0	1	128	0	1	394	248	55	58	3202	0	0	0	1	
7042	10529441	0	0	0	0	1	128	0	1	394	248	55	58	3176	0	0	0	1	
7043	10529474	0	0	0	0	1	128	0	1	394	248	55	57	3164	0	0	0	1	
7044	10529507	0	0	0	0	1	128	0	1	394	248	55	57	3148	0	0	0	1	
7045	10529541	0	0	0	0	1	128	0	1	394	248	55	57	3132	0	0	0	1	
7046	10529574	0	0	0	0	1	128	0	1	394	248	55	57	3130	0	0	0	1	
7047	10529607	0	0	0	0	1	128	0	1	396	248	54	57	3111	0	0	0	1	
7048	10529641	0	0	0	0	1	128	0	1	396	248	54	57	3108	0	0	0	1	
7049	10529674	0	0	0	0	1	128	0	1	396	248	54	57	3101	0	0	0	1	
7050	10529708	0	0	0	0	1	128	0	1	396	248	54	57	3097	0	0	0	1	
7051	10529741	0	0	0	0	1	128	0	1	396	248	54	57	3095	0	0	0	1	
7052	10529774	0	0	0	0	1	128	0	1	396	248	54	57	3101	0	0	0	1	
7053	10529808	0	0	0	0	1	128	0	1	396	248	54	57	3094	0	0	0	1	
7054	10529841	0	0	0	0	1	128	0	1	396	248	54	57	3097	0	0	0	1	
7055	10529874	0	0	0	0	1	128	0	1	396	246	54	57	3092	0	0	0	1	
7056	10529908	0	0	0	0	1	128	0	1	396	248	54	57	3083	0	0	0	1	
7057	10529941	0	0	0	0	1	128	0	1	394	248	54	57	3084	0	0	0	1	
7058	10529975	0	0	0	0	1	128	0	1	394	248	54	57	3090	0	0	0	1	
7059	10530008	0	0	0	0	1	128	0	1	394	248	54	57	3083	0	0	0	1	
7060	10530041	0	0	0	0	1	128	0	1	394	248	54	57	3078	0	0	0	1	
7061	10530075	0	0	0	0	1	128	0	1	394	248	54	57	3076	0	0	0	1	
7062	10530108	0	0	0	0	1	128	0	1	394	248	54	57	3056	0	0	0	1	
7063	10530141	0	0	0	0	1	128	0	1	394	248	54	57	3055	0	0	0	1	
7064	10530175	0	0	0	0	1	128	0	1	394	248	54	57	3044	0	0	0	1	
7065	10530208	0	0	0	0	1	128	0	1	394	248	54	56	3037	0	0	0	1	
7066	10530241	0	0	0	0	1	128	0	1	394	248	54	56	3026	0	0	0	1	
7067	10530275	0	0	0	0	1	128	0	1	394	246	54	56	3020	0	0	0	1	
7068	10530308	0	0	0	0	1	128	0	1	394	248	54	56	3007	0	0	0	1	
7069	10530342	0	0	0	0	1	128	0	1	394	248	53	56	2987	0	0	0	1	
7070	10530375	0	0	0	0	1	128	0	1	394	248	53	56	2987	0	0	0	1	
7071	10530408	0	0	0	0	1	128	0	1	394	248	53	56	2978	0	0	0	1	
7072	10530442	0	0	0	0	1	128	0	1	394	248	53	56	2972	0	0	0	1	
7073	10530475	0	0	0	0	1	128	0	1	394	248	53	56	2963	0	0	0	1	
7074	10530508	0	0	0	0	1	128	0	1	406	246	53	58	3064	0	0	0	1	
7075	10530542	0	0	0	0	1	128	0	1	442	248	49	55	2652	0	0	0	1	
7076	10530575	0	0	0	0	1	128	0	1	442	248	49	55	2666	0	0	0	1	
7077	10530609	0	0	0	0	1	128	0	1	440	248	49	54	2657	0	0	0	1	
7078	10530642	0	0	0	0	1	128	0	1	440	248	49	55	2648	0	0	0	1	
7079	10530675	0	0	0	0	1	128	0	1	448	250	48	54	2575	0	0	0	1	
7080	10530709	0	0	0	0	1	128	0	1	448	250	48	54	2602	0	0	0	1	
7081	10530742	0	0	0	0	1	128	0	1	448	252	48	55	2614	0	0	0	1	
7082	10530775	0	0	0	0	1	128	0	1	448	250	48	55	2634	0	0	0	1	
7083	10530809	0	0	0	0	1	128	0	1	448	250	48	55	2664	0	0	0	1	
7084	10530842	0	0	0	0	1	128	0	1	448	250	49	55	2691	0	0	0	1	
7085	10530875	0	0	0	0	1	128	0	1	448	250	49	56	2739	0	0	0	1	
7086	10530909	0	0	0	0	1	128	0	1	448	250	49	56	2778	0	0	0	1	
7087	10530942	0	0	0	0	1	128	0	1	448	250	50	57	2812	0	0	0	1	
7088	10530976	0	0	0	0	1	128	0	1	448	250	50	57	2848	0	0	0	1	
7089	10531009	0	0	0	0	1	128	0	1	448	250	50	57	2879	0	0	0	1	
7090	10531042	0	0	0	0	1	128	0	1	446	250	50	57	2893	0	0	0	1	
7091	10531076	0	0	0	0	1	128	0	1	446	250	51	57	2895	0	0	0	1	
7092	10531109	0	0	0	0	1	128	0	1	446	250	51	57	2897	0	0	0	1	
7093	10531142	0	0	0	0	1	128	0	1	446	250	51	57	2892	0	0	0	1	
7094	10531176	0	0	0	0	1	128	0	1	446	250	51	57	2882	0	0	0	1	
7095	10531209	0	0	0	0	1	128	0	1	444	274	53	56	2959	0	0	0	1	
7096	10531243	0	0	0	0	1	128	0	1	440	278	49	56	2770	0	0	0	1	
7097	10531276	0	0	0	0	1	128	0	1	440	280	49	56	2771	0	0	0	1	
7098	10531309	0	0	0	0	1	128	0	1	440	280	49	56	2772	0	0	0	1	
7099	10531343	0	0	0	0	1	128	0	1	440	280	49	56	2751	0	0	0	1	
7100	10531376	0	0	0	0	1	128	0	1	444	282	49	56	2706	0	0	0	1	
7101	10531409	0	0	0	0	1	128	0	1	444	280	49	56	2698	0	0	0	1	
7102	10531443	0	0	0	0	1	128	0	1	444	280	49	56	2701	0	0	0	1	
7103	10531476	0	0	0	0	1	128	0	1	444	280	49	56	2712	0	0	0	1	
7104	10531509	0	0	0	0	1	128	0	1	444	282	49	56	2732	0	0	0	1	
7105	10531543	0	0	0	0	1	128	0	1	444	282	49	56	2758	0	0	0	1	
7106	10531576	0	0	0	0	1	128	0	1	444	282	49	56	2782	0	0	0	1	
7107	10531609	0	0	0	0	1	128	0	1	444	282	50	57	2809	0	0	0	1	
7108	10531643	0	0	0	0	1	128	0	1	444	282	50	57	2834	0	0	0	1	
7109	10531676	0	0	0	0	1	128	0	1	444	282	50	57	2881	0	0	0	1	
7110	10531710	0	0	0	0	1	128	0	1	444	282	51	58	2918	0	0	0	1	
7111	10531743	0	0	0	0	1	128	0	1	444	280	51	58	2952	0	0	0	1	
7112	10531776	0	0	0	0	1	128	0	1	442	280	51	58	2994	0	0	0	1	
7113	10531810	0	0	0	0	1	128	0	1	442	280	52	59	3035	0	0	0	1	
7114	10531843	0	0	0	0	1	128	0	1	442	282	52	59	3067	0	0	0	1	
7115	10531876	0	0	0	0	1	128	0	1	442	280	52	60	3093	0	0	0	1	
7116	10531910	0	0	0	0	1	128	0	1	442	280	52	60	3104	0	0	0	1	
7117	10531943	0	0	0	0	1	128	0	1	450	254	55	69	3776	0	0	0	1	
7118	10531977	0	0	0	0	1	128	0	1	458	252	52	60	3139	0	0	0	1	
7119	10532010	0	0	0	0	1	128	0	1	458	252	52	60	3154	0	0	0	1	
7120	10532043	0	0	0	0	1	128	0	1	458	252	52	60	3164	0	0	0	1	
7121	10532077	0	0	0	0	1	128	0	1	458	252	52	60	3162	0	0	0	1	
7122	10532110	0	0	0	0	1	128	0	1	458	252	52	61	3171	0	0	0	1	
7123	10532143	0	0	0	0	1	128	0	1	458	252	52	61	3179	0	0	0	1	
7124	10532177	0	0	0	0	1	128	0	1	458	252	52	61	3185	0	0	0	1	
7125	10532210	0	0	0	0	1	128	0	1	458	252	53	61	3194	0	0	0	1	
7126	10532243	0	0	0	0	1	128	0	1	458	254	53	61	3191	0	0	0	1	
7127	10532277	0	0	0	0	1	128	0	1	458	254	53	61	3199	0	0	0	1	
7128	10532310	0	0	0	0	1	128	0	1	458	254	53	61	3188	0	0	0	1	
7129	10532344	0	0	0	0	1	128	0	1	458	254	53	61	3181	0	0	0	1	
7130	10532377	0	0	0	0	1	128	0	1	458	256	52	60	3163	0	0	0	1	
7131	10532410	0	0	0	0	1	128	0	1	458	256	52	60	3141	0	0	0	1	
7132	10532444	0	0	0	0	1	128	0	1	458	256	52	60	3112	0	0	0	1	
7133	10532477	0	0	0	0	1	128	0	1	458	256	52	60	3096	0	0	0	1	
7134	10532510	0	0	0	0	1	128	0	1	458	256	52	60	3074	0	0	0	1	
7135	10532544	0	0	0	0	1	128	0	1	458	256	51	60	3062	0	0	0	1	
7136	10532577	0	0	0	0	1	128	0	1	458	256	51	59	3055	0	0	0	1	
7137	10532611	0	0	0	0	1	128	0	1	458	254	51	60	3060	0	0	0	1	
7138	10532644	0	0	0	0	1	128	0	1	458	256	51	60	3067	0	0	0	1	
7139	10532677	0	0	0	0	1	128	0	1	444	260	43	55	2383	0	0	0	1	
7140	10532711	0	0	0	0	1	128	0	1	408	254	56	60	3409	0	0	0	1	
7141	10532744	0	0	0	0	1	128	0	1	408	254	57	60	3425	0	0	0	1	
7142	10532777	0	0	0	0	1	128	0	1	408	254	57	61	3452	0	0	0	1	
7143	10532811	0	0	0	0	1	128	0	1	408	254	57	61	3470	0	0	0	1	
7144	10532844	0	0	0	0	1	128	0	1	408	254	57	61	3479	0	0	0	1	
7145	10532877	0	0	0	0	1	128	0	1	408	254	57	61	3494	0	0	0	1	
7146	10532911	0	0	0	0	1	128	0	1	406	256	57	60	3461	0	0	0	1	
7147	10532944	0	0	0	0	1	128	0	1	406	256	57	61	3470	0	0	0	1	
7148	10532978	0	0	0	0	1	128	0	1	406	256	57	61	3468	0	0	0	1	
7149	10533011	0	0	0	0	1	128	0	1	406	256	57	60	3457	0	0	0	1	
7150	10533044	0	0	0	0	1	128	0	1	406	256	57	60	3440	0	0	0	1	
7151	10533078	0	0	0	0	1	128	0	1	406	256	57	60	3416	0	0	0	1	
7152	10533111	0	0	0	0	1	128	0	1	406	256	57	60	3383	0	0	0	1	
7153	10533144	0	0	0	0	1	128	0	1	406	256	56	59	3339	0	0	0	1	
7154	10533178	0	0	0	0	1	128	0	1	406	258	56	59	3317	0	0	0	1	
7155	10533211	0	0	0	0	1	128	0	1	406	258	56	59	3289	0	0	0	1	
7156	10533245	0	0	0	0	1	128	0	1	406	258	56	59	3266	0	0	0	1	
7157	10533278	0	0	0	0	1	128	0	1	406	256	55	59	3246	0	0	0	1	
7158	10533311	0	0	0	0	1	128	0	1	406	258	55	58	3231	0	0	0	1	
7159	10533345	0	0	0	0	1	128	0	1	406	256	55	58	3232	0	0	0	1	
7160	10533378	0	0	0	0	1	128	0	1	406	256	55	58	3233	0	0	0	1	
7161	10533411	0	0	0	0	1	128	0	1	406	256	55	59	3229	0	0	0	1	
7162	10533445	0	0	0	0	1	128	0	1	400	274	50	65	3216	0	0	0	1	
7163	10533478	0	0	0	0	1	128	0	1	390	306	52	57	2955	0	0	0	1	
7164	10533511	0	0	0	0	1	128	0	1	390	306	53	57	3017	0	0	0	1	
7165	10533545	0	0	0	0	1	128	0	1	390	306	53	57	3037	0	0	0	1	
7166	10533578	0	0	0	0	1	128	0	1	390	308	53	57	3023	0	0	0	1	
7167	10533612	0	0	0	0	1	128	0	1	388	308	53	58	3028	0	0	0	1	
7168	10533645	0	0	0	0	1	128	0	1	388	308	52	57	3015	0	0	0	1	
7169	10533678	0	0	0	0	1	128	0	1	388	308	53	57	3028	0	0	0	1	
7170	10533712	0	0	0	0	1	128	0	1	384	306	53	57	3014	0	0	0	1	
7171	10533745	0	0	0	0	1	128	0	1	384	306	53	57	3014	0	0	0	1	
7172	10533778	0	0	0	0	1	128	0	1	384	306	53	57	3009	0	0	0	1	
7173	10533812	0	0	0	0	1	128	0	1	384	306	53	57	3014	0	0	0	1	
7174	10533845	0	0	0	0	1	128	0	1	384	306	53	57	3024	0	0	0	1	
7175	10533879	0	0	0	0	1	128	0	1	384	306	53	57	3039	0	0	0	1	
7176	10533912	0	0	0	0	1	128	0	1	384	306	53	58	3044	0	0	0	1	
7177	10533945	0	0	0	0	1	128	0	1	384	306	53	58	3076	0	0	0	1	
7178	10533979	0	0	0	0	1	128	0	1	384	306	53	58	3096	0	0	0	1	
7179	10534012	0	0	0	0	1	128	0	1	384	306	54	58	3113	0	0	0	1	
7180	10534045	0	0	0	0	1	128	0	1	384	308	54	58	3138	0	0	0	1	
7181	10534079	0	0	0	0	1	128	0	1	384	308	54	59	3159	0	0	0	1	
7182	10534112	0	0	0	0	1	128	0	1	384	306	54	59	3178	0	0	0	1	
7183	10534145	0	0	0	0	1	128	0	1	384	306	54	59	3189	0	0	0	1	
7184	10534179	0	0	0	0	1	128	0	1	382	306	54	59	3201	0	0	0	1	
7185	10534212	0	0	0	0	1	128	0	1	324	288	35	51	1783	0	0	0	1	
7186	10534246	0	0	0	0	1	128	0	1	332	262	59	60	3588	0	0	0	1	
7187	10534279	0	0	0	0	1	128	0	1	330	262	59	60	3583	0	0	0	1	
7188	10534312	0	0	0	0	1	128	0	1	330	262	59	60	3580	0	0	0	1	
7189	10534346	0	0	0	0	1	128	0	1	328	262	59	60	3573	0	0	0	1	
7190	10534379	0	0	0	0	1	128	0	1	328	262	59	60	3575	0	0	0	1	
7191	10534412	0	0	0	0	1	128	0	1	328	262	59	60	3569	0	0	0	1	
7192	10534446	0	0	0	0	1	128	0	1	328	262	59	60	3554	0	0	0	1	
7193	10534479	0	0	0	0	1	128	0	1	328	262	59	60	3537	0	0	0	1	
7194	10534513	0	0	0	0	1	128	0	1	330	264	58	59	3473	0	0	0	1	
7195	10534546	0	0	0	0	1	128	0	1	330	264	58	59	3442	0	0	0	1	
7196	10534579	0	0	0	0	1	128	0	1	330	264	58	59	3407	0	0	0	1	
7197	10534613	0	0	0	0	1	128	0	1	330	264	57	58	3353	0	0	0	1	
7198	10534646	0	0	0	0	1	128	0	1	330	264	57	58	3317	0	0	0	1	
7199	10534679	0	0	0	0	1	128	0	1	330	264	56	58	3266	0	0	0	1	
7200	10534713	0	0	0	0	1	128	0	1	330	264	56	58	3249	0	0	0	1	
7201	10534746	0	0	0	0	1	128	0	1	330	264	56	58	3246	0	0	0	1	
7202	10534780	0	0	0	0	1	128	0	1	330	264	56	57	3229	0	0	0	1	
7203	10534813	0	0	0	0	1	128	0	1	330	264	56	57	3202	0	0	0	1	
7204	10534846	0	0	0	0	1	128	0	1	330	264	56	57	3180	0	0	0	1	
7205	10534880	0	0	0	0	1	128	0	1	330	264	56	57	3199	0	0	0	1	
7206	10534913	0	0	0	0	1	128	0	1	330	264	56	57	3201	0	0	0	1	
7207	10534946	0	0	0	0	1	128	0	1	358	250	50	51	2519	0	0	0	1	
7208	10534980	0	0	0	0	1	128	0	1	376	226	57	57	3243	0	0	0	1	
7209	10535013	0	0	0	0	1	128	0	1	376	226	57	57	3254	0	0	0	1	
7210	10535046	0	0	0	0	1	128	0	1	374	226	57	58	3282	0	0	0	1	
7211	10535080	0	0	0	0	1	128	0	1	374	226	57	58	3283	0	0	0	1	
7212	10535113	0	0	0	0	1	128	0	1	374	226	57	58	3295	0	0	0	1	
7213	10535147	0	0	0	0	1	128	0	1	374	226	57	58	3288	0	0	0	1	
7214	10535180	0	0	0	0	1	128	0	1	374	226	57	58	3286	0	0	0	1	
7215	10535213	0	0	0	0	1	128	0	1	374	226	57	58	3290	0	0	0	1	
7216	10535247	0	0	0	0	1	128	0	1	374	226	57	58	3285	0	0	0	1	
7217	10535280	0	0	0	0	1	128	0	1	376	226	57	58	3287	0	0	0	1	
7218	10535313	0	0	0	0	1	128	0	1	376	226	57	58	3288	0	0	0	1	
7219	10535347	0	0	0	0	1	128	0	1	376	226	57	58	3292	0	0	0	1	
7220	10535380	0	0	0	0	1	128	0	1	376	226	57	58	3302	0	0	0	1	
7221	10535413	0	0	0	0	1	128	0	1	376	226	57	58	3292	0	0	0	1	
7222	10535447	0	0	0	0	1	128	0	1	376	226	57	58	3269	0	0	0	1	
7223	10535480	0	0	0	0	1	128	0	1	376	226	57	57	3245	0	0	0	1	
7224	10535514	0	0	0	0	1	128	0	1	376	226	56	57	3227	0	0	0	1	
7225	10535547	0	0	0	0	1	128	0	1	376	226	56	57	3203	0	0	0	1	
7226	10535580	0	0	0	0	1	128	0	1	376	228	56	57	3174	0	0	0	1	
7227	10535614	0	0	0	0	1	128	0	1	376	228	56	57	3156	0	0	0	1	
7228	10535647	0	0	0	0	1	128	0	1	376	228	56	57	3151	0	0	0	1	
7229	10535680	0	0	0	0	1	128	0	1	376	228	56	57	3146	0	0	0	1	
7230	10535714	0	0	0	0	1	128	0	0	0	0	0	0	0	0	0	0	1	
7231	10535747	0	0	0	0	1	128	0	1	428	270	49	55	2705	0	0	0	1	
7232	10535781	0	0	0	0	1	128	0	1	428	272	50	55	2770	0	0	0	1	
7233	10535814	0	0	0	0	1	128	0	1	426	272	50	56	2789	0	0	0	1	
7234	10535847	0	0	0	0	1	128	0	1	426	272	50	56	2801	0	0	0	1	
7235	10535881	0	0	0	0	1	128	0	1	426	274	50	56	2802	0	0	0	1	
7236	10535914	0	0	0	0	1	128	0	1	426	274	50	56	2797	0	0	0	1	
7237	10535947	0	0	0	0	1	128	0	1	426	274	50	56	2782	0	0	0	1	
7238	10535981	0	0	0	0	1	128	0	1	426	274	50	56	2785	0	0	0	1	
7239	10536014	0	0	0	0	1	128	0	1	424	272	50	56	2817	0	0	0	1	
7240	10536048	0	0	0	0	1	128	0	1	424	272	51	56	2835	0	0	0	1	
7241	10536081	0	0	0	0	1	128	0	1	424	272	51	56	2855	0	0	0	1	
7242	10536114	0	0	0	0	1	128	0	1	424	272	51	57	2885	0	0	0	1	
7243	10536148	0	0	0	0	1	128	0	1	424	272	51	57	2934	0	0	0	1	
7244	10536181	0	0	0	0	1	128	0	1	422	272	52	57	2969	0	0	0	1	
7245	10536214	0	0	0	0	1	128	0	1	422	272	52	58	3011	0	0	0	1	
7246	10536248	0	0	0	0	1	128	0	1	424	272	51	58	2958	0	0	0	1	
7247	10536281	0	0	0	0	1	128	0	1	422	272	53	59	3082	0	0	0	1	
7248	10536314	0	0	0	0	1	128	0	1	422	272	53	59	3099	0	0	0	1	
7249	10536348	0	0	0	0	1	128	0	1	422	272	53	59	3113	0	0	0	1	
7250	10536381	0	0	0	0	1	128	0	1	422	272	53	59	3134	0	0	0	1	
7251	10536415	0	0	0	0	1	128	0	1	422	272	53	59	3148	0	0	0	1	
7252	10536448	0	0	0	0	1	128	0	1	422	272	54	59	3152	0	0	0	1	
7253	10536481	0	0	0	0	1	128	0	1	400	294	53	57	3062	0	0	0	1	
7254	10536515	0	0	0	0	1	128	0	1	398	298	54	58	3141	0	0	0	1	
7255	10536548	0	0	0	0	1	128	0	1	398	298	54	59	3167	0	0	0	1	
7256	10536581	0	0	0	0	1	128	0	1	398	298	54	59	3184	0	0	0	1	
7257	10536615	0	0	0	0	1	128	0	1	400	298	54	59	3207	0	0	0	1	
7258	10536648	0	0	0	0	1	128	0	1	398	298	54	59	3228	0	0	0	1	
7259	10536681	0	0	0	0	1	128	0	1	398	300	54	59	3238	0	0	0	1	
7260	10536715	0	0	0	0	1	128	0	1	398	300	55	59	3251	0	0	0	1	
7261	10536748	0	0	0	0	1	128	0	1	398	300	55	60	3262	0	0	0	1	
7262	10536782	0	0	0	0	1	128	0	1	398	300	55	60	3273	0	0	0	1	
7263	10536815	0	0	0	0	1	128	0	1	398	298	55	60	3286	0	0	0	1	
7264	10536848	0	0	0	0	1	128	0	1	398	300	55	60	3307	0	0	0	1	
7265	10536882	0	0	0	0	1	128	0	1	398	298	55	60	3325	0	0	0	1	
7266	10536915	0	0	0	0	1	128	0	1	398	298	55	60	3347	0	0	0	1	
7267	10536948	0	0	0	0	1	128	0	1	398	298	55	61	3357	0	0	0	1	
7268	10536982	0	0	0	0	1	128	0	1	398	298	55	61	3358	0	0	0	1	
7269	10537015	0	0	0	0	1	128	0	1	398	298	55	61	3356	0	0	0	1	
7270	10537049	0	0	0	0	1	128	0	1	398	298	55	61	3341	0	0	0	1	
7271	10537082	0	0	0	0	1	128	0	1	398	298	55	60	3326	0	0	0	1	
7272	10537115	0	0	0	0	1	128	0	1	398	298	55	60	3317	0	0	0	1	
7273	10537149	0	0	0	0	1	128	0	1	398	298	55	60	3310	0	0	0	1	
7274	10537182	0	0	0	0	1	128	0	1	398	298	55	60	3301	0	0	0	1	
7275	10537215	0	0	0	0	1	128	0	1	356	312	54	59	3159	0	0	0	1	
7276	10537249	0	0	0	0	1	128	0	1	340	320	54	59	3241	0	0	0	1	
7277	10537282	0	0	0	0	1	128	0	1	340	320	55	60	3256	0	0	0	1	
7278	10537316	0	0	0	0	1	128	0	1	340	320	54	60	3253	0	0	0	1	
7279	10537349	0	0	0	0	1	128	0	1	338	320	54	60	3240	0	0	0	1	
7280	10537382	0	0	0	0	1	128	0	1	338	320	54	60	3222	0	0	0	1	
7281	10537416	0	0	0	0	1	128	0	1	340	320	54	59	3204	0	0	0	1	
7282	10537449	0	0	0	0	1	128	0	1	342	322	54	59	3185	0	0	0	1	
7283	10537482	0	0	0	0	1	128	0	1	342	322	54	59	3172	0	0	0	1	
7284	10537516	0	0	0	0	1	128	0	1	342	324	54	59	3157	0	0	0	1	
7285	10537549	0	0	0	0	1	128	0	1	342	324	53	59	3122	0	0	0	1	
7286	10537582	0	0	0	0	1	128	0	1	342	324	53	58	3081	0	0	0	1	
7287	10537616	0	0	0	0	1	128	0	1	342	324	53	58	3044	0	0	0	1	
7288	10537649	0	0	0	0	1	128	0	1	342	324	52	57	2998	0	0	0	1	
7289	10537683	0	0	0	0	1	128	0	1	342	322	52	57	2960	0	0	0	1	
7290	10537716	0	0	0	0	1	128	0	1	342	322	52	57	2944	0	0	0	1	
7291	10537749	0	0	0	0	1	128	0	1	342	322	51	57	2940	0	0	0	1	
7292	10537783	0	0	0	0	1	128	0	1	342	322	51	57	2939	0	0	0	1	
7293	10537816	0	0	0	0	1	128	0	1	342	322	52	57	2954	0	0	0	1	
7294	10537849	0	0	0	0	1	128	0	1	342	322	52	57	2961	0	0	0	1	
7295	10537883	0	0	0	0	1	128	0	1	342	322	52	58	2979	0	0	0	1	
7296	10537916	0	0	0	0	1	128	0	1	342	322	52	58	2987	0	0	0	1	
7297	10537949	0	0	0	0	1	128	0	1	336	292	51	57	2902	0	0	0	1	
7298	10537983	0	0	0	0	1	128	0	1	332	260	57	59	3339	0	0	0	1	
7299	10538016	0	0	0	0	1	128	0	1	330	260	57	59	3358	0	0	0	1	
7300	10538050	0	0	0	0	1	128	0	1	328	260	57	59	3375	0	0	0	1	
7301	10538083	0	0	0	0	1	128	0	1	328	260	57	59	3345	0	0	0	1	
7302	10538116	0	0	0	0	1	128	0	1	326	260	57	59	3344	0	0	0	1	
7303	10538150	0	0	0	0	1	128	0	1	326	260	56	59	3340	0	0	0	1	
7304	10538183	0	0	0	0	1	128	0	1	326	260	57	59	3338	0	0	0	1	
7305	10538216	0	0	0	0	1	128	0	1	326	260	56	59	3321	0	0	0	1	
7306	10538250	0	0	0	0	1	128	0	1	326	260	56	59	3291	0	0	0	1	
7307	10538283	0	0	0	0	1	128	0	1	322	260	56	59	3301	0	0	0	1	
7308	10538317	0	0	0	0	1	128	0	1	322	262	56	59	3284	0	0	0	1	
7309	10538350	0	0	0	0	1	128	0	1	322	262	56	59	3270	0	0	0	1	
7310	10538383	0	0	0	0	1	128	0	1	322	262	56	59	3264	0	0	0	1	
7311	10538417	0	0	0	0	1	128	0	1	322	262	56	58	3249	0	0	0	1	
7312	10538450	0	0	0	0	1	128	0	1	322	262	56	58	3221	0	0	0	1	
7313	10538483	0	0	0	0	1	128	0	1	322	262	55	57	3163	0	0	0	1	
7314	10538517	0	0	0	0	1	128	0	1	322	260	55	57	3151	0	0	0	1	
7315	10538550	0	0	0	0	1	128	0	1	322	260	55	57	3108	0	0	0	1	
7316	10538583	0	0	0	0	1	128	0	1	322	260	54	57	3079	0	0	0	1	
7317	10538617	0	0	0	0	1	128	0	1	324	262	54	56	3014	0	0	0	1	
7318	10538650	0	0	0	0	1	128	0	1	322	262	54	56	3040	0	0	0	1	
7319	10538684	0	0	0	0	1	128	0	1	326	260	53	56	2972	0	0	0	1	
7320	10538717	0	0	0	0	1	128	0	1	354	232	55	56	3070	0	0	0	1	
7321	10538750	0	0	0	0	1	128	0	1	352	232	55	57	3118	0	0	0	1	
7322	10538784	0	0	0	0	1	128	0	1	350	232	55	58	3201	0	0	0	1	
7323	10538817	0	0	0	0	1	128	0	1	350	232	56	57	3191	0	0	0	1	
7324	10538850	0	0	0	0	1	128	0	1	350	232	56	58	3225	0	0	0	1	
7325	10538884	0	0	0	0	1	128	0	1	344	238	56	57	3216	0	0	0	1	
7326	10538917	0	0	0	0	1	128	0	1	344	238	56	58	3240	0	0	0	1	
7327	10538950	0	0	0	0	1	128	0	1	344	238	56	58	3254	0	0	0	1	
7328	10538984	0	0	0	0	1	128	0	1	344	238	56	59	3276	0	0	0	1	
7329	10539017	0	0	0	0	1	128	0	1	344	238	56	58	3264	0	0	0	1	
7330	10539051	0	0	0	0	1	128	0	1	344	238	56	58	3257	0	0	0	1	
7331	10539084	0	0	0	0	1	128	0	1	344	236	56	58	3253	0	0	0	1	
7332	10539117	0	0	0	0	1	128	0	1	344	238	56	58	3254	0	0	0	1	
7333	10539151	0	0	0	0	1	128	0	1	344	238	56	58	3242	0	0	0	1	
7334	10539184	0	0	0	0	1	128	0	1	342	238	56	58	3236	0	0	0	1	
7335	10539217	0	0	0	0	1	128	0	1	344	238	56	58	3229	0	0	0	1	
7336	10539251	0	0	0	0	1	128	0	1	344	238	55	58	3218	0	0	0	1	
7337	10539284	0	0	0	0	1	128	0	1	344	238	55	58	3209	0	0	0	1	
7338	10539318	0	0	0	0	1	128	0	1	344	238	55	58	3209	0	0	0	1	
7339	10539351	0	0	0	0	1	128	0	1	344	238	56	58	3196	0	0	0	1	
7340	10539384	0	0	0	0	1	128	0	1	344	238	55	58	3215	0	0	0	1	
7341	10539418	0	0	0	0	1	128	0	1	344	238	55	58	3206	0	0	0	1	
7342	10539451	0	0	0	0	1	128	0	1	348	240	55	56	3108	0	0	0	1	
7343	10539484	0	0	0	0	1	128	0	1	398	274	49	54	2675	0	0	0	1	
7344	10539518	0	0	0	0	1	128	0	1	404	276	52	55	2856	0	0	0	1	
7345	10539551	0	0	0	0	1	128	0	1	402	276	52	55	2862	0	0	0	1	
7346	10539585	0	0	0	0	1	128	0	1	402	278	52	55	2875	0	0	0	1	
7347	10539618	0	0	0	0	1	128	0	1	402	278	52	55	2893	0	0	0	1	
7348	10539651	0	0	0	0	1	128	0	1	402	278	53	55	2906	0	0	0	1	
7349	10539685	0	0	0	0	1	128	0	1	402	278	53	55	2910	0	0	0	1	
7350	10539718	0	0	0	0	1	128	0	1	402	278	53	55	2922	0	0	0	1	
7351	10539751	0	0	0	0	1	128	0	1	402	278	53	55	2922	0	0	0	1	
7352	10539785	0	0	0	0	1	128	0	1	402	278	53	56	2931	0	0	0	1	
7353	10539818	0	0	0	0	1	128	0	1	402	278	53	56	2940	0	0	0	1	
7354	10539851	0	0	0	0	1	128	0	1	402	278	53	56	2939	0	0	0	1	
7355	10539885	0	0	0	0	1	128	0	1	402	278	52	56	2921	0	0	0	1	
7356	10539918	0	0	0	0	1	128	0	1	402	278	53	56	2953	0	0	0	1	
7357	10539952	0	0	0	0	1	128	0	1	402	278	53	56	2951	0	0	0	1	
7358	10539985	0	0	0	0	1	128	0	1	402	278	53	56	2967	0	0	0	1	
7359	10540018	0	0	0	0	1	128	0	1	402	278	53	56	2980	0	0	0	1	
7360	10540052	0	0	0	0	1	128	0	1	402	278	53	56	2980	0	0	0	1	
7361	10540085	0	0	0	0	1	128	0	1	402	278	53	56	2986	0	0	0	1	
7362	10540118	0	0	0	0	1	128	0	1	402	278	53	56	2998	0	0	0	1	
7363	10540152	0	0	0	0	1	128	0	1	402	278	53	56	2997	0	0	0	1	
7364	10540185	0	0	0	0	1	128	0	1	402	278	53	56	2994	0	0	0	1	
7365	10540218	0	0	0	0	1	128	0	1	384	298	50	55	2760	0	0	0	1	
7366	10540252	0	0	0	0	1	128	0	1	378	310	52	56	2874	0	0	0	1	
7367	10540285	0	0	0	0	1	128	0	1	376	310	52	56	2902	0	0	0	1	
7368	10540319	0	0	0	0	1	128	0	1	376	310	52	56	2912	0	0	0	1	
7369	10540352	0	0	0	0	1	128	0	1	376	310	52	57	2918	0	0	0	1	
7370	10540385	0	0	0	0	1	128	0	1	374	320	51	56	2849	0	0	0	1	
7371	10540419	0	0	0	0	1	128	0	1	372	320	51	57	2869	0	0	0	1	
7372	10540452	0	0	0	0	1	128	0	1	372	320	51	57	2867	0	0	0	1	
7373	10540485	0	0	0	0	1	128	0	1	372	320	51	57	2871	0	0	0	1	
7374	10540519	0	0	0	0	1	128	0	1	372	322	51	57	2871	0	0	0	1	
7375	10540552	0	0	0	0	1	128	0	1	372	322	51	57	2869	0	0	0	1	
7376	10540586	0	0	0	0	1	128	0	1	372	322	51	57	2874	0	0	0	1	
7377	10540619	0	0	0	0	1	128	0	1	372	322	50	57	2878	0	0	0	1	
7378	10540652	0	0	0	0	1	128	0	1	372	322	50	57	2882	0	0	0	1	
7379	10540686	0	0	0	0	1	128	0	1	372	322	51	57	2894	0	0	0	1	
7380	10540719	0	0	0	0	1	128	0	1	372	322	51	57	2907	0	0	0	1	
7381	10540752	0	0	0	0	1	128	0	1	372	322	51	57	2922	0	0	0	1	
7382	10540786	0	0	0	0	1	128	0	1	372	322	51	58	2940	0	0	0	1	
7383	10540819	0	0	0	0	1	128	0	1	372	322	51	58	2950	0	0	0	1	
7384	10540853	0	0	0	0	1	128	0	1	372	322	51	58	2959	0	0	0	1	
7385	10540886	0	0	0	0	1	128	0	1	372	322	51	58	2963	0	0	0	1	
7386	10540919	0	0	0	0	1	128	0	1	370	322	51	58	2980	0	0	0	1	
7387	10540953	0	0	0	0	1	128	0	1	372	320	51	58	2976	0	0	0	1	
7388	10540986	0	0	0	0	1	128	0	1	396	268	56	57	3178	0	0	0	1	
7389	10541019	0	0	0	0	1	128	0	1	396	260	56	58	3243	0	0	0	1	
7390	10541053	0	0	0	0	1	128	0	1	394	260	56	58	3253	0	0	0	1	
7391	10541086	0	0	0	0	1	128	0	1	394	260	56	58	3241	0	0	0	1	
7392	10541119	0	0	0	0	1	128	0	1	392	260	56	58	3250	0	0	0	1	
7393	10541153	0	0	0	0	1	128	0	1	396	242	57	58	3277	0	0	0	1	
7394	10541186	0	0	0	0	1	128	0	1	394	244	57	58	3284	0	0	0	1	
7395	10541219	0	0	0	0	1	128	0	1	394	244	57	58	3271	0	0	0	1	
7396	10541253	0	0	0	0	1	128	0	1	394	244	57	58	3272	0	0	0	1	
7397	10541286	0	0	0	0	1	128	0	1	394	244	57	58	3274	0	0	0	1	
7398	10541320	0	0	0	0	1	128	0	1	394	244	57	58	3277	0	0	0	1	
7399	10541353	0	0	0	0	1	128	0	1	394	244	57	58	3282	0	0	0	1	
7400	10541386	0	0	0	0	1	128	0	1	394	244	57	58	3274	0	0	0	1	
7401	10541420	0	0	0	0	1	128	0	1	394	244	57	58	3259	0	0	0	1	
7402	10541453	0	0	0	0	1	128	0	1	394	244	56	57	3236	0	0	0	1	
7403	10541486	0	0	0	0	1	128	0	1	394	244	56	57	3206	0	0	0	1	
7404	10541520	0	0	0	0	1	128	0	1	394	244	56	57	3190	0	0	0	1	
7405	10541553	0	0	0	0	1	128	0	1	394	244	56	57	3170	0	0	0	1	
7406	10541587	0	0	0	0	1	128	0	1	394	244	56	57	3162	0	0	0	1	
7407	10541620	0	0	0	0	1	128	0	1	394	244	55	57	3141	0	0	0	1	
7408	10541653	0	0	0	0	1	128	0	1	394	244	55	56	3125	0	0	0	1	
7409	10541687	0	0	0	0	1	128	0	1	392	248	52	56	2910	0	0	0	1	
7410	10541720	0	0	0	0	1	128	0	1	364	290	51	55	2816	0	0	0	1	
7411	10541753	0	0	0	0	1	128	0	1	364	296	53	55	2919	0	0	0	1	
7412	10541787	0	0	0	0	1	128	0	1	364	296	53	56	2925	0	0	0	1	
7413	10541820	0	0	0	0	1	128	0	1	362	296	52	56	2921	0	0	0	1	
7414	10541854	0	0	0	0	1	128	0	1	362	296	52	56	2913	0	0	0	1	
7415	10541887	0	0	0	0	1	128	0	1	362	298	52	55	2908	0	0	0	1	
7416	10541920	0	0	0	0	1	128	0	1	362	298	52	55	2906	0	0	0	1	
7417	10541954	0	0	0	0	1	128	0	1	362	298	52	55	2906	0	0	0	1	
7418	10541987	0	0	0	0	1	128	0	1	362	298	52	55	2901	0	0	0	1	
7419	10542020	0	0	0	0	1	128	0	1	370	294	53	55	2922	0	0	0	1	
7420	10542054	0	0	0	0	1	128	0	1	368	294	53	55	2923	0	0	0	1	
7421	10542087	0	0	0	0	1	128	0	1	368	294	53	56	2941	0	0	0	1	
7422	10542120	0	0	0	0	1	128	0	1	368	294	53	56	2958	0	0	0	1	
7423	10542154	0	0	0	0	1	128	0	1	368	294	53	56	2970	0	0	0	1	
7424	10542187	0	0	0	0	1	128	0	1	382	278	54	56	3037	0	0	0	1	
7425	10542221	0	0	0	0	1	128	0	1	380	278	54	56	3029	0	0	0	1	
7426	10542254	0	0	0	0	1	128	0	1	380	278	54	56	3042	0	0	0	1	
7427	10542287	0	0	0	0	1	128	0	1	380	278	54	56	3048	0	0	0	1	
7428	10542321	0	0	0	0	1	128	0	1	380	278	54	56	3046	0	0	0	1	
7429	10542354	0	0	0	0	1	128	0	1	380	278	54	56	3042	0	0	0	1	
7430	10542387	0	0	0	0	1	128	0	1	380	278	54	56	3029	0	0	0	1	
7431	10542421	0	0	0	0	1	128	0	1	380	278	54	56	3018	0	0	0	1	
7432	10542454	0	0	0	0	1	128	0	1	380	278	54	56	3010	0	0	0	1	
7433	10542488	0	0	0	0	1	128	0	1	380	278	54	56	3001	0	0	0	1	
7434	10542521	0	0	0	0	1	128	0	1	366	268	44	51	2250	0	0	0	1	
7435	10542554	0	0	0	0	1	128	0	1	346	244	56	57	3196	0	0	0	1	
7436	10542588	0	0	0	0	1	128	0	1	344	244	56	57	3163	0	0	0	1	
7437	10542621	0	0	0	0	1	128	0	1	342	244	56	58	3228	0	0	0	1	
7438	10542654	0	0	0	0	1	128	0	1	342	244	56	58	3228	0	0	0	1	
7439	10542688	0	0	0	0	1	128	0	1	342	244	56	57	3228	0	0	0	1	
7440	10542721	0	0	0	0	1	128	0	1	342	244	56	58	3250	0	0	0	1	
7441	10542754	0	0	0	0	1	128	0	1	342	246	57	58	3256	0	0	0	1	
7442	10542788	0	0	0	0	1	128	0	1	342	244	57	58	3297	0	0	0	1	
7443	10542821	0	0	0	0	1	128	0	1	342	246	57	58	3278	0	0	0	1	
7444	10542855	0	0	0	0	1	128	0	1	344	246	57	58	3279	0	0	0	1	
7445	10542888	0	0	0	0	1	128	0	1	342	246	57	58	3268	0	0	0	1	
7446	10542921	0	0	0	0	1	128	0	1	342	246	56	57	3230	0	0	0	1	
7447	10542955	0	0	0	0	1	128	0	1	342	246	56	58	3239	0	0	0	1	
7448	10542988	0	0	0	0	1	128	0	1	344	246	56	57	3187	0	0	0	1	
7449	10543021	0	0	0	0	1	128	0	1	342	246	56	57	3176	0	0	0	1	
7450	10543055	0	0	0	0	1	128	0	1	342	246	56	57	3177	0	0	0	1	
7451	10543088	0	0	0	0	1	128	0	1	344	246	55	57	3154	0	0	0	1	
7452	10543122	0	0	0	0	1	128	0	1	344	246	55	57	3155	0	0	0	1	
7453	10543155	0	0	0	0	1	128	0	1	344	246	55	57	3156	0	0	0	1	
7454	10543188	0	0	0	0	1	128	0	1	344	246	55	57	3156	0	0	0	1	
7455	10543222	0	0	0	0	1	128	0	1	382	240	50	58	2875	0	0	0	1	
7456	10543255	0	0	0	0	1	128	0	1	406	232	53	56	2988	0	0	0	1	
7457	10543288	0	0	0	0	1	128	0	1	406	232	53	56	3000	0	0	0	1	
7458	10543322	0	0	0	0	1	128	0	1	404	232	54	57	3035	0	0	0	1	
7459	10543355	0	0	0	0	1	128	0	1	406	232	54	57	3058	0	0	0	1	
7460	10543388	0	0	0	0	1	128	0	1	406	232	54	57	3081	0	0	0	1	
7461	10543422	0	0	0	0	1	128	0	1	406	232	54	57	3113	0	0	0	1	
7462	10543455	0	0	0	0	1	128	0	1	404	238	54	58	3129	0	0	0	1	
7463	10543489	0	0	0	0	1	128	0	1	404	238	55	58	3157	0	0	0	1	
7464	10543522	0	0	0	0	1	128	0	1	404	238	54	58	3161	0	0	0	1	
7465	10543555	0	0	0	0	1	128	0	1	404	238	55	58	3162	0	0	0	1	
7466	10543589	0	0	0	0	1	128	0	1	404	238	55	58	3174	0	0	0	1	
7467	10543622	0	0	0	0	1	128	0	1	404	238	55	58	3184	0	0	0	1	
7468	10543655	0	0	0	0	1	128	0	1	404	238	55	58	3182	0	0	0	1	
7469	10543689	0	0	0	0	1	128	0	1	404	238	55	58	3183	0	0	0	1	
7470	10543722	0	0	0	0	1	128	0	1	404	238	54	58	3163	0	0	0	1	
7471	10543756	0	0	0	0	1	128	0	1	404	238	54	58	3160	0	0	0	1	
7472	10543789	0	0	0	0	1	128	0	1	404	238	54	58	3156	0	0	0	1	
7473	10543822	0	0	0	0	1	128	0	1	404	238	54	58	3150	0	0	0	1	
7474	10543856	0	0	0	0	1	128	0	1	404	238	54	58	3152	0	0	0	1	
7475	10543889	0	0	0	0	1	128	0	1	404	238	54	58	3153	0	0	0	1	
7476	10543922	0	0	0	0	1	128	0	1	404	238	54	58	3157	0	0	0	1	
7477	10543956	0	0	0	0	1	128	0	1	404	238	54	58	3177	0	0	0	1	
7478	10543989	0	0	0	0	1	128	0	1	422	204	53	59	3117	0	0	0	1	
7479	10544022	0	0	0	0	1	128	0	1	418	202	53	59	3104	0	0	0	1	
7480	10544056	0	0	0	0	1	128	0	1	418	202	53	59	3112	0	0	0	1	
7481	10544089	0	0	0	0	1	128	0	1	418	202	53	59	3122	0	0	0	1	
7482	10544123	0	0	0	0	1	128	0	1	424	208	53	58	3035	0	0	0	1	
7483	10544156	0	0	0	0	1	128	0	1	424	210	53	58	3090	0	0	0	1	
7484	10544189	0	0	0	0	1	128	0	1	424	210	53	58	3103	0	0	0	1	
7485	10544223	0	0	0	0	1	128	0	1	424	210	53	59	3122	0	0	0	1	
7486	10544256	0	0	0	0	1	128	0	1	424	210	53	59	3131	0	0	0	1	
7487	10544289	0	0	0	0	1	128	0	1	424	210	53	59	3130	0	0	0	1	
7488	10544323	0	0	0	0	1	128	0	1	424	210	53	59	3131	0	0	0	1	
7489	10544356	0	0	0	0	1	128	0	1	424	210	53	59	3136	0	0	0	1	
7490	10544389	0	0	0	0	1	128	0	1	424	212	53	59	3136	0	0	0	1	
7491	10544423	0	0	0	0	1	128	0	1	424	212	53	59	3134	0	0	0	1	
7492	10544456	0	0	0	0	1	128	0	1	424	212	53	59	3137	0	0	0	1	
7493	10544490	0	0	0	0	1	128	0	1	424	212	53	59	3134	0	0	0	1	
7494	10544523	0	0	0	0	1	128	0	1	424	212	53	59	3146	0	0	0	1	
7495	10544556	0	0	0	0	1	128	0	1	424	212	54	59	3155	0	0	0	1	
7496	10544590	0	0	0	0	1	128	0	1	424	212	54	59	3155	0	0	0	1	
7497	10544623	0	0	0	0	1	128	0	1	424	212	54	59	3165	0	0	0	1	
7498	10544656	0	0	0	0	1	128	0	1	424	212	54	59	3175	0	0	0	1	
7499	10544690	0	0	0	0	1	128	0	1	424	212	54	59	3183	0	0	0	1	
7500	10544723	0	0	0	0	1	128	0	1	426	208	56	61	3415	0	0	0	1	
7501	10544757	0	0	0	0	1	128	0	1	450	202	51	59	2992	0	0	0	1	
7502	10544790	0	0	0	0	1	128	0	1	450	202	51	59	2996	0	0	0	1	
7503	10544823	0	0	0	0	1	128	0	1	450	202	51	59	3001	0	0	0	1	
7504	10544857	0	0	0	0	1	128	0	1	450	202	51	59	2994	0	0	0	1	
7505	10544890	0	0	0	0	1	128	0	1	450	202	51	59	3001	0	0	0	1	
7506	10544923	0	0	0	0	1	128	0	1	450	202	51	59	3003	0	0	0	1	
7507	10544957	0	0	0	0	1	128	0	1	450	202	51	59	3005	0	0	0	1	
7508	10544990	0	0	0	0	1	128	0	1	450	202	51	59	3021	0	0	0	1	
7509	10545023	0	0	0	0	1	128	0	1	450	202	51	60	3023	0	0	0	1	
7510	10545057	0	0	0	0	1	128	0	1	450	202	51	60	3053	0	0	0	1	
7511	10545090	0	0	0	0	1	128	0	1	450	202	51	60	3069	0	0	0	1	
7512	10545124	0	0	0	0	1	128	0	1	450	200	51	61	3100	0	0	0	1	
7513	10545157	0	0	0	0	1	128	0	1	450	198	52	60	3104	0	0	0	1	
7514	10545190	0	0	0	0	1	128	0	1	448	198	52	60	3124	0	0	0	1	
7515	10545224	0	0	0	0	1	128	0	1	448	198	52	61	3151	0	0	0	1	
7516	10545257	0	0	0	0	1	128	0	1	448	198	52	61	3167	0	0	0	1	
7517	10545290	0	0	0	0	1	128	0	1	448	198	52	61	3178	0	0	0	1	
7518	10545324	0	0	0	0	1	128	0	1	448	198	52	61	3193	0	0	0	1	
7519	10545357	0	0	0	0	1	128	0	1	450	198	52	61	3203	0	0	0	1	
7520	10545391	0	0	0	0	1	128	0	1	448	198	52	61	3204	0	0	0	1	
7521	10545424	0	0	0	0	1	128	0	1	448	198	52	61	3205	0	0	0	1	
7522	10545457	0	0	0	0	1	128	0	1	448	198	52	61	3222	0	0	0	1	
7523	10545491	0	0	0	0	1	128	0	1	444	198	52	62	3187	0	0	0	1	
7524	10545524	0	0	0	0	1	128	0	1	394	190	57	63	3585	0	0	0	1	
7525	10545557	0	0	0	0	1	128	0	1	394	190	58	63	3637	0	0	0	1	
7526	10545591	0	0	0	0	1	128	0	1	394	190	58	64	3703	0	0	0	1	
7527	10545624	0	0	0	0	1	128	0	1	394	190	59	64	3746	0	0	0	1	
7528	10545658	0	0	0	0	1	128	0	1	394	190	59	64	3776	0	0	0	1	
7529	10545691	0	0	0	0	1	128	0	1	394	190	59	65	3816	0	0	0	1	
7530	10545724	0	0	0	0	1	128	0	1	394	190	59	65	3837	0	0	0	1	
7531	10545758	0	0	0	0	1	128	0	1	394	192	60	65	3865	0	0	0	1	
7532	10545791	0	0	0	0	1	128	0	1	394	190	60	65	3883	0	0	0	1	
7533	10545824	0	0	0	0	1	128	0	1	394	194	60	65	3892	0	0	0	1	
7534	10545858	0	0	0	0	1	128	0	1	394	194	60	65	3868	0	0	0	1	
7535	10545891	0	0	0	0	1	128	0	1	394	194	60	64	3837	0	0	0	1	
7536	10545924	0	0	0	0	1	128	0	1	394	194	59	64	3780	0	0	0	1	
7537	10545958	0	0	0	0	1	128	0	1	394	194	59	63	3727	0	0	0	1	
7538	10545991	0	0	0	0	1	128	0	1	394	194	58	63	3670	0	0	0	1	
7539	10546025	0	0	0	0	1	128	0	1	394	194	58	62	3615	0	0	0	1	
7540	10546058	0	0	0	0	1	128	0	1	394	194	57	62	3554	0	0	0	1	
7541	10546091	0	0	0	0	1	128	0	1	394	192	57	62	3510	0	0	0	1	
7542	10546125	0	0	0	0	1	128	0	1	396	194	57	61	3465	0	0	0	1	
7543	10546158	0	0	0	0	1	128	0	1	396	194	56	61	3440	0	0	0	1	
7544	10546191	0	0	0	0	1	128	0	1	396	194	56	61	3414	0	0	0	1	
7545	10546225	0	0	0	0	1	128	0	1	396	194	56	60	3391	0	0	0	1	
7546	10546258	0	0	0	0	1	128	0	1	396	194	56	60	3365	0	0	0	1	
7547	10546292	0	0	0	0	1	128	0	1	396	194	56	60	3323	0	0	0	1	
7548	10546325	0	0	0	0	1	128	0	1	396	194	55	59	3292	0	0	0	1	
7549	10546358	0	0	0	0	1	128	0	1	396	194	55	59	3272	0	0	0	1	
7550	10546392	0	0	0	0	1	128	0	1	396	194	55	59	3249	0	0	0	1	
7551	10546425	0	0	0	0	1	128	0	1	392	194	55	59	3241	0	0	0	1	
7552	10546458	0	0	0	0	1	128	0	1	392	194	55	59	3220	0	0	0	1	
7553	10546492	0	0	0	0	1	128	0	1	392	194	55	59	3215	0	0	0	1	
7554	10546525	0	0	0	0	1	128	0	1	392	194	55	58	3198	0	0	0	1	
7555	10546558	0	0	0	0	1	128	0	1	396	194	54	58	3155	0	0	0	1	
7556	10546592	0	0	0	0	1	128	0	1	396	194	54	58	3147	0	0	0	1	
7557	10546625	0	0	0	0	1	128	0	1	396	194	54	58	3131	0	0	0	1	
7558	10546659	0	0	0	0	1	128	0	1	396	194	54	58	3124	0	0	0	1	
7559	10546692	0	0	0	0	1	128	0	1	396	194	54	58	3107	0	0	0	1	
7560	10546725	0	0	0	0	1	128	0	1	398	194	54	58	3095	0	0	0	1	
7561	10546759	0	0	0	0	1	128	0	1	398	194	54	58	3093	0	0	0	1	
7562	10546792	0	0	0	0	1	128	0	1	398	194	54	57	3085	0	0	0	1	
7563	10546825	0	0	0	0	1	128	0	1	398	194	54	58	3088	0	0	0	1	
7564	10546859	0	0	0	0	1	128	0	1	398	194	54	58	3093	0	0	0	1	
7565	10546892	0	0	0	0	1	128	0	1	398	194	54	58	3098	0	0	0	1	
7566	10546926	0	0	0	0	1	128	0	1	398	194	54	58	3096	0	0	0	1	
7567	10546959	0	0	0	0	1	128	0	1	398	194	54	58	3102	0	0	0	1	
7568	10546992	0	0	0	0	1	128	0	1	398	194	54	57	3088	0	0	0	1	
7569	10547026	0	0	0	0	1	128	0	1	398	194	54	57	3079	0	0	0	1	
7570	10547059	0	0	0	0	1	128	0	1	398	194	54	57	3059	0	0	0	1	
7571	10547092	0	0	0	0	1	128	0	1	398	194	53	57	3025	0	0	0	1	
7572	10547126	0	0	0	0	1	128	0	1	398	194	53	57	2998	0	0	0	1	
7573	10547159	0	0	0	0	1	128	0	1	398	194	53	56	2976	0	0	0	1	
7574	10547192	0	0	0	0	1	128	0	1	398	194	52	56	2953	0	0	0	1	
7575	10547226	0	0	0	0	1	128	0	1	398	194	52	56	2934	0	0	0	1	
7576	10547259	0	0	0	0	1	128	0	1	398	194	52	56	2921	0	0	0	1	
7577	10547293	0	0	0	0	1	128	0	1	398	194	52	56	2903	0	0	0	1	
7578	10547326	0	0	0	0	1	128	0	1	398	194	52	56	2896	0	0	0	1	
7579	10547359	0	0	0	0	1	128	0	1	398	194	52	56	2895	0	0	0	1	
7580	10547393	0	0	0	0	1	128	0	1	398	194	52	56	2898	0	0	0	1	
7581	10547426	0	0	0	0	1	128	0	1	398	196	52	56	2888	0	0	0	1	
7582	10547459	0	0	0	0	1	128	0	1	398	196	52	56	2889	0	0	0	1	
7583	10547493	0	0	0	0	1	128	0	1	398	196	52	56	2892	0	0	0	1	
7584	10547526	0	0	0	0	1	128	0	1	398	196	52	56	2887	0	0	0	1	
7585	10547560	0	0	0	0	1	128	0	1	398	196	52	56	2881	0	0	0	1	
7586	10547593	0	0	0	0	1	128	0	1	398	196	52	56	2884	0	0	0	1	
7587	10547626	0	0	0	0	1	128	0	1	398	196	52	56	2879	0	0	0	1	
7588	10547660	0	0	0	0	1	128	0	1	398	196	52	56	2885	0	0	0	1	
7589	10547693	0	0	0	0	1	128	0	1	398	196	52	56	2896	0	0	0	1	
7590	10547726	0	0	0	0	1	128	0	1	398	196	52	56	2910	0	0	0	1	
7591	10547760	0	0	0	0	1	128	0	1	396	196	52	56	2952	0	0	0	1	
7592	10547793	0	0	0	0	1	128	0	1	396	196	52	57	2973	0	0	0	1	
7593	10547826	0	0	0	0	1	128	0	1	396	198	53	57	2995	0	0	0	1	
7594	10547860	0	0	0	0	1	128	0	1	396	196	53	57	3019	0	0	0	1	
7595	10547893	0	0	0	0	1	128	0	1	396	198	53	58	3058	0	0	0	1	
7596	10547927	0	0	0	0	1	128	0	1	396	198	53	58	3092	0	0	0	1	
7597	10547960	0	0	0	0	1	128	0	1	396	198	54	58	3121	0	0	0	1	
7598	10547993	0	0	0	0	1	128	0	1	398	198	54	58	3114	0	0	0	1	
7599	10548027	0	0	0	0	1	128	0	1	398	198	54	58	3144	0	0	0	1	
7600	10548060	0	0	0	0	1	128	0	1	398	198	54	59	3169	0	0	0	1	
7601	10548093	0	0	0	0	1	128	0	1	398	198	54	59	3187	0	0	0	1	
7602	10548127	0	0	0	0	1	128	0	1	398	198	54	59	3220	0	0	0	1	
7603	10548160	0	0	0	0	1	128	0	1	398	198	55	59	3231	0	0	0	1	
7604	10548193	0	0	0	0	1	128	0	1	398	196	55	59	3241	0	0	0	1	
7605	10548227	0	0	0	0	1	128	0	1	398	198	55	59	3252	0	0	0	1	
7606	10548260	0	0	0	0	1	128	0	1	396	210	52	56	2921	0	0	0	1	
7607	10548294	0	0	0	0	1	128	0	1	398	240	55	58	3188	0	0	0	1	
7608	10548327	0	0	0	0	1	128	0	1	396	240	55	58	3194	0	0	0	1	
7609	10548360	0	0	0	0	1	128	0	1	396	240	55	58	3185	0	0	0	1	
7610	10548394	0	0	0	0	1	128	0	1	396	240	55	58	3169	0	0	0	1	
7611	10548427	0	0	0	0	1	128	0	1	384	252	55	56	3106	0	0	0	1	
7612	10548460	0	0	0	0	1	128	0	1	382	254	55	57	3103	0	0	0	1	
7613	10548494	0	0	0	0	1	128	0	1	382	254	55	56	3076	0	0	0	1	
7614	10548527	0	0	0	0	1	128	0	1	382	254	54	56	3062	0	0	0	1	
7615	10548561	0	0	0	0	1	128	0	1	382	254	55	56	3067	0	0	0	1	
7616	10548594	0	0	0	0	1	128	0	1	382	254	55	56	3071	0	0	0	1	
7617	10548627	0	0	0	0	1	128	0	1	382	254	55	57	3086	0	0	0	1	
7618	10548661	0	0	0	0	1	128	0	1	382	254	55	57	3097	0	0	0	1	
7619	10548694	0	0	0	0	1	128	0	1	382	254	55	57	3094	0	0	0	1	
7620	10548727	0	0	0	0	1	128	0	1	382	254	55	57	3107	0	0	0	1	
7621	10548761	0	0	0	0	1	128	0	1	392	252	53	57	3008	0	0	0	1	
7622	10548794	0	0	0	0	1	128	0	1	400	250	54	57	3032	0	0	0	1	
7623	10548827	0	0	0	0	1	128	0	1	402	250	54	57	3054	0	0	0	1	
7624	10548861	0	0	0	0	1	128	0	1	402	250	54	57	3066	0	0	0	1	
7625	10548894	0	0	0	0	1	128	0	1	402	250	54	57	3070	0	0	0	1	
7626	10548928	0	0	0	0	1	128	0	1	402	250	54	57	3065	0	0	0	1	
7627	10548961	0	0	0	0	1	128	0	1	402	250	54	57	3049	0	0	0	1	
7628	10548994	0	0	0	0	1	128	0	1	402	250	54	57	3040	0	0	0	1	
7629	10549028	0	0	0	0	1	128	0	1	402	250	54	57	3035	0	0	0	1	
7630	10549061	0	0	0	0	1	128	0	1	402	250	54	56	3021	0	0	0	1	
7631	10549094	0	0	0	0	1	128	0	1	400	252	53	55	2937	0	0	0	1	
7632	10549128	0	0	0	0	1	128	0	0	0	0	0	0	0	0	0	0	1	
7633	10549161	0	0	0	0	1	128	0	0	0	0	0	0	0	0	0	0	1	
7634	10549194	0	0	0	0	1	128	0	0	0	0	0	0	0	0	0	0	1	
7635	10549228	0	0	0	0	1	128	0	0	0	0	0	0	0	0	0	0	1	
7636	10549261	0	0	0	0	1	128	0	0	0	0	0	0	0	0	0	0	1	
7637	10549295	0	0	0	0	1	128	0	0	0	0	0	0	0	0	0	0	1	
7638	10549328	0	0	0	0	1	128	0	0	0	0	0	0	0	0	0	0	1	
