Version	1.08	gmtime	1441281311
index	timestamp	eyeroihoriz	eyeroivert	eyeroizoomx	eyeroizoomy	blendmode	blendfactor	onlinecalib	eye_valid	eye_x	eye_y	eye_w	eye_h	eye_a	field_x	field_y	displaymode	displayeyedetection	event
5551	103449787	0	0	0	0	1	128	0	0	0	0	0	0	0	0	0	0	1	
5552	103449820	0	0	0	0	1	128	0	0	0	0	0	0	0	0	0	0	1	
5553	103449854	0	0	0	0	1	128	0	1	502	324	43	46	1982	0	0	0	1	
5554	103449887	0	0	0	0	1	128	0	1	502	326	45	51	2278	0	0	0	1	
5555	103449920	0	0	0	0	1	128	0	1	504	328	45	54	2445	0	0	0	1	
5556	103449954	0	0	0	0	1	128	0	1	504	326	46	52	2410	0	0	0	1	
5557	103449987	0	0	0	0	1	128	0	1	504	324	46	51	2342	0	0	0	1	
5558	103450021	0	0	0	0	1	128	0	1	504	324	46	52	2375	0	0	0	1	
5559	103450054	0	0	0	0	1	128	0	1	504	324	46	52	2402	0	0	0	1	
5560	103450087	0	0	0	0	1	128	0	1	504	324	46	53	2424	0	0	0	1	
5561	103450121	0	0	0	0	1	128	0	1	500	326	47	52	2444	0	0	0	1	
5562	103450154	0	0	0	0	1	128	0	1	498	326	47	53	2497	0	0	0	1	
5563	103450187	0	0	0	0	1	128	0	1	498	326	47	54	2537	0	0	0	1	
5564	103450221	0	0	0	0	1	128	0	1	498	326	47	54	2552	0	0	0	1	
5565	103450254	0	0	0	0	1	128	0	1	498	326	48	54	2573	0	0	0	1	
5566	103450287	0	0	0	0	1	128	0	1	498	326	48	54	2582	0	0	0	1	
5567	103450321	0	0	0	0	1	128	0	1	500	342	46	53	2472	0	0	0	1	
5568	103450354	0	0	0	0	1	128	0	1	502	346	46	54	2504	0	0	0	1	
5569	103450388	0	0	0	0	1	128	0	1	502	346	46	54	2484	0	0	0	1	
5570	103450421	0	0	0	0	1	128	0	1	502	346	46	54	2496	0	0	0	1	
5571	103450454	0	0	0	0	1	128	0	1	502	346	46	54	2494	0	0	0	1	
5572	103450488	0	0	0	0	1	128	0	1	502	346	46	54	2480	0	0	0	1	
5573	103450521	0	0	0	0	1	128	0	1	502	346	46	54	2463	0	0	0	1	
5574	103450554	0	0	0	0	1	128	0	1	502	348	45	54	2438	0	0	0	1	
5575	103450588	0	0	0	0	1	128	0	1	504	334	46	54	2478	0	0	0	1	
5576	103450621	0	0	0	0	1	128	0	1	502	326	46	53	2467	0	0	0	1	
5577	103450655	0	0	0	0	1	128	0	1	502	326	46	53	2444	0	0	0	1	
5578	103450688	0	0	0	0	1	128	0	1	502	326	46	53	2430	0	0	0	1	
5579	103450721	0	0	0	0	1	128	0	1	502	326	46	53	2424	0	0	0	1	
5580	103450755	0	0	0	0	1	128	0	1	502	326	46	53	2422	0	0	0	1	
5581	103450788	0	0	0	0	1	128	0	1	502	328	46	53	2412	0	0	0	1	
5582	103450821	0	0	0	0	1	128	0	1	502	328	46	53	2409	0	0	0	1	
5583	103450855	0	0	0	0	1	128	0	1	506	324	46	53	2409	0	0	0	1	
5584	103450888	0	0	0	0	1	128	0	1	506	322	46	52	2388	0	0	0	1	
5585	103450921	0	0	0	0	1	128	0	1	506	322	46	52	2400	0	0	0	1	
5586	103450955	0	0	0	0	1	128	0	1	506	322	46	53	2419	0	0	0	1	
5587	103450988	0	0	0	0	1	128	0	1	506	322	46	53	2429	0	0	0	1	
5588	103451022	0	0	0	0	1	128	0	1	506	322	46	53	2440	0	0	0	1	
5589	103451055	0	0	0	0	1	128	0	1	502	324	47	53	2486	0	0	0	1	
5590	103451088	0	0	0	0	1	128	0	1	500	324	47	53	2498	0	0	0	1	
5591	103451122	0	0	0	0	1	128	0	1	498	326	47	53	2500	0	0	0	1	
5592	103451155	0	0	0	0	1	128	0	1	488	324	49	58	2807	0	0	0	1	
5593	103451188	0	0	0	0	1	128	0	0	0	0	0	0	0	0	0	0	1	
5594	103451222	0	0	0	0	1	128	0	0	0	0	0	0	0	0	0	0	1	
5595	103451255	0	0	0	0	1	128	0	0	0	0	0	0	0	0	0	0	1	
5596	103451289	0	0	0	0	1	128	0	0	0	0	0	0	0	0	0	0	1	
5597	103451322	0	0	0	0	1	128	0	0	0	0	0	0	0	0	0	0	1	
5598	103451355	0	0	0	0	1	128	0	1	498	332	47	54	2573	0	0	0	1	
5599	103451389	0	0	0	0	1	128	0	1	500	326	47	51	2391	0	0	0	1	
5600	103451422	0	0	0	0	1	128	0	1	500	330	48	54	2579	0	0	0	1	
5601	103451455	0	0	0	0	1	128	0	1	500	328	47	53	2488	0	0	0	1	
5602	103451489	0	0	0	0	1	128	0	1	500	328	47	53	2491	0	0	0	1	
5603	103451522	0	0	0	0	1	128	0	1	500	328	47	53	2494	0	0	0	1	
5604	103451555	0	0	0	0	1	128	0	1	498	326	48	53	2528	0	0	0	1	
5605	103451589	0	0	0	0	1	128	0	1	496	326	47	53	2515	0	0	0	1	
5606	103451622	0	0	0	0	1	128	0	1	496	326	47	53	2529	0	0	0	1	
5607	103451656	0	0	0	0	1	128	0	1	496	326	48	53	2552	0	0	0	1	
5608	103451689	0	0	0	0	1	128	0	1	496	326	48	53	2564	0	0	0	1	
5609	103451722	0	0	0	0	1	128	0	1	496	326	48	53	2573	0	0	0	1	
5610	103451756	0	0	0	0	1	128	0	1	496	326	48	54	2580	0	0	0	1	
5611	103451789	0	0	0	0	1	128	0	1	494	326	48	54	2580	0	0	0	1	
5612	103451822	0	0	0	0	1	128	0	1	494	326	48	53	2571	0	0	0	1	
5613	103451856	0	0	0	0	1	128	0	1	494	326	48	53	2553	0	0	0	1	
5614	103451889	0	0	0	0	1	128	0	1	494	326	48	53	2530	0	0	0	1	
5615	103451922	0	0	0	0	1	128	0	1	494	326	47	53	2490	0	0	0	1	
5616	103451956	0	0	0	0	1	128	0	1	494	326	47	52	2447	0	0	0	1	
5617	103451989	0	0	0	0	1	128	0	1	494	326	47	51	2400	0	0	0	1	
5618	103452023	0	0	0	0	1	128	0	1	494	326	46	51	2378	0	0	0	1	
5619	103452056	0	0	0	0	1	128	0	1	494	326	46	51	2333	0	0	0	1	
5620	103452089	0	0	0	0	1	128	0	1	494	326	46	50	2285	0	0	0	1	
5621	103452123	0	0	0	0	1	128	0	1	490	348	43	47	2027	0	0	0	1	
5622	103452156	0	0	0	0	1	128	0	1	484	364	43	49	2073	0	0	0	1	
5623	103452189	0	0	0	0	1	128	0	1	486	364	42	48	2043	0	0	0	1	
5624	103452223	0	0	0	0	1	128	0	1	486	364	42	48	2008	0	0	0	1	
5625	103452256	0	0	0	0	1	128	0	1	482	366	42	46	1900	0	0	0	1	
5626	103452290	0	0	0	0	1	128	0	1	466	376	41	46	1913	0	0	0	1	
5627	103452323	0	0	0	0	1	128	0	1	466	376	41	46	1897	0	0	0	1	
5628	103452356	0	0	0	0	1	128	0	1	466	376	41	46	1874	0	0	0	1	
5629	103452390	0	0	0	0	1	128	0	1	466	376	41	46	1853	0	0	0	1	
5630	103452423	0	0	0	0	1	128	0	1	466	376	41	45	1844	0	0	0	1	
5631	103452456	0	0	0	0	1	128	0	1	466	376	40	45	1836	0	0	0	1	
5632	103452490	0	0	0	0	1	128	0	1	468	376	40	45	1832	0	0	0	1	
5633	103452523	0	0	0	0	1	128	0	1	468	376	41	45	1833	0	0	0	1	
5634	103452557	0	0	0	0	1	128	0	1	468	376	40	45	1832	0	0	0	1	
5635	103452590	0	0	0	0	1	128	0	1	468	376	41	45	1835	0	0	0	1	
5636	103452623	0	0	0	0	1	128	0	1	468	376	41	45	1852	0	0	0	1	
5637	103452657	0	0	0	0	1	128	0	1	468	376	41	46	1858	0	0	0	1	
5638	103452690	0	0	0	0	1	128	0	1	468	376	41	46	1876	0	0	0	1	
5639	103452723	0	0	0	0	1	128	0	1	468	376	41	46	1894	0	0	0	1	
5640	103452757	0	0	0	0	1	128	0	1	468	376	41	46	1896	0	0	0	1	
5641	103452790	0	0	0	0	1	128	0	1	468	376	41	46	1917	0	0	0	1	
5642	103452824	0	0	0	0	1	128	0	1	468	376	41	47	1924	0	0	0	1	
5643	103452857	0	0	0	0	1	128	0	1	468	376	41	47	1929	0	0	0	1	
5644	103452890	0	0	0	0	1	128	0	1	468	376	41	47	1925	0	0	0	1	
5645	103452924	0	0	0	0	1	128	0	1	468	376	41	46	1926	0	0	0	1	
5646	103452957	0	0	0	0	1	128	0	1	470	376	41	46	1910	0	0	0	1	
5647	103452990	0	0	0	0	1	128	0	1	474	344	60	85	5118	0	0	0	1	
5648	103453024	0	0	0	0	1	128	0	1	550	338	34	47	1603	0	0	0	1	
5649	103453057	0	0	0	0	1	128	0	1	550	340	34	47	1612	0	0	0	1	
5650	103453090	0	0	0	0	1	128	0	1	550	340	34	47	1599	0	0	0	1	
5651	103453124	0	0	0	0	1	128	0	1	550	340	34	47	1586	0	0	0	1	
5652	103453157	0	0	0	0	1	128	0	1	550	340	34	47	1589	0	0	0	1	
5653	103453191	0	0	0	0	1	128	0	1	552	338	34	47	1575	0	0	0	1	
5654	103453224	0	0	0	0	1	128	0	1	554	336	33	47	1557	0	0	0	1	
5655	103453257	0	0	0	0	1	128	0	1	554	336	33	47	1564	0	0	0	1	
5656	103453291	0	0	0	0	1	128	0	1	554	338	33	47	1554	0	0	0	1	
5657	103453324	0	0	0	0	1	128	0	1	554	336	33	47	1565	0	0	0	1	
5658	103453357	0	0	0	0	1	128	0	1	554	338	33	47	1574	0	0	0	1	
5659	103453391	0	0	0	0	1	128	0	1	554	338	33	47	1580	0	0	0	1	
5660	103453424	0	0	0	0	1	128	0	1	554	338	34	48	1605	0	0	0	1	
5661	103453458	0	0	0	0	1	128	0	1	554	338	34	48	1612	0	0	0	1	
5662	103453491	0	0	0	0	1	128	0	1	554	338	34	48	1632	0	0	0	1	
5663	103453524	0	0	0	0	1	128	0	1	554	338	34	48	1642	0	0	0	1	
5664	103453558	0	0	0	0	1	128	0	1	554	338	34	48	1652	0	0	0	1	
5665	103453591	0	0	0	0	1	128	0	1	552	322	35	50	1758	0	0	0	1	
5666	103453624	0	0	0	0	1	128	0	1	542	292	38	49	1848	0	0	0	1	
5667	103453658	0	0	0	0	1	128	0	1	530	274	40	48	1902	0	0	0	1	
5668	103453691	0	0	0	0	1	128	0	1	524	272	40	48	1938	0	0	0	1	
5669	103453724	0	0	0	0	1	128	0	1	524	272	40	48	1950	0	0	0	1	
5670	103453758	0	0	0	0	1	128	0	1	524	274	41	49	1975	0	0	0	1	
5671	103453791	0	0	0	0	1	128	0	1	524	274	41	49	1990	0	0	0	1	
5672	103453825	0	0	0	0	1	128	0	1	524	274	41	49	2001	0	0	0	1	
5673	103453858	0	0	0	0	1	128	0	1	524	274	41	48	1991	0	0	0	1	
5674	103453891	0	0	0	0	1	128	0	1	524	272	41	49	1979	0	0	0	1	
5675	103453925	0	0	0	0	1	128	0	1	524	272	41	49	2030	0	0	0	1	
5676	103453958	0	0	0	0	1	128	0	1	524	272	41	50	2049	0	0	0	1	
5677	103453991	0	0	0	0	1	128	0	1	524	272	41	50	2055	0	0	0	1	
5678	103454025	0	0	0	0	1	128	0	1	524	272	41	50	2062	0	0	0	1	
5679	103454058	0	0	0	0	1	128	0	1	524	272	41	50	2051	0	0	0	1	
5680	103454091	0	0	0	0	1	128	0	1	524	272	41	49	2016	0	0	0	1	
5681	103454125	0	0	0	0	1	128	0	1	524	272	41	48	2000	0	0	0	1	
5682	103454158	0	0	0	0	1	128	0	1	524	272	41	49	1981	0	0	0	1	
5683	103454192	0	0	0	0	1	128	0	1	524	272	40	49	1959	0	0	0	1	
5684	103454225	0	0	0	0	1	128	0	1	524	272	40	48	1927	0	0	0	1	
5685	103454258	0	0	0	0	1	128	0	1	524	272	40	48	1903	0	0	0	1	
5686	103454292	0	0	0	0	1	128	0	1	524	272	39	48	1885	0	0	0	1	
5687	103454325	0	0	0	0	1	128	0	0	0	0	0	0	0	0	0	0	1	
5688	103454358	0	0	0	0	1	128	0	1	460	306	38	42	1621	0	0	0	1	
5689	103454392	0	0	0	0	1	128	0	1	450	302	40	44	1769	0	0	0	1	
5690	103454425	0	0	0	0	1	128	0	1	444	306	45	46	2094	0	0	0	1	
5691	103454459	0	0	0	0	1	128	0	1	446	306	45	46	2070	0	0	0	1	
5692	103454492	0	0	0	0	1	128	0	1	444	306	45	46	2082	0	0	0	1	
5693	103454525	0	0	0	0	1	128	0	1	444	306	45	46	2053	0	0	0	1	
5694	103454559	0	0	0	0	1	128	0	1	444	306	45	46	2060	0	0	0	1	
5695	103454592	0	0	0	0	1	128	0	1	444	306	44	46	2032	0	0	0	1	
5696	103454625	0	0	0	0	1	128	0	1	444	306	44	46	2032	0	0	0	1	
5697	103454659	0	0	0	0	1	128	0	1	442	306	45	46	2047	0	0	0	1	
5698	103454692	0	0	0	0	1	128	0	1	442	306	45	46	2046	0	0	0	1	
5699	103454725	0	0	0	0	1	128	0	1	442	306	44	46	2036	0	0	0	1	
5700	103454759	0	0	0	0	1	128	0	1	440	306	45	46	2051	0	0	0	1	
5701	103454792	0	0	0	0	1	128	0	1	440	306	45	46	2061	0	0	0	1	
5702	103454826	0	0	0	0	1	128	0	1	440	306	45	46	2066	0	0	0	1	
5703	103454859	0	0	0	0	1	128	0	1	438	306	45	46	2084	0	0	0	1	
5704	103454892	0	0	0	0	1	128	0	1	438	306	45	46	2096	0	0	0	1	
5705	103454926	0	0	0	0	1	128	0	1	438	306	45	47	2115	0	0	0	1	
5706	103454959	0	0	0	0	1	128	0	1	438	306	45	47	2135	0	0	0	1	
5707	103454992	0	0	0	0	1	128	0	1	436	306	46	47	2144	0	0	0	1	
5708	103455026	0	0	0	0	1	128	0	1	438	308	44	46	2045	0	0	0	1	
5709	103455059	0	0	0	0	1	128	0	1	436	308	46	48	2187	0	0	0	1	
5710	103455093	0	0	0	0	1	128	0	1	436	308	46	48	2210	0	0	0	1	
5711	103455126	0	0	0	0	1	128	0	1	434	308	46	48	2217	0	0	0	1	
5712	103455159	0	0	0	0	1	128	0	1	434	308	46	48	2218	0	0	0	1	
5713	103455193	0	0	0	0	1	128	0	1	434	308	46	48	2229	0	0	0	1	
5714	103455226	0	0	0	0	1	128	0	1	432	308	46	48	2225	0	0	0	1	
5715	103455259	0	0	0	0	1	128	0	1	432	310	46	48	2215	0	0	0	1	
5716	103455293	0	0	0	0	1	128	0	1	432	312	44	47	2060	0	0	0	1	
5717	103455326	0	0	0	0	1	128	0	1	430	310	46	48	2185	0	0	0	1	
5718	103455359	0	0	0	0	1	128	0	1	430	310	46	48	2175	0	0	0	1	
5719	103455393	0	0	0	0	1	128	0	1	430	310	45	47	2143	0	0	0	1	
5720	103455426	0	0	0	0	1	128	0	1	428	310	43	47	2036	0	0	0	1	
5721	103455460	0	0	0	0	1	128	0	1	428	310	45	47	2109	0	0	0	1	
5722	103455493	0	0	0	0	1	128	0	1	428	310	45	47	2108	0	0	0	1	
5723	103455526	0	0	0	0	1	128	0	1	430	312	42	46	1915	0	0	0	1	
5724	103455560	0	0	0	0	1	128	0	0	0	0	0	0	0	0	0	0	1	
5725	103455593	0	0	0	0	1	128	0	1	500	344	40	47	1889	0	0	0	1	
5726	103455626	0	0	0	0	1	128	0	1	520	338	38	45	1695	0	0	0	1	
5727	103455660	0	0	0	0	1	128	0	1	530	334	37	46	1697	0	0	0	1	
5728	103455693	0	0	0	0	1	128	0	1	532	332	37	46	1688	0	0	0	1	
5729	103455727	0	0	0	0	1	128	0	1	534	332	36	46	1658	0	0	0	1	
5730	103455760	0	0	0	0	1	128	0	1	536	332	36	46	1644	0	0	0	1	
5731	103455793	0	0	0	0	1	128	0	1	536	330	36	46	1627	0	0	0	1	
5732	103455827	0	0	0	0	1	128	0	1	542	338	34	45	1555	0	0	0	1	
5733	103455860	0	0	0	0	1	128	0	1	546	342	33	46	1520	0	0	0	1	
5734	103455893	0	0	0	0	1	128	0	1	548	340	33	45	1515	0	0	0	1	
5735	103455927	0	0	0	0	1	128	0	1	548	340	33	45	1516	0	0	0	1	
5736	103455960	0	0	0	0	1	128	0	1	548	340	33	46	1526	0	0	0	1	
5737	103455994	0	0	0	0	1	128	0	1	548	340	34	46	1544	0	0	0	1	
5738	103456027	0	0	0	0	1	128	0	1	548	342	34	46	1553	0	0	0	1	
5739	103456060	0	0	0	0	1	128	0	1	526	342	38	46	1726	0	0	0	1	
5740	103456094	0	0	0	0	1	128	0	1	526	342	37	46	1709	0	0	0	1	
5741	103456127	0	0	0	0	1	128	0	1	526	342	37	46	1725	0	0	0	1	
5742	103456160	0	0	0	0	1	128	0	1	526	342	37	47	1739	0	0	0	1	
5743	103456194	0	0	0	0	1	128	0	1	522	342	38	46	1751	0	0	0	1	
5744	103456227	0	0	0	0	1	128	0	1	518	340	36	45	1597	0	0	0	1	
5745	103456260	0	0	0	0	1	128	0	1	516	336	39	47	1869	0	0	0	1	
5746	103456294	0	0	0	0	1	128	0	1	516	336	39	48	1877	0	0	0	1	
5747	103456327	0	0	0	0	1	128	0	1	516	336	40	48	1892	0	0	0	1	
5748	103456361	0	0	0	0	1	128	0	1	516	336	40	48	1917	0	0	0	1	
5749	103456394	0	0	0	0	1	128	0	1	516	336	40	48	1935	0	0	0	1	
5750	103456427	0	0	0	0	1	128	0	1	514	336	40	48	1958	0	0	0	1	
5751	103456461	0	0	0	0	1	128	0	1	514	336	41	49	1973	0	0	0	1	
5752	103456494	0	0	0	0	1	128	0	1	516	336	41	49	1984	0	0	0	1	
5753	103456527	0	0	0	0	1	128	0	1	540	342	36	49	1766	0	0	0	1	
5754	103456561	0	0	0	0	1	128	0	1	550	338	35	49	1723	0	0	0	1	
5755	103456594	0	0	0	0	1	128	0	1	550	338	36	49	1736	0	0	0	1	
5756	103456627	0	0	0	0	1	128	0	1	550	338	36	49	1739	0	0	0	1	
5757	103456661	0	0	0	0	1	128	0	1	552	338	36	49	1746	0	0	0	1	
5758	103456694	0	0	0	0	1	128	0	1	552	338	36	49	1752	0	0	0	1	
5759	103456728	0	0	0	0	1	128	0	1	552	338	36	49	1736	0	0	0	1	
5760	103456761	0	0	0	0	1	128	0	1	552	338	36	49	1745	0	0	0	1	
5761	103456794	0	0	0	0	1	128	0	1	552	338	35	49	1723	0	0	0	1	
5762	103456828	0	0	0	0	1	128	0	1	554	338	35	49	1727	0	0	0	1	
5763	103456861	0	0	0	0	1	128	0	1	554	338	35	49	1717	0	0	0	1	
5764	103456894	0	0	0	0	1	128	0	1	554	338	35	49	1713	0	0	0	1	
5765	103456928	0	0	0	0	1	128	0	1	554	338	35	48	1713	0	0	0	1	
5766	103456961	0	0	0	0	1	128	0	1	550	340	35	48	1675	0	0	0	1	
5767	103456995	0	0	0	0	1	128	0	0	0	0	0	0	0	0	0	0	1	
5768	103457028	0	0	0	0	1	128	0	0	0	0	0	0	0	0	0	0	1	
5769	103457061	0	0	0	0	1	128	0	0	0	0	0	0	0	0	0	0	1	
5770	103457095	0	0	0	0	1	128	0	1	502	326	34	43	1454	0	0	0	1	
5771	103457128	0	0	0	0	1	128	0	1	506	334	41	47	1945	0	0	0	1	
5772	103457161	0	0	0	0	1	128	0	1	506	334	41	47	1941	0	0	0	1	
5773	103457195	0	0	0	0	1	128	0	1	506	334	41	47	1929	0	0	0	1	
5774	103457228	0	0	0	0	1	128	0	1	506	332	41	47	1926	0	0	0	1	
5775	103457261	0	0	0	0	1	128	0	1	502	322	42	47	1971	0	0	0	1	
5776	103457295	0	0	0	0	1	128	0	1	502	322	42	47	1962	0	0	0	1	
5777	103457328	0	0	0	0	1	128	0	1	502	322	42	47	1975	0	0	0	1	
5778	103457362	0	0	0	0	1	128	0	1	502	322	42	47	1991	0	0	0	1	
5779	103457395	0	0	0	0	1	128	0	1	502	322	42	47	2006	0	0	0	1	
5780	103457428	0	0	0	0	1	128	0	1	502	322	42	48	2020	0	0	0	1	
5781	103457462	0	0	0	0	1	128	0	1	502	322	43	48	2046	0	0	0	1	
5782	103457495	0	0	0	0	1	128	0	1	502	324	43	48	2075	0	0	0	1	
5783	103457528	0	0	0	0	1	128	0	1	502	324	43	48	2094	0	0	0	1	
5784	103457562	0	0	0	0	1	128	0	1	500	324	43	48	2093	0	0	0	1	
5785	103457595	0	0	0	0	1	128	0	1	502	324	43	48	2073	0	0	0	1	
5786	103457629	0	0	0	0	1	128	0	1	502	324	43	48	2034	0	0	0	1	
5787	103457662	0	0	0	0	1	128	0	1	502	324	42	47	1988	0	0	0	1	
5788	103457695	0	0	0	0	1	128	0	1	502	324	42	47	1945	0	0	0	1	
5789	103457729	0	0	0	0	1	128	0	1	502	324	41	46	1897	0	0	0	1	
5790	103457762	0	0	0	0	1	128	0	1	502	324	41	46	1876	0	0	0	1	
5791	103457795	0	0	0	0	1	128	0	1	502	324	40	46	1840	0	0	0	1	
5792	103457829	0	0	0	0	1	128	0	1	502	324	40	45	1821	0	0	0	1	
5793	103457862	0	0	0	0	1	128	0	1	502	324	40	45	1812	0	0	0	1	
5794	103457895	0	0	0	0	1	128	0	1	502	324	40	45	1786	0	0	0	1	
5795	103457929	0	0	0	0	1	128	0	1	502	324	40	44	1770	0	0	0	1	
5796	103457962	0	0	0	0	1	128	0	1	502	324	40	44	1758	0	0	0	1	
5797	103457996	0	0	0	0	1	128	0	1	502	324	40	44	1754	0	0	0	1	
5798	103458029	0	0	0	0	1	128	0	1	510	328	38	44	1673	0	0	0	1	
5799	103458062	0	0	0	0	1	128	0	1	514	330	38	45	1694	0	0	0	1	
5800	103458096	0	0	0	0	1	128	0	1	514	330	38	45	1694	0	0	0	1	
5801	103458129	0	0	0	0	1	128	0	1	514	330	38	45	1706	0	0	0	1	
5802	103458162	0	0	0	0	1	128	0	1	514	330	38	45	1721	0	0	0	1	
5803	103458196	0	0	0	0	1	128	0	1	514	330	38	45	1732	0	0	0	1	
5804	103458229	0	0	0	0	1	128	0	1	514	332	39	45	1751	0	0	0	1	
5805	103458263	0	0	0	0	1	128	0	1	506	326	40	46	1836	0	0	0	1	
5806	103458296	0	0	0	0	1	128	0	1	504	324	40	46	1839	0	0	0	1	
5807	103458329	0	0	0	0	1	128	0	1	504	324	40	46	1836	0	0	0	1	
5808	103458363	0	0	0	0	1	128	0	1	504	324	40	46	1852	0	0	0	1	
5809	103458396	0	0	0	0	1	128	0	1	502	326	41	45	1846	0	0	0	1	
5810	103458429	0	0	0	0	1	128	0	0	0	0	0	0	0	0	0	0	1	
5811	103458463	0	0	0	0	1	128	0	0	0	0	0	0	0	0	0	0	1	
5812	103458496	0	0	0	0	1	128	0	0	0	0	0	0	0	0	0	0	1	
5813	103458529	0	0	0	0	1	128	0	0	0	0	0	0	0	0	0	0	1	
5814	103458563	0	0	0	0	1	128	0	1	496	332	40	45	1813	0	0	0	1	
5815	103458596	0	0	0	0	1	128	0	1	498	328	42	46	1932	0	0	0	1	
5816	103458630	0	0	0	0	1	128	0	1	500	326	42	47	1969	0	0	0	1	
5817	103458663	0	0	0	0	1	128	0	1	500	326	42	47	1995	0	0	0	1	
5818	103458696	0	0	0	0	1	128	0	1	500	326	42	48	2008	0	0	0	1	
5819	103458730	0	0	0	0	1	128	0	1	502	326	42	48	2015	0	0	0	1	
5820	103458763	0	0	0	0	1	128	0	1	502	326	42	48	2013	0	0	0	1	
5821	103458796	0	0	0	0	1	128	0	1	502	326	42	48	2031	0	0	0	1	
5822	103458830	0	0	0	0	1	128	0	1	502	324	42	48	2050	0	0	0	1	
5823	103458863	0	0	0	0	1	128	0	1	502	324	43	48	2054	0	0	0	1	
5824	103458896	0	0	0	0	1	128	0	1	502	324	43	48	2067	0	0	0	1	
5825	103458930	0	0	0	0	1	128	0	1	502	324	43	48	2074	0	0	0	1	
5826	103458963	0	0	0	0	1	128	0	1	502	324	43	49	2097	0	0	0	1	
5827	103458997	0	0	0	0	1	128	0	1	502	324	43	49	2106	0	0	0	1	
5828	103459030	0	0	0	0	1	128	0	1	502	324	43	49	2112	0	0	0	1	
5829	103459063	0	0	0	0	1	128	0	1	502	324	43	49	2116	0	0	0	1	
5830	103459097	0	0	0	0	1	128	0	1	502	324	43	49	2133	0	0	0	1	
5831	103459130	0	0	0	0	1	128	0	1	498	328	43	47	2036	0	0	0	1	
5832	103459163	0	0	0	0	1	128	0	1	470	352	44	48	2123	0	0	0	1	
5833	103459197	0	0	0	0	1	128	0	1	470	352	44	49	2145	0	0	0	1	
5834	103459230	0	0	0	0	1	128	0	1	470	352	45	49	2183	0	0	0	1	
5835	103459264	0	0	0	0	1	128	0	1	470	352	44	49	2179	0	0	0	1	
5836	103459297	0	0	0	0	1	128	0	1	470	352	44	49	2168	0	0	0	1	
5837	103459330	0	0	0	0	1	128	0	1	470	352	44	49	2159	0	0	0	1	
5838	103459364	0	0	0	0	1	128	0	1	470	352	44	49	2153	0	0	0	1	
5839	103459397	0	0	0	0	1	128	0	1	470	352	44	48	2134	0	0	0	1	
5840	103459430	0	0	0	0	1	128	0	1	468	352	44	48	2118	0	0	0	1	
5841	103459464	0	0	0	0	1	128	0	1	468	352	44	48	2111	0	0	0	1	
5842	103459497	0	0	0	0	1	128	0	1	468	352	44	48	2095	0	0	0	1	
5843	103459531	0	0	0	0	1	128	0	1	468	352	43	48	2065	0	0	0	1	
5844	103459564	0	0	0	0	1	128	0	1	468	352	43	47	2047	0	0	0	1	
5845	103459597	0	0	0	0	1	128	0	1	468	352	43	47	2032	0	0	0	1	
5846	103459631	0	0	0	0	1	128	0	1	468	352	43	47	2019	0	0	0	1	
5847	103459664	0	0	0	0	1	128	0	1	468	352	43	47	2016	0	0	0	1	
5848	103459697	0	0	0	0	1	128	0	1	468	352	43	47	2005	0	0	0	1	
5849	103459731	0	0	0	0	1	128	0	1	468	352	43	47	2012	0	0	0	1	
5850	103459764	0	0	0	0	1	128	0	1	468	352	43	47	2017	0	0	0	1	
5851	103459797	0	0	0	0	1	128	0	1	468	352	43	47	2021	0	0	0	1	
5852	103459831	0	0	0	0	1	128	0	1	468	354	43	47	2040	0	0	0	1	
5853	103459864	0	0	0	0	1	128	0	1	468	354	43	47	2050	0	0	0	1	
5854	103459898	0	0	0	0	1	128	0	1	464	340	44	47	2056	0	0	0	1	
5855	103459931	0	0	0	0	1	128	0	1	460	324	45	48	2172	0	0	0	1	
5856	103459964	0	0	0	0	1	128	0	1	458	324	45	48	2191	0	0	0	1	
5857	103459998	0	0	0	0	1	128	0	1	458	324	46	48	2222	0	0	0	1	
5858	103460031	0	0	0	0	1	128	0	1	458	324	46	49	2243	0	0	0	1	
5859	103460064	0	0	0	0	1	128	0	1	456	324	47	49	2284	0	0	0	1	
5860	103460098	0	0	0	0	1	128	0	1	456	324	46	49	2299	0	0	0	1	
5861	103460131	0	0	0	0	1	128	0	1	456	324	46	50	2314	0	0	0	1	
5862	103460165	0	0	0	0	1	128	0	1	456	324	47	50	2350	0	0	0	1	
5863	103460198	0	0	0	0	1	128	0	1	456	324	47	50	2380	0	0	0	1	
5864	103460231	0	0	0	0	1	128	0	1	456	324	47	51	2390	0	0	0	1	
5865	103460265	0	0	0	0	1	128	0	1	456	324	47	51	2405	0	0	0	1	
5866	103460298	0	0	0	0	1	128	0	1	456	324	48	51	2430	0	0	0	1	
5867	103460331	0	0	0	0	1	128	0	1	456	324	48	51	2454	0	0	0	1	
5868	103460365	0	0	0	0	1	128	0	1	456	324	48	51	2448	0	0	0	1	
5869	103460398	0	0	0	0	1	128	0	1	456	324	48	51	2457	0	0	0	1	
5870	103460431	0	0	0	0	1	128	0	1	456	324	48	51	2454	0	0	0	1	
5871	103460465	0	0	0	0	1	128	0	1	456	324	48	51	2458	0	0	0	1	
5872	103460498	0	0	0	0	1	128	0	1	456	324	48	51	2453	0	0	0	1	
5873	103460532	0	0	0	0	1	128	0	1	456	324	49	51	2471	0	0	0	1	
5874	103460565	0	0	0	0	1	128	0	1	484	328	41	49	2005	0	0	0	1	
5875	103460598	0	0	0	0	1	128	0	1	500	322	45	51	2291	0	0	0	1	
5876	103460632	0	0	0	0	1	128	0	1	502	322	45	51	2292	0	0	0	1	
5877	103460665	0	0	0	0	1	128	0	1	502	322	45	51	2284	0	0	0	1	
5878	103460698	0	0	0	0	1	128	0	1	502	322	45	51	2282	0	0	0	1	
5879	103460732	0	0	0	0	1	128	0	1	502	322	45	51	2273	0	0	0	1	
5880	103460765	0	0	0	0	1	128	0	1	502	322	45	51	2255	0	0	0	1	
5881	103460798	0	0	0	0	1	128	0	1	502	322	44	50	2228	0	0	0	1	
5882	103460832	0	0	0	0	1	128	0	1	502	322	44	50	2210	0	0	0	1	
5883	103460865	0	0	0	0	1	128	0	1	502	322	44	50	2174	0	0	0	1	
5884	103460899	0	0	0	0	1	128	0	1	502	322	44	49	2148	0	0	0	1	
5885	103460932	0	0	0	0	1	128	0	1	502	322	43	49	2105	0	0	0	1	
5886	103460965	0	0	0	0	1	128	0	1	502	324	42	49	2071	0	0	0	1	
5887	103460999	0	0	0	0	1	128	0	1	502	322	42	48	2048	0	0	0	1	
5888	103461032	0	0	0	0	1	128	0	1	502	324	42	48	2028	0	0	0	1	
5889	103461065	0	0	0	0	1	128	0	1	502	324	42	48	2020	0	0	0	1	
5890	103461099	0	0	0	0	1	128	0	1	502	324	42	48	2004	0	0	0	1	
5891	103461132	0	0	0	0	1	128	0	1	502	324	42	47	1994	0	0	0	1	
5892	103461166	0	0	0	0	1	128	0	1	502	324	42	47	1987	0	0	0	1	
5893	103461199	0	0	0	0	1	128	0	1	502	324	42	47	1998	0	0	0	1	
5894	103461232	0	0	0	0	1	128	0	1	502	324	42	47	1995	0	0	0	1	
5895	103461266	0	0	0	0	1	128	0	1	502	324	42	48	2010	0	0	0	1	
5896	103461299	0	0	0	0	1	128	0	1	502	324	42	48	2022	0	0	0	1	
5897	103461332	0	0	0	0	1	128	0	1	502	324	42	48	2037	0	0	0	1	
5898	103461366	0	0	0	0	1	128	0	1	502	324	42	49	2054	0	0	0	1	
5899	103461399	0	0	0	0	1	128	0	1	498	310	43	49	2129	0	0	0	1	
5900	103461432	0	0	0	0	1	128	0	1	496	304	44	48	2125	0	0	0	1	
5901	103461466	0	0	0	0	1	128	0	1	494	304	44	49	2140	0	0	0	1	
5902	103461499	0	0	0	0	1	128	0	1	494	304	44	49	2153	0	0	0	1	
5903	103461533	0	0	0	0	1	128	0	1	494	304	44	49	2183	0	0	0	1	
5904	103461566	0	0	0	0	1	128	0	1	494	304	45	49	2197	0	0	0	1	
5905	103461599	0	0	0	0	1	128	0	1	494	304	45	49	2204	0	0	0	1	
5906	103461633	0	0	0	0	1	128	0	1	494	304	45	50	2220	0	0	0	1	
5907	103461666	0	0	0	0	1	128	0	1	494	304	45	50	2238	0	0	0	1	
5908	103461699	0	0	0	0	1	128	0	1	494	304	45	50	2252	0	0	0	1	
5909	103461733	0	0	0	0	1	128	0	1	494	304	45	50	2258	0	0	0	1	
5910	103461766	0	0	0	0	1	128	0	1	496	310	45	48	2172	0	0	0	1	
5911	103461799	0	0	0	0	1	128	0	1	504	324	44	50	2204	0	0	0	1	
5912	103461833	0	0	0	0	1	128	0	1	504	324	44	50	2228	0	0	0	1	
5913	103461866	0	0	0	0	1	128	0	1	504	324	44	50	2231	0	0	0	1	
5914	103461900	0	0	0	0	1	128	0	1	504	324	44	50	2223	0	0	0	1	
5915	103461933	0	0	0	0	1	128	0	1	504	324	44	50	2214	0	0	0	1	
5916	103461966	0	0	0	0	1	128	0	1	504	324	44	50	2208	0	0	0	1	
5917	103462000	0	0	0	0	1	128	0	1	504	324	44	50	2201	0	0	0	1	
5918	103462033	0	0	0	0	1	128	0	1	504	324	44	50	2189	0	0	0	1	
5919	103462066	0	0	0	0	1	128	0	1	504	324	44	50	2182	0	0	0	1	
5920	103462100	0	0	0	0	1	128	0	1	504	324	44	50	2179	0	0	0	1	
5921	103462133	0	0	0	0	1	128	0	1	522	302	41	50	2059	0	0	0	1	
5922	103462167	0	0	0	0	1	128	0	1	524	300	41	50	2048	0	0	0	1	
5923	103462200	0	0	0	0	1	128	0	1	524	300	41	50	2058	0	0	0	1	
5924	103462233	0	0	0	0	1	128	0	1	524	300	41	50	2062	0	0	0	1	
5925	103462267	0	0	0	0	1	128	0	1	524	300	41	50	2073	0	0	0	1	
5926	103462300	0	0	0	0	1	128	0	1	524	300	42	50	2082	0	0	0	1	
5927	103462333	0	0	0	0	1	128	0	1	524	300	42	50	2097	0	0	0	1	
5928	103462367	0	0	0	0	1	128	0	1	524	300	42	51	2119	0	0	0	1	
5929	103462400	0	0	0	0	1	128	0	1	524	300	42	51	2127	0	0	0	1	
5930	103462434	0	0	0	0	1	128	0	1	524	300	42	51	2151	0	0	0	1	
5931	103462467	0	0	0	0	1	128	0	1	524	300	42	51	2160	0	0	0	1	
5932	103462500	0	0	0	0	1	128	0	1	524	300	43	51	2174	0	0	0	1	
5933	103462534	0	0	0	0	1	128	0	1	524	300	43	51	2190	0	0	0	1	
5934	103462567	0	0	0	0	1	128	0	1	524	300	43	51	2194	0	0	0	1	
5935	103462600	0	0	0	0	1	128	0	1	524	302	43	51	2196	0	0	0	1	
5936	103462634	0	0	0	0	1	128	0	1	524	300	43	52	2210	0	0	0	1	
5937	103462667	0	0	0	0	1	128	0	1	524	302	43	52	2219	0	0	0	1	
5938	103462700	0	0	0	0	1	128	0	1	524	302	43	52	2218	0	0	0	1	
5939	103462734	0	0	0	0	1	128	0	1	524	302	43	52	2210	0	0	0	1	
5940	103462767	0	0	0	0	1	128	0	1	524	302	43	52	2212	0	0	0	1	
5941	103462801	0	0	0	0	1	128	0	1	524	302	43	52	2201	0	0	0	1	
5942	103462834	0	0	0	0	1	128	0	1	484	308	61	79	4870	0	0	0	1	
5943	103462867	0	0	0	0	1	128	0	1	514	326	43	51	2199	0	0	0	1	
5944	103462901	0	0	0	0	1	128	0	1	514	326	43	51	2197	0	0	0	1	
5945	103462934	0	0	0	0	1	128	0	1	516	326	43	51	2191	0	0	0	1	
5946	103462967	0	0	0	0	1	128	0	1	514	326	43	51	2184	0	0	0	1	
5947	103463001	0	0	0	0	1	128	0	1	514	326	43	51	2176	0	0	0	1	
5948	103463034	0	0	0	0	1	128	0	1	516	326	42	51	2151	0	0	0	1	
5949	103463068	0	0	0	0	1	128	0	1	516	326	42	51	2125	0	0	0	1	
5950	103463101	0	0	0	0	1	128	0	1	516	326	42	50	2097	0	0	0	1	
5951	103463134	0	0	0	0	1	128	0	1	516	326	41	50	2065	0	0	0	1	
5952	103463168	0	0	0	0	1	128	0	1	516	326	41	49	2039	0	0	0	1	
5953	103463201	0	0	0	0	1	128	0	1	516	326	41	49	2004	0	0	0	1	
5954	103463234	0	0	0	0	1	128	0	1	516	326	41	49	1987	0	0	0	1	
5955	103463268	0	0	0	0	1	128	0	1	516	326	41	49	1973	0	0	0	1	
5956	103463301	0	0	0	0	1	128	0	1	516	326	41	49	1969	0	0	0	1	
5957	103463334	0	0	0	0	1	128	0	1	516	326	41	48	1964	0	0	0	1	
5958	103463368	0	0	0	0	1	128	0	1	516	326	41	48	1960	0	0	0	1	
5959	103463401	0	0	0	0	1	128	0	1	516	326	41	49	1974	0	0	0	1	
5960	103463435	0	0	0	0	1	128	0	1	516	326	41	49	1980	0	0	0	1	
5961	103463468	0	0	0	0	1	128	0	1	516	326	41	49	1988	0	0	0	1	
5962	103463501	0	0	0	0	1	128	0	1	516	326	41	49	2016	0	0	0	1	
5963	103463535	0	0	0	0	1	128	0	1	516	326	41	50	2030	0	0	0	1	
5964	103463568	0	0	0	0	1	128	0	1	516	326	41	50	2054	0	0	0	1	
5965	103463601	0	0	0	0	1	128	0	1	522	328	41	49	2005	0	0	0	1	
5966	103463635	0	0	0	0	1	128	0	1	548	330	36	50	1797	0	0	0	1	
5967	103463668	0	0	0	0	1	128	0	1	550	330	37	50	1838	0	0	0	1	
5968	103463702	0	0	0	0	1	128	0	1	550	330	37	50	1854	0	0	0	1	
5969	103463735	0	0	0	0	1	128	0	1	550	330	37	51	1856	0	0	0	1	
5970	103463768	0	0	0	0	1	128	0	1	550	330	37	51	1877	0	0	0	1	
5971	103463802	0	0	0	0	1	128	0	1	550	330	37	51	1885	0	0	0	1	
5972	103463835	0	0	0	0	1	128	0	1	550	330	37	51	1887	0	0	0	1	
5973	103463868	0	0	0	0	1	128	0	1	550	330	37	51	1900	0	0	0	1	
5974	103463902	0	0	0	0	1	128	0	1	550	330	37	51	1893	0	0	0	1	
5975	103463935	0	0	0	0	1	128	0	1	550	330	37	51	1886	0	0	0	1	
5976	103463969	0	0	0	0	1	128	0	1	550	330	37	51	1888	0	0	0	1	
5977	103464002	0	0	0	0	1	128	0	1	550	330	37	51	1857	0	0	0	1	
5978	103464035	0	0	0	0	1	128	0	1	550	330	37	50	1845	0	0	0	1	
5979	103464069	0	0	0	0	1	128	0	1	550	330	36	50	1832	0	0	0	1	
5980	103464102	0	0	0	0	1	128	0	1	550	330	36	50	1828	0	0	0	1	
5981	103464135	0	0	0	0	1	128	0	1	550	330	36	50	1820	0	0	0	1	
5982	103464169	0	0	0	0	1	128	0	1	550	330	36	50	1809	0	0	0	1	
5983	103464202	0	0	0	0	1	128	0	1	550	330	36	50	1813	0	0	0	1	
5984	103464235	0	0	0	0	1	128	0	1	550	330	36	50	1818	0	0	0	1	
5985	103464269	0	0	0	0	1	128	0	1	550	330	36	50	1826	0	0	0	1	
5986	103464302	0	0	0	0	1	128	0	1	550	330	36	51	1839	0	0	0	1	
5987	103464336	0	0	0	0	1	128	0	1	548	330	37	51	1858	0	0	0	1	
5988	103464369	0	0	0	0	1	128	0	1	514	328	44	50	2203	0	0	0	1	
5989	103464402	0	0	0	0	1	128	0	1	502	322	44	51	2249	0	0	0	1	
5990	103464436	0	0	0	0	1	128	0	1	502	324	44	51	2276	0	0	0	1	
5991	103464469	0	0	0	0	1	128	0	1	500	324	45	52	2309	0	0	0	1	
5992	103464502	0	0	0	0	1	128	0	1	500	324	45	52	2331	0	0	0	1	
5993	103464536	0	0	0	0	1	128	0	1	500	324	45	52	2339	0	0	0	1	
5994	103464569	0	0	0	0	1	128	0	1	500	324	45	52	2363	0	0	0	1	
5995	103464602	0	0	0	0	1	128	0	1	500	324	45	53	2376	0	0	0	1	
5996	103464636	0	0	0	0	1	128	0	1	500	324	46	53	2393	0	0	0	1	
5997	103464669	0	0	0	0	1	128	0	1	500	324	46	53	2401	0	0	0	1	
5998	103464703	0	0	0	0	1	128	0	1	500	324	46	53	2411	0	0	0	1	
5999	103464736	0	0	0	0	1	128	0	1	500	324	46	53	2411	0	0	0	1	
6000	103464769	0	0	0	0	1	128	0	1	500	324	46	53	2413	0	0	0	1	
6001	103464803	0	0	0	0	1	128	0	1	500	324	46	52	2396	0	0	0	1	
6002	103464836	0	0	0	0	1	128	0	1	500	326	45	52	2368	0	0	0	1	
6003	103464869	0	0	0	0	1	128	0	1	500	324	45	52	2338	0	0	0	1	
6004	103464903	0	0	0	0	1	128	0	1	500	324	45	51	2307	0	0	0	1	
6005	103464936	0	0	0	0	1	128	0	1	500	324	45	51	2287	0	0	0	1	
6006	103464970	0	0	0	0	1	128	0	1	500	324	44	51	2263	0	0	0	1	
6007	103465003	0	0	0	0	1	128	0	1	500	324	44	51	2256	0	0	0	1	
6008	103465036	0	0	0	0	1	128	0	1	500	324	44	51	2240	0	0	0	1	
6009	103465070	0	0	0	0	1	128	0	1	500	324	44	51	2229	0	0	0	1	
6010	103465103	0	0	0	0	1	128	0	1	502	330	44	49	2153	0	0	0	1	
6011	103465136	0	0	0	0	1	128	0	1	516	356	40	50	1980	0	0	0	1	
6012	103465170	0	0	0	0	1	128	0	1	516	354	40	50	2020	0	0	0	1	
6013	103465203	0	0	0	0	1	128	0	1	516	354	40	50	2024	0	0	0	1	
6014	103465236	0	0	0	0	1	128	0	1	516	354	40	50	2022	0	0	0	1	
6015	103465270	0	0	0	0	1	128	0	1	516	354	40	50	2031	0	0	0	1	
6016	103465303	0	0	0	0	1	128	0	1	516	356	40	50	2021	0	0	0	1	
6017	103465337	0	0	0	0	1	128	0	1	516	356	40	50	2019	0	0	0	1	
6018	103465370	0	0	0	0	1	128	0	1	516	356	40	50	2008	0	0	0	1	
6019	103465403	0	0	0	0	1	128	0	1	516	356	40	50	1994	0	0	0	1	
6020	103465437	0	0	0	0	1	128	0	1	516	356	40	50	1981	0	0	0	1	
6021	103465470	0	0	0	0	1	128	0	1	516	356	40	49	1965	0	0	0	1	
6022	103465503	0	0	0	0	1	128	0	1	516	356	40	49	1956	0	0	0	1	
6023	103465537	0	0	0	0	1	128	0	1	516	356	40	49	1942	0	0	0	1	
6024	103465570	0	0	0	0	1	128	0	1	516	356	39	49	1923	0	0	0	1	
6025	103465603	0	0	0	0	1	128	0	1	516	354	39	49	1920	0	0	0	1	
6026	103465637	0	0	0	0	1	128	0	1	516	356	39	49	1936	0	0	0	1	
6027	103465670	0	0	0	0	1	128	0	1	516	356	39	49	1936	0	0	0	1	
6028	103465704	0	0	0	0	1	128	0	1	516	356	40	49	1953	0	0	0	1	
6029	103465737	0	0	0	0	1	128	0	1	516	356	40	49	1964	0	0	0	1	
6030	103465770	0	0	0	0	1	128	0	1	516	356	40	50	1983	0	0	0	1	
6031	103465804	0	0	0	0	1	128	0	1	516	356	40	50	1997	0	0	0	1	
6032	103465837	0	0	0	0	1	128	0	1	516	356	40	50	2024	0	0	0	1	
6033	103465871	0	0	0	0	1	128	0	1	530	336	37	51	1902	0	0	0	1	
6034	103465904	0	0	0	0	1	128	0	1	538	332	39	51	1980	0	0	0	1	
6035	103465937	0	0	0	0	1	128	0	1	538	332	39	51	1988	0	0	0	1	
6036	103465971	0	0	0	0	1	128	0	1	538	332	39	51	2013	0	0	0	1	
6037	103466004	0	0	0	0	1	128	0	1	538	332	40	51	2032	0	0	0	1	
6038	103466037	0	0	0	0	1	128	0	1	538	332	40	52	2065	0	0	0	1	
6039	103466071	0	0	0	0	1	128	0	1	538	332	40	52	2078	0	0	0	1	
6040	103466104	0	0	0	0	1	128	0	1	538	332	40	52	2092	0	0	0	1	
6041	103466137	0	0	0	0	1	128	0	1	538	332	40	52	2103	0	0	0	1	
6042	103466171	0	0	0	0	1	128	0	1	538	332	40	52	2113	0	0	0	1	
6043	103466204	0	0	0	0	1	128	0	1	538	332	40	52	2121	0	0	0	1	
6044	103466237	0	0	0	0	1	128	0	1	538	334	40	53	2132	0	0	0	1	
6045	103466271	0	0	0	0	1	128	0	1	538	332	40	53	2129	0	0	0	1	
6046	103466304	0	0	0	0	1	128	0	1	538	334	40	53	2141	0	0	0	1	
6047	103466338	0	0	0	0	1	128	0	1	538	334	40	53	2144	0	0	0	1	
6048	103466371	0	0	0	0	1	128	0	1	538	334	41	53	2153	0	0	0	1	
6049	103466404	0	0	0	0	1	128	0	1	538	334	41	53	2153	0	0	0	1	
6050	103466438	0	0	0	0	1	128	0	1	538	334	41	53	2159	0	0	0	1	
6051	103466471	0	0	0	0	1	128	0	1	538	334	41	53	2163	0	0	0	1	
6052	103466505	0	0	0	0	1	128	0	1	538	334	41	53	2167	0	0	0	1	
6053	103466538	0	0	0	0	1	128	0	1	538	334	41	53	2176	0	0	0	1	
6054	103466571	0	0	0	0	1	128	0	1	538	334	41	53	2179	0	0	0	1	
6055	103466605	0	0	0	0	1	128	0	1	514	338	47	52	2444	0	0	0	1	
6056	103466638	0	0	0	0	1	128	0	1	508	342	45	54	2397	0	0	0	1	
6057	103466671	0	0	0	0	1	128	0	1	508	342	45	54	2405	0	0	0	1	
6058	103466705	0	0	0	0	1	128	0	1	508	342	45	54	2412	0	0	0	1	
6059	103466738	0	0	0	0	1	128	0	1	508	342	45	54	2414	0	0	0	1	
6060	103466771	0	0	0	0	1	128	0	1	508	342	45	54	2414	0	0	0	1	
6061	103466805	0	0	0	0	1	128	0	1	508	342	45	54	2413	0	0	0	1	
6062	103466838	0	0	0	0	1	128	0	1	508	342	45	54	2404	0	0	0	1	
6063	103466872	0	0	0	0	1	128	0	1	508	342	45	53	2393	0	0	0	1	
6064	103466905	0	0	0	0	1	128	0	1	508	342	45	53	2383	0	0	0	1	
6065	103466938	0	0	0	0	1	128	0	1	508	342	45	53	2367	0	0	0	1	
6066	103466972	0	0	0	0	1	128	0	1	508	342	44	53	2335	0	0	0	1	
6067	103467005	0	0	0	0	1	128	0	1	508	342	44	52	2307	0	0	0	1	
6068	103467038	0	0	0	0	1	128	0	1	508	342	44	52	2268	0	0	0	1	
6069	103467072	0	0	0	0	1	128	0	1	508	342	43	52	2223	0	0	0	1	
6070	103467105	0	0	0	0	1	128	0	1	508	342	43	51	2187	0	0	0	1	
6071	103467138	0	0	0	0	1	128	0	1	508	342	43	51	2150	0	0	0	1	
6072	103467172	0	0	0	0	1	128	0	1	508	342	42	50	2127	0	0	0	1	
6073	103467205	0	0	0	0	1	128	0	1	508	342	42	50	2096	0	0	0	1	
6074	103467239	0	0	0	0	1	128	0	1	508	342	42	49	2070	0	0	0	1	
6075	103467272	0	0	0	0	1	128	0	1	508	342	41	49	2033	0	0	0	1	
6076	103467305	0	0	0	0	1	128	0	1	508	342	41	49	2019	0	0	0	1	
6077	103467339	0	0	0	0	1	128	0	1	518	346	39	48	1904	0	0	0	1	
6078	103467372	0	0	0	0	1	128	0	1	524	348	38	48	1858	0	0	0	1	
6079	103467405	0	0	0	0	1	128	0	1	524	348	38	48	1851	0	0	0	1	
6080	103467439	0	0	0	0	1	128	0	1	524	348	38	48	1851	0	0	0	1	
6081	103467472	0	0	0	0	1	128	0	1	524	348	38	48	1858	0	0	0	1	
6082	103467506	0	0	0	0	1	128	0	1	524	348	39	49	1875	0	0	0	1	
6083	103467539	0	0	0	0	1	128	0	1	524	348	39	49	1885	0	0	0	1	
6084	103467572	0	0	0	0	1	128	0	1	524	348	39	49	1899	0	0	0	1	
6085	103467606	0	0	0	0	1	128	0	1	524	348	39	49	1914	0	0	0	1	
6086	103467639	0	0	0	0	1	128	0	1	524	348	39	49	1921	0	0	0	1	
6087	103467672	0	0	0	0	1	128	0	1	524	348	39	49	1925	0	0	0	1	
6088	103467706	0	0	0	0	1	128	0	1	524	348	39	49	1933	0	0	0	1	
6089	103467739	0	0	0	0	1	128	0	1	524	348	39	49	1931	0	0	0	1	
6090	103467772	0	0	0	0	1	128	0	1	524	348	39	49	1932	0	0	0	1	
6091	103467806	0	0	0	0	1	128	0	1	524	348	39	49	1941	0	0	0	1	
6092	103467839	0	0	0	0	1	128	0	1	524	350	39	49	1939	0	0	0	1	
6093	103467873	0	0	0	0	1	128	0	1	524	348	39	50	1958	0	0	0	1	
6094	103467906	0	0	0	0	1	128	0	1	524	348	39	50	1965	0	0	0	1	
6095	103467939	0	0	0	0	1	128	0	1	524	348	40	50	1979	0	0	0	1	
6096	103467973	0	0	0	0	1	128	0	1	524	350	40	50	1994	0	0	0	1	
6097	103468006	0	0	0	0	1	128	0	1	524	348	40	50	2016	0	0	0	1	
6098	103468039	0	0	0	0	1	128	0	1	524	348	40	51	2028	0	0	0	1	
6099	103468073	0	0	0	0	1	128	0	1	526	348	41	51	2073	0	0	0	1	
6100	103468106	0	0	0	0	1	128	0	1	536	326	40	52	2104	0	0	0	1	
6101	103468140	0	0	0	0	1	128	0	1	534	322	41	51	2109	0	0	0	1	
6102	103468173	0	0	0	0	1	128	0	1	534	322	41	51	2127	0	0	0	1	
6103	103468206	0	0	0	0	1	128	0	1	534	322	41	52	2140	0	0	0	1	
6104	103468240	0	0	0	0	1	128	0	1	532	322	41	52	2157	0	0	0	1	
6105	103468273	0	0	0	0	1	128	0	1	532	322	42	52	2180	0	0	0	1	
6106	103468306	0	0	0	0	1	128	0	1	532	324	42	53	2194	0	0	0	1	
6107	103468340	0	0	0	0	1	128	0	1	532	324	42	53	2204	0	0	0	1	
6108	103468373	0	0	0	0	1	128	0	1	532	324	42	53	2216	0	0	0	1	
6109	103468406	0	0	0	0	1	128	0	1	532	324	42	53	2245	0	0	0	1	
6110	103468440	0	0	0	0	1	128	0	1	532	324	42	53	2239	0	0	0	1	
6111	103468473	0	0	0	0	1	128	0	1	532	324	42	53	2264	0	0	0	1	
6112	103468507	0	0	0	0	1	128	0	1	532	324	42	53	2256	0	0	0	1	
6113	103468540	0	0	0	0	1	128	0	1	530	324	42	53	2252	0	0	0	1	
6114	103468573	0	0	0	0	1	128	0	1	516	328	44	54	2378	0	0	0	1	
6115	103468607	0	0	0	0	1	128	0	1	516	328	44	54	2359	0	0	0	1	
6116	103468640	0	0	0	0	1	128	0	1	516	328	44	53	2358	0	0	0	1	
6117	103468673	0	0	0	0	1	128	0	1	516	328	44	53	2348	0	0	0	1	
6118	103468707	0	0	0	0	1	128	0	1	516	328	44	53	2351	0	0	0	1	
6119	103468740	0	0	0	0	1	128	0	1	516	328	44	54	2368	0	0	0	1	
6120	103468774	0	0	0	0	1	128	0	1	516	328	44	54	2368	0	0	0	1	
6121	103468807	0	0	0	0	1	128	0	1	516	328	44	54	2382	0	0	0	1	
6122	103468840	0	0	0	0	1	128	0	1	516	328	44	54	2387	0	0	0	1	
6123	103468874	0	0	0	0	1	128	0	1	516	328	45	54	2392	0	0	0	1	
6124	103468907	0	0	0	0	1	128	0	1	516	328	45	54	2400	0	0	0	1	
6125	103468940	0	0	0	0	1	128	0	1	518	332	44	54	2377	0	0	0	1	
6126	103468974	0	0	0	0	1	128	0	1	518	332	45	54	2402	0	0	0	1	
6127	103469007	0	0	0	0	1	128	0	1	518	332	45	54	2405	0	0	0	1	
6128	103469041	0	0	0	0	1	128	0	1	518	332	45	54	2413	0	0	0	1	
6129	103469074	0	0	0	0	1	128	0	1	518	332	45	54	2401	0	0	0	1	
6130	103469107	0	0	0	0	1	128	0	1	518	332	44	54	2374	0	0	0	1	
6131	103469141	0	0	0	0	1	128	0	1	518	332	44	53	2342	0	0	0	1	
6132	103469174	0	0	0	0	1	128	0	1	518	332	44	53	2298	0	0	0	1	
6133	103469207	0	0	0	0	1	128	0	1	518	332	43	52	2255	0	0	0	1	
6134	103469241	0	0	0	0	1	128	0	1	518	332	43	52	2201	0	0	0	1	
6135	103469274	0	0	0	0	1	128	0	1	518	332	42	51	2159	0	0	0	1	
6136	103469307	0	0	0	0	1	128	0	1	518	332	42	51	2121	0	0	0	1	
6137	103469341	0	0	0	0	1	128	0	1	518	332	42	50	2100	0	0	0	1	
6138	103469374	0	0	0	0	1	128	0	1	518	332	41	50	2065	0	0	0	1	
6139	103469408	0	0	0	0	1	128	0	1	518	332	41	50	2040	0	0	0	1	
6140	103469441	0	0	0	0	1	128	0	1	518	332	41	49	1998	0	0	0	1	
6141	103469474	0	0	0	0	1	128	0	1	518	332	40	49	1972	0	0	0	1	
6142	103469508	0	0	0	0	1	128	0	1	518	332	40	49	1965	0	0	0	1	
6143	103469541	0	0	0	0	1	128	0	1	518	332	40	48	1945	0	0	0	1	
6144	103469574	0	0	0	0	1	128	0	1	518	332	40	49	1945	0	0	0	1	
6145	103469608	0	0	0	0	1	128	0	1	536	318	37	49	1814	0	0	0	1	
6146	103469641	0	0	0	0	1	128	0	1	544	312	37	48	1767	0	0	0	1	
6147	103469674	0	0	0	0	1	128	0	1	544	312	37	48	1769	0	0	0	1	
6148	103469708	0	0	0	0	1	128	0	1	544	312	37	49	1789	0	0	0	1	
6149	103469741	0	0	0	0	1	128	0	1	544	312	37	49	1811	0	0	0	1	
6150	103469775	0	0	0	0	1	128	0	1	544	312	37	49	1832	0	0	0	1	
6151	103469808	0	0	0	0	1	128	0	1	544	314	38	49	1853	0	0	0	1	
6152	103469841	0	0	0	0	1	128	0	1	544	314	38	50	1888	0	0	0	1	
6153	103469875	0	0	0	0	1	128	0	1	544	314	38	50	1915	0	0	0	1	
6154	103469908	0	0	0	0	1	128	0	1	544	314	38	50	1937	0	0	0	1	
6155	103469941	0	0	0	0	1	128	0	1	544	314	38	51	1950	0	0	0	1	
6156	103469975	0	0	0	0	1	128	0	1	544	312	39	51	1967	0	0	0	1	
6157	103470008	0	0	0	0	1	128	0	1	538	316	39	50	1930	0	0	0	1	
6158	103470042	0	0	0	0	1	128	0	1	520	326	42	51	2161	0	0	0	1	
6159	103470075	0	0	0	0	1	128	0	1	520	324	42	51	2147	0	0	0	1	
6160	103470108	0	0	0	0	1	128	0	1	520	324	42	51	2152	0	0	0	1	
6161	103470142	0	0	0	0	1	128	0	1	520	326	42	51	2134	0	0	0	1	
6162	103470175	0	0	0	0	1	128	0	1	520	326	42	51	2138	0	0	0	1	
6163	103470208	0	0	0	0	1	128	0	1	520	326	42	51	2134	0	0	0	1	
6164	103470242	0	0	0	0	1	128	0	1	520	326	42	51	2124	0	0	0	1	
6165	103470275	0	0	0	0	1	128	0	1	520	326	42	51	2119	0	0	0	1	
6166	103470309	0	0	0	0	1	128	0	1	520	328	42	49	2060	0	0	0	1	
6167	103470342	0	0	0	0	1	128	0	1	520	326	42	51	2119	0	0	0	1	
6168	103470375	0	0	0	0	1	128	0	1	520	326	42	51	2119	0	0	0	1	
6169	103470409	0	0	0	0	1	128	0	1	506	322	45	51	2252	0	0	0	1	
6170	103470442	0	0	0	0	1	128	0	1	504	320	44	51	2242	0	0	0	1	
6171	103470475	0	0	0	0	1	128	0	1	504	322	44	51	2255	0	0	0	1	
6172	103470509	0	0	0	0	1	128	0	1	502	322	45	51	2259	0	0	0	1	
6173	103470542	0	0	0	0	1	128	0	1	502	322	45	51	2278	0	0	0	1	
6174	103470575	0	0	0	0	1	128	0	1	502	322	45	51	2291	0	0	0	1	
6175	103470609	0	0	0	0	1	128	0	1	502	322	45	51	2297	0	0	0	1	
6176	103470642	0	0	0	0	1	128	0	1	502	322	45	51	2309	0	0	0	1	
6177	103470676	0	0	0	0	1	128	0	1	502	322	45	51	2308	0	0	0	1	
6178	103470709	0	0	0	0	1	128	0	1	502	322	45	51	2304	0	0	0	1	
6179	103470742	0	0	0	0	1	128	0	1	502	322	45	51	2289	0	0	0	1	
6180	103470776	0	0	0	0	1	128	0	1	502	322	45	51	2264	0	0	0	1	
6181	103470809	0	0	0	0	1	128	0	1	504	322	44	50	2221	0	0	0	1	
6182	103470842	0	0	0	0	1	128	0	1	504	322	44	50	2199	0	0	0	1	
6183	103470876	0	0	0	0	1	128	0	1	504	322	44	49	2167	0	0	0	1	
6184	103470909	0	0	0	0	1	128	0	1	502	322	43	49	2123	0	0	0	1	
6185	103470942	0	0	0	0	1	128	0	1	502	322	43	49	2104	0	0	0	1	
6186	103470976	0	0	0	0	1	128	0	1	504	326	41	46	1894	0	0	0	1	
6187	103471009	0	0	0	0	1	128	0	1	502	322	43	48	2058	0	0	0	1	
6188	103471043	0	0	0	0	1	128	0	1	502	322	43	48	2054	0	0	0	1	
6189	103471076	0	0	0	0	1	128	0	1	502	322	43	48	2048	0	0	0	1	
6190	103471109	0	0	0	0	1	128	0	1	502	322	43	48	2048	0	0	0	1	
6191	103471143	0	0	0	0	1	128	0	1	490	320	43	48	2078	0	0	0	1	
6192	103471176	0	0	0	0	1	128	0	1	476	312	45	47	2140	0	0	0	1	
6193	103471209	0	0	0	0	1	128	0	1	476	312	45	48	2144	0	0	0	1	
6194	103471243	0	0	0	0	1	128	0	1	474	312	45	48	2176	0	0	0	1	
6195	103471276	0	0	0	0	1	128	0	1	476	316	44	47	2073	0	0	0	1	
6196	103471310	0	0	0	0	1	128	0	1	476	316	44	47	2069	0	0	0	1	
6197	103471343	0	0	0	0	1	128	0	1	476	316	45	47	2096	0	0	0	1	
6198	103471376	0	0	0	0	1	128	0	1	474	314	46	48	2209	0	0	0	1	
6199	103471410	0	0	0	0	1	128	0	1	478	314	46	48	2226	0	0	0	1	
6200	103471443	0	0	0	0	1	128	0	1	490	318	44	49	2177	0	0	0	1	
6201	103471476	0	0	0	0	1	128	0	1	490	318	44	49	2186	0	0	0	1	
6202	103471510	0	0	0	0	1	128	0	1	490	318	44	49	2174	0	0	0	1	
6203	103471543	0	0	0	0	1	128	0	1	492	318	44	49	2141	0	0	0	1	
6204	103471577	0	0	0	0	1	128	0	1	492	318	44	48	2106	0	0	0	1	
6205	103471610	0	0	0	0	1	128	0	1	492	318	43	48	2060	0	0	0	1	
6206	103471643	0	0	0	0	1	128	0	1	492	318	43	47	2033	0	0	0	1	
6207	103471677	0	0	0	0	1	128	0	1	492	318	42	47	1995	0	0	0	1	
6208	103471710	0	0	0	0	1	128	0	1	492	318	42	47	1978	0	0	0	1	
6209	103471743	0	0	0	0	1	128	0	1	492	318	42	47	1965	0	0	0	1	
6210	103471777	0	0	0	0	1	128	0	1	492	318	42	47	1963	0	0	0	1	
6211	103471810	0	0	0	0	1	128	0	1	492	318	42	46	1948	0	0	0	1	
6212	103471843	0	0	0	0	1	128	0	1	492	318	42	46	1951	0	0	0	1	
6213	103471877	0	0	0	0	1	128	0	1	492	318	42	47	1966	0	0	0	1	
6214	103471910	0	0	0	0	1	128	0	1	462	320	44	47	2058	0	0	0	1	
6215	103471943	0	0	0	0	1	128	0	1	456	318	45	46	2066	0	0	0	1	
6216	103471977	0	0	0	0	1	128	0	1	456	320	44	46	2055	0	0	0	1	
6217	103472010	0	0	0	0	1	128	0	1	456	320	45	47	2086	0	0	0	1	
6218	103472044	0	0	0	0	1	128	0	1	456	320	45	47	2102	0	0	0	1	
6219	103472077	0	0	0	0	1	128	0	1	456	320	45	47	2112	0	0	0	1	
6220	103472110	0	0	0	0	1	128	0	1	456	320	45	48	2126	0	0	0	1	
6221	103472144	0	0	0	0	1	128	0	1	456	320	45	48	2185	0	0	0	1	
6222	103472177	0	0	0	0	1	128	0	1	456	320	45	48	2140	0	0	0	1	
6223	103472210	0	0	0	0	1	128	0	1	458	324	42	47	1948	0	0	0	1	
6224	103472244	0	0	0	0	1	128	0	1	456	320	46	48	2208	0	0	0	1	
6225	103472277	0	0	0	0	1	128	0	1	456	320	45	48	2142	0	0	0	1	
6226	103472311	0	0	0	0	1	128	0	1	454	320	47	48	2265	0	0	0	1	
6227	103472344	0	0	0	0	1	128	0	1	456	320	45	48	2165	0	0	0	1	
6228	103472377	0	0	0	0	1	128	0	1	456	320	45	48	2150	0	0	0	1	
6229	103472411	0	0	0	0	1	128	0	1	456	320	45	47	2126	0	0	0	1	
6230	103472444	0	0	0	0	1	128	0	1	456	320	45	47	2129	0	0	0	1	
6231	103472477	0	0	0	0	1	128	0	1	456	320	45	47	2119	0	0	0	1	
6232	103472511	0	0	0	0	1	128	0	1	456	320	45	47	2112	0	0	0	1	
6233	103472544	0	0	0	0	1	128	0	1	456	320	45	47	2107	0	0	0	1	
6234	103472577	0	0	0	0	1	128	0	1	456	320	45	47	2094	0	0	0	1	
6235	103472611	0	0	0	0	1	128	0	1	458	320	44	47	2083	0	0	0	1	
6236	103472644	0	0	0	0	1	128	0	1	468	310	44	46	2045	0	0	0	1	
6237	103472678	0	0	0	0	1	128	0	1	468	308	45	47	2076	0	0	0	1	
6238	103472711	0	0	0	0	1	128	0	1	468	310	44	46	2029	0	0	0	1	
6239	103472744	0	0	0	0	1	128	0	1	468	310	44	46	2045	0	0	0	1	
6240	103472778	0	0	0	0	1	128	0	1	468	310	44	46	2041	0	0	0	1	
6241	103472811	0	0	0	0	1	128	0	1	468	310	44	47	2060	0	0	0	1	
6242	103472844	0	0	0	0	1	128	0	1	468	310	44	47	2072	0	0	0	1	
6243	103472878	0	0	0	0	1	128	0	1	468	308	45	47	2096	0	0	0	1	
6244	103472911	0	0	0	0	1	128	0	1	468	308	45	47	2105	0	0	0	1	
6245	103472945	0	0	0	0	1	128	0	1	470	312	41	45	1865	0	0	0	1	
6246	103472978	0	0	0	0	1	128	0	1	468	310	45	48	2127	0	0	0	1	
6247	103473011	0	0	0	0	1	128	0	1	468	310	45	48	2157	0	0	0	1	
6248	103473045	0	0	0	0	1	128	0	1	488	306	44	48	2099	0	0	0	1	
6249	103473078	0	0	0	0	1	128	0	1	498	306	43	49	2089	0	0	0	1	
6250	103473111	0	0	0	0	1	128	0	1	498	306	43	49	2097	0	0	0	1	
6251	103473145	0	0	0	0	1	128	0	1	498	306	43	49	2116	0	0	0	1	
6252	103473178	0	0	0	0	1	128	0	1	498	306	43	49	2124	0	0	0	1	
6253	103473212	0	0	0	0	1	128	0	1	498	306	44	49	2128	0	0	0	1	
6254	103473245	0	0	0	0	1	128	0	1	498	308	43	49	2131	0	0	0	1	
6255	103473278	0	0	0	0	1	128	0	1	498	308	44	49	2132	0	0	0	1	
6256	103473312	0	0	0	0	1	128	0	1	498	306	44	49	2145	0	0	0	1	
6257	103473345	0	0	0	0	1	128	0	1	498	306	44	49	2151	0	0	0	1	
6258	103473378	0	0	0	0	1	128	0	1	498	308	44	49	2160	0	0	0	1	
6259	103473412	0	0	0	0	1	128	0	1	480	314	45	48	2131	0	0	0	1	
6260	103473445	0	0	0	0	1	128	0	1	480	314	45	48	2133	0	0	0	1	
6261	103473478	0	0	0	0	1	128	0	1	480	314	46	49	2247	0	0	0	1	
6262	103473512	0	0	0	0	1	128	0	1	480	314	46	49	2267	0	0	0	1	
6263	103473545	0	0	0	0	1	128	0	1	480	314	46	49	2272	0	0	0	1	
6264	103473579	0	0	0	0	1	128	0	1	480	314	46	50	2286	0	0	0	1	
6265	103473612	0	0	0	0	1	128	0	1	480	314	46	50	2291	0	0	0	1	
6266	103473645	0	0	0	0	1	128	0	1	482	312	46	50	2329	0	0	0	1	
6267	103473679	0	0	0	0	1	128	0	1	484	312	46	50	2326	0	0	0	1	
6268	103473712	0	0	0	0	1	128	0	1	482	314	46	50	2280	0	0	0	1	
6269	103473745	0	0	0	0	1	128	0	0	0	0	0	0	0	0	0	0	1	
6270	103473779	0	0	0	0	1	128	0	1	484	318	43	44	1868	0	0	0	1	
6271	103473812	0	0	0	0	1	128	0	1	482	310	34	45	1548	0	0	0	1	
6272	103473846	0	0	0	0	1	128	0	1	488	318	45	48	2171	0	0	0	1	
6273	103473879	0	0	0	0	1	128	0	1	488	318	45	49	2206	0	0	0	1	
6274	103473912	0	0	0	0	1	128	0	1	488	318	45	49	2207	0	0	0	1	
6275	103473946	0	0	0	0	1	128	0	1	488	318	45	49	2194	0	0	0	1	
6276	103473979	0	0	0	0	1	128	0	1	488	318	45	49	2188	0	0	0	1	
6277	103474012	0	0	0	0	1	128	0	1	490	318	45	49	2193	0	0	0	1	
6278	103474046	0	0	0	0	1	128	0	1	490	318	45	49	2174	0	0	0	1	
6279	103474079	0	0	0	0	1	128	0	1	490	318	44	49	2175	0	0	0	1	
6280	103474112	0	0	0	0	1	128	0	1	490	318	44	49	2187	0	0	0	1	
6281	103474146	0	0	0	0	1	128	0	1	490	316	44	49	2197	0	0	0	1	
6282	103474179	0	0	0	0	1	128	0	1	496	302	44	49	2180	0	0	0	1	
6283	103474213	0	0	0	0	1	128	0	1	494	302	44	49	2191	0	0	0	1	
6284	103474246	0	0	0	0	1	128	0	1	494	302	45	49	2206	0	0	0	1	
6285	103474279	0	0	0	0	1	128	0	1	494	302	45	50	2218	0	0	0	1	
6286	103474313	0	0	0	0	1	128	0	1	494	302	45	50	2227	0	0	0	1	
6287	103474346	0	0	0	0	1	128	0	1	494	302	45	50	2248	0	0	0	1	
6288	103474379	0	0	0	0	1	128	0	1	494	302	45	50	2259	0	0	0	1	
6289	103474413	0	0	0	0	1	128	0	1	494	302	45	50	2270	0	0	0	1	
6290	103474446	0	0	0	0	1	128	0	1	494	302	45	50	2272	0	0	0	1	
6291	103474480	0	0	0	0	1	128	0	1	494	302	45	50	2281	0	0	0	1	
6292	103474513	0	0	0	0	1	128	0	1	494	304	45	50	2284	0	0	0	1	
6293	103474546	0	0	0	0	1	128	0	1	494	302	45	50	2287	0	0	0	1	
6294	103474580	0	0	0	0	1	128	0	1	494	302	45	50	2285	0	0	0	1	
6295	103474613	0	0	0	0	1	128	0	1	494	304	45	50	2282	0	0	0	1	
6296	103474646	0	0	0	0	1	128	0	1	494	304	45	50	2265	0	0	0	1	
6297	103474680	0	0	0	0	1	128	0	1	494	304	45	50	2258	0	0	0	1	
6298	103474713	0	0	0	0	1	128	0	1	494	304	45	50	2249	0	0	0	1	
6299	103474746	0	0	0	0	1	128	0	1	494	304	45	50	2237	0	0	0	1	
6300	103474780	0	0	0	0	1	128	0	1	494	304	45	50	2233	0	0	0	1	
6301	103474813	0	0	0	0	1	128	0	1	494	304	45	50	2228	0	0	0	1	
6302	103474847	0	0	0	0	1	128	0	1	494	304	45	50	2223	0	0	0	1	
6303	103474880	0	0	0	0	1	128	0	1	498	320	44	47	2076	0	0	0	1	
6304	103474913	0	0	0	0	1	128	0	1	500	328	44	50	2178	0	0	0	1	
6305	103474947	0	0	0	0	1	128	0	1	500	328	44	50	2184	0	0	0	1	
6306	103474980	0	0	0	0	1	128	0	1	500	328	44	50	2186	0	0	0	1	
6307	103475013	0	0	0	0	1	128	0	1	500	328	44	50	2197	0	0	0	1	
6308	103475047	0	0	0	0	1	128	0	1	500	328	44	50	2195	0	0	0	1	
6309	103475080	0	0	0	0	1	128	0	1	500	328	44	50	2198	0	0	0	1	
6310	103475114	0	0	0	0	1	128	0	1	500	328	44	50	2181	0	0	0	1	
6311	103475147	0	0	0	0	1	128	0	1	500	330	43	50	2156	0	0	0	1	
6312	103475180	0	0	0	0	1	128	0	1	500	328	43	49	2124	0	0	0	1	
6313	103475214	0	0	0	0	1	128	0	1	500	330	43	49	2099	0	0	0	1	
6314	103475247	0	0	0	0	1	128	0	1	500	330	43	49	2068	0	0	0	1	
6315	103475280	0	0	0	0	1	128	0	1	500	330	42	48	2039	0	0	0	1	
6316	103475314	0	0	0	0	1	128	0	1	500	330	42	48	2007	0	0	0	1	
6317	103475347	0	0	0	0	1	128	0	1	500	330	42	47	1977	0	0	0	1	
6318	103475380	0	0	0	0	1	128	0	1	500	330	42	47	1959	0	0	0	1	
6319	103475414	0	0	0	0	1	128	0	1	500	330	41	47	1934	0	0	0	1	
6320	103475447	0	0	0	0	1	128	0	1	500	330	41	46	1909	0	0	0	1	
6321	103475481	0	0	0	0	1	128	0	1	500	330	41	46	1886	0	0	0	1	
6322	103475514	0	0	0	0	1	128	0	1	500	330	41	46	1870	0	0	0	1	
6323	103475547	0	0	0	0	1	128	0	1	500	330	41	46	1858	0	0	0	1	
6324	103475581	0	0	0	0	1	128	0	1	500	330	41	45	1848	0	0	0	1	
6325	103475614	0	0	0	0	1	128	0	1	498	340	40	44	1732	0	0	0	1	
6326	103475647	0	0	0	0	1	128	0	1	496	360	39	45	1762	0	0	0	1	
6327	103475681	0	0	0	0	1	128	0	1	498	360	39	46	1780	0	0	0	1	
6328	103475714	0	0	0	0	1	128	0	1	498	360	39	46	1781	0	0	0	1	
6329	103475748	0	0	0	0	1	128	0	1	498	360	39	46	1796	0	0	0	1	
6330	103475781	0	0	0	0	1	128	0	1	498	360	39	46	1803	0	0	0	1	
6331	103475814	0	0	0	0	1	128	0	1	498	360	39	46	1807	0	0	0	1	
6332	103475848	0	0	0	0	1	128	0	1	498	360	39	46	1799	0	0	0	1	
6333	103475881	0	0	0	0	1	128	0	1	498	360	39	46	1789	0	0	0	1	
6334	103475914	0	0	0	0	1	128	0	1	498	360	39	46	1775	0	0	0	1	
6335	103475948	0	0	0	0	1	128	0	1	498	360	39	46	1769	0	0	0	1	
6336	103475981	0	0	0	0	1	128	0	1	498	360	39	46	1763	0	0	0	1	
6337	103476014	0	0	0	0	1	128	0	1	498	360	39	45	1750	0	0	0	1	
6338	103476048	0	0	0	0	1	128	0	1	496	360	39	45	1752	0	0	0	1	
6339	103476081	0	0	0	0	1	128	0	1	496	360	39	45	1753	0	0	0	1	
6340	103476115	0	0	0	0	1	128	0	1	496	360	39	45	1761	0	0	0	1	
6341	103476148	0	0	0	0	1	128	0	1	498	360	39	46	1770	0	0	0	1	
6342	103476181	0	0	0	0	1	128	0	1	498	360	39	46	1782	0	0	0	1	
6343	103476215	0	0	0	0	1	128	0	1	498	360	39	46	1797	0	0	0	1	
6344	103476248	0	0	0	0	1	128	0	1	496	360	39	46	1822	0	0	0	1	
6345	103476281	0	0	0	0	1	128	0	1	498	360	40	47	1854	0	0	0	1	
6346	103476315	0	0	0	0	1	128	0	1	498	360	40	47	1877	0	0	0	1	
6347	103476348	0	0	0	0	1	128	0	1	498	360	40	48	1916	0	0	0	1	
6348	103476381	0	0	0	0	1	128	0	1	496	360	40	48	1936	0	0	0	1	
6349	103476415	0	0	0	0	1	128	0	1	496	360	41	48	1972	0	0	0	1	
6350	103476448	0	0	0	0	1	128	0	1	496	360	41	49	1995	0	0	0	1	
6351	103476482	0	0	0	0	1	128	0	1	496	360	41	49	2013	0	0	0	1	
6352	103476515	0	0	0	0	1	128	0	1	498	360	42	49	2056	0	0	0	1	
6353	103476548	0	0	0	0	1	128	0	1	496	360	42	50	2079	0	0	0	1	
6354	103476582	0	0	0	0	1	128	0	1	496	360	42	50	2105	0	0	0	1	
6355	103476615	0	0	0	0	1	128	0	1	496	360	42	50	2122	0	0	0	1	
6356	103476648	0	0	0	0	1	128	0	1	496	360	42	50	2138	0	0	0	1	
6357	103476682	0	0	0	0	1	128	0	1	496	360	43	51	2155	0	0	0	1	
6358	103476715	0	0	0	0	1	128	0	1	496	360	43	51	2165	0	0	0	1	
6359	103476749	0	0	0	0	1	128	0	1	496	360	43	51	2171	0	0	0	1	
6360	103476782	0	0	0	0	1	128	0	1	496	360	43	51	2178	0	0	0	1	
6361	103476815	0	0	0	0	1	128	0	1	496	360	43	51	2189	0	0	0	1	
6362	103476849	0	0	0	0	1	128	0	1	496	360	43	51	2195	0	0	0	1	
6363	103476882	0	0	0	0	1	128	0	1	496	360	43	51	2200	0	0	0	1	
6364	103476915	0	0	0	0	1	128	0	1	496	360	43	51	2202	0	0	0	1	
6365	103476949	0	0	0	0	1	128	0	1	496	360	43	51	2213	0	0	0	1	
6366	103476982	0	0	0	0	1	128	0	1	510	352	42	52	2175	0	0	0	1	
6367	103477015	0	0	0	0	1	128	0	1	512	352	42	52	2168	0	0	0	1	
6368	103477049	0	0	0	0	1	128	0	1	512	352	42	52	2177	0	0	0	1	
6369	103477082	0	0	0	0	1	128	0	1	512	352	42	52	2186	0	0	0	1	
6370	103477116	0	0	0	0	1	128	0	1	512	352	42	52	2187	0	0	0	1	
6371	103477149	0	0	0	0	1	128	0	1	512	352	42	52	2192	0	0	0	1	
6372	103477182	0	0	0	0	1	128	0	1	496	358	44	52	2251	0	0	0	1	
6373	103477216	0	0	0	0	1	128	0	1	496	358	44	52	2268	0	0	0	1	
6374	103477249	0	0	0	0	1	128	0	1	496	358	44	52	2269	0	0	0	1	
6375	103477282	0	0	0	0	1	128	0	1	496	358	44	52	2274	0	0	0	1	
6376	103477316	0	0	0	0	1	128	0	1	496	358	44	52	2278	0	0	0	1	
6377	103477349	0	0	0	0	1	128	0	1	496	358	44	52	2280	0	0	0	1	
6378	103477383	0	0	0	0	1	128	0	1	496	358	44	52	2284	0	0	0	1	
6379	103477416	0	0	0	0	1	128	0	1	496	358	44	52	2283	0	0	0	1	
6380	103477449	0	0	0	0	1	128	0	1	496	358	44	52	2290	0	0	0	1	
6381	103477483	0	0	0	0	1	128	0	1	496	358	44	52	2284	0	0	0	1	
6382	103477516	0	0	0	0	1	128	0	1	496	358	44	52	2281	0	0	0	1	
6383	103477549	0	0	0	0	1	128	0	1	496	358	44	52	2261	0	0	0	1	
6384	103477583	0	0	0	0	1	128	0	1	496	358	44	52	2252	0	0	0	1	
6385	103477616	0	0	0	0	1	128	0	1	496	358	43	52	2222	0	0	0	1	
6386	103477649	0	0	0	0	1	128	0	1	496	358	43	51	2190	0	0	0	1	
6387	103477683	0	0	0	0	1	128	0	1	496	358	43	50	2154	0	0	0	1	
6388	103477716	0	0	0	0	1	128	0	1	496	358	42	50	2129	0	0	0	1	
6389	103477750	0	0	0	0	1	128	0	1	496	358	42	50	2120	0	0	0	1	
6390	103477783	0	0	0	0	1	128	0	1	496	358	42	50	2093	0	0	0	1	
6391	103477816	0	0	0	0	1	128	0	1	496	358	42	50	2083	0	0	0	1	
6392	103477850	0	0	0	0	1	128	0	1	496	358	42	50	2081	0	0	0	1	
6393	103477883	0	0	0	0	1	128	0	1	498	358	42	50	2077	0	0	0	1	
6394	103477916	0	0	0	0	1	128	0	1	498	358	42	50	2078	0	0	0	1	
6395	103477950	0	0	0	0	1	128	0	1	498	360	42	50	2085	0	0	0	1	
6396	103477983	0	0	0	0	1	128	0	1	498	358	42	50	2082	0	0	0	1	
6397	103478017	0	0	0	0	1	128	0	1	498	358	42	50	2088	0	0	0	1	
6398	103478050	0	0	0	0	1	128	0	1	498	358	42	50	2095	0	0	0	1	
6399	103478083	0	0	0	0	1	128	0	1	496	358	42	50	2100	0	0	0	1	
6400	103478117	0	0	0	0	1	128	0	1	496	358	42	50	2104	0	0	0	1	
6401	103478150	0	0	0	0	1	128	0	1	496	358	42	50	2103	0	0	0	1	
6402	103478183	0	0	0	0	1	128	0	1	496	358	42	50	2102	0	0	0	1	
6403	103478217	0	0	0	0	1	128	0	1	496	358	42	50	2105	0	0	0	1	
6404	103478250	0	0	0	0	1	128	0	1	496	358	42	50	2102	0	0	0	1	
6405	103478283	0	0	0	0	1	128	0	1	496	358	42	50	2099	0	0	0	1	
6406	103478317	0	0	0	0	1	128	0	1	496	358	42	50	2103	0	0	0	1	
6407	103478350	0	0	0	0	1	128	0	1	496	358	42	50	2096	0	0	0	1	
6408	103478384	0	0	0	0	1	128	0	1	496	358	42	50	2092	0	0	0	1	
6409	103478417	0	0	0	0	1	128	0	1	498	354	41	48	1992	0	0	0	1	
6410	103478450	0	0	0	0	1	128	0	1	504	324	44	49	2142	0	0	0	1	
6411	103478484	0	0	0	0	1	128	0	1	502	324	43	49	2113	0	0	0	1	
6412	103478517	0	0	0	0	1	128	0	1	502	326	43	49	2106	0	0	0	1	
6413	103478550	0	0	0	0	1	128	0	1	502	326	43	49	2109	0	0	0	1	
6414	103478584	0	0	0	0	1	128	0	1	502	326	44	49	2111	0	0	0	1	
6415	103478617	0	0	0	0	1	128	0	1	502	326	43	49	2120	0	0	0	1	
6416	103478651	0	0	0	0	1	128	0	1	496	324	44	49	2171	0	0	0	1	
6417	103478684	0	0	0	0	1	128	0	1	496	324	44	49	2177	0	0	0	1	
6418	103478717	0	0	0	0	1	128	0	1	496	324	44	49	2195	0	0	0	1	
6419	103478751	0	0	0	0	1	128	0	1	496	326	45	50	2212	0	0	0	1	
6420	103478784	0	0	0	0	1	128	0	1	496	324	45	50	2220	0	0	0	1	
6421	103478817	0	0	0	0	1	128	0	1	496	326	45	50	2239	0	0	0	1	
6422	103478851	0	0	0	0	1	128	0	1	496	324	45	50	2243	0	0	0	1	
6423	103478884	0	0	0	0	1	128	0	1	506	322	44	50	2171	0	0	0	1	
6424	103478917	0	0	0	0	1	128	0	1	506	322	43	49	2144	0	0	0	1	
6425	103478951	0	0	0	0	1	128	0	0	0	0	0	0	0	0	0	0	1	
6426	103478984	0	0	0	0	1	128	0	0	0	0	0	0	0	0	0	0	1	
6427	103479018	0	0	0	0	1	128	0	0	0	0	0	0	0	0	0	0	1	
6428	103479051	0	0	0	0	1	128	0	0	0	0	0	0	0	0	0	0	1	
6429	103479084	0	0	0	0	1	128	0	0	0	0	0	0	0	0	0	0	1	
6430	103479118	0	0	0	0	1	128	0	0	0	0	0	0	0	0	0	0	1	
6431	103479151	0	0	0	0	1	128	0	1	492	328	32	42	1352	0	0	0	1	
6432	103479184	0	0	0	0	1	128	0	1	498	336	42	47	1977	0	0	0	1	
6433	103479218	0	0	0	0	1	128	0	1	498	334	40	44	1766	0	0	0	1	
6434	103479251	0	0	0	0	1	128	0	0	0	0	0	0	0	0	0	0	1	
6435	103479285	0	0	0	0	1	128	0	0	0	0	0	0	0	0	0	0	1	
6436	103479318	0	0	0	0	1	128	0	0	0	0	0	0	0	0	0	0	1	
6437	103479351	0	0	0	0	1	128	0	1	498	334	42	46	1940	0	0	0	1	
6438	103479385	0	0	0	0	1	128	0	1	500	332	42	48	2043	0	0	0	1	
6439	103479418	0	0	0	0	1	128	0	1	500	332	43	49	2071	0	0	0	1	
6440	103479451	0	0	0	0	1	128	0	1	500	332	43	49	2094	0	0	0	1	
6441	103479485	0	0	0	0	1	128	0	1	500	332	43	49	2116	0	0	0	1	
6442	103479518	0	0	0	0	1	128	0	1	500	332	43	50	2154	0	0	0	1	
6443	103479552	0	0	0	0	1	128	0	1	498	328	44	50	2227	0	0	0	1	
6444	103479585	0	0	0	0	1	128	0	1	496	326	45	50	2244	0	0	0	1	
6445	103479618	0	0	0	0	1	128	0	1	496	326	45	51	2269	0	0	0	1	
6446	103479652	0	0	0	0	1	128	0	1	496	326	45	51	2292	0	0	0	1	
6447	103479685	0	0	0	0	1	128	0	1	496	326	45	51	2305	0	0	0	1	
6448	103479718	0	0	0	0	1	128	0	1	496	328	45	51	2318	0	0	0	1	
6449	103479752	0	0	0	0	1	128	0	1	494	330	45	47	2124	0	0	0	1	
6450	103479785	0	0	0	0	1	128	0	0	0	0	0	0	0	0	0	0	1	
6451	103479818	0	0	0	0	1	128	0	0	0	0	0	0	0	0	0	0	1	
6452	103479852	0	0	0	0	1	128	0	0	0	0	0	0	0	0	0	0	1	
6453	103479885	0	0	0	0	1	128	0	1	508	344	45	58	2606	0	0	0	1	
6454	103479918	0	0	0	0	1	128	0	1	510	330	43	51	2212	0	0	0	1	
6455	103479952	0	0	0	0	1	128	0	1	510	328	43	51	2197	0	0	0	1	
