Version	1.08	gmtime	1441281311
index	timestamp	eyeroihoriz	eyeroivert	eyeroizoomx	eyeroizoomy	blendmode	blendfactor	onlinecalib	eye_valid	eye_x	eye_y	eye_w	eye_h	eye_a	field_x	field_y	displaymode	displayeyedetection	event
7774	103523965	0	0	0	0	1	128	0	1	498	334	41	46	1878	0	0	0	1	
7775	103523998	0	0	0	0	1	128	0	1	498	334	41	46	1872	0	0	0	1	
7776	103524031	0	0	0	0	1	128	0	1	498	334	41	46	1864	0	0	0	1	
7777	103524065	0	0	0	0	1	128	0	1	498	334	40	46	1858	0	0	0	1	
7778	103524098	0	0	0	0	1	128	0	1	498	334	41	46	1858	0	0	0	1	
7779	103524132	0	0	0	0	1	128	0	1	498	334	40	46	1864	0	0	0	1	
7780	103524165	0	0	0	0	1	128	0	1	498	334	41	46	1876	0	0	0	1	
7781	103524198	0	0	0	0	1	128	0	1	498	334	41	46	1897	0	0	0	1	
7782	103524232	0	0	0	0	1	128	0	1	498	334	41	47	1918	0	0	0	1	
7783	103524265	0	0	0	0	1	128	0	1	498	334	42	47	1947	0	0	0	1	
7784	103524298	0	0	0	0	1	128	0	1	498	334	42	47	1966	0	0	0	1	
7785	103524332	0	0	0	0	1	128	0	1	496	332	42	47	2003	0	0	0	1	
7786	103524365	0	0	0	0	1	128	0	1	496	332	42	47	1997	0	0	0	1	
7787	103524398	0	0	0	0	1	128	0	1	496	332	42	47	2007	0	0	0	1	
7788	103524432	0	0	0	0	1	128	0	1	496	332	42	47	2011	0	0	0	1	
7789	103524465	0	0	0	0	1	128	0	1	496	332	42	47	2002	0	0	0	1	
7790	103524499	0	0	0	0	1	128	0	1	496	332	42	47	1999	0	0	0	1	
7791	103524532	0	0	0	0	1	128	0	1	496	332	42	47	1993	0	0	0	1	
7792	103524565	0	0	0	0	1	128	0	1	496	332	42	47	1972	0	0	0	1	
7793	103524599	0	0	0	0	1	128	0	1	496	332	42	47	1964	0	0	0	1	
7794	103524632	0	0	0	0	1	128	0	1	496	332	42	46	1930	0	0	0	1	
7795	103524665	0	0	0	0	1	128	0	1	498	332	41	46	1883	0	0	0	1	
7796	103524699	0	0	0	0	1	128	0	1	500	330	41	45	1841	0	0	0	1	
7797	103524732	0	0	0	0	1	128	0	1	500	330	40	45	1805	0	0	0	1	
7798	103524766	0	0	0	0	1	128	0	1	500	330	40	44	1766	0	0	0	1	
7799	103524799	0	0	0	0	1	128	0	1	500	330	39	44	1738	0	0	0	1	
7800	103524832	0	0	0	0	1	128	0	1	500	330	39	44	1694	0	0	0	1	
7801	103524866	0	0	0	0	1	128	0	1	500	330	39	43	1671	0	0	0	1	
7802	103524899	0	0	0	0	1	128	0	1	500	330	38	43	1638	0	0	0	1	
7803	103524932	0	0	0	0	1	128	0	1	508	336	37	42	1554	0	0	0	1	
7804	103524966	0	0	0	0	1	128	0	1	508	336	37	42	1540	0	0	0	1	
7805	103524999	0	0	0	0	1	128	0	1	508	336	37	42	1520	0	0	0	1	
7806	103525032	0	0	0	0	1	128	0	1	508	336	36	41	1508	0	0	0	1	
7807	103525066	0	0	0	0	1	128	0	1	508	336	36	41	1498	0	0	0	1	
7808	103525099	0	0	0	0	1	128	0	1	508	336	36	41	1493	0	0	0	1	
7809	103525133	0	0	0	0	1	128	0	1	508	336	36	41	1487	0	0	0	1	
7810	103525166	0	0	0	0	1	128	0	1	508	336	36	41	1490	0	0	0	1	
7811	103525199	0	0	0	0	1	128	0	1	502	334	37	41	1514	0	0	0	1	
7812	103525233	0	0	0	0	1	128	0	1	502	334	37	41	1526	0	0	0	1	
7813	103525266	0	0	0	0	1	128	0	1	502	334	37	41	1528	0	0	0	1	
7814	103525299	0	0	0	0	1	128	0	1	502	334	37	42	1551	0	0	0	1	
7815	103525333	0	0	0	0	1	128	0	1	502	334	37	42	1566	0	0	0	1	
7816	103525366	0	0	0	0	1	128	0	1	502	334	37	42	1585	0	0	0	1	
7817	103525400	0	0	0	0	1	128	0	1	498	332	38	43	1648	0	0	0	1	
7818	103525433	0	0	0	0	1	128	0	1	498	332	39	43	1670	0	0	0	1	
7819	103525466	0	0	0	0	1	128	0	1	498	332	39	44	1706	0	0	0	1	
7820	103525500	0	0	0	0	1	128	0	1	498	332	39	44	1738	0	0	0	1	
7821	103525533	0	0	0	0	1	128	0	1	498	332	40	45	1774	0	0	0	1	
7822	103525566	0	0	0	0	1	128	0	1	498	332	40	45	1803	0	0	0	1	
7823	103525600	0	0	0	0	1	128	0	1	498	332	40	45	1833	0	0	0	1	
7824	103525633	0	0	0	0	1	128	0	1	506	328	40	45	1817	0	0	0	1	
7825	103525667	0	0	0	0	1	128	0	1	506	328	40	46	1843	0	0	0	1	
7826	103525700	0	0	0	0	1	128	0	1	506	328	41	46	1872	0	0	0	1	
7827	103525733	0	0	0	0	1	128	0	1	506	328	41	46	1900	0	0	0	1	
7828	103525767	0	0	0	0	1	128	0	1	506	328	41	47	1925	0	0	0	1	
7829	103525800	0	0	0	0	1	128	0	1	506	328	41	47	1938	0	0	0	1	
7830	103525833	0	0	0	0	1	128	0	1	506	328	42	47	1962	0	0	0	1	
7831	103525867	0	0	0	0	1	128	0	1	502	330	42	47	2015	0	0	0	1	
7832	103525900	0	0	0	0	1	128	0	1	502	330	42	48	2026	0	0	0	1	
7833	103525933	0	0	0	0	1	128	0	1	502	330	43	48	2039	0	0	0	1	
7834	103525967	0	0	0	0	1	128	0	1	502	330	43	48	2052	0	0	0	1	
7835	103526000	0	0	0	0	1	128	0	1	502	330	43	49	2076	0	0	0	1	
7836	103526034	0	0	0	0	1	128	0	1	502	330	43	49	2084	0	0	0	1	
7837	103526067	0	0	0	0	1	128	0	1	502	330	43	49	2088	0	0	0	1	
7838	103526100	0	0	0	0	1	128	0	1	502	330	43	49	2098	0	0	0	1	
7839	103526134	0	0	0	0	1	128	0	1	502	330	43	49	2105	0	0	0	1	
7840	103526167	0	0	0	0	1	128	0	1	502	330	43	49	2117	0	0	0	1	
7841	103526200	0	0	0	0	1	128	0	1	502	330	43	49	2122	0	0	0	1	
7842	103526234	0	0	0	0	1	128	0	1	510	344	41	49	2022	0	0	0	1	
7843	103526267	0	0	0	0	1	128	0	1	530	356	37	49	1845	0	0	0	1	
7844	103526301	0	0	0	0	1	128	0	1	542	354	36	49	1751	0	0	0	1	
7845	103526334	0	0	0	0	1	128	0	1	542	354	36	49	1753	0	0	0	1	
7846	103526367	0	0	0	0	1	128	0	1	542	354	36	49	1732	0	0	0	1	
7847	103526401	0	0	0	0	1	128	0	1	542	354	35	49	1717	0	0	0	1	
7848	103526434	0	0	0	0	1	128	0	1	542	354	35	48	1695	0	0	0	1	
7849	103526467	0	0	0	0	1	128	0	1	542	354	35	48	1679	0	0	0	1	
7850	103526501	0	0	0	0	1	128	0	1	550	346	34	48	1621	0	0	0	1	
7851	103526534	0	0	0	0	1	128	0	1	554	344	33	47	1567	0	0	0	1	
7852	103526567	0	0	0	0	1	128	0	1	554	342	33	48	1572	0	0	0	1	
7853	103526601	0	0	0	0	1	128	0	1	554	342	33	48	1567	0	0	0	1	
7854	103526634	0	0	0	0	1	128	0	1	554	342	33	47	1570	0	0	0	1	
7855	103526667	0	0	0	0	1	128	0	1	552	344	33	47	1547	0	0	0	1	
7856	103526701	0	0	0	0	1	128	0	1	502	370	38	44	1701	0	0	0	1	
7857	103526734	0	0	0	0	1	128	0	1	470	378	40	46	1862	0	0	0	1	
7858	103526768	0	0	0	0	1	128	0	1	468	380	40	47	1912	0	0	0	1	
7859	103526801	0	0	0	0	1	128	0	1	470	380	41	47	1927	0	0	0	1	
7860	103526834	0	0	0	0	1	128	0	1	470	380	41	47	1940	0	0	0	1	
7861	103526868	0	0	0	0	1	128	0	1	470	380	41	47	1938	0	0	0	1	
7862	103526901	0	0	0	0	1	128	0	1	470	380	41	47	1946	0	0	0	1	
7863	103526934	0	0	0	0	1	128	0	1	468	380	41	47	1927	0	0	0	1	
7864	103526968	0	0	0	0	1	128	0	1	468	380	41	47	1899	0	0	0	1	
7865	103527001	0	0	0	0	1	128	0	1	468	380	40	47	1886	0	0	0	1	
7866	103527035	0	0	0	0	1	128	0	1	468	380	40	46	1860	0	0	0	1	
7867	103527068	0	0	0	0	1	128	0	1	468	380	40	46	1846	0	0	0	1	
7868	103527101	0	0	0	0	1	128	0	1	468	380	40	46	1824	0	0	0	1	
7869	103527135	0	0	0	0	1	128	0	1	468	380	40	46	1815	0	0	0	1	
7870	103527168	0	0	0	0	1	128	0	1	468	380	40	45	1798	0	0	0	1	
7871	103527201	0	0	0	0	1	128	0	1	468	380	40	45	1791	0	0	0	1	
7872	103527235	0	0	0	0	1	128	0	1	468	380	39	45	1786	0	0	0	1	
7873	103527268	0	0	0	0	1	128	0	1	468	380	39	45	1763	0	0	0	1	
7874	103527302	0	0	0	0	1	128	0	1	468	382	39	45	1741	0	0	0	1	
7875	103527335	0	0	0	0	1	128	0	1	468	382	39	44	1721	0	0	0	1	
7876	103527368	0	0	0	0	1	128	0	1	468	382	39	44	1711	0	0	0	1	
7877	103527402	0	0	0	0	1	128	0	1	468	382	38	44	1697	0	0	0	1	
7878	103527435	0	0	0	0	1	128	0	1	468	382	39	44	1693	0	0	0	1	
7879	103527468	0	0	0	0	1	128	0	1	484	376	38	43	1605	0	0	0	1	
7880	103527502	0	0	0	0	1	128	0	1	534	354	33	44	1441	0	0	0	1	
7881	103527535	0	0	0	0	1	128	0	1	552	342	32	44	1389	0	0	0	1	
7882	103527568	0	0	0	0	1	128	0	1	552	344	32	44	1401	0	0	0	1	
7883	103527602	0	0	0	0	1	128	0	1	552	344	32	44	1392	0	0	0	1	
7884	103527635	0	0	0	0	1	128	0	1	552	344	32	44	1394	0	0	0	1	
7885	103527669	0	0	0	0	1	128	0	1	552	344	32	44	1382	0	0	0	1	
7886	103527702	0	0	0	0	1	128	0	1	554	342	31	44	1351	0	0	0	1	
7887	103527735	0	0	0	0	1	128	0	1	556	342	31	43	1339	0	0	0	1	
7888	103527769	0	0	0	0	1	128	0	1	556	342	31	43	1334	0	0	0	1	
7889	103527802	0	0	0	0	1	128	0	1	556	342	31	43	1334	0	0	0	1	
7890	103527835	0	0	0	0	1	128	0	1	556	342	31	43	1333	0	0	0	1	
7891	103527869	0	0	0	0	1	128	0	1	556	342	31	43	1345	0	0	0	1	
7892	103527902	0	0	0	0	1	128	0	1	556	342	31	44	1352	0	0	0	1	
7893	103527936	0	0	0	0	1	128	0	1	556	342	31	44	1362	0	0	0	1	
7894	103527969	0	0	0	0	1	128	0	1	556	342	31	44	1388	0	0	0	1	
7895	103528002	0	0	0	0	1	128	0	1	554	342	32	45	1411	0	0	0	1	
7896	103528036	0	0	0	0	1	128	0	1	554	334	32	46	1489	0	0	0	1	
7897	103528069	0	0	0	0	1	128	0	1	544	304	36	46	1617	0	0	0	1	
7898	103528102	0	0	0	0	1	128	0	1	532	286	37	46	1687	0	0	0	1	
7899	103528136	0	0	0	0	1	128	0	1	528	280	38	45	1707	0	0	0	1	
7900	103528169	0	0	0	0	1	128	0	1	528	280	38	46	1739	0	0	0	1	
7901	103528203	0	0	0	0	1	128	0	1	526	280	38	46	1756	0	0	0	1	
7902	103528236	0	0	0	0	1	128	0	1	526	280	39	46	1781	0	0	0	1	
7903	103528269	0	0	0	0	1	128	0	1	526	280	39	46	1802	0	0	0	1	
7904	103528303	0	0	0	0	1	128	0	1	526	276	39	47	1834	0	0	0	1	
7905	103528336	0	0	0	0	1	128	0	1	526	276	39	47	1854	0	0	0	1	
7906	103528369	0	0	0	0	1	128	0	1	526	276	39	48	1865	0	0	0	1	
7907	103528403	0	0	0	0	1	128	0	1	526	276	39	48	1886	0	0	0	1	
7908	103528436	0	0	0	0	1	128	0	1	526	276	39	48	1904	0	0	0	1	
7909	103528469	0	0	0	0	1	128	0	1	526	276	39	48	1909	0	0	0	1	
7910	103528503	0	0	0	0	1	128	0	1	526	276	40	48	1918	0	0	0	1	
7911	103528536	0	0	0	0	1	128	0	1	526	276	40	48	1909	0	0	0	1	
7912	103528570	0	0	0	0	1	128	0	1	526	276	40	49	1930	0	0	0	1	
7913	103528603	0	0	0	0	1	128	0	1	526	276	40	48	1918	0	0	0	1	
7914	103528636	0	0	0	0	1	128	0	1	526	276	40	48	1910	0	0	0	1	
7915	103528670	0	0	0	0	1	128	0	1	504	288	38	47	1816	0	0	0	1	
7916	103528703	0	0	0	0	1	128	0	0	0	0	0	0	0	0	0	0	1	
7917	103528736	0	0	0	0	1	128	0	1	448	308	45	48	2163	0	0	0	1	
7918	103528770	0	0	0	0	1	128	0	1	448	310	45	47	2131	0	0	0	1	
7919	103528803	0	0	0	0	1	128	0	1	448	310	45	47	2133	0	0	0	1	
7920	103528836	0	0	0	0	1	128	0	1	448	310	45	47	2113	0	0	0	1	
7921	103528870	0	0	0	0	1	128	0	1	448	310	45	47	2093	0	0	0	1	
7922	103528903	0	0	0	0	1	128	0	1	448	310	45	47	2087	0	0	0	1	
7923	103528937	0	0	0	0	1	128	0	1	448	310	44	47	2081	0	0	0	1	
7924	103528970	0	0	0	0	1	128	0	1	448	312	43	46	1980	0	0	0	1	
7925	103529003	0	0	0	0	1	128	0	1	448	310	43	46	2014	0	0	0	1	
7926	103529037	0	0	0	0	1	128	0	1	448	310	44	46	2022	0	0	0	1	
7927	103529070	0	0	0	0	1	128	0	1	448	310	44	46	2016	0	0	0	1	
7928	103529103	0	0	0	0	1	128	0	1	448	310	44	46	2021	0	0	0	1	
7929	103529137	0	0	0	0	1	128	0	1	448	310	43	46	1984	0	0	0	1	
7930	103529170	0	0	0	0	1	128	0	1	448	310	44	46	1990	0	0	0	1	
7931	103529204	0	0	0	0	1	128	0	1	448	310	44	45	1977	0	0	0	1	
7932	103529237	0	0	0	0	1	128	0	1	448	312	42	45	1890	0	0	0	1	
7933	103529270	0	0	0	0	1	128	0	1	448	310	43	45	1939	0	0	0	1	
7934	103529304	0	0	0	0	1	128	0	1	446	310	43	45	1936	0	0	0	1	
7935	103529337	0	0	0	0	1	128	0	1	446	310	43	45	1931	0	0	0	1	
7936	103529370	0	0	0	0	1	128	0	1	446	310	43	45	1920	0	0	0	1	
7937	103529404	0	0	0	0	1	128	0	1	446	310	42	45	1908	0	0	0	1	
7938	103529437	0	0	0	0	1	128	0	1	446	310	42	45	1906	0	0	0	1	
7939	103529470	0	0	0	0	1	128	0	1	446	310	42	45	1892	0	0	0	1	
7940	103529504	0	0	0	0	1	128	0	1	446	310	42	44	1871	0	0	0	1	
7941	103529537	0	0	0	0	1	128	0	1	446	310	42	44	1835	0	0	0	1	
7942	103529571	0	0	0	0	1	128	0	1	446	312	41	43	1758	0	0	0	1	
7943	103529604	0	0	0	0	1	128	0	1	446	310	42	44	1812	0	0	0	1	
7944	103529637	0	0	0	0	1	128	0	1	446	310	42	43	1806	0	0	0	1	
7945	103529671	0	0	0	0	1	128	0	1	446	310	41	43	1789	0	0	0	1	
7946	103529704	0	0	0	0	1	128	0	1	446	310	41	43	1780	0	0	0	1	
7947	103529737	0	0	0	0	1	128	0	1	446	310	41	43	1780	0	0	0	1	
7948	103529771	0	0	0	0	1	128	0	1	446	310	41	43	1772	0	0	0	1	
7949	103529804	0	0	0	0	1	128	0	1	470	314	39	43	1651	0	0	0	1	
7950	103529838	0	0	0	0	1	128	0	1	486	314	40	43	1700	0	0	0	1	
7951	103529871	0	0	0	0	1	128	0	1	486	316	39	43	1703	0	0	0	1	
7952	103529904	0	0	0	0	1	128	0	1	486	314	39	43	1701	0	0	0	1	
7953	103529938	0	0	0	0	1	128	0	1	486	316	40	43	1712	0	0	0	1	
7954	103529971	0	0	0	0	1	128	0	1	486	316	40	43	1718	0	0	0	1	
7955	103530004	0	0	0	0	1	128	0	1	486	316	40	43	1727	0	0	0	1	
7956	103530038	0	0	0	0	1	128	0	1	482	316	39	43	1710	0	0	0	1	
7957	103530071	0	0	0	0	1	128	0	1	452	314	41	44	1787	0	0	0	1	
7958	103530104	0	0	0	0	1	128	0	1	450	312	41	44	1795	0	0	0	1	
7959	103530138	0	0	0	0	1	128	0	1	450	312	41	44	1809	0	0	0	1	
7960	103530171	0	0	0	0	1	128	0	1	450	312	42	44	1836	0	0	0	1	
7961	103530205	0	0	0	0	1	128	0	1	450	314	41	44	1834	0	0	0	1	
7962	103530238	0	0	0	0	1	128	0	1	448	312	42	45	1881	0	0	0	1	
7963	103530271	0	0	0	0	1	128	0	1	446	312	43	45	1894	0	0	0	1	
7964	103530305	0	0	0	0	1	128	0	1	448	312	42	45	1889	0	0	0	1	
7965	103530338	0	0	0	0	1	128	0	1	446	312	43	45	1932	0	0	0	1	
7966	103530371	0	0	0	0	1	128	0	1	446	312	43	45	1955	0	0	0	1	
7967	103530405	0	0	0	0	1	128	0	1	446	312	43	45	1933	0	0	0	1	
7968	103530438	0	0	0	0	1	128	0	1	414	298	45	79	3539	0	0	0	1	
7969	103530472	0	0	0	0	1	128	0	0	0	0	0	0	0	0	0	0	1	
7970	103530505	0	0	0	0	1	128	0	0	0	0	0	0	0	0	0	0	1	
7971	103530538	0	0	0	0	1	128	0	0	0	0	0	0	0	0	0	0	1	
7972	103530572	0	0	0	0	1	128	0	0	0	0	0	0	0	0	0	0	1	
7973	103530605	0	0	0	0	1	128	0	1	510	344	37	46	1708	0	0	0	1	
7974	103530638	0	0	0	0	1	128	0	1	512	342	39	47	1803	0	0	0	1	
7975	103530672	0	0	0	0	1	128	0	1	514	340	39	47	1836	0	0	0	1	
7976	103530705	0	0	0	0	1	128	0	1	514	340	39	47	1832	0	0	0	1	
7977	103530738	0	0	0	0	1	128	0	1	514	340	39	47	1843	0	0	0	1	
7978	103530772	0	0	0	0	1	128	0	1	514	340	39	48	1857	0	0	0	1	
7979	103530805	0	0	0	0	1	128	0	1	514	340	39	48	1868	0	0	0	1	
7980	103530839	0	0	0	0	1	128	0	1	514	340	39	48	1887	0	0	0	1	
7981	103530872	0	0	0	0	1	128	0	1	514	338	40	48	1909	0	0	0	1	
7982	103530905	0	0	0	0	1	128	0	1	514	338	40	48	1913	0	0	0	1	
7983	103530939	0	0	0	0	1	128	0	1	508	336	41	49	2003	0	0	0	1	
7984	103530972	0	0	0	0	1	128	0	1	508	336	41	49	2004	0	0	0	1	
7985	103531005	0	0	0	0	1	128	0	1	508	336	41	49	2017	0	0	0	1	
7986	103531039	0	0	0	0	1	128	0	1	508	336	41	49	2031	0	0	0	1	
7987	103531072	0	0	0	0	1	128	0	1	508	336	42	49	2044	0	0	0	1	
7988	103531106	0	0	0	0	1	128	0	1	508	336	42	50	2057	0	0	0	1	
7989	103531139	0	0	0	0	1	128	0	1	508	336	42	49	2057	0	0	0	1	
7990	103531172	0	0	0	0	1	128	0	1	502	328	43	50	2151	0	0	0	1	
7991	103531206	0	0	0	0	1	128	0	1	502	328	43	49	2126	0	0	0	1	
7992	103531239	0	0	0	0	1	128	0	1	502	328	43	50	2133	0	0	0	1	
7993	103531272	0	0	0	0	1	128	0	1	502	328	43	50	2140	0	0	0	1	
7994	103531306	0	0	0	0	1	128	0	1	502	328	43	50	2147	0	0	0	1	
7995	103531339	0	0	0	0	1	128	0	1	502	328	43	50	2143	0	0	0	1	
7996	103531372	0	0	0	0	1	128	0	1	502	328	43	50	2131	0	0	0	1	
7997	103531406	0	0	0	0	1	128	0	1	502	330	43	49	2108	0	0	0	1	
7998	103531439	0	0	0	0	1	128	0	1	502	330	42	49	2077	0	0	0	1	
7999	103531473	0	0	0	0	1	128	0	1	502	330	42	48	2040	0	0	0	1	
8000	103531506	0	0	0	0	1	128	0	1	502	330	42	47	1978	0	0	0	1	
8001	103531539	0	0	0	0	1	128	0	1	502	330	41	47	1907	0	0	0	1	
8002	103531573	0	0	0	0	1	128	0	1	504	330	40	46	1841	0	0	0	1	
8003	103531606	0	0	0	0	1	128	0	1	504	330	40	45	1791	0	0	0	1	
8004	103531639	0	0	0	0	1	128	0	1	504	330	39	45	1749	0	0	0	1	
8005	103531673	0	0	0	0	1	128	0	1	504	330	39	44	1693	0	0	0	1	
8006	103531706	0	0	0	0	1	128	0	1	504	330	38	44	1663	0	0	0	1	
8007	103531740	0	0	0	0	1	128	0	1	504	330	38	44	1650	0	0	0	1	
8008	103531773	0	0	0	0	1	128	0	1	504	330	38	43	1629	0	0	0	1	
8009	103531806	0	0	0	0	1	128	0	1	504	330	38	43	1617	0	0	0	1	
8010	103531840	0	0	0	0	1	128	0	1	504	330	37	43	1605	0	0	0	1	
8011	103531873	0	0	0	0	1	128	0	1	504	330	37	43	1600	0	0	0	1	
8012	103531906	0	0	0	0	1	128	0	1	504	330	38	43	1603	0	0	0	1	
8013	103531940	0	0	0	0	1	128	0	1	504	330	37	43	1601	0	0	0	1	
8014	103531973	0	0	0	0	1	128	0	1	504	330	38	43	1623	0	0	0	1	
8015	103532006	0	0	0	0	1	128	0	1	504	330	38	43	1637	0	0	0	1	
8016	103532040	0	0	0	0	1	128	0	1	502	330	38	43	1643	0	0	0	1	
8017	103532073	0	0	0	0	1	128	0	1	502	330	38	43	1658	0	0	0	1	
8018	103532107	0	0	0	0	1	128	0	1	502	330	38	43	1666	0	0	0	1	
8019	103532140	0	0	0	0	1	128	0	1	502	330	38	44	1679	0	0	0	1	
8020	103532173	0	0	0	0	1	128	0	1	504	330	38	44	1689	0	0	0	1	
8021	103532207	0	0	0	0	1	128	0	1	502	330	38	44	1700	0	0	0	1	
8022	103532240	0	0	0	0	1	128	0	1	502	330	38	44	1703	0	0	0	1	
8023	103532273	0	0	0	0	1	128	0	1	502	330	39	44	1709	0	0	0	1	
8024	103532307	0	0	0	0	1	128	0	1	502	330	39	44	1713	0	0	0	1	
8025	103532340	0	0	0	0	1	128	0	1	502	330	39	44	1727	0	0	0	1	
8026	103532373	0	0	0	0	1	128	0	1	502	330	39	44	1731	0	0	0	1	
8027	103532407	0	0	0	0	1	128	0	1	502	330	39	45	1743	0	0	0	1	
8028	103532440	0	0	0	0	1	128	0	1	502	330	39	45	1746	0	0	0	1	
8029	103532474	0	0	0	0	1	128	0	1	504	330	39	45	1754	0	0	0	1	
8030	103532507	0	0	0	0	1	128	0	1	504	330	39	45	1759	0	0	0	1	
8031	103532540	0	0	0	0	1	128	0	1	504	330	39	45	1747	0	0	0	1	
8032	103532574	0	0	0	0	1	128	0	1	504	330	39	45	1765	0	0	0	1	
8033	103532607	0	0	0	0	1	128	0	1	504	330	39	45	1759	0	0	0	1	
8034	103532640	0	0	0	0	1	128	0	1	504	330	39	45	1746	0	0	0	1	
8035	103532674	0	0	0	0	1	128	0	1	504	330	39	45	1740	0	0	0	1	
8036	103532707	0	0	0	0	1	128	0	1	504	330	39	45	1732	0	0	0	1	
8037	103532741	0	0	0	0	1	128	0	1	504	330	39	45	1725	0	0	0	1	
8038	103532774	0	0	0	0	1	128	0	1	504	330	38	44	1712	0	0	0	1	
8039	103532807	0	0	0	0	1	128	0	1	504	330	38	44	1700	0	0	0	1	
8040	103532841	0	0	0	0	1	128	0	1	504	330	38	44	1692	0	0	0	1	
8041	103532874	0	0	0	0	1	128	0	1	504	330	38	44	1691	0	0	0	1	
8042	103532907	0	0	0	0	1	128	0	1	504	330	38	44	1695	0	0	0	1	
8043	103532941	0	0	0	0	1	128	0	1	504	330	38	44	1696	0	0	0	1	
8044	103532974	0	0	0	0	1	128	0	1	504	330	38	44	1702	0	0	0	1	
8045	103533008	0	0	0	0	1	128	0	1	506	332	38	45	1699	0	0	0	1	
8046	103533041	0	0	0	0	1	128	0	1	506	332	39	45	1719	0	0	0	1	
8047	103533074	0	0	0	0	1	128	0	1	506	332	39	45	1729	0	0	0	1	
8048	103533108	0	0	0	0	1	128	0	1	506	332	39	45	1748	0	0	0	1	
8049	103533141	0	0	0	0	1	128	0	1	506	332	39	45	1772	0	0	0	1	
8050	103533174	0	0	0	0	1	128	0	1	508	330	39	46	1778	0	0	0	1	
8051	103533208	0	0	0	0	1	128	0	1	520	320	38	46	1762	0	0	0	1	
8052	103533241	0	0	0	0	1	128	0	1	520	320	38	46	1764	0	0	0	1	
8053	103533274	0	0	0	0	1	128	0	1	520	320	39	46	1784	0	0	0	1	
8054	103533308	0	0	0	0	1	128	0	1	520	320	39	47	1813	0	0	0	1	
8055	103533341	0	0	0	0	1	128	0	1	520	320	39	47	1834	0	0	0	1	
8056	103533375	0	0	0	0	1	128	0	1	520	320	39	47	1846	0	0	0	1	
8057	103533408	0	0	0	0	1	128	0	1	520	320	40	47	1865	0	0	0	1	
8058	103533441	0	0	0	0	1	128	0	1	520	320	40	47	1875	0	0	0	1	
8059	103533475	0	0	0	0	1	128	0	1	518	320	40	47	1892	0	0	0	1	
8060	103533508	0	0	0	0	1	128	0	1	518	320	40	47	1902	0	0	0	1	
8061	103533541	0	0	0	0	1	128	0	1	518	320	40	48	1915	0	0	0	1	
8062	103533575	0	0	0	0	1	128	0	1	518	320	40	48	1927	0	0	0	1	
8063	103533608	0	0	0	0	1	128	0	1	518	320	40	48	1945	0	0	0	1	
8064	103533641	0	0	0	0	1	128	0	1	518	320	41	48	1957	0	0	0	1	
8065	103533675	0	0	0	0	1	128	0	1	518	322	41	48	1966	0	0	0	1	
8066	103533708	0	0	0	0	1	128	0	1	518	322	41	49	1975	0	0	0	1	
8067	103533742	0	0	0	0	1	128	0	1	518	322	41	48	1976	0	0	0	1	
8068	103533775	0	0	0	0	1	128	0	1	518	322	41	49	1981	0	0	0	1	
8069	103533808	0	0	0	0	1	128	0	1	518	322	41	48	1972	0	0	0	1	
8070	103533842	0	0	0	0	1	128	0	1	518	322	41	48	1978	0	0	0	1	
8071	103533875	0	0	0	0	1	128	0	1	518	322	41	48	1977	0	0	0	1	
8072	103533908	0	0	0	0	1	128	0	1	518	322	41	48	1975	0	0	0	1	
8073	103533942	0	0	0	0	1	128	0	1	518	322	41	48	1971	0	0	0	1	
8074	103533975	0	0	0	0	1	128	0	1	514	318	41	49	1996	0	0	0	1	
8075	103534009	0	0	0	0	1	128	0	1	502	298	43	48	2073	0	0	0	1	
8076	103534042	0	0	0	0	1	128	0	1	500	296	43	48	2055	0	0	0	1	
8077	103534075	0	0	0	0	1	128	0	1	500	296	43	48	2064	0	0	0	1	
8078	103534109	0	0	0	0	1	128	0	1	500	298	43	48	2065	0	0	0	1	
8079	103534142	0	0	0	0	1	128	0	1	498	298	43	48	2080	0	0	0	1	
8080	103534175	0	0	0	0	1	128	0	1	500	300	41	46	1907	0	0	0	1	
8081	103534209	0	0	0	0	1	128	0	1	498	298	43	48	2091	0	0	0	1	
8082	103534242	0	0	0	0	1	128	0	1	498	298	43	48	2098	0	0	0	1	
8083	103534276	0	0	0	0	1	128	0	1	498	298	43	48	2102	0	0	0	1	
8084	103534309	0	0	0	0	1	128	0	1	498	298	43	48	2101	0	0	0	1	
8085	103534342	0	0	0	0	1	128	0	1	498	298	43	48	2098	0	0	0	1	
8086	103534376	0	0	0	0	1	128	0	1	498	298	43	48	2092	0	0	0	1	
8087	103534409	0	0	0	0	1	128	0	1	498	298	43	48	2087	0	0	0	1	
8088	103534442	0	0	0	0	1	128	0	1	498	298	43	48	2062	0	0	0	1	
8089	103534476	0	0	0	0	1	128	0	1	498	298	43	48	2047	0	0	0	1	
8090	103534509	0	0	0	0	1	128	0	1	498	298	43	48	2030	0	0	0	1	
8091	103534542	0	0	0	0	1	128	0	1	498	298	43	47	2015	0	0	0	1	
8092	103534576	0	0	0	0	1	128	0	1	498	298	42	47	2004	0	0	0	1	
8093	103534609	0	0	0	0	1	128	0	1	498	298	42	47	1983	0	0	0	1	
8094	103534643	0	0	0	0	1	128	0	1	498	300	42	46	1951	0	0	0	1	
8095	103534676	0	0	0	0	1	128	0	1	492	312	42	47	1961	0	0	0	1	
8096	103534709	0	0	0	0	1	128	0	1	492	314	42	46	1962	0	0	0	1	
8097	103534743	0	0	0	0	1	128	0	1	492	314	42	46	1953	0	0	0	1	
8098	103534776	0	0	0	0	1	128	0	1	492	314	42	46	1953	0	0	0	1	
8099	103534809	0	0	0	0	1	128	0	1	492	314	42	46	1951	0	0	0	1	
8100	103534843	0	0	0	0	1	128	0	1	492	314	42	46	1935	0	0	0	1	
8101	103534876	0	0	0	0	1	128	0	1	492	314	42	46	1926	0	0	0	1	
8102	103534909	0	0	0	0	1	128	0	1	492	314	42	46	1909	0	0	0	1	
8103	103534943	0	0	0	0	1	128	0	1	492	314	42	45	1887	0	0	0	1	
8104	103534976	0	0	0	0	1	128	0	1	492	314	41	45	1875	0	0	0	1	
8105	103535010	0	0	0	0	1	128	0	1	492	314	41	45	1874	0	0	0	1	
8106	103535043	0	0	0	0	1	128	0	1	492	314	41	45	1867	0	0	0	1	
8107	103535076	0	0	0	0	1	128	0	1	492	314	41	45	1869	0	0	0	1	
8108	103535110	0	0	0	0	1	128	0	1	492	314	41	45	1869	0	0	0	1	
8109	103535143	0	0	0	0	1	128	0	1	492	314	41	45	1877	0	0	0	1	
8110	103535176	0	0	0	0	1	128	0	1	492	314	42	45	1887	0	0	0	1	
8111	103535210	0	0	0	0	1	128	0	1	492	314	42	45	1886	0	0	0	1	
8112	103535243	0	0	0	0	1	128	0	1	492	314	42	45	1891	0	0	0	1	
8113	103535277	0	0	0	0	1	128	0	1	492	314	42	46	1898	0	0	0	1	
8114	103535310	0	0	0	0	1	128	0	1	492	314	42	46	1901	0	0	0	1	
8115	103535343	0	0	0	0	1	128	0	1	492	314	42	46	1904	0	0	0	1	
8116	103535377	0	0	0	0	1	128	0	1	492	314	42	45	1908	0	0	0	1	
8117	103535410	0	0	0	0	1	128	0	1	480	336	42	45	1872	0	0	0	1	
8118	103535443	0	0	0	0	1	128	0	1	478	340	43	46	1949	0	0	0	1	
8119	103535477	0	0	0	0	1	128	0	1	478	338	43	46	1975	0	0	0	1	
8120	103535510	0	0	0	0	1	128	0	1	478	338	43	46	1990	0	0	0	1	
8121	103535544	0	0	0	0	1	128	0	1	478	340	43	47	2014	0	0	0	1	
8122	103535577	0	0	0	0	1	128	0	1	478	340	43	47	2029	0	0	0	1	
8123	103535610	0	0	0	0	1	128	0	1	478	340	43	47	2037	0	0	0	1	
8124	103535644	0	0	0	0	1	128	0	1	478	340	43	47	2038	0	0	0	1	
8125	103535677	0	0	0	0	1	128	0	1	478	340	43	47	2032	0	0	0	1	
8126	103535710	0	0	0	0	1	128	0	1	478	340	43	47	2007	0	0	0	1	
8127	103535744	0	0	0	0	1	128	0	1	478	340	43	46	1994	0	0	0	1	
8128	103535777	0	0	0	0	1	128	0	1	478	340	43	46	1981	0	0	0	1	
8129	103535810	0	0	0	0	1	128	0	1	480	340	43	46	1959	0	0	0	1	
8130	103535844	0	0	0	0	1	128	0	1	480	340	42	46	1942	0	0	0	1	
8131	103535877	0	0	0	0	1	128	0	1	480	340	42	45	1920	0	0	0	1	
8132	103535911	0	0	0	0	1	128	0	1	480	340	42	45	1904	0	0	0	1	
8133	103535944	0	0	0	0	1	128	0	1	480	340	42	45	1894	0	0	0	1	
8134	103535977	0	0	0	0	1	128	0	1	480	340	42	45	1890	0	0	0	1	
8135	103536011	0	0	0	0	1	128	0	1	480	340	42	45	1893	0	0	0	1	
8136	103536044	0	0	0	0	1	128	0	1	480	340	42	45	1892	0	0	0	1	
8137	103536077	0	0	0	0	1	128	0	1	480	340	42	45	1892	0	0	0	1	
8138	103536111	0	0	0	0	1	128	0	1	480	340	42	45	1898	0	0	0	1	
8139	103536144	0	0	0	0	1	128	0	1	488	346	41	45	1852	0	0	0	1	
8140	103536178	0	0	0	0	1	128	0	1	492	348	41	46	1856	0	0	0	1	
8141	103536211	0	0	0	0	1	128	0	1	492	348	41	46	1868	0	0	0	1	
8142	103536244	0	0	0	0	1	128	0	1	492	348	41	46	1883	0	0	0	1	
8143	103536278	0	0	0	0	1	128	0	1	492	348	41	46	1902	0	0	0	1	
8144	103536311	0	0	0	0	1	128	0	1	492	348	41	47	1917	0	0	0	1	
8145	103536344	0	0	0	0	1	128	0	1	492	348	41	47	1922	0	0	0	1	
8146	103536378	0	0	0	0	1	128	0	1	492	348	41	47	1914	0	0	0	1	
8147	103536411	0	0	0	0	1	128	0	1	492	348	41	46	1904	0	0	0	1	
8148	103536444	0	0	0	0	1	128	0	1	492	348	41	46	1877	0	0	0	1	
8149	103536478	0	0	0	0	1	128	0	1	510	344	39	45	1769	0	0	0	1	
8150	103536511	0	0	0	0	1	128	0	1	512	344	39	45	1745	0	0	0	1	
8151	103536545	0	0	0	0	1	128	0	1	512	344	38	45	1727	0	0	0	1	
8152	103536578	0	0	0	0	1	128	0	1	512	344	38	45	1712	0	0	0	1	
8153	103536611	0	0	0	0	1	128	0	1	512	344	38	45	1705	0	0	0	1	
8154	103536645	0	0	0	0	1	128	0	1	512	344	38	44	1697	0	0	0	1	
8155	103536678	0	0	0	0	1	128	0	1	512	344	38	44	1696	0	0	0	1	
8156	103536711	0	0	0	0	1	128	0	1	512	344	38	45	1709	0	0	0	1	
8157	103536745	0	0	0	0	1	128	0	1	512	344	38	45	1709	0	0	0	1	
8158	103536778	0	0	0	0	1	128	0	1	512	344	38	45	1720	0	0	0	1	
8159	103536812	0	0	0	0	1	128	0	1	512	344	39	45	1744	0	0	0	1	
8160	103536845	0	0	0	0	1	128	0	1	512	344	39	45	1761	0	0	0	1	
8161	103536878	0	0	0	0	1	128	0	1	512	344	39	45	1771	0	0	0	1	
8162	103536912	0	0	0	0	1	128	0	1	512	344	39	46	1787	0	0	0	1	
8163	103536945	0	0	0	0	1	128	0	1	512	344	39	46	1823	0	0	0	1	
8164	103536978	0	0	0	0	1	128	0	1	506	350	40	45	1816	0	0	0	1	
8165	103537012	0	0	0	0	1	128	0	1	500	352	40	46	1873	0	0	0	1	
8166	103537045	0	0	0	0	1	128	0	1	502	352	41	47	1906	0	0	0	1	
8167	103537078	0	0	0	0	1	128	0	1	502	352	41	47	1905	0	0	0	1	
8168	103537112	0	0	0	0	1	128	0	1	504	354	41	47	1929	0	0	0	1	
8169	103537145	0	0	0	0	1	128	0	1	508	356	40	48	1900	0	0	0	1	
8170	103537178	0	0	0	0	1	128	0	1	514	358	40	48	1907	0	0	0	1	
8171	103537212	0	0	0	0	1	128	0	1	514	358	39	49	1914	0	0	0	1	
8172	103537245	0	0	0	0	1	128	0	1	516	358	39	49	1910	0	0	0	1	
8173	103537279	0	0	0	0	1	128	0	1	518	358	39	49	1902	0	0	0	1	
8174	103537312	0	0	0	0	1	128	0	1	518	358	39	49	1890	0	0	0	1	
8175	103537345	0	0	0	0	1	128	0	1	520	358	39	49	1878	0	0	0	1	
8176	103537379	0	0	0	0	1	128	0	1	522	360	38	48	1851	0	0	0	1	
8177	103537412	0	0	0	0	1	128	0	1	522	360	38	48	1824	0	0	0	1	
8178	103537446	0	0	0	0	1	128	0	1	524	360	38	48	1798	0	0	0	1	
8179	103537479	0	0	0	0	1	128	0	1	524	366	37	47	1738	0	0	0	1	
8180	103537512	0	0	0	0	1	128	0	1	526	366	37	47	1727	0	0	0	1	
8181	103537546	0	0	0	0	1	128	0	1	526	366	36	47	1712	0	0	0	1	
8182	103537579	0	0	0	0	1	128	0	1	528	368	36	47	1707	0	0	0	1	
8183	103537612	0	0	0	0	1	128	0	1	528	368	36	47	1694	0	0	0	1	
8184	103537646	0	0	0	0	1	128	0	1	530	368	36	48	1687	0	0	0	1	
8185	103537679	0	0	0	0	1	128	0	1	530	368	35	47	1678	0	0	0	1	
8186	103537712	0	0	0	0	1	128	0	1	532	370	35	48	1649	0	0	0	1	
8187	103537746	0	0	0	0	1	128	0	1	536	372	34	47	1609	0	0	0	1	
8188	103537779	0	0	0	0	1	128	0	1	538	372	34	48	1599	0	0	0	1	
8189	103537813	0	0	0	0	1	128	0	1	538	372	33	47	1587	0	0	0	1	
8190	103537846	0	0	0	0	1	128	0	1	540	372	33	47	1575	0	0	0	1	
8191	103537879	0	0	0	0	1	128	0	1	540	372	33	48	1583	0	0	0	1	
8192	103537913	0	0	0	0	1	128	0	1	542	372	33	48	1577	0	0	0	1	
8193	103537946	0	0	0	0	1	128	0	1	542	374	33	48	1582	0	0	0	1	
8194	103537979	0	0	0	0	1	128	0	1	542	374	33	48	1580	0	0	0	1	
8195	103538013	0	0	0	0	1	128	0	1	544	374	32	48	1574	0	0	0	1	
8196	103538046	0	0	0	0	1	128	0	1	544	374	32	49	1564	0	0	0	1	
8197	103538080	0	0	0	0	1	128	0	1	548	374	32	48	1533	0	0	0	1	
8198	103538113	0	0	0	0	1	128	0	1	548	374	32	49	1542	0	0	0	1	
8199	103538146	0	0	0	0	1	128	0	1	548	374	32	49	1532	0	0	0	1	
8200	103538180	0	0	0	0	1	128	0	1	548	374	31	49	1539	0	0	0	1	
8201	103538213	0	0	0	0	1	128	0	1	548	374	32	49	1549	0	0	0	1	
8202	103538246	0	0	0	0	1	128	0	1	550	376	31	49	1507	0	0	0	1	
8203	103538280	0	0	0	0	1	128	0	1	552	378	30	49	1454	0	0	0	1	
8204	103538313	0	0	0	0	1	128	0	1	552	378	30	49	1457	0	0	0	1	
8205	103538346	0	0	0	0	1	128	0	1	552	378	30	49	1463	0	0	0	1	
8206	103538380	0	0	0	0	1	128	0	1	552	378	30	49	1459	0	0	0	1	
8207	103538413	0	0	0	0	1	128	0	1	552	378	30	49	1458	0	0	0	1	
8208	103538447	0	0	0	0	1	128	0	1	552	378	31	49	1500	0	0	0	1	
8209	103538480	0	0	0	0	1	128	0	1	552	378	30	49	1493	0	0	0	1	
8210	103538513	0	0	0	0	1	128	0	1	552	378	31	49	1495	0	0	0	1	
8211	103538547	0	0	0	0	1	128	0	1	552	378	31	49	1499	0	0	0	1	
8212	103538580	0	0	0	0	1	128	0	1	552	378	31	49	1502	0	0	0	1	
8213	103538613	0	0	0	0	1	128	0	1	552	380	30	48	1444	0	0	0	1	
8214	103538647	0	0	0	0	1	128	0	1	550	378	31	49	1507	0	0	0	1	
8215	103538680	0	0	0	0	1	128	0	1	550	378	31	49	1511	0	0	0	1	
8216	103538714	0	0	0	0	1	128	0	1	552	378	31	49	1523	0	0	0	1	
8217	103538747	0	0	0	0	1	128	0	1	548	374	33	50	1630	0	0	0	1	
8218	103538780	0	0	0	0	1	128	0	1	548	374	32	50	1619	0	0	0	1	
8219	103538814	0	0	0	0	1	128	0	1	548	374	32	50	1622	0	0	0	1	
8220	103538847	0	0	0	0	1	128	0	1	548	374	33	50	1637	0	0	0	1	
8221	103538880	0	0	0	0	1	128	0	1	548	374	33	50	1645	0	0	0	1	
8222	103538914	0	0	0	0	1	128	0	1	548	374	33	50	1654	0	0	0	1	
8223	103538947	0	0	0	0	1	128	0	1	546	374	33	51	1657	0	0	0	1	
8224	103538980	0	0	0	0	1	128	0	1	546	374	33	50	1657	0	0	0	1	
8225	103539014	0	0	0	0	1	128	0	1	548	374	33	51	1666	0	0	0	1	
8226	103539047	0	0	0	0	1	128	0	1	548	374	33	51	1683	0	0	0	1	
8227	103539080	0	0	0	0	1	128	0	1	550	376	32	51	1629	0	0	0	1	
8228	103539114	0	0	0	0	1	128	0	1	550	376	32	51	1626	0	0	0	1	
8229	103539147	0	0	0	0	1	128	0	1	550	376	32	51	1627	0	0	0	1	
8230	103539181	0	0	0	0	1	128	0	1	550	376	32	51	1622	0	0	0	1	
8231	103539214	0	0	0	0	1	128	0	1	550	376	32	51	1638	0	0	0	1	
8232	103539247	0	0	0	0	1	128	0	1	550	376	32	51	1637	0	0	0	1	
8233	103539281	0	0	0	0	1	128	0	1	550	376	32	51	1637	0	0	0	1	
8234	103539314	0	0	0	0	1	128	0	1	550	374	32	51	1645	0	0	0	1	
8235	103539348	0	0	0	0	1	128	0	1	550	374	32	51	1647	0	0	0	1	
8236	103539381	0	0	0	0	1	128	0	1	550	374	32	51	1638	0	0	0	1	
8237	103539414	0	0	0	0	1	128	0	1	548	372	33	51	1699	0	0	0	1	
8238	103539448	0	0	0	0	1	128	0	1	546	370	34	51	1721	0	0	0	1	
8239	103539481	0	0	0	0	1	128	0	1	546	368	34	51	1724	0	0	0	1	
8240	103539514	0	0	0	0	1	128	0	1	544	368	34	50	1697	0	0	0	1	
8241	103539548	0	0	0	0	1	128	0	1	544	368	34	50	1708	0	0	0	1	
8242	103539581	0	0	0	0	1	128	0	1	544	366	34	50	1700	0	0	0	1	
8243	103539614	0	0	0	0	1	128	0	1	542	366	34	49	1693	0	0	0	1	
8244	103539648	0	0	0	0	1	128	0	1	542	364	35	49	1715	0	0	0	1	
8245	103539681	0	0	0	0	1	128	0	1	540	362	36	50	1763	0	0	0	1	
8246	103539715	0	0	0	0	1	128	0	1	538	360	36	50	1799	0	0	0	1	
8247	103539748	0	0	0	0	1	128	0	1	538	358	36	50	1796	0	0	0	1	
8248	103539781	0	0	0	0	1	128	0	1	536	358	37	50	1824	0	0	0	1	
8249	103539815	0	0	0	0	1	128	0	1	534	358	37	50	1852	0	0	0	1	
8250	103539848	0	0	0	0	1	128	0	1	534	358	37	50	1868	0	0	0	1	
8251	103539881	0	0	0	0	1	128	0	1	532	356	38	50	1893	0	0	0	1	
8252	103539915	0	0	0	0	1	128	0	1	532	356	38	50	1909	0	0	0	1	
8253	103539948	0	0	0	0	1	128	0	1	530	356	38	50	1937	0	0	0	1	
8254	103539982	0	0	0	0	1	128	0	1	530	354	39	51	1968	0	0	0	1	
8255	103540015	0	0	0	0	1	128	0	1	528	354	39	51	1980	0	0	0	1	
8256	103540048	0	0	0	0	1	128	0	1	528	352	39	51	2012	0	0	0	1	
8257	103540082	0	0	0	0	1	128	0	1	528	348	40	51	2068	0	0	0	1	
8258	103540115	0	0	0	0	1	128	0	1	526	346	41	51	2078	0	0	0	1	
8259	103540148	0	0	0	0	1	128	0	1	526	344	41	51	2099	0	0	0	1	
8260	103540182	0	0	0	0	1	128	0	1	524	344	41	51	2127	0	0	0	1	
8261	103540215	0	0	0	0	1	128	0	1	524	344	42	51	2146	0	0	0	1	
8262	103540248	0	0	0	0	1	128	0	1	522	342	42	52	2173	0	0	0	1	
8263	103540282	0	0	0	0	1	128	0	1	520	342	42	51	2183	0	0	0	1	
8264	103540315	0	0	0	0	1	128	0	1	520	342	43	52	2211	0	0	0	1	
8265	103540349	0	0	0	0	1	128	0	1	518	340	43	52	2217	0	0	0	1	
8266	103540382	0	0	0	0	1	128	0	1	518	342	40	50	2028	0	0	0	1	
8267	103540415	0	0	0	0	1	128	0	1	514	334	44	51	2280	0	0	0	1	
8268	103540449	0	0	0	0	1	128	0	1	512	334	44	51	2268	0	0	0	1	
8269	103540482	0	0	0	0	1	128	0	1	512	334	44	51	2262	0	0	0	1	
8270	103540515	0	0	0	0	1	128	0	1	510	334	44	51	2264	0	0	0	1	
8271	103540549	0	0	0	0	1	128	0	1	510	332	44	51	2256	0	0	0	1	
8272	103540582	0	0	0	0	1	128	0	1	508	332	44	51	2256	0	0	0	1	
8273	103540615	0	0	0	0	1	128	0	1	508	332	44	51	2264	0	0	0	1	
8274	103540649	0	0	0	0	1	128	0	1	506	330	44	51	2285	0	0	0	1	
8275	103540682	0	0	0	0	1	128	0	1	506	330	45	51	2285	0	0	0	1	
8276	103540716	0	0	0	0	1	128	0	1	506	328	45	51	2273	0	0	0	1	
8277	103540749	0	0	0	0	1	128	0	1	504	328	45	50	2249	0	0	0	1	
8278	103540782	0	0	0	0	1	128	0	1	504	328	45	50	2238	0	0	0	1	
8279	103540816	0	0	0	0	1	128	0	1	502	326	44	50	2222	0	0	0	1	
8280	103540849	0	0	0	0	1	128	0	1	500	324	45	50	2216	0	0	0	1	
8281	103540882	0	0	0	0	1	128	0	1	498	322	45	49	2208	0	0	0	1	
8282	103540916	0	0	0	0	1	128	0	1	498	322	44	49	2186	0	0	0	1	
8283	103540949	0	0	0	0	1	128	0	1	498	322	44	49	2173	0	0	0	1	
8284	103540983	0	0	0	0	1	128	0	1	498	322	44	49	2162	0	0	0	1	
8285	103541016	0	0	0	0	1	128	0	1	498	324	44	49	2121	0	0	0	1	
8286	103541049	0	0	0	0	1	128	0	1	502	326	43	48	2102	0	0	0	1	
8287	103541083	0	0	0	0	1	128	0	1	502	326	43	48	2084	0	0	0	1	
8288	103541116	0	0	0	0	1	128	0	1	502	326	43	48	2061	0	0	0	1	
8289	103541149	0	0	0	0	1	128	0	1	502	326	43	48	2053	0	0	0	1	
8290	103541183	0	0	0	0	1	128	0	1	500	326	42	48	2020	0	0	0	1	
8291	103541216	0	0	0	0	1	128	0	1	502	326	42	47	1979	0	0	0	1	
8292	103541249	0	0	0	0	1	128	0	1	502	328	42	47	1948	0	0	0	1	
8293	103541283	0	0	0	0	1	128	0	1	502	328	41	46	1903	0	0	0	1	
8294	103541316	0	0	0	0	1	128	0	1	502	328	41	45	1862	0	0	0	1	
8295	103541350	0	0	0	0	1	128	0	1	502	328	41	45	1817	0	0	0	1	
8296	103541383	0	0	0	0	1	128	0	1	498	330	39	44	1725	0	0	0	1	
8297	103541416	0	0	0	0	1	128	0	0	0	0	0	0	0	0	0	0	1	
8298	103541450	0	0	0	0	1	128	0	0	0	0	0	0	0	0	0	0	1	
8299	103541483	0	0	0	0	1	128	0	0	0	0	0	0	0	0	0	0	1	
8300	103541516	0	0	0	0	1	128	0	1	494	322	24	34	807	0	0	0	1	
8301	103541550	0	0	0	0	1	128	0	1	500	330	35	40	1417	0	0	0	1	
8302	103541583	0	0	0	0	1	128	0	1	502	332	37	42	1563	0	0	0	1	
8303	103541616	0	0	0	0	1	128	0	1	502	332	37	42	1564	0	0	0	1	
8304	103541650	0	0	0	0	1	128	0	1	502	330	37	42	1561	0	0	0	1	
8305	103541683	0	0	0	0	1	128	0	1	502	330	37	42	1560	0	0	0	1	
8306	103541717	0	0	0	0	1	128	0	1	518	312	35	41	1440	0	0	0	1	
8307	103541750	0	0	0	0	1	128	0	1	524	306	35	41	1468	0	0	0	1	
8308	103541783	0	0	0	0	1	128	0	1	524	306	36	41	1472	0	0	0	1	
8309	103541817	0	0	0	0	1	128	0	1	524	306	36	42	1480	0	0	0	1	
8310	103541850	0	0	0	0	1	128	0	1	524	306	36	42	1498	0	0	0	1	
8311	103541883	0	0	0	0	1	128	0	1	524	306	36	42	1518	0	0	0	1	
8312	103541917	0	0	0	0	1	128	0	1	524	306	36	43	1542	0	0	0	1	
8313	103541950	0	0	0	0	1	128	0	1	524	306	36	43	1578	0	0	0	1	
8314	103541984	0	0	0	0	1	128	0	1	524	306	37	44	1601	0	0	0	1	
8315	103542017	0	0	0	0	1	128	0	1	524	306	37	44	1629	0	0	0	1	
8316	103542050	0	0	0	0	1	128	0	1	524	306	37	44	1648	0	0	0	1	
8317	103542084	0	0	0	0	1	128	0	1	524	306	38	44	1681	0	0	0	1	
8318	103542117	0	0	0	0	1	128	0	1	524	306	38	45	1700	0	0	0	1	
8319	103542150	0	0	0	0	1	128	0	1	524	306	38	45	1708	0	0	0	1	
8320	103542184	0	0	0	0	1	128	0	1	524	306	38	45	1717	0	0	0	1	
8321	103542217	0	0	0	0	1	128	0	1	524	306	38	45	1717	0	0	0	1	
8322	103542251	0	0	0	0	1	128	0	1	524	308	38	45	1718	0	0	0	1	
8323	103542284	0	0	0	0	1	128	0	1	524	308	38	45	1726	0	0	0	1	
8324	103542317	0	0	0	0	1	128	0	1	524	308	38	45	1726	0	0	0	1	
8325	103542351	0	0	0	0	1	128	0	1	524	308	38	45	1721	0	0	0	1	
8326	103542384	0	0	0	0	1	128	0	1	522	316	38	44	1659	0	0	0	1	
8327	103542417	0	0	0	0	1	128	0	1	522	324	38	46	1727	0	0	0	1	
8328	103542451	0	0	0	0	1	128	0	1	522	324	38	45	1722	0	0	0	1	
8329	103542484	0	0	0	0	1	128	0	1	522	324	38	45	1717	0	0	0	1	
8330	103542517	0	0	0	0	1	128	0	1	522	324	38	45	1705	0	0	0	1	
8331	103542551	0	0	0	0	1	128	0	1	522	324	38	45	1696	0	0	0	1	
8332	103542584	0	0	0	0	1	128	0	1	522	324	38	45	1677	0	0	0	1	
8333	103542618	0	0	0	0	1	128	0	1	522	324	37	44	1664	0	0	0	1	
8334	103542651	0	0	0	0	1	128	0	1	522	324	37	44	1644	0	0	0	1	
8335	103542684	0	0	0	0	1	128	0	1	522	324	37	44	1632	0	0	0	1	
8336	103542718	0	0	0	0	1	128	0	1	522	324	37	44	1615	0	0	0	1	
8337	103542751	0	0	0	0	1	128	0	1	522	324	37	44	1610	0	0	0	1	
8338	103542784	0	0	0	0	1	128	0	1	522	324	37	44	1610	0	0	0	1	
8339	103542818	0	0	0	0	1	128	0	1	522	324	37	44	1611	0	0	0	1	
8340	103542851	0	0	0	0	1	128	0	1	522	324	37	44	1610	0	0	0	1	
8341	103542884	0	0	0	0	1	128	0	1	522	324	37	44	1621	0	0	0	1	
8342	103542918	0	0	0	0	1	128	0	1	522	326	37	44	1622	0	0	0	1	
8343	103542951	0	0	0	0	1	128	0	1	522	326	37	44	1633	0	0	0	1	
8344	103542985	0	0	0	0	1	128	0	1	520	326	37	44	1638	0	0	0	1	
8345	103543018	0	0	0	0	1	128	0	1	520	326	37	45	1650	0	0	0	1	
8346	103543051	0	0	0	0	1	128	0	1	520	326	37	45	1661	0	0	0	1	
8347	103543085	0	0	0	0	1	128	0	1	520	326	37	45	1667	0	0	0	1	
8348	103543118	0	0	0	0	1	128	0	1	520	326	37	45	1679	0	0	0	1	
8349	103543151	0	0	0	0	1	128	0	1	522	324	37	45	1692	0	0	0	1	
8350	103543185	0	0	0	0	1	128	0	1	538	324	35	45	1589	0	0	0	1	
8351	103543218	0	0	0	0	1	128	0	1	538	322	36	45	1610	0	0	0	1	
8352	103543252	0	0	0	0	1	128	0	1	538	322	36	46	1628	0	0	0	1	
8353	103543285	0	0	0	0	1	128	0	1	538	322	36	46	1633	0	0	0	1	
8354	103543318	0	0	0	0	1	128	0	1	538	322	36	46	1652	0	0	0	1	
8355	103543352	0	0	0	0	1	128	0	1	538	324	36	46	1669	0	0	0	1	
8356	103543385	0	0	0	0	1	128	0	1	538	324	36	47	1676	0	0	0	1	
8357	103543418	0	0	0	0	1	128	0	1	538	322	36	46	1675	0	0	0	1	
8358	103543452	0	0	0	0	1	128	0	1	538	322	36	46	1666	0	0	0	1	
8359	103543485	0	0	0	0	1	128	0	1	538	322	36	46	1662	0	0	0	1	
8360	103543519	0	0	0	0	1	128	0	1	538	322	36	46	1643	0	0	0	1	
8361	103543552	0	0	0	0	1	128	0	1	538	322	36	46	1629	0	0	0	1	
8362	103543585	0	0	0	0	1	128	0	1	538	324	36	45	1615	0	0	0	1	
8363	103543619	0	0	0	0	1	128	0	1	538	324	36	45	1611	0	0	0	1	
8364	103543652	0	0	0	0	1	128	0	1	538	322	35	45	1599	0	0	0	1	
8365	103543685	0	0	0	0	1	128	0	1	538	324	36	45	1601	0	0	0	1	
8366	103543719	0	0	0	0	1	128	0	1	538	324	36	45	1602	0	0	0	1	
8367	103543752	0	0	0	0	1	128	0	1	538	324	36	45	1600	0	0	0	1	
8368	103543785	0	0	0	0	1	128	0	1	538	324	36	45	1602	0	0	0	1	
8369	103543819	0	0	0	0	1	128	0	1	538	324	36	45	1612	0	0	0	1	
8370	103543852	0	0	0	0	1	128	0	1	538	324	36	45	1610	0	0	0	1	
8371	103543886	0	0	0	0	1	128	0	1	524	328	42	44	1853	0	0	0	1	
8372	103543919	0	0	0	0	1	128	0	1	520	334	38	46	1734	0	0	0	1	
8373	103543952	0	0	0	0	1	128	0	1	522	334	38	46	1737	0	0	0	1	
8374	103543986	0	0	0	0	1	128	0	1	522	334	38	46	1760	0	0	0	1	
8375	103544019	0	0	0	0	1	128	0	1	522	334	38	46	1775	0	0	0	1	
8376	103544052	0	0	0	0	1	128	0	1	522	334	39	47	1800	0	0	0	1	
8377	103544086	0	0	0	0	1	128	0	1	522	334	39	47	1810	0	0	0	1	
8378	103544119	0	0	0	0	1	128	0	1	522	334	39	47	1811	0	0	0	1	
8379	103544153	0	0	0	0	1	128	0	1	522	334	39	47	1815	0	0	0	1	
8380	103544186	0	0	0	0	1	128	0	1	522	334	38	47	1799	0	0	0	1	
8381	103544219	0	0	0	0	1	128	0	1	522	334	39	47	1801	0	0	0	1	
8382	103544253	0	0	0	0	1	128	0	1	522	334	38	46	1778	0	0	0	1	
8383	103544286	0	0	0	0	1	128	0	1	522	334	38	46	1767	0	0	0	1	
8384	103544319	0	0	0	0	1	128	0	1	524	334	38	46	1757	0	0	0	1	
8385	103544353	0	0	0	0	1	128	0	1	524	334	38	46	1741	0	0	0	1	
8386	103544386	0	0	0	0	1	128	0	1	524	338	36	44	1589	0	0	0	1	
8387	103544419	0	0	0	0	1	128	0	1	524	334	38	46	1721	0	0	0	1	
8388	103544453	0	0	0	0	1	128	0	1	524	334	38	46	1719	0	0	0	1	
8389	103544486	0	0	0	0	1	128	0	1	524	334	37	46	1712	0	0	0	1	
8390	103544520	0	0	0	0	1	128	0	1	524	334	37	46	1714	0	0	0	1	
8391	103544553	0	0	0	0	1	128	0	1	524	334	37	46	1721	0	0	0	1	
8392	103544586	0	0	0	0	1	128	0	1	524	334	38	46	1732	0	0	0	1	
8393	103544620	0	0	0	0	1	128	0	1	524	334	37	46	1728	0	0	0	1	
8394	103544653	0	0	0	0	1	128	0	1	524	334	38	46	1744	0	0	0	1	
8395	103544686	0	0	0	0	1	128	0	1	520	328	38	47	1795	0	0	0	1	
8396	103544720	0	0	0	0	1	128	0	1	510	310	41	47	1896	0	0	0	1	
8397	103544753	0	0	0	0	1	128	0	1	508	310	41	47	1907	0	0	0	1	
8398	103544786	0	0	0	0	1	128	0	1	508	312	41	47	1935	0	0	0	1	
8399	103544820	0	0	0	0	1	128	0	1	508	312	42	47	1947	0	0	0	1	
8400	103544853	0	0	0	0	1	128	0	1	508	312	42	47	1964	0	0	0	1	
8401	103544887	0	0	0	0	1	128	0	1	506	312	42	47	1994	0	0	0	1	
8402	103544920	0	0	0	0	1	128	0	1	506	312	42	48	2002	0	0	0	1	
8403	103544953	0	0	0	0	1	128	0	1	506	312	42	48	2026	0	0	0	1	
8404	103544987	0	0	0	0	1	128	0	1	506	312	43	48	2039	0	0	0	1	
8405	103545020	0	0	0	0	1	128	0	1	506	312	43	48	2040	0	0	0	1	
8406	103545053	0	0	0	0	1	128	0	1	506	312	42	48	2025	0	0	0	1	
8407	103545087	0	0	0	0	1	128	0	1	506	312	42	47	1993	0	0	0	1	
8408	103545120	0	0	0	0	1	128	0	1	506	312	42	47	1972	0	0	0	1	
8409	103545154	0	0	0	0	1	128	0	1	506	312	42	46	1938	0	0	0	1	
8410	103545187	0	0	0	0	1	128	0	1	506	312	41	46	1914	0	0	0	1	
8411	103545220	0	0	0	0	1	128	0	1	506	312	41	46	1905	0	0	0	1	
8412	103545254	0	0	0	0	1	128	0	1	506	312	41	46	1894	0	0	0	1	
8413	103545287	0	0	0	0	1	128	0	1	506	312	41	46	1891	0	0	0	1	
8414	103545320	0	0	0	0	1	128	0	1	506	312	41	46	1895	0	0	0	1	
8415	103545354	0	0	0	0	1	128	0	1	506	312	41	46	1898	0	0	0	1	
8416	103545387	0	0	0	0	1	128	0	1	504	320	41	45	1843	0	0	0	1	
8417	103545421	0	0	0	0	1	128	0	1	500	330	41	47	1913	0	0	0	1	
8418	103545454	0	0	0	0	1	128	0	1	500	330	41	47	1917	0	0	0	1	
8419	103545487	0	0	0	0	1	128	0	1	500	330	41	47	1914	0	0	0	1	
8420	103545521	0	0	0	0	1	128	0	1	500	330	41	47	1921	0	0	0	1	
8421	103545554	0	0	0	0	1	128	0	1	502	330	41	47	1920	0	0	0	1	
8422	103545587	0	0	0	0	1	128	0	1	502	330	41	47	1907	0	0	0	1	
8423	103545621	0	0	0	0	1	128	0	1	502	330	41	46	1901	0	0	0	1	
8424	103545654	0	0	0	0	1	128	0	1	502	330	41	46	1881	0	0	0	1	
8425	103545687	0	0	0	0	1	128	0	1	502	330	41	46	1865	0	0	0	1	
8426	103545721	0	0	0	0	1	128	0	1	502	330	40	45	1835	0	0	0	1	
8427	103545754	0	0	0	0	1	128	0	1	502	330	40	46	1816	0	0	0	1	
8428	103545788	0	0	0	0	1	128	0	1	502	330	40	45	1787	0	0	0	1	
8429	103545821	0	0	0	0	1	128	0	1	502	330	39	45	1766	0	0	0	1	
8430	103545854	0	0	0	0	1	128	0	1	502	330	39	45	1738	0	0	0	1	
8431	103545888	0	0	0	0	1	128	0	1	502	330	39	44	1709	0	0	0	1	
8432	103545921	0	0	0	0	1	128	0	1	502	330	38	44	1686	0	0	0	1	
8433	103545954	0	0	0	0	1	128	0	1	502	330	38	43	1663	0	0	0	1	
8434	103545988	0	0	0	0	1	128	0	1	502	330	38	43	1648	0	0	0	1	
8435	103546021	0	0	0	0	1	128	0	1	502	330	38	43	1619	0	0	0	1	
8436	103546055	0	0	0	0	1	128	0	1	502	330	38	43	1617	0	0	0	1	
8437	103546088	0	0	0	0	1	128	0	1	502	332	37	43	1597	0	0	0	1	
8438	103546121	0	0	0	0	1	128	0	1	502	332	37	42	1587	0	0	0	1	
8439	103546155	0	0	0	0	1	128	0	1	500	334	37	40	1458	0	0	0	1	
8440	103546188	0	0	0	0	1	128	0	0	0	0	0	0	0	0	0	0	1	
8441	103546221	0	0	0	0	1	128	0	0	0	0	0	0	0	0	0	0	1	
8442	103546255	0	0	0	0	1	128	0	0	0	0	0	0	0	0	0	0	1	
8443	103546288	0	0	0	0	1	128	0	1	498	356	35	40	1381	0	0	0	1	
8444	103546321	0	0	0	0	1	128	0	1	500	358	36	43	1559	0	0	0	1	
8445	103546355	0	0	0	0	1	128	0	1	500	358	37	43	1578	0	0	0	1	
8446	103546388	0	0	0	0	1	128	0	1	498	360	37	42	1568	0	0	0	1	
8447	103546422	0	0	0	0	1	128	0	1	486	370	37	43	1604	0	0	0	1	
8448	103546455	0	0	0	0	1	128	0	1	484	372	37	43	1621	0	0	0	1	
8449	103546488	0	0	0	0	1	128	0	1	482	372	38	44	1634	0	0	0	1	
8450	103546522	0	0	0	0	1	128	0	1	480	372	38	44	1651	0	0	0	1	
8451	103546555	0	0	0	0	1	128	0	1	478	374	38	44	1677	0	0	0	1	
8452	103546588	0	0	0	0	1	128	0	1	474	374	39	44	1693	0	0	0	1	
8453	103546622	0	0	0	0	1	128	0	1	456	378	39	44	1706	0	0	0	1	
8454	103546655	0	0	0	0	1	128	0	1	452	378	40	44	1733	0	0	0	1	
8455	103546688	0	0	0	0	1	128	0	1	450	378	40	44	1767	0	0	0	1	
8456	103546722	0	0	0	0	1	128	0	1	446	378	40	44	1772	0	0	0	1	
8457	103546755	0	0	0	0	1	128	0	1	444	378	41	44	1798	0	0	0	1	
8458	103546789	0	0	0	0	1	128	0	1	440	376	41	44	1824	0	0	0	1	
8459	103546822	0	0	0	0	1	128	0	1	438	376	41	45	1827	0	0	0	1	
8460	103546855	0	0	0	0	1	128	0	1	436	376	41	45	1842	0	0	0	1	
8461	103546889	0	0	0	0	1	128	0	1	432	370	43	45	1900	0	0	0	1	
8462	103546922	0	0	0	0	1	128	0	1	428	366	43	45	1910	0	0	0	1	
8463	103546955	0	0	0	0	1	128	0	1	426	366	43	45	1931	0	0	0	1	
8464	103546989	0	0	0	0	1	128	0	1	424	364	43	45	1949	0	0	0	1	
8465	103547022	0	0	0	0	1	128	0	1	424	362	43	45	1971	0	0	0	1	
8466	103547056	0	0	0	0	1	128	0	1	424	360	44	45	2000	0	0	0	1	
8467	103547089	0	0	0	0	1	128	0	1	426	362	41	45	1830	0	0	0	1	
8468	103547122	0	0	0	0	1	128	0	1	428	352	44	46	2031	0	0	0	1	
8469	103547156	0	0	0	0	1	128	0	1	430	344	45	46	2091	0	0	0	1	
8470	103547189	0	0	0	0	1	128	0	1	430	342	45	46	2110	0	0	0	1	
8471	103547222	0	0	0	0	1	128	0	1	430	340	45	47	2126	0	0	0	1	
8472	103547256	0	0	0	0	1	128	0	1	432	338	46	47	2144	0	0	0	1	
8473	103547289	0	0	0	0	1	128	0	1	434	336	46	48	2174	0	0	0	1	
8474	103547323	0	0	0	0	1	128	0	1	436	334	46	48	2185	0	0	0	1	
8475	103547356	0	0	0	0	1	128	0	1	438	332	46	48	2195	0	0	0	1	
8476	103547389	0	0	0	0	1	128	0	1	440	330	46	48	2213	0	0	0	1	
8477	103547423	0	0	0	0	1	128	0	1	462	322	44	48	2138	0	0	0	1	
8478	103547456	0	0	0	0	1	128	0	1	468	322	44	48	2123	0	0	0	1	
8479	103547489	0	0	0	0	1	128	0	1	470	322	44	47	2097	0	0	0	1	
8480	103547523	0	0	0	0	1	128	0	1	470	320	44	48	2130	0	0	0	1	
8481	103547556	0	0	0	0	1	128	0	1	472	320	44	48	2125	0	0	0	1	
8482	103547589	0	0	0	0	1	128	0	1	474	320	44	48	2140	0	0	0	1	
8483	103547623	0	0	0	0	1	128	0	1	474	320	44	48	2125	0	0	0	1	
8484	103547656	0	0	0	0	1	128	0	1	476	320	44	48	2130	0	0	0	1	
8485	103547690	0	0	0	0	1	128	0	1	478	320	44	48	2106	0	0	0	1	
8486	103547723	0	0	0	0	1	128	0	1	480	320	44	48	2113	0	0	0	1	
8487	103547756	0	0	0	0	1	128	0	1	482	320	44	48	2087	0	0	0	1	
8488	103547790	0	0	0	0	1	128	0	1	484	320	44	48	2110	0	0	0	1	
8489	103547823	0	0	0	0	1	128	0	1	486	322	44	48	2099	0	0	0	1	
8490	103547856	0	0	0	0	1	128	0	1	488	322	44	48	2089	0	0	0	1	
8491	103547890	0	0	0	0	1	128	0	1	498	322	42	48	2016	0	0	0	1	
8492	103547923	0	0	0	0	1	128	0	1	500	324	42	48	1998	0	0	0	1	
8493	103547956	0	0	0	0	1	128	0	1	502	326	42	47	1976	0	0	0	1	
8494	103547990	0	0	0	0	1	128	0	1	504	326	41	47	1965	0	0	0	1	
8495	103548023	0	0	0	0	1	128	0	1	504	328	41	47	1940	0	0	0	1	
8496	103548057	0	0	0	0	1	128	0	1	504	328	41	47	1915	0	0	0	1	
8497	103548090	0	0	0	0	1	128	0	1	506	328	41	47	1899	0	0	0	1	
8498	103548123	0	0	0	0	1	128	0	1	506	330	40	46	1871	0	0	0	1	
8499	103548157	0	0	0	0	1	128	0	1	506	330	40	46	1854	0	0	0	1	
8500	103548190	0	0	0	0	1	128	0	1	502	330	41	46	1860	0	0	0	1	
8501	103548223	0	0	0	0	1	128	0	1	504	330	40	46	1833	0	0	0	1	
8502	103548257	0	0	0	0	1	128	0	1	504	330	40	45	1824	0	0	0	1	
8503	103548290	0	0	0	0	1	128	0	1	504	330	40	45	1817	0	0	0	1	
8504	103548324	0	0	0	0	1	128	0	1	504	330	40	45	1817	0	0	0	1	
8505	103548357	0	0	0	0	1	128	0	1	504	330	40	45	1804	0	0	0	1	
8506	103548390	0	0	0	0	1	128	0	1	504	330	40	45	1804	0	0	0	1	
8507	103548424	0	0	0	0	1	128	0	1	504	330	40	45	1787	0	0	0	1	
8508	103548457	0	0	0	0	1	128	0	1	504	330	39	45	1783	0	0	0	1	
8509	103548490	0	0	0	0	1	128	0	1	504	330	39	45	1772	0	0	0	1	
8510	103548524	0	0	0	0	1	128	0	1	504	330	39	45	1762	0	0	0	1	
8511	103548557	0	0	0	0	1	128	0	1	504	330	39	45	1759	0	0	0	1	
8512	103548590	0	0	0	0	1	128	0	1	504	330	39	45	1741	0	0	0	1	
8513	103548624	0	0	0	0	1	128	0	1	504	330	39	45	1743	0	0	0	1	
8514	103548657	0	0	0	0	1	128	0	1	504	330	39	45	1743	0	0	0	1	
8515	103548691	0	0	0	0	1	128	0	1	504	330	39	45	1749	0	0	0	1	
8516	103548724	0	0	0	0	1	128	0	1	504	330	39	45	1764	0	0	0	1	
8517	103548757	0	0	0	0	1	128	0	1	504	330	39	45	1765	0	0	0	1	
8518	103548791	0	0	0	0	1	128	0	1	504	330	39	45	1777	0	0	0	1	
8519	103548824	0	0	0	0	1	128	0	1	502	330	39	45	1781	0	0	0	1	
8520	103548858	0	0	0	0	1	128	0	1	504	332	40	45	1797	0	0	0	1	
8521	103548891	0	0	0	0	1	128	0	1	504	332	40	45	1803	0	0	0	1	
8522	103548924	0	0	0	0	1	128	0	1	504	332	40	45	1812	0	0	0	1	
8523	103548958	0	0	0	0	1	128	0	1	504	332	40	46	1825	0	0	0	1	
8524	103548991	0	0	0	0	1	128	0	1	504	332	40	46	1823	0	0	0	1	
8525	103549024	0	0	0	0	1	128	0	1	504	332	40	46	1827	0	0	0	1	
8526	103549058	0	0	0	0	1	128	0	1	504	332	40	46	1834	0	0	0	1	
8527	103549091	0	0	0	0	1	128	0	1	504	332	40	46	1842	0	0	0	1	
8528	103549124	0	0	0	0	1	128	0	1	502	332	40	46	1860	0	0	0	1	
8529	103549158	0	0	0	0	1	128	0	1	502	332	40	46	1866	0	0	0	1	
8530	103549191	0	0	0	0	1	128	0	1	502	332	41	46	1882	0	0	0	1	
8531	103549225	0	0	0	0	1	128	0	1	496	334	39	45	1740	0	0	0	1	
8532	103549258	0	0	0	0	1	128	0	1	466	338	43	46	1957	0	0	0	1	
8533	103549291	0	0	0	0	1	128	0	1	466	338	43	46	1962	0	0	0	1	
8534	103549325	0	0	0	0	1	128	0	1	466	338	43	46	1970	0	0	0	1	
8535	103549358	0	0	0	0	1	128	0	1	466	338	43	46	1957	0	0	0	1	
8536	103549391	0	0	0	0	1	128	0	1	466	340	43	46	1947	0	0	0	1	
8537	103549425	0	0	0	0	1	128	0	1	466	340	43	46	1942	0	0	0	1	
8538	103549458	0	0	0	0	1	128	0	1	466	340	42	45	1872	0	0	0	1	
8539	103549491	0	0	0	0	1	128	0	1	466	340	42	45	1921	0	0	0	1	
8540	103549525	0	0	0	0	1	128	0	1	468	340	42	45	1901	0	0	0	1	
8541	103549558	0	0	0	0	1	128	0	1	468	340	42	45	1898	0	0	0	1	
8542	103549592	0	0	0	0	1	128	0	1	468	340	42	45	1886	0	0	0	1	
8543	103549625	0	0	0	0	1	128	0	1	468	340	42	45	1873	0	0	0	1	
8544	103549658	0	0	0	0	1	128	0	1	468	340	42	45	1858	0	0	0	1	
8545	103549692	0	0	0	0	1	128	0	1	468	340	41	44	1830	0	0	0	1	
8546	103549725	0	0	0	0	1	128	0	1	468	340	41	44	1810	0	0	0	1	
8547	103549758	0	0	0	0	1	128	0	1	468	340	41	44	1785	0	0	0	1	
8548	103549792	0	0	0	0	1	128	0	1	468	340	41	44	1786	0	0	0	1	
8549	103549825	0	0	0	0	1	128	0	1	468	340	41	43	1769	0	0	0	1	
8550	103549859	0	0	0	0	1	128	0	1	470	340	40	43	1746	0	0	0	1	
8551	103549892	0	0	0	0	1	128	0	1	470	340	40	43	1743	0	0	0	1	
8552	103549925	0	0	0	0	1	128	0	0	0	0	0	0	0	0	0	0	1	
8553	103549959	0	0	0	0	1	128	0	1	496	362	37	43	1575	0	0	0	1	
8554	103549992	0	0	0	0	1	128	0	1	498	362	37	43	1594	0	0	0	1	
8555	103550025	0	0	0	0	1	128	0	1	498	360	37	43	1592	0	0	0	1	
8556	103550059	0	0	0	0	1	128	0	1	498	362	37	43	1608	0	0	0	1	
8557	103550092	0	0	0	0	1	128	0	1	498	362	37	43	1615	0	0	0	1	
8558	103550125	0	0	0	0	1	128	0	1	498	362	37	44	1626	0	0	0	1	
8559	103550159	0	0	0	0	1	128	0	1	498	362	38	44	1640	0	0	0	1	
8560	103550192	0	0	0	0	1	128	0	1	498	362	38	44	1649	0	0	0	1	
8561	103550226	0	0	0	0	1	128	0	1	498	362	38	44	1648	0	0	0	1	
8562	103550259	0	0	0	0	1	128	0	1	498	362	38	44	1650	0	0	0	1	
8563	103550292	0	0	0	0	1	128	0	1	498	362	38	44	1655	0	0	0	1	
8564	103550326	0	0	0	0	1	128	0	1	496	362	38	44	1654	0	0	0	1	
8565	103550359	0	0	0	0	1	128	0	1	510	350	37	44	1650	0	0	0	1	
8566	103550392	0	0	0	0	1	128	0	1	514	344	37	45	1656	0	0	0	1	
8567	103550426	0	0	0	0	1	128	0	1	514	344	37	45	1673	0	0	0	1	
8568	103550459	0	0	0	0	1	128	0	1	514	344	37	45	1676	0	0	0	1	
8569	103550492	0	0	0	0	1	128	0	1	514	344	37	45	1686	0	0	0	1	
8570	103550526	0	0	0	0	1	128	0	1	514	344	37	45	1702	0	0	0	1	
8571	103550559	0	0	0	0	1	128	0	1	514	344	38	46	1714	0	0	0	1	
8572	103550593	0	0	0	0	1	128	0	1	514	344	38	46	1735	0	0	0	1	
8573	103550626	0	0	0	0	1	128	0	1	514	344	38	46	1756	0	0	0	1	
8574	103550659	0	0	0	0	1	128	0	1	514	344	38	47	1777	0	0	0	1	
8575	103550693	0	0	0	0	1	128	0	1	514	344	39	47	1806	0	0	0	1	
8576	103550726	0	0	0	0	1	128	0	1	514	344	39	47	1825	0	0	0	1	
8577	103550759	0	0	0	0	1	128	0	1	504	346	40	47	1879	0	0	0	1	
8578	103550793	0	0	0	0	1	128	0	1	504	346	40	47	1888	0	0	0	1	
8579	103550826	0	0	0	0	1	128	0	1	504	346	40	47	1900	0	0	0	1	
8580	103550860	0	0	0	0	1	128	0	1	504	346	40	48	1922	0	0	0	1	
8581	103550893	0	0	0	0	1	128	0	1	504	348	40	48	1923	0	0	0	1	
8582	103550926	0	0	0	0	1	128	0	1	504	348	40	48	1937	0	0	0	1	
8583	103550960	0	0	0	0	1	128	0	1	504	348	41	48	1945	0	0	0	1	
8584	103550993	0	0	0	0	1	128	0	1	504	346	41	48	1955	0	0	0	1	
8585	103551026	0	0	0	0	1	128	0	1	506	346	41	48	1963	0	0	0	1	
8586	103551060	0	0	0	0	1	128	0	1	506	346	41	48	1976	0	0	0	1	
8587	103551093	0	0	0	0	1	128	0	1	504	346	41	48	1989	0	0	0	1	
8588	103551126	0	0	0	0	1	128	0	1	504	348	41	48	1991	0	0	0	1	
8589	103551160	0	0	0	0	1	128	0	1	504	346	41	48	2001	0	0	0	1	
8590	103551193	0	0	0	0	1	128	0	1	504	346	41	49	2014	0	0	0	1	
8591	103551227	0	0	0	0	1	128	0	1	504	346	41	49	2023	0	0	0	1	
8592	103551260	0	0	0	0	1	128	0	1	504	346	42	49	2035	0	0	0	1	
8593	103551293	0	0	0	0	1	128	0	1	504	346	42	49	2042	0	0	0	1	
8594	103551327	0	0	0	0	1	128	0	1	504	346	42	49	2046	0	0	0	1	
8595	103551360	0	0	0	0	1	128	0	1	504	348	42	49	2061	0	0	0	1	
8596	103551393	0	0	0	0	1	128	0	1	506	346	42	49	2062	0	0	0	1	
8597	103551427	0	0	0	0	1	128	0	1	526	328	40	49	1975	0	0	0	1	
8598	103551460	0	0	0	0	1	128	0	1	526	328	40	49	1974	0	0	0	1	
8599	103551494	0	0	0	0	1	128	0	1	526	328	40	49	1987	0	0	0	1	
8600	103551527	0	0	0	0	1	128	0	1	526	328	40	49	1991	0	0	0	1	
8601	103551560	0	0	0	0	1	128	0	1	526	328	41	49	2005	0	0	0	1	
8602	103551594	0	0	0	0	1	128	0	1	526	328	41	49	2020	0	0	0	1	
8603	103551627	0	0	0	0	1	128	0	1	526	328	41	50	2015	0	0	0	1	
8604	103551660	0	0	0	0	1	128	0	1	526	328	41	50	2034	0	0	0	1	
8605	103551694	0	0	0	0	1	128	0	1	526	328	41	50	2040	0	0	0	1	
8606	103551727	0	0	0	0	1	128	0	1	526	328	41	50	2048	0	0	0	1	
8607	103551761	0	0	0	0	1	128	0	1	526	328	41	50	2056	0	0	0	1	
8608	103551794	0	0	0	0	1	128	0	1	524	330	41	49	2023	0	0	0	1	
8609	103551827	0	0	0	0	1	128	0	1	524	336	42	50	2085	0	0	0	1	
8610	103551861	0	0	0	0	1	128	0	0	0	0	0	0	0	0	0	0	1	
8611	103551894	0	0	0	0	1	128	0	1	526	330	40	47	1883	0	0	0	1	
8612	103551927	0	0	0	0	1	128	0	1	524	330	40	51	2034	0	0	0	1	
8613	103551961	0	0	0	0	1	128	0	1	526	328	40	50	2012	0	0	0	1	
8614	103551994	0	0	0	0	1	128	0	1	526	326	41	50	2051	0	0	0	1	
8615	103552027	0	0	0	0	1	128	0	1	528	326	41	50	2064	0	0	0	1	
8616	103552061	0	0	0	0	1	128	0	1	528	326	41	50	2059	0	0	0	1	
8617	103552094	0	0	0	0	1	128	0	1	528	326	41	50	2051	0	0	0	1	
8618	103552127	0	0	0	0	1	128	0	1	528	326	41	50	2061	0	0	0	1	
8619	103552161	0	0	0	0	1	128	0	1	528	326	41	50	2056	0	0	0	1	
8620	103552194	0	0	0	0	1	128	0	1	528	326	41	50	2068	0	0	0	1	
8621	103552228	0	0	0	0	1	128	0	1	520	322	43	50	2142	0	0	0	1	
8622	103552261	0	0	0	0	1	128	0	1	508	308	44	50	2220	0	0	0	1	
8623	103552294	0	0	0	0	1	128	0	1	506	308	45	50	2225	0	0	0	1	
8624	103552328	0	0	0	0	1	128	0	1	506	308	45	50	2237	0	0	0	1	
8625	103552361	0	0	0	0	1	128	0	1	506	308	45	50	2246	0	0	0	1	
8626	103552394	0	0	0	0	1	128	0	1	506	308	45	50	2245	0	0	0	1	
8627	103552428	0	0	0	0	1	128	0	1	506	308	45	50	2255	0	0	0	1	
8628	103552461	0	0	0	0	1	128	0	1	504	308	45	50	2272	0	0	0	1	
8629	103552495	0	0	0	0	1	128	0	1	502	308	45	50	2270	0	0	0	1	
8630	103552528	0	0	0	0	1	128	0	1	502	308	45	50	2264	0	0	0	1	
8631	103552561	0	0	0	0	1	128	0	1	502	308	45	50	2248	0	0	0	1	
8632	103552595	0	0	0	0	1	128	0	1	504	312	42	47	1977	0	0	0	1	
8633	103552628	0	0	0	0	1	128	0	1	502	308	44	49	2167	0	0	0	1	
8634	103552661	0	0	0	0	1	128	0	1	502	308	44	49	2127	0	0	0	1	
8635	103552695	0	0	0	0	1	128	0	1	504	310	41	46	1918	0	0	0	1	
8636	103552728	0	0	0	0	1	128	0	1	502	308	43	48	2051	0	0	0	1	
8637	103552761	0	0	0	0	1	128	0	1	502	308	43	47	2017	0	0	0	1	
8638	103552795	0	0	0	0	1	128	0	1	502	308	42	47	1978	0	0	0	1	
8639	103552828	0	0	0	0	1	128	0	1	504	308	42	47	1943	0	0	0	1	
8640	103552862	0	0	0	0	1	128	0	1	502	308	41	46	1911	0	0	0	1	
8641	103552895	0	0	0	0	1	128	0	1	502	308	41	46	1894	0	0	0	1	
8642	103552928	0	0	0	0	1	128	0	1	504	308	41	46	1873	0	0	0	1	
8643	103552962	0	0	0	0	1	128	0	1	504	308	41	46	1859	0	0	0	1	
8644	103552995	0	0	0	0	1	128	0	1	504	308	40	46	1841	0	0	0	1	
8645	103553028	0	0	0	0	1	128	0	1	506	308	41	45	1825	0	0	0	1	
8646	103553062	0	0	0	0	1	128	0	1	510	308	40	45	1788	0	0	0	1	
8647	103553095	0	0	0	0	1	128	0	1	512	308	40	45	1774	0	0	0	1	
8648	103553129	0	0	0	0	1	128	0	1	512	308	39	45	1756	0	0	0	1	
8649	103553162	0	0	0	0	1	128	0	1	514	308	39	45	1744	0	0	0	1	
8650	103553195	0	0	0	0	1	128	0	1	514	308	39	45	1726	0	0	0	1	
8651	103553229	0	0	0	0	1	128	0	1	514	308	39	44	1724	0	0	0	1	
8652	103553262	0	0	0	0	1	128	0	1	516	308	38	44	1703	0	0	0	1	
8653	103553295	0	0	0	0	1	128	0	1	516	308	38	44	1686	0	0	0	1	
8654	103553329	0	0	0	0	1	128	0	1	518	308	38	44	1663	0	0	0	1	
8655	103553362	0	0	0	0	1	128	0	1	518	308	38	44	1657	0	0	0	1	
8656	103553395	0	0	0	0	1	128	0	1	518	308	38	44	1646	0	0	0	1	
8657	103553429	0	0	0	0	1	128	0	1	520	310	38	43	1635	0	0	0	1	
8658	103553462	0	0	0	0	1	128	0	1	520	310	37	44	1633	0	0	0	1	
8659	103553496	0	0	0	0	1	128	0	1	522	310	38	44	1646	0	0	0	1	
8660	103553529	0	0	0	0	1	128	0	1	522	310	37	44	1649	0	0	0	1	
8661	103553562	0	0	0	0	1	128	0	1	522	310	37	44	1658	0	0	0	1	
8662	103553596	0	0	0	0	1	128	0	1	522	310	38	45	1674	0	0	0	1	
8663	103553629	0	0	0	0	1	128	0	1	522	310	38	45	1683	0	0	0	1	
8664	103553662	0	0	0	0	1	128	0	1	522	310	38	45	1700	0	0	0	1	
8665	103553696	0	0	0	0	1	128	0	1	524	310	38	45	1722	0	0	0	1	
8666	103553729	0	0	0	0	1	128	0	1	520	310	39	45	1752	0	0	0	1	
8667	103553763	0	0	0	0	1	128	0	1	520	310	39	45	1757	0	0	0	1	
8668	103553796	0	0	0	0	1	128	0	1	520	310	39	46	1771	0	0	0	1	
8669	103553829	0	0	0	0	1	128	0	1	520	310	39	46	1780	0	0	0	1	
8670	103553863	0	0	0	0	1	128	0	1	520	310	39	46	1795	0	0	0	1	
8671	103553896	0	0	0	0	1	128	0	1	520	310	39	46	1805	0	0	0	1	
8672	103553929	0	0	0	0	1	128	0	1	520	310	39	46	1809	0	0	0	1	
8673	103553963	0	0	0	0	1	128	0	1	518	310	40	46	1829	0	0	0	1	
8674	103553996	0	0	0	0	1	128	0	1	518	310	40	46	1825	0	0	0	1	
8675	103554030	0	0	0	0	1	128	0	1	518	310	40	46	1824	0	0	0	1	
8676	103554063	0	0	0	0	1	128	0	1	518	310	39	46	1834	0	0	0	1	
8677	103554096	0	0	0	0	1	128	0	1	518	310	40	46	1826	0	0	0	1	
8678	103554130	0	0	0	0	1	128	0	1	518	310	40	46	1826	0	0	0	1	
8679	103554163	0	0	0	0	1	128	0	1	518	310	39	46	1825	0	0	0	1	
8680	103554196	0	0	0	0	1	128	0	1	518	310	39	46	1817	0	0	0	1	
8681	103554230	0	0	0	0	1	128	0	1	518	310	39	46	1814	0	0	0	1	
8682	103554263	0	0	0	0	1	128	0	1	518	310	39	46	1807	0	0	0	1	
8683	103554296	0	0	0	0	1	128	0	1	518	310	39	46	1806	0	0	0	1	
8684	103554330	0	0	0	0	1	128	0	1	518	310	39	46	1800	0	0	0	1	
8685	103554363	0	0	0	0	1	128	0	1	518	310	39	46	1807	0	0	0	1	
8686	103554397	0	0	0	0	1	128	0	1	518	310	39	46	1803	0	0	0	1	
8687	103554430	0	0	0	0	1	128	0	1	518	310	39	46	1798	0	0	0	1	
8688	103554463	0	0	0	0	1	128	0	1	520	310	39	46	1798	0	0	0	1	
8689	103554497	0	0	0	0	1	128	0	1	520	310	39	46	1796	0	0	0	1	
8690	103554530	0	0	0	0	1	128	0	1	520	310	39	46	1794	0	0	0	1	
8691	103554563	0	0	0	0	1	128	0	1	496	314	40	45	1787	0	0	0	1	
8692	103554597	0	0	0	0	1	128	0	1	480	318	42	45	1919	0	0	0	1	
8693	103554630	0	0	0	0	1	128	0	1	480	318	42	45	1901	0	0	0	1	
8694	103554663	0	0	0	0	1	128	0	1	480	318	42	45	1886	0	0	0	1	
8695	103554697	0	0	0	0	1	128	0	1	480	318	42	45	1871	0	0	0	1	
8696	103554730	0	0	0	0	1	128	0	1	480	318	42	45	1855	0	0	0	1	
8697	103554764	0	0	0	0	1	128	0	1	480	318	42	45	1847	0	0	0	1	
8698	103554797	0	0	0	0	1	128	0	1	480	318	41	44	1842	0	0	0	1	
8699	103554830	0	0	0	0	1	128	0	1	480	318	41	44	1841	0	0	0	1	
8700	103554864	0	0	0	0	1	128	0	1	480	318	41	44	1839	0	0	0	1	
8701	103554897	0	0	0	0	1	128	0	1	480	320	41	44	1831	0	0	0	1	
8702	103554931	0	0	0	0	1	128	0	1	480	320	41	44	1830	0	0	0	1	
8703	103554964	0	0	0	0	1	128	0	1	480	320	41	44	1830	0	0	0	1	
8704	103554997	0	0	0	0	1	128	0	1	480	320	41	44	1814	0	0	0	1	
8705	103555031	0	0	0	0	1	128	0	1	480	318	41	44	1784	0	0	0	1	
8706	103555064	0	0	0	0	1	128	0	1	480	320	41	43	1766	0	0	0	1	
8707	103555097	0	0	0	0	1	128	0	1	480	320	41	43	1755	0	0	0	1	
8708	103555131	0	0	0	0	1	128	0	1	480	320	40	43	1736	0	0	0	1	
8709	103555164	0	0	0	0	1	128	0	1	480	320	40	43	1736	0	0	0	1	
8710	103555197	0	0	0	0	1	128	0	1	480	320	40	43	1734	0	0	0	1	
8711	103555231	0	0	0	0	1	128	0	1	480	320	40	43	1730	0	0	0	1	
8712	103555264	0	0	0	0	1	128	0	1	480	320	40	43	1739	0	0	0	1	
8713	103555298	0	0	0	0	1	128	0	1	496	322	37	43	1608	0	0	0	1	
8714	103555331	0	0	0	0	1	128	0	1	512	324	37	43	1614	0	0	0	1	
8715	103555364	0	0	0	0	1	128	0	1	514	324	38	43	1633	0	0	0	1	
8716	103555398	0	0	0	0	1	128	0	1	514	324	38	44	1644	0	0	0	1	
8717	103555431	0	0	0	0	1	128	0	1	514	324	38	44	1651	0	0	0	1	
8718	103555464	0	0	0	0	1	128	0	1	514	324	38	44	1663	0	0	0	1	
8719	103555498	0	0	0	0	1	128	0	1	516	326	37	44	1650	0	0	0	1	
8720	103555531	0	0	0	0	1	128	0	1	518	326	38	44	1661	0	0	0	1	
8721	103555565	0	0	0	0	1	128	0	1	518	326	38	44	1663	0	0	0	1	
8722	103555598	0	0	0	0	1	128	0	1	518	326	38	44	1667	0	0	0	1	
8723	103555631	0	0	0	0	1	128	0	1	518	326	38	44	1666	0	0	0	1	
8724	103555665	0	0	0	0	1	128	0	1	518	326	38	44	1665	0	0	0	1	
8725	103555698	0	0	0	0	1	128	0	1	516	326	38	44	1673	0	0	0	1	
8726	103555731	0	0	0	0	1	128	0	1	518	326	38	44	1663	0	0	0	1	
8727	103555765	0	0	0	0	1	128	0	1	518	326	38	44	1678	0	0	0	1	
8728	103555798	0	0	0	0	1	128	0	1	518	326	38	44	1682	0	0	0	1	
8729	103555831	0	0	0	0	1	128	0	1	518	326	38	45	1696	0	0	0	1	
8730	103555865	0	0	0	0	1	128	0	1	516	326	38	45	1702	0	0	0	1	
8731	103555898	0	0	0	0	1	128	0	1	516	326	38	45	1714	0	0	0	1	
8732	103555932	0	0	0	0	1	128	0	1	516	326	38	45	1722	0	0	0	1	
8733	103555965	0	0	0	0	1	128	0	1	516	326	38	45	1731	0	0	0	1	
8734	103555998	0	0	0	0	1	128	0	1	516	326	38	45	1737	0	0	0	1	
8735	103556032	0	0	0	0	1	128	0	1	516	326	39	45	1746	0	0	0	1	
8736	103556065	0	0	0	0	1	128	0	1	556	318	53	82	4376	0	0	0	1	
8737	103556098	0	0	0	0	1	128	0	1	526	360	35	45	1578	0	0	0	1	
8738	103556132	0	0	0	0	1	128	0	1	528	360	36	46	1632	0	0	0	1	
8739	103556165	0	0	0	0	1	128	0	1	522	362	33	44	1456	0	0	0	1	
8740	103556198	0	0	0	0	1	128	0	0	0	0	0	0	0	0	0	0	1	
8741	103556232	0	0	0	0	1	128	0	0	0	0	0	0	0	0	0	0	1	
8742	103556265	0	0	0	0	1	128	0	0	0	0	0	0	0	0	0	0	1	
8743	103556299	0	0	0	0	1	128	0	1	478	394	143	218	31103	0	0	0	1	
8744	103556332	0	0	0	0	1	128	0	1	522	366	36	45	1623	0	0	0	1	
8745	103556365	0	0	0	0	1	128	0	1	522	366	36	46	1680	0	0	0	1	
8746	103556399	0	0	0	0	1	128	0	1	522	364	36	46	1681	0	0	0	1	
8747	103556432	0	0	0	0	1	128	0	1	524	364	36	47	1687	0	0	0	1	
8748	103556465	0	0	0	0	1	128	0	1	524	364	36	47	1683	0	0	0	1	
8749	103556499	0	0	0	0	1	128	0	1	524	364	36	47	1694	0	0	0	1	
8750	103556532	0	0	0	0	1	128	0	1	524	364	36	47	1697	0	0	0	1	
8751	103556566	0	0	0	0	1	128	0	1	524	364	36	47	1704	0	0	0	1	
8752	103556599	0	0	0	0	1	128	0	1	524	364	37	47	1724	0	0	0	1	
8753	103556632	0	0	0	0	1	128	0	1	524	364	37	47	1734	0	0	0	1	
8754	103556666	0	0	0	0	1	128	0	1	524	364	37	47	1753	0	0	0	1	
8755	103556699	0	0	0	0	1	128	0	1	524	362	37	48	1770	0	0	0	1	
8756	103556732	0	0	0	0	1	128	0	1	524	362	37	48	1781	0	0	0	1	
8757	103556766	0	0	0	0	1	128	0	1	524	362	37	48	1795	0	0	0	1	
8758	103556799	0	0	0	0	1	128	0	1	524	362	38	48	1819	0	0	0	1	
8759	103556832	0	0	0	0	1	128	0	1	524	362	38	49	1840	0	0	0	1	
8760	103556866	0	0	0	0	1	128	0	1	522	356	39	50	1931	0	0	0	1	
8761	103556899	0	0	0	0	1	128	0	1	520	354	39	49	1941	0	0	0	1	
8762	103556933	0	0	0	0	1	128	0	1	520	354	40	50	1969	0	0	0	1	
8763	103556966	0	0	0	0	1	128	0	1	518	352	40	50	1983	0	0	0	1	
8764	103556999	0	0	0	0	1	128	0	1	518	352	40	50	2012	0	0	0	1	
8765	103557033	0	0	0	0	1	128	0	1	518	350	40	50	2028	0	0	0	1	
8766	103557066	0	0	0	0	1	128	0	1	514	346	41	51	2096	0	0	0	1	
8767	103557099	0	0	0	0	1	128	0	1	512	342	42	51	2134	0	0	0	1	
8768	103557133	0	0	0	0	1	128	0	1	512	340	42	51	2146	0	0	0	1	
8769	103557166	0	0	0	0	1	128	0	1	510	340	42	51	2144	0	0	0	1	
8770	103557200	0	0	0	0	1	128	0	1	510	338	43	51	2166	0	0	0	1	
8771	103557233	0	0	0	0	1	128	0	1	510	338	43	51	2171	0	0	0	1	
8772	103557266	0	0	0	0	1	128	0	1	508	336	43	51	2182	0	0	0	1	
8773	103557300	0	0	0	0	1	128	0	1	508	336	43	51	2181	0	0	0	1	
8774	103557333	0	0	0	0	1	128	0	1	506	336	43	51	2191	0	0	0	1	
8775	103557366	0	0	0	0	1	128	0	1	506	334	43	50	2180	0	0	0	1	
8776	103557400	0	0	0	0	1	128	0	1	506	334	43	50	2191	0	0	0	1	
8777	103557433	0	0	0	0	1	128	0	1	506	334	44	50	2202	0	0	0	1	
8778	103557466	0	0	0	0	1	128	0	1	502	328	44	50	2232	0	0	0	1	
8779	103557500	0	0	0	0	1	128	0	1	502	328	44	50	2221	0	0	0	1	
8780	103557533	0	0	0	0	1	128	0	1	502	328	44	50	2225	0	0	0	1	
8781	103557567	0	0	0	0	1	128	0	1	500	328	44	50	2222	0	0	0	1	
8782	103557600	0	0	0	0	1	128	0	1	500	328	44	50	2214	0	0	0	1	
8783	103557633	0	0	0	0	1	128	0	1	500	328	44	50	2228	0	0	0	1	
8784	103557667	0	0	0	0	1	128	0	1	500	328	44	50	2233	0	0	0	1	
8785	103557700	0	0	0	0	1	128	0	1	502	330	44	50	2216	0	0	0	1	
8786	103557733	0	0	0	0	1	128	0	1	502	330	44	50	2223	0	0	0	1	
8787	103557767	0	0	0	0	1	128	0	1	502	330	44	51	2240	0	0	0	1	
8788	103557800	0	0	0	0	1	128	0	1	502	330	45	51	2256	0	0	0	1	
8789	103557834	0	0	0	0	1	128	0	1	502	330	45	51	2263	0	0	0	1	
8790	103557867	0	0	0	0	1	128	0	1	502	330	45	51	2261	0	0	0	1	
8791	103557900	0	0	0	0	1	128	0	1	502	330	44	51	2255	0	0	0	1	
8792	103557934	0	0	0	0	1	128	0	1	502	330	44	50	2243	0	0	0	1	
8793	103557967	0	0	0	0	1	128	0	1	502	330	44	50	2233	0	0	0	1	
8794	103558000	0	0	0	0	1	128	0	1	504	334	40	49	1943	0	0	0	1	
8795	103558034	0	0	0	0	1	128	0	1	502	330	44	50	2198	0	0	0	1	
8796	103558067	0	0	0	0	1	128	0	1	502	330	44	50	2177	0	0	0	1	
8797	103558101	0	0	0	0	1	128	0	1	502	330	44	50	2168	0	0	0	1	
8798	103558134	0	0	0	0	1	128	0	1	502	330	43	50	2153	0	0	0	1	
8799	103558167	0	0	0	0	1	128	0	1	502	330	43	49	2144	0	0	0	1	
8800	103558201	0	0	0	0	1	128	0	1	502	330	43	49	2142	0	0	0	1	
8801	103558234	0	0	0	0	1	128	0	1	502	330	43	49	2134	0	0	0	1	
8802	103558267	0	0	0	0	1	128	0	1	502	330	43	49	2139	0	0	0	1	
8803	103558301	0	0	0	0	1	128	0	1	502	330	43	49	2138	0	0	0	1	
8804	103558334	0	0	0	0	1	128	0	1	502	330	43	49	2139	0	0	0	1	
8805	103558367	0	0	0	0	1	128	0	1	504	320	45	51	2331	0	0	0	1	
8806	103558401	0	0	0	0	1	128	0	1	506	302	44	49	2134	0	0	0	1	
8807	103558434	0	0	0	0	1	128	0	1	506	302	44	49	2141	0	0	0	1	
8808	103558468	0	0	0	0	1	128	0	1	506	302	44	49	2146	0	0	0	1	
8809	103558501	0	0	0	0	1	128	0	1	506	302	44	49	2156	0	0	0	1	
8810	103558534	0	0	0	0	1	128	0	1	506	302	44	49	2165	0	0	0	1	
8811	103558568	0	0	0	0	1	128	0	1	506	302	44	49	2174	0	0	0	1	
8812	103558601	0	0	0	0	1	128	0	1	506	302	44	49	2184	0	0	0	1	
8813	103558634	0	0	0	0	1	128	0	1	506	302	44	49	2180	0	0	0	1	
8814	103558668	0	0	0	0	1	128	0	1	506	302	44	49	2193	0	0	0	1	
8815	103558701	0	0	0	0	1	128	0	1	504	302	44	49	2188	0	0	0	1	
8816	103558734	0	0	0	0	1	128	0	1	506	302	44	49	2155	0	0	0	1	
8817	103558768	0	0	0	0	1	128	0	1	504	320	43	47	2038	0	0	0	1	
8818	103558801	0	0	0	0	1	128	0	1	504	328	43	48	2080	0	0	0	1	
8819	103558835	0	0	0	0	1	128	0	1	504	328	43	48	2051	0	0	0	1	
8820	103558868	0	0	0	0	1	128	0	1	504	328	42	48	2027	0	0	0	1	
8821	103558901	0	0	0	0	1	128	0	1	504	328	42	47	2005	0	0	0	1	
8822	103558935	0	0	0	0	1	128	0	1	504	328	42	47	1990	0	0	0	1	
8823	103558968	0	0	0	0	1	128	0	1	504	328	42	47	1983	0	0	0	1	
8824	103559001	0	0	0	0	1	128	0	1	504	328	42	47	1970	0	0	0	1	
8825	103559035	0	0	0	0	1	128	0	1	504	328	42	47	1963	0	0	0	1	
8826	103559068	0	0	0	0	1	128	0	1	504	328	42	47	1961	0	0	0	1	
8827	103559102	0	0	0	0	1	128	0	1	504	328	42	47	1959	0	0	0	1	
8828	103559135	0	0	0	0	1	128	0	1	506	332	41	48	1939	0	0	0	1	
8829	103559168	0	0	0	0	1	128	0	1	506	332	41	48	1960	0	0	0	1	
8830	103559202	0	0	0	0	1	128	0	1	506	332	41	48	1960	0	0	0	1	
8831	103559235	0	0	0	0	1	128	0	1	506	332	41	48	1979	0	0	0	1	
8832	103559268	0	0	0	0	1	128	0	1	506	332	41	48	1993	0	0	0	1	
8833	103559302	0	0	0	0	1	128	0	1	506	332	42	48	2010	0	0	0	1	
8834	103559335	0	0	0	0	1	128	0	1	506	332	42	48	2015	0	0	0	1	
8835	103559368	0	0	0	0	1	128	0	1	506	332	42	49	2032	0	0	0	1	
8836	103559402	0	0	0	0	1	128	0	1	506	332	42	49	2041	0	0	0	1	
8837	103559435	0	0	0	0	1	128	0	1	506	332	42	48	2037	0	0	0	1	
8838	103559469	0	0	0	0	1	128	0	1	506	332	42	48	2037	0	0	0	1	
8839	103559502	0	0	0	0	1	128	0	1	506	332	42	48	2041	0	0	0	1	
8840	103559535	0	0	0	0	1	128	0	1	506	332	42	48	2043	0	0	0	1	
8841	103559569	0	0	0	0	1	128	0	1	506	332	42	49	2050	0	0	0	1	
8842	103559602	0	0	0	0	1	128	0	1	506	332	42	48	2054	0	0	0	1	
8843	103559635	0	0	0	0	1	128	0	1	506	332	42	48	2053	0	0	0	1	
8844	103559669	0	0	0	0	1	128	0	1	506	332	42	49	2057	0	0	0	1	
8845	103559702	0	0	0	0	1	128	0	1	506	332	42	48	2057	0	0	0	1	
8846	103559736	0	0	0	0	1	128	0	1	506	332	42	48	2051	0	0	0	1	
8847	103559769	0	0	0	0	1	128	0	1	506	332	42	48	2037	0	0	0	1	
8848	103559802	0	0	0	0	1	128	0	1	506	332	42	48	2021	0	0	0	1	
8849	103559836	0	0	0	0	1	128	0	1	506	332	42	48	1992	0	0	0	1	
8850	103559869	0	0	0	0	1	128	0	1	506	332	41	48	1968	0	0	0	1	
8851	103559902	0	0	0	0	1	128	0	1	506	338	41	46	1897	0	0	0	1	
8852	103559936	0	0	0	0	1	128	0	1	506	344	41	47	1907	0	0	0	1	
8853	103559969	0	0	0	0	1	128	0	1	506	346	40	47	1903	0	0	0	1	
8854	103560003	0	0	0	0	1	128	0	1	506	346	41	47	1899	0	0	0	1	
8855	103560036	0	0	0	0	1	128	0	1	504	348	40	47	1880	0	0	0	1	
8856	103560069	0	0	0	0	1	128	0	1	504	350	40	47	1890	0	0	0	1	
8857	103560103	0	0	0	0	1	128	0	1	502	350	40	46	1875	0	0	0	1	
8858	103560136	0	0	0	0	1	128	0	1	500	352	41	46	1877	0	0	0	1	
8859	103560169	0	0	0	0	1	128	0	1	494	352	41	46	1901	0	0	0	1	
8860	103560203	0	0	0	0	1	128	0	1	492	354	41	46	1902	0	0	0	1	
8861	103560236	0	0	0	0	1	128	0	1	492	354	41	47	1918	0	0	0	1	
8862	103560269	0	0	0	0	1	128	0	1	490	354	41	46	1915	0	0	0	1	
8863	103560303	0	0	0	0	1	128	0	1	488	354	42	46	1932	0	0	0	1	
8864	103560336	0	0	0	0	1	128	0	1	486	354	42	47	1945	0	0	0	1	
8865	103560370	0	0	0	0	1	128	0	1	484	354	42	47	1972	0	0	0	1	
8866	103560403	0	0	0	0	1	128	0	1	482	354	43	47	1996	0	0	0	1	
8867	103560436	0	0	0	0	1	128	0	1	480	354	43	47	2019	0	0	0	1	
8868	103560470	0	0	0	0	1	128	0	1	480	354	43	47	2040	0	0	0	1	
8869	103560503	0	0	0	0	1	128	0	1	478	354	44	47	2062	0	0	0	1	
8870	103560536	0	0	0	0	1	128	0	1	476	352	44	48	2108	0	0	0	1	
8871	103560570	0	0	0	0	1	128	0	1	474	350	44	48	2140	0	0	0	1	
8872	103560603	0	0	0	0	1	128	0	1	472	348	45	48	2168	0	0	0	1	
8873	103560636	0	0	0	0	1	128	0	1	472	348	45	49	2199	0	0	0	1	
8874	103560670	0	0	0	0	1	128	0	1	472	348	45	49	2225	0	0	0	1	
8875	103560703	0	0	0	0	1	128	0	1	470	348	45	49	2188	0	0	0	1	
8876	103560737	0	0	0	0	1	128	0	1	470	346	46	49	2254	0	0	0	1	
8877	103560770	0	0	0	0	1	128	0	1	470	346	46	49	2270	0	0	0	1	
8878	103560803	0	0	0	0	1	128	0	1	486	338	45	50	2257	0	0	0	1	
8879	103560837	0	0	0	0	1	128	0	1	488	336	45	50	2259	0	0	0	1	
8880	103560870	0	0	0	0	1	128	0	1	488	336	45	50	2264	0	0	0	1	
8881	103560903	0	0	0	0	1	128	0	1	488	336	45	50	2265	0	0	0	1	
8882	103560937	0	0	0	0	1	128	0	1	490	336	46	50	2269	0	0	0	1	
8883	103560970	0	0	0	0	1	128	0	1	490	336	45	50	2265	0	0	0	1	
8884	103561004	0	0	0	0	1	128	0	1	490	334	45	50	2263	0	0	0	1	
8885	103561037	0	0	0	0	1	128	0	1	490	334	45	50	2251	0	0	0	1	
8886	103561070	0	0	0	0	1	128	0	1	490	334	45	50	2246	0	0	0	1	
8887	103561104	0	0	0	0	1	128	0	1	492	334	45	50	2251	0	0	0	1	
8888	103561137	0	0	0	0	1	128	0	1	492	334	45	50	2248	0	0	0	1	
8889	103561170	0	0	0	0	1	128	0	1	490	334	45	50	2240	0	0	0	1	
8890	103561204	0	0	0	0	1	128	0	1	486	328	46	50	2294	0	0	0	1	
8891	103561237	0	0	0	0	1	128	0	1	486	328	46	50	2285	0	0	0	1	
8892	103561270	0	0	0	0	1	128	0	1	488	328	46	50	2279	0	0	0	1	
8893	103561304	0	0	0	0	1	128	0	1	488	328	45	50	2261	0	0	0	1	
8894	103561337	0	0	0	0	1	128	0	1	490	328	45	50	2260	0	0	0	1	
8895	103561371	0	0	0	0	1	128	0	1	492	328	45	50	2255	0	0	0	1	
8896	103561404	0	0	0	0	1	128	0	1	494	328	45	50	2252	0	0	0	1	
8897	103561437	0	0	0	0	1	128	0	1	496	328	45	50	2233	0	0	0	1	
8898	103561471	0	0	0	0	1	128	0	1	500	326	44	49	2188	0	0	0	1	
8899	103561504	0	0	0	0	1	128	0	1	502	326	44	50	2189	0	0	0	1	
8900	103561537	0	0	0	0	1	128	0	1	502	326	44	49	2171	0	0	0	1	
8901	103561571	0	0	0	0	1	128	0	1	504	328	44	49	2153	0	0	0	1	
8902	103561604	0	0	0	0	1	128	0	1	504	328	43	49	2139	0	0	0	1	
8903	103561637	0	0	0	0	1	128	0	1	506	330	43	49	2116	0	0	0	1	
8904	103561671	0	0	0	0	1	128	0	1	506	330	43	49	2105	0	0	0	1	
8905	103561704	0	0	0	0	1	128	0	1	506	330	43	49	2084	0	0	0	1	
8906	103561738	0	0	0	0	1	128	0	1	506	332	43	48	2065	0	0	0	1	
8907	103561771	0	0	0	0	1	128	0	1	506	332	42	48	2047	0	0	0	1	
8908	103561804	0	0	0	0	1	128	0	1	508	332	42	48	2044	0	0	0	1	
8909	103561838	0	0	0	0	1	128	0	1	506	332	42	48	2029	0	0	0	1	
8910	103561871	0	0	0	0	1	128	0	1	506	332	42	48	2008	0	0	0	1	
8911	103561904	0	0	0	0	1	128	0	1	506	332	42	48	2005	0	0	0	1	
8912	103561938	0	0	0	0	1	128	0	1	506	332	42	48	1986	0	0	0	1	
8913	103561971	0	0	0	0	1	128	0	1	506	332	42	48	1991	0	0	0	1	
8914	103562005	0	0	0	0	1	128	0	1	506	332	41	47	1968	0	0	0	1	
8915	103562038	0	0	0	0	1	128	0	1	506	332	41	47	1950	0	0	0	1	
8916	103562071	0	0	0	0	1	128	0	1	506	332	41	47	1938	0	0	0	1	
8917	103562105	0	0	0	0	1	128	0	1	506	332	41	47	1926	0	0	0	1	
8918	103562138	0	0	0	0	1	128	0	1	506	332	41	47	1923	0	0	0	1	
8919	103562171	0	0	0	0	1	128	0	1	506	332	41	47	1922	0	0	0	1	
8920	103562205	0	0	0	0	1	128	0	1	506	332	41	47	1931	0	0	0	1	
8921	103562238	0	0	0	0	1	128	0	1	506	332	41	47	1935	0	0	0	1	
8922	103562271	0	0	0	0	1	128	0	1	506	332	41	47	1947	0	0	0	1	
8923	103562305	0	0	0	0	1	128	0	1	506	332	41	47	1946	0	0	0	1	
8924	103562338	0	0	0	0	1	128	0	1	506	332	41	48	1958	0	0	0	1	
8925	103562372	0	0	0	0	1	128	0	1	506	332	41	48	1977	0	0	0	1	
8926	103562405	0	0	0	0	1	128	0	1	506	332	42	48	1989	0	0	0	1	
8927	103562438	0	0	0	0	1	128	0	1	506	332	42	48	2005	0	0	0	1	
8928	103562472	0	0	0	0	1	128	0	1	506	332	42	48	2022	0	0	0	1	
8929	103562505	0	0	0	0	1	128	0	1	506	332	42	48	2037	0	0	0	1	
8930	103562538	0	0	0	0	1	128	0	1	506	332	42	48	2042	0	0	0	1	
8931	103562572	0	0	0	0	1	128	0	1	506	332	42	48	2055	0	0	0	1	
8932	103562605	0	0	0	0	1	128	0	1	506	332	43	48	2063	0	0	0	1	
8933	103562639	0	0	0	0	1	128	0	1	506	332	43	48	2065	0	0	0	1	
8934	103562672	0	0	0	0	1	128	0	1	504	334	43	48	2058	0	0	0	1	
8935	103562705	0	0	0	0	1	128	0	1	498	324	29	39	1131	0	0	0	1	
8936	103562739	0	0	0	0	1	128	0	0	0	0	0	0	0	0	0	0	1	
8937	103562772	0	0	0	0	1	128	0	0	0	0	0	0	0	0	0	0	1	
8938	103562805	0	0	0	0	1	128	0	1	696	534	101	122	12329	0	0	0	1	
8939	103562839	0	0	0	0	1	128	0	1	504	342	42	51	2137	0	0	0	1	
8940	103562872	0	0	0	0	1	128	0	1	504	332	40	44	1795	0	0	0	1	
8941	103562905	0	0	0	0	1	128	0	1	506	336	42	49	2043	0	0	0	1	
8942	103562939	0	0	0	0	1	128	0	1	504	334	41	47	1934	0	0	0	1	
8943	103562972	0	0	0	0	1	128	0	1	506	334	41	47	1929	0	0	0	1	
8944	103563006	0	0	0	0	1	128	0	1	506	334	41	47	1928	0	0	0	1	
8945	103563039	0	0	0	0	1	128	0	1	506	332	41	47	1920	0	0	0	1	
8946	103563072	0	0	0	0	1	128	0	1	506	332	41	47	1919	0	0	0	1	
8947	103563106	0	0	0	0	1	128	0	1	506	332	41	47	1913	0	0	0	1	
8948	103563139	0	0	0	0	1	128	0	1	506	332	41	47	1919	0	0	0	1	
8949	103563172	0	0	0	0	1	128	0	1	504	334	41	46	1888	0	0	0	1	
8950	103563206	0	0	0	0	1	128	0	0	0	0	0	0	0	0	0	0	1	
8951	103563239	0	0	0	0	1	128	0	0	0	0	0	0	0	0	0	0	1	
8952	103563273	0	0	0	0	1	128	0	0	0	0	0	0	0	0	0	0	1	
8953	103563306	0	0	0	0	1	128	0	0	0	0	0	0	0	0	0	0	1	
8954	103563339	0	0	0	0	1	128	0	1	498	344	41	48	1998	0	0	0	1	
8955	103563373	0	0	0	0	1	128	0	1	502	336	42	47	1962	0	0	0	1	
8956	103563406	0	0	0	0	1	128	0	1	504	334	42	48	1998	0	0	0	1	
8957	103563439	0	0	0	0	1	128	0	1	504	334	42	48	2005	0	0	0	1	
8958	103563473	0	0	0	0	1	128	0	1	504	334	42	48	2011	0	0	0	1	
8959	103563506	0	0	0	0	1	128	0	1	504	334	42	48	2008	0	0	0	1	
8960	103563540	0	0	0	0	1	128	0	1	504	334	42	48	2010	0	0	0	1	
8961	103563573	0	0	0	0	1	128	0	1	506	332	42	48	2000	0	0	0	1	
8962	103563606	0	0	0	0	1	128	0	1	506	332	42	48	2004	0	0	0	1	
8963	103563640	0	0	0	0	1	128	0	1	506	332	42	48	2005	0	0	0	1	
8964	103563673	0	0	0	0	1	128	0	1	506	332	42	48	2013	0	0	0	1	
8965	103563706	0	0	0	0	1	128	0	1	506	332	42	48	2018	0	0	0	1	
8966	103563740	0	0	0	0	1	128	0	1	506	332	42	48	2027	0	0	0	1	
8967	103563773	0	0	0	0	1	128	0	1	506	332	42	48	2031	0	0	0	1	
8968	103563806	0	0	0	0	1	128	0	1	506	332	42	48	2037	0	0	0	1	
8969	103563840	0	0	0	0	1	128	0	1	506	332	42	49	2051	0	0	0	1	
8970	103563873	0	0	0	0	1	128	0	1	506	332	42	48	2043	0	0	0	1	
8971	103563907	0	0	0	0	1	128	0	1	506	332	42	48	2043	0	0	0	1	
8972	103563940	0	0	0	0	1	128	0	1	502	332	43	48	2070	0	0	0	1	
8973	103563973	0	0	0	0	1	128	0	1	502	332	43	48	2073	0	0	0	1	
8974	103564007	0	0	0	0	1	128	0	1	502	332	43	48	2069	0	0	0	1	
8975	103564040	0	0	0	0	1	128	0	1	502	332	43	48	2065	0	0	0	1	
8976	103564073	0	0	0	0	1	128	0	1	502	332	43	48	2069	0	0	0	1	
8977	103564107	0	0	0	0	1	128	0	1	502	332	43	48	2065	0	0	0	1	
8978	103564140	0	0	0	0	1	128	0	1	502	332	43	48	2050	0	0	0	1	
8979	103564174	0	0	0	0	1	128	0	1	498	334	43	48	2079	0	0	0	1	
8980	103564207	0	0	0	0	1	128	0	1	498	334	43	48	2078	0	0	0	1	
8981	103564240	0	0	0	0	1	128	0	1	498	334	43	48	2069	0	0	0	1	
8982	103564274	0	0	0	0	1	128	0	1	498	334	43	48	2055	0	0	0	1	
8983	103564307	0	0	0	0	1	128	0	1	496	336	43	47	2012	0	0	0	1	
8984	103564340	0	0	0	0	1	128	0	0	0	0	0	0	0	0	0	0	1	
8985	103564374	0	0	0	0	1	128	0	0	0	0	0	0	0	0	0	0	1	
8986	103564407	0	0	0	0	1	128	0	0	0	0	0	0	0	0	0	0	1	
8987	103564440	0	0	0	0	1	128	0	0	0	0	0	0	0	0	0	0	1	
8988	103564474	0	0	0	0	1	128	0	0	0	0	0	0	0	0	0	0	1	
8989	103564507	0	0	0	0	1	128	0	0	0	0	0	0	0	0	0	0	1	
8990	103564541	0	0	0	0	1	128	0	0	0	0	0	0	0	0	0	0	1	
8991	103564574	0	0	0	0	1	128	0	0	0	0	0	0	0	0	0	0	1	
8992	103564607	0	0	0	0	1	128	0	0	0	0	0	0	0	0	0	0	1	
8993	103564641	0	0	0	0	1	128	0	0	0	0	0	0	0	0	0	0	1	
8994	103564674	0	0	0	0	1	128	0	0	0	0	0	0	0	0	0	0	1	
8995	103564707	0	0	0	0	1	128	0	1	508	336	41	51	2092	0	0	0	1	
8996	103564741	0	0	0	0	1	128	0	1	508	332	41	47	1947	0	0	0	1	
8997	103564774	0	0	0	0	1	128	0	1	508	332	42	48	1985	0	0	0	1	
8998	103564808	0	0	0	0	1	128	0	1	508	332	42	48	2008	0	0	0	1	
8999	103564841	0	0	0	0	1	128	0	1	508	332	42	49	2033	0	0	0	1	
9000	103564874	0	0	0	0	1	128	0	1	508	332	42	49	2054	0	0	0	1	
9001	103564908	0	0	0	0	1	128	0	1	508	332	43	49	2082	0	0	0	1	
9002	103564941	0	0	0	0	1	128	0	1	508	332	43	49	2118	0	0	0	1	
9003	103564974	0	0	0	0	1	128	0	1	508	332	43	50	2135	0	0	0	1	
