Version	1.08	gmtime	1441194972
index	timestamp	eyeroihoriz	eyeroivert	eyeroizoomx	eyeroizoomy	blendmode	blendfactor	onlinecalib	eye_valid	eye_x	eye_y	eye_w	eye_h	eye_a	field_x	field_y	displaymode	displayeyedetection	event
14401	17412167	0	0	0	0	1	128	0	1	482	344	47	50	2395	0	0	0	1	
14402	17412201	0	0	0	0	1	128	0	1	482	344	48	50	2399	0	0	0	1	
14403	17412234	0	0	0	0	1	128	0	1	482	344	48	51	2410	0	0	0	1	
14404	17412267	0	0	0	0	1	128	0	1	482	344	48	50	2407	0	0	0	1	
14405	17412301	0	0	0	0	1	128	0	1	482	342	48	50	2406	0	0	0	1	
14406	17412334	0	0	0	0	1	128	0	1	482	344	48	50	2400	0	0	0	1	
14407	17412367	0	0	0	0	1	128	0	1	482	344	48	50	2404	0	0	0	1	
14408	17412401	0	0	0	0	1	128	0	1	482	342	48	50	2397	0	0	0	1	
14409	17412434	0	0	0	0	1	128	0	1	482	342	47	50	2380	0	0	0	1	
14410	17412467	0	0	0	0	1	128	0	1	482	344	47	50	2363	0	0	0	1	
14411	17412501	0	0	0	0	1	128	0	1	482	342	47	50	2355	0	0	0	1	
14412	17412534	0	0	0	0	1	128	0	1	482	342	47	50	2331	0	0	0	1	
14413	17412568	0	0	0	0	1	128	0	1	480	344	47	49	2327	0	0	0	1	
14414	17412601	0	0	0	0	1	128	0	1	480	344	47	49	2313	0	0	0	1	
14415	17412634	0	0	0	0	1	128	0	1	480	344	47	49	2298	0	0	0	1	
14416	17412668	0	0	0	0	1	128	0	1	480	344	47	49	2294	0	0	0	1	
14417	17412701	0	0	0	0	1	128	0	1	480	344	47	49	2289	0	0	0	1	
14418	17412734	0	0	0	0	1	128	0	1	480	344	46	49	2272	0	0	0	1	
14419	17412768	0	0	0	0	1	128	0	1	480	344	47	49	2280	0	0	0	1	
14420	17412801	0	0	0	0	1	128	0	1	480	344	46	49	2262	0	0	0	1	
14421	17412834	0	0	0	0	1	128	0	1	480	344	47	49	2274	0	0	0	1	
14422	17412868	0	0	0	0	1	128	0	1	480	344	46	49	2264	0	0	0	1	
14423	17412901	0	0	0	0	1	128	0	1	480	344	47	49	2268	0	0	0	1	
14424	17412935	0	0	0	0	1	128	0	1	480	344	47	49	2275	0	0	0	1	
14425	17412968	0	0	0	0	1	128	0	1	484	340	46	49	2254	0	0	0	1	
14426	17413001	0	0	0	0	1	128	0	1	484	340	46	49	2253	0	0	0	1	
14427	17413035	0	0	0	0	1	128	0	1	484	340	46	49	2253	0	0	0	1	
14428	17413068	0	0	0	0	1	128	0	1	484	340	46	49	2255	0	0	0	1	
14429	17413101	0	0	0	0	1	128	0	1	484	340	46	49	2251	0	0	0	1	
14430	17413135	0	0	0	0	1	128	0	1	484	340	46	49	2250	0	0	0	1	
14431	17413168	0	0	0	0	1	128	0	1	484	340	46	49	2244	0	0	0	1	
14432	17413201	0	0	0	0	1	128	0	1	484	340	46	49	2243	0	0	0	1	
14433	17413235	0	0	0	0	1	128	0	1	484	340	46	49	2232	0	0	0	1	
14434	17413268	0	0	0	0	1	128	0	1	484	340	46	49	2231	0	0	0	1	
14435	17413302	0	0	0	0	1	128	0	1	484	340	46	49	2224	0	0	0	1	
14436	17413335	0	0	0	0	1	128	0	1	484	340	46	49	2218	0	0	0	1	
14437	17413368	0	0	0	0	1	128	0	1	484	340	46	49	2213	0	0	0	1	
14438	17413402	0	0	0	0	1	128	0	1	484	340	46	49	2214	0	0	0	1	
14439	17413435	0	0	0	0	1	128	0	1	484	340	46	48	2220	0	0	0	1	
14440	17413468	0	0	0	0	1	128	0	1	484	340	46	49	2225	0	0	0	1	
14441	17413502	0	0	0	0	1	128	0	1	482	342	46	49	2252	0	0	0	1	
14442	17413535	0	0	0	0	1	128	0	1	482	342	46	49	2245	0	0	0	1	
14443	17413569	0	0	0	0	1	128	0	1	482	342	46	49	2253	0	0	0	1	
14444	17413602	0	0	0	0	1	128	0	1	482	342	46	49	2253	0	0	0	1	
14445	17413635	0	0	0	0	1	128	0	1	482	342	46	49	2250	0	0	0	1	
14446	17413669	0	0	0	0	1	128	0	1	482	342	46	49	2246	0	0	0	1	
14447	17413702	0	0	0	0	1	128	0	1	482	342	46	49	2249	0	0	0	1	
14448	17413735	0	0	0	0	1	128	0	1	482	344	46	49	2251	0	0	0	1	
14449	17413769	0	0	0	0	1	128	0	1	482	344	46	49	2244	0	0	0	1	
14450	17413802	0	0	0	0	1	128	0	1	482	344	46	48	2247	0	0	0	1	
14451	17413835	0	0	0	0	1	128	0	1	482	344	46	48	2235	0	0	0	1	
14452	17413869	0	0	0	0	1	128	0	1	480	344	46	48	2229	0	0	0	1	
14453	17413902	0	0	0	0	1	128	0	1	480	344	46	48	2216	0	0	0	1	
14454	17413936	0	0	0	0	1	128	0	1	480	344	46	48	2210	0	0	0	1	
14455	17413969	0	0	0	0	1	128	0	1	482	344	46	48	2202	0	0	0	1	
14456	17414002	0	0	0	0	1	128	0	1	480	344	45	48	2195	0	0	0	1	
14457	17414036	0	0	0	0	1	128	0	1	480	344	45	48	2177	0	0	0	1	
14458	17414069	0	0	0	0	1	128	0	1	480	344	45	48	2165	0	0	0	1	
14459	17414102	0	0	0	0	1	128	0	1	480	344	45	48	2153	0	0	0	1	
14460	17414136	0	0	0	0	1	128	0	1	482	344	45	48	2147	0	0	0	1	
14461	17414169	0	0	0	0	1	128	0	1	480	344	45	48	2144	0	0	0	1	
14462	17414203	0	0	0	0	1	128	0	1	480	344	45	48	2133	0	0	0	1	
14463	17414236	0	0	0	0	1	128	0	1	482	344	45	48	2132	0	0	0	1	
14464	17414269	0	0	0	0	1	128	0	1	480	344	45	48	2133	0	0	0	1	
14465	17414303	0	0	0	0	1	128	0	1	480	344	45	48	2131	0	0	0	1	
14466	17414336	0	0	0	0	1	128	0	1	482	344	45	48	2139	0	0	0	1	
14467	17414369	0	0	0	0	1	128	0	1	482	348	44	46	2048	0	0	0	1	
14468	17414403	0	0	0	0	1	128	0	1	524	380	55	85	4724	0	0	0	1	
14469	17414436	0	0	0	0	1	128	0	1	486	396	43	48	2079	0	0	0	1	
14470	17414469	0	0	0	0	1	128	0	1	486	396	43	49	2079	0	0	0	1	
14471	17414503	0	0	0	0	1	128	0	1	478	404	43	49	2085	0	0	0	1	
14472	17414536	0	0	0	0	1	128	0	1	478	404	43	49	2106	0	0	0	1	
14473	17414570	0	0	0	0	1	128	0	1	480	406	39	48	1888	0	0	0	1	
14474	17414603	0	0	0	0	1	128	0	1	478	404	43	49	2125	0	0	0	1	
14475	17414636	0	0	0	0	1	128	0	1	478	404	43	49	2128	0	0	0	1	
14476	17414670	0	0	0	0	1	128	0	1	478	406	43	49	2124	0	0	0	1	
14477	17414703	0	0	0	0	1	128	0	1	478	406	43	49	2123	0	0	0	1	
14478	17414736	0	0	0	0	1	128	0	1	478	406	43	49	2122	0	0	0	1	
14479	17414770	0	0	0	0	1	128	0	1	478	406	43	49	2123	0	0	0	1	
14480	17414803	0	0	0	0	1	128	0	1	478	406	43	49	2117	0	0	0	1	
14481	17414837	0	0	0	0	1	128	0	0	0	0	0	0	0	0	0	0	1	
14482	17414870	0	0	0	0	1	128	0	1	532	350	36	50	1817	0	0	0	1	
14483	17414903	0	0	0	0	1	128	0	1	542	336	34	48	1632	0	0	0	1	
14484	17414937	0	0	0	0	1	128	0	1	544	336	35	47	1651	0	0	0	1	
14485	17414970	0	0	0	0	1	128	0	1	544	336	35	48	1656	0	0	0	1	
14486	17415003	0	0	0	0	1	128	0	1	544	336	35	48	1657	0	0	0	1	
14487	17415037	0	0	0	0	1	128	0	1	544	336	35	48	1666	0	0	0	1	
14488	17415070	0	0	0	0	1	128	0	1	544	336	35	48	1660	0	0	0	1	
14489	17415104	0	0	0	0	1	128	0	1	544	336	35	47	1651	0	0	0	1	
14490	17415137	0	0	0	0	1	128	0	1	544	336	35	47	1643	0	0	0	1	
14491	17415170	0	0	0	0	1	128	0	1	544	332	34	47	1598	0	0	0	1	
14492	17415204	0	0	0	0	1	128	0	1	544	332	34	47	1593	0	0	0	1	
14493	17415237	0	0	0	0	1	128	0	1	544	332	34	47	1591	0	0	0	1	
14494	17415270	0	0	0	0	1	128	0	1	544	332	34	47	1603	0	0	0	1	
14495	17415304	0	0	0	0	1	128	0	1	542	330	34	47	1607	0	0	0	1	
14496	17415337	0	0	0	0	1	128	0	1	520	294	37	49	1836	0	0	0	1	
14497	17415370	0	0	0	0	1	128	0	1	492	270	39	48	1896	0	0	0	1	
14498	17415404	0	0	0	0	1	128	0	1	490	272	40	49	1931	0	0	0	1	
14499	17415437	0	0	0	0	1	128	0	1	490	272	40	49	1945	0	0	0	1	
14500	17415471	0	0	0	0	1	128	0	1	490	272	40	49	1960	0	0	0	1	
14501	17415504	0	0	0	0	1	128	0	1	490	272	40	49	1966	0	0	0	1	
14502	17415537	0	0	0	0	1	128	0	1	490	272	40	49	1978	0	0	0	1	
14503	17415571	0	0	0	0	1	128	0	1	490	272	40	49	1987	0	0	0	1	
14504	17415604	0	0	0	0	1	128	0	1	490	272	40	49	1990	0	0	0	1	
14505	17415637	0	0	0	0	1	128	0	1	488	272	41	50	2010	0	0	0	1	
14506	17415671	0	0	0	0	1	128	0	1	488	272	41	49	2020	0	0	0	1	
14507	17415704	0	0	0	0	1	128	0	1	488	274	41	50	2015	0	0	0	1	
14508	17415738	0	0	0	0	1	128	0	0	0	0	0	0	0	0	0	0	1	
14509	17415771	0	0	0	0	1	128	0	1	428	334	48	52	2515	0	0	0	1	
14510	17415804	0	0	0	0	1	128	0	1	426	334	48	52	2519	0	0	0	1	
14511	17415838	0	0	0	0	1	128	0	1	428	334	48	51	2454	0	0	0	1	
14512	17415871	0	0	0	0	1	128	0	1	428	334	48	51	2457	0	0	0	1	
14513	17415904	0	0	0	0	1	128	0	1	428	334	48	50	2392	0	0	0	1	
14514	17415938	0	0	0	0	1	128	0	1	424	334	47	52	2452	0	0	0	1	
14515	17415971	0	0	0	0	1	128	0	1	422	336	48	50	2388	0	0	0	1	
14516	17416004	0	0	0	0	1	128	0	1	422	336	47	50	2345	0	0	0	1	
14517	17416038	0	0	0	0	1	128	0	1	424	336	47	49	2295	0	0	0	1	
14518	17416071	0	0	0	0	1	128	0	1	422	336	46	50	2300	0	0	0	1	
14519	17416105	0	0	0	0	1	128	0	1	424	336	46	49	2266	0	0	0	1	
14520	17416138	0	0	0	0	1	128	0	1	424	336	46	49	2256	0	0	0	1	
14521	17416171	0	0	0	0	1	128	0	1	424	336	46	49	2249	0	0	0	1	
14522	17416205	0	0	0	0	1	128	0	1	424	336	46	49	2253	0	0	0	1	
14523	17416238	0	0	0	0	1	128	0	1	424	336	46	48	2187	0	0	0	1	
14524	17416271	0	0	0	0	1	128	0	0	0	0	0	0	0	0	0	0	1	
14525	17416305	0	0	0	0	1	128	0	1	468	388	44	46	2025	0	0	0	1	
14526	17416338	0	0	0	0	1	128	0	1	478	398	42	46	1944	0	0	0	1	
14527	17416372	0	0	0	0	1	128	0	1	478	398	42	46	1942	0	0	0	1	
14528	17416405	0	0	0	0	1	128	0	1	478	398	42	46	1943	0	0	0	1	
14529	17416438	0	0	0	0	1	128	0	1	478	402	41	46	1882	0	0	0	1	
14530	17416472	0	0	0	0	1	128	0	1	478	406	41	46	1892	0	0	0	1	
14531	17416505	0	0	0	0	1	128	0	1	478	408	41	46	1883	0	0	0	1	
14532	17416538	0	0	0	0	1	128	0	1	478	408	41	46	1865	0	0	0	1	
14533	17416572	0	0	0	0	1	128	0	1	478	408	40	46	1842	0	0	0	1	
14534	17416605	0	0	0	0	1	128	0	1	478	408	40	46	1831	0	0	0	1	
14535	17416638	0	0	0	0	1	128	0	1	496	394	36	49	1736	0	0	0	1	
14536	17416672	0	0	0	0	1	128	0	1	528	346	41	48	1949	0	0	0	1	
14537	17416705	0	0	0	0	1	128	0	1	546	328	31	43	1313	0	0	0	1	
14538	17416739	0	0	0	0	1	128	0	1	546	328	31	43	1319	0	0	0	1	
14539	17416772	0	0	0	0	1	128	0	1	546	328	31	43	1324	0	0	0	1	
14540	17416805	0	0	0	0	1	128	0	1	546	328	31	43	1343	0	0	0	1	
14541	17416839	0	0	0	0	1	128	0	1	548	328	31	43	1336	0	0	0	1	
14542	17416872	0	0	0	0	1	128	0	1	546	330	31	44	1365	0	0	0	1	
14543	17416905	0	0	0	0	1	128	0	1	546	332	32	44	1393	0	0	0	1	
14544	17416939	0	0	0	0	1	128	0	1	546	332	32	44	1398	0	0	0	1	
14545	17416972	0	0	0	0	1	128	0	1	546	332	32	44	1407	0	0	0	1	
14546	17417005	0	0	0	0	1	128	0	1	546	332	32	45	1433	0	0	0	1	
14547	17417039	0	0	0	0	1	128	0	1	546	332	32	45	1436	0	0	0	1	
14548	17417072	0	0	0	0	1	128	0	1	546	332	32	45	1455	0	0	0	1	
14549	17417106	0	0	0	0	1	128	0	1	546	332	32	46	1469	0	0	0	1	
14550	17417139	0	0	0	0	1	128	0	1	546	332	32	46	1479	0	0	0	1	
14551	17417172	0	0	0	0	1	128	0	1	546	332	33	46	1494	0	0	0	1	
14552	17417206	0	0	0	0	1	128	0	1	546	332	33	46	1519	0	0	0	1	
14553	17417239	0	0	0	0	1	128	0	1	546	332	33	46	1529	0	0	0	1	
14554	17417272	0	0	0	0	1	128	0	1	542	294	42	55	2331	0	0	0	1	
14555	17417306	0	0	0	0	1	128	0	1	504	282	39	48	1899	0	0	0	1	
14556	17417339	0	0	0	0	1	128	0	1	498	280	39	48	1894	0	0	0	1	
14557	17417373	0	0	0	0	1	128	0	1	498	280	39	48	1892	0	0	0	1	
14558	17417406	0	0	0	0	1	128	0	1	498	280	39	48	1892	0	0	0	1	
14559	17417439	0	0	0	0	1	128	0	1	496	280	40	48	1919	0	0	0	1	
14560	17417473	0	0	0	0	1	128	0	1	492	274	39	49	1908	0	0	0	1	
14561	17417506	0	0	0	0	1	128	0	1	492	274	40	49	1927	0	0	0	1	
14562	17417539	0	0	0	0	1	128	0	1	492	274	40	49	1933	0	0	0	1	
14563	17417573	0	0	0	0	1	128	0	1	492	274	40	49	1929	0	0	0	1	
14564	17417606	0	0	0	0	1	128	0	1	492	274	40	49	1941	0	0	0	1	
14565	17417640	0	0	0	0	1	128	0	1	492	274	40	49	1946	0	0	0	1	
14566	17417673	0	0	0	0	1	128	0	1	492	274	40	49	1952	0	0	0	1	
14567	17417706	0	0	0	0	1	128	0	1	490	276	40	49	1938	0	0	0	1	
14568	17417740	0	0	0	0	1	128	0	1	444	306	51	63	3210	0	0	0	1	
14569	17417773	0	0	0	0	1	128	0	1	428	334	48	49	2354	0	0	0	1	
14570	17417806	0	0	0	0	1	128	0	1	426	334	48	50	2397	0	0	0	1	
14571	17417840	0	0	0	0	1	128	0	1	426	334	48	50	2407	0	0	0	1	
14572	17417873	0	0	0	0	1	128	0	1	428	334	48	50	2393	0	0	0	1	
14573	17417906	0	0	0	0	1	128	0	1	426	334	48	50	2368	0	0	0	1	
14574	17417940	0	0	0	0	1	128	0	1	428	334	47	49	2296	0	0	0	1	
14575	17417973	0	0	0	0	1	128	0	1	422	334	48	52	2457	0	0	0	1	
14576	17418007	0	0	0	0	1	128	0	1	424	336	47	49	2305	0	0	0	1	
14577	17418040	0	0	0	0	1	128	0	1	424	336	46	48	2231	0	0	0	1	
14578	17418073	0	0	0	0	1	128	0	1	422	334	47	51	2393	0	0	0	1	
14579	17418107	0	0	0	0	1	128	0	1	424	336	46	46	2133	0	0	0	1	
14580	17418140	0	0	0	0	1	128	0	1	424	336	46	46	2127	0	0	0	1	
14581	17418173	0	0	0	0	1	128	0	1	424	336	46	47	2118	0	0	0	1	
14582	17418207	0	0	0	0	1	128	0	1	424	336	45	46	2098	0	0	0	1	
14583	17418240	0	0	0	0	1	128	0	0	0	0	0	0	0	0	0	0	1	
14584	17418274	0	0	0	0	1	128	0	1	472	396	41	46	1873	0	0	0	1	
14585	17418307	0	0	0	0	1	128	0	1	474	400	41	46	1886	0	0	0	1	
14586	17418340	0	0	0	0	1	128	0	1	476	400	41	46	1886	0	0	0	1	
14587	17418374	0	0	0	0	1	128	0	1	474	400	41	46	1883	0	0	0	1	
14588	17418407	0	0	0	0	1	128	0	1	476	404	41	45	1841	0	0	0	1	
14589	17418440	0	0	0	0	1	128	0	1	478	406	40	46	1835	0	0	0	1	
14590	17418474	0	0	0	0	1	128	0	1	478	406	40	46	1818	0	0	0	1	
14591	17418507	0	0	0	0	1	128	0	1	478	406	40	45	1804	0	0	0	1	
14592	17418540	0	0	0	0	1	128	0	1	478	406	40	45	1784	0	0	0	1	
14593	17418574	0	0	0	0	1	128	0	1	478	406	39	45	1773	0	0	0	1	
14594	17418607	0	0	0	0	1	128	0	1	478	406	39	45	1754	0	0	0	1	
14595	17418641	0	0	0	0	1	128	0	1	478	406	39	44	1751	0	0	0	1	
14596	17418674	0	0	0	0	1	128	0	1	478	406	39	45	1750	0	0	0	1	
14597	17418707	0	0	0	0	1	128	0	1	478	406	39	44	1733	0	0	0	1	
14598	17418741	0	0	0	0	1	128	0	1	478	406	39	44	1738	0	0	0	1	
14599	17418774	0	0	0	0	1	128	0	1	480	406	39	45	1739	0	0	0	1	
14600	17418807	0	0	0	0	1	128	0	0	0	0	0	0	0	0	0	0	1	
14601	17418841	0	0	0	0	1	128	0	1	540	336	32	43	1374	0	0	0	1	
14602	17418874	0	0	0	0	1	128	0	1	544	330	31	43	1351	0	0	0	1	
14603	17418907	0	0	0	0	1	128	0	1	544	330	31	43	1349	0	0	0	1	
14604	17418941	0	0	0	0	1	128	0	1	546	330	31	43	1363	0	0	0	1	
14605	17418974	0	0	0	0	1	128	0	1	546	330	31	44	1369	0	0	0	1	
14606	17419008	0	0	0	0	1	128	0	1	546	330	32	44	1377	0	0	0	1	
14607	17419041	0	0	0	0	1	128	0	1	546	330	32	44	1378	0	0	0	1	
14608	17419074	0	0	0	0	1	128	0	1	546	330	32	44	1400	0	0	0	1	
14609	17419108	0	0	0	0	1	128	0	1	546	330	32	44	1405	0	0	0	1	
14610	17419141	0	0	0	0	1	128	0	1	546	330	32	44	1397	0	0	0	1	
14611	17419174	0	0	0	0	1	128	0	1	546	330	32	44	1412	0	0	0	1	
14612	17419208	0	0	0	0	1	128	0	1	544	328	32	44	1418	0	0	0	1	
14613	17419241	0	0	0	0	1	128	0	1	526	304	35	46	1624	0	0	0	1	
14614	17419275	0	0	0	0	1	128	0	1	518	298	36	45	1658	0	0	0	1	
14615	17419308	0	0	0	0	1	128	0	1	518	298	36	45	1655	0	0	0	1	
14616	17419341	0	0	0	0	1	128	0	1	518	298	37	46	1669	0	0	0	1	
14617	17419375	0	0	0	0	1	128	0	1	514	302	35	45	1596	0	0	0	1	
14618	17419408	0	0	0	0	1	128	0	1	486	334	44	46	2013	0	0	0	1	
14619	17419441	0	0	0	0	1	128	0	1	486	334	43	47	1997	0	0	0	1	
14620	17419475	0	0	0	0	1	128	0	1	486	334	43	47	2014	0	0	0	1	
14621	17419508	0	0	0	0	1	128	0	1	486	334	43	47	2029	0	0	0	1	
14622	17419542	0	0	0	0	1	128	0	1	486	334	43	47	2040	0	0	0	1	
14623	17419575	0	0	0	0	1	128	0	1	488	334	44	47	2057	0	0	0	1	
14624	17419608	0	0	0	0	1	128	0	1	488	334	44	47	2076	0	0	0	1	
14625	17419642	0	0	0	0	1	128	0	1	488	334	44	47	2079	0	0	0	1	
14626	17419675	0	0	0	0	1	128	0	1	488	334	44	47	2082	0	0	0	1	
14627	17419708	0	0	0	0	1	128	0	1	488	334	44	48	2101	0	0	0	1	
14628	17419742	0	0	0	0	1	128	0	1	488	334	44	48	2114	0	0	0	1	
14629	17419775	0	0	0	0	1	128	0	1	488	334	44	47	2110	0	0	0	1	
14630	17419808	0	0	0	0	1	128	0	1	488	334	45	47	2115	0	0	0	1	
14631	17419842	0	0	0	0	1	128	0	1	488	334	44	47	2104	0	0	0	1	
14632	17419875	0	0	0	0	1	128	0	1	488	334	44	47	2093	0	0	0	1	
14633	17419909	0	0	0	0	1	128	0	1	488	334	44	47	2057	0	0	0	1	
14634	17419942	0	0	0	0	1	128	0	1	488	334	44	47	2046	0	0	0	1	
14635	17419975	0	0	0	0	1	128	0	1	488	334	43	46	2008	0	0	0	1	
14636	17420009	0	0	0	0	1	128	0	1	488	334	43	46	1991	0	0	0	1	
14637	17420042	0	0	0	0	1	128	0	1	488	334	43	46	1970	0	0	0	1	
14638	17420075	0	0	0	0	1	128	0	1	490	334	42	46	1934	0	0	0	1	
14639	17420109	0	0	0	0	1	128	0	1	490	334	42	46	1917	0	0	0	1	
14640	17420142	0	0	0	0	1	128	0	1	490	334	42	45	1897	0	0	0	1	
14641	17420176	0	0	0	0	1	128	0	1	490	334	42	45	1886	0	0	0	1	
14642	17420209	0	0	0	0	1	128	0	1	490	334	41	45	1876	0	0	0	1	
14643	17420242	0	0	0	0	1	128	0	1	490	334	41	45	1864	0	0	0	1	
14644	17420276	0	0	0	0	1	128	0	1	490	334	41	45	1848	0	0	0	1	
14645	17420309	0	0	0	0	1	128	0	1	490	334	41	45	1832	0	0	0	1	
14646	17420342	0	0	0	0	1	128	0	1	490	334	41	44	1822	0	0	0	1	
14647	17420376	0	0	0	0	1	128	0	1	490	334	41	44	1817	0	0	0	1	
14648	17420409	0	0	0	0	1	128	0	1	490	334	41	44	1816	0	0	0	1	
14649	17420442	0	0	0	0	1	128	0	1	490	334	41	44	1813	0	0	0	1	
14650	17420476	0	0	0	0	1	128	0	1	490	334	41	45	1815	0	0	0	1	
14651	17420509	0	0	0	0	1	128	0	1	490	334	41	44	1815	0	0	0	1	
14652	17420543	0	0	0	0	1	128	0	1	490	334	41	45	1821	0	0	0	1	
14653	17420576	0	0	0	0	1	128	0	1	490	334	41	45	1830	0	0	0	1	
14654	17420609	0	0	0	0	1	128	0	1	490	334	41	45	1830	0	0	0	1	
14655	17420643	0	0	0	0	1	128	0	1	490	334	41	45	1829	0	0	0	1	
14656	17420676	0	0	0	0	1	128	0	1	490	334	41	45	1832	0	0	0	1	
14657	17420709	0	0	0	0	1	128	0	1	490	334	41	45	1836	0	0	0	1	
14658	17420743	0	0	0	0	1	128	0	1	490	334	41	45	1842	0	0	0	1	
14659	17420776	0	0	0	0	1	128	0	1	490	334	41	45	1843	0	0	0	1	
14660	17420809	0	0	0	0	1	128	0	1	490	334	41	45	1866	0	0	0	1	
14661	17420843	0	0	0	0	1	128	0	1	490	334	41	45	1864	0	0	0	1	
14662	17420876	0	0	0	0	1	128	0	1	490	334	42	46	1891	0	0	0	1	
14663	17420910	0	0	0	0	1	128	0	1	490	334	41	46	1893	0	0	0	1	
14664	17420943	0	0	0	0	1	128	0	1	490	334	42	46	1903	0	0	0	1	
14665	17420976	0	0	0	0	1	128	0	1	490	334	42	46	1916	0	0	0	1	
14666	17421010	0	0	0	0	1	128	0	1	488	334	42	46	1933	0	0	0	1	
14667	17421043	0	0	0	0	1	128	0	1	488	334	42	46	1936	0	0	0	1	
14668	17421076	0	0	0	0	1	128	0	1	490	334	42	46	1948	0	0	0	1	
14669	17421110	0	0	0	0	1	128	0	1	490	334	42	46	1936	0	0	0	1	
14670	17421143	0	0	0	0	1	128	0	1	488	334	42	46	1944	0	0	0	1	
14671	17421177	0	0	0	0	1	128	0	1	488	336	42	46	1942	0	0	0	1	
14672	17421210	0	0	0	0	1	128	0	1	488	336	42	46	1916	0	0	0	1	
14673	17421243	0	0	0	0	1	128	0	1	488	336	42	46	1904	0	0	0	1	
14674	17421277	0	0	0	0	1	128	0	1	488	336	42	46	1905	0	0	0	1	
14675	17421310	0	0	0	0	1	128	0	1	488	336	42	45	1893	0	0	0	1	
14676	17421343	0	0	0	0	1	128	0	1	488	336	42	45	1883	0	0	0	1	
14677	17421377	0	0	0	0	1	128	0	1	508	312	37	45	1657	0	0	0	1	
14678	17421410	0	0	0	0	1	128	0	1	512	308	37	45	1655	0	0	0	1	
14679	17421444	0	0	0	0	1	128	0	1	512	308	37	45	1639	0	0	0	1	
14680	17421477	0	0	0	0	1	128	0	1	516	302	36	44	1579	0	0	0	1	
14681	17421510	0	0	0	0	1	128	0	1	516	302	36	44	1598	0	0	0	1	
14682	17421544	0	0	0	0	1	128	0	1	516	302	36	44	1591	0	0	0	1	
14683	17421577	0	0	0	0	1	128	0	1	516	302	36	44	1605	0	0	0	1	
14684	17421610	0	0	0	0	1	128	0	1	516	302	36	45	1612	0	0	0	1	
14685	17421644	0	0	0	0	1	128	0	1	516	302	36	45	1616	0	0	0	1	
14686	17421677	0	0	0	0	1	128	0	1	516	302	37	45	1632	0	0	0	1	
14687	17421710	0	0	0	0	1	128	0	1	516	302	37	45	1645	0	0	0	1	
14688	17421744	0	0	0	0	1	128	0	1	516	302	37	45	1652	0	0	0	1	
14689	17421777	0	0	0	0	1	128	0	1	516	304	37	45	1669	0	0	0	1	
14690	17421811	0	0	0	0	1	128	0	1	516	304	37	45	1687	0	0	0	1	
14691	17421844	0	0	0	0	1	128	0	1	514	304	38	45	1696	0	0	0	1	
14692	17421877	0	0	0	0	1	128	0	1	514	304	38	45	1720	0	0	0	1	
14693	17421911	0	0	0	0	1	128	0	1	514	304	38	46	1731	0	0	0	1	
14694	17421944	0	0	0	0	1	128	0	1	514	304	38	46	1759	0	0	0	1	
14695	17421977	0	0	0	0	1	128	0	1	514	304	39	46	1767	0	0	0	1	
14696	17422011	0	0	0	0	1	128	0	1	512	306	38	46	1769	0	0	0	1	
14697	17422044	0	0	0	0	1	128	0	1	486	338	45	47	2089	0	0	0	1	
14698	17422077	0	0	0	0	1	128	0	1	486	338	44	47	2070	0	0	0	1	
14699	17422111	0	0	0	0	1	128	0	1	488	338	44	47	2093	0	0	0	1	
14700	17422144	0	0	0	0	1	128	0	1	488	338	45	47	2123	0	0	0	1	
14701	17422178	0	0	0	0	1	128	0	1	488	338	45	48	2134	0	0	0	1	
14702	17422211	0	0	0	0	1	128	0	1	488	338	45	48	2144	0	0	0	1	
14703	17422244	0	0	0	0	1	128	0	1	490	334	45	48	2147	0	0	0	1	
14704	17422278	0	0	0	0	1	128	0	1	490	336	45	48	2172	0	0	0	1	
14705	17422311	0	0	0	0	1	128	0	1	490	336	45	48	2187	0	0	0	1	
14706	17422344	0	0	0	0	1	128	0	1	490	334	45	49	2197	0	0	0	1	
14707	17422378	0	0	0	0	1	128	0	1	490	336	45	49	2199	0	0	0	1	
14708	17422411	0	0	0	0	1	128	0	1	490	336	45	49	2206	0	0	0	1	
14709	17422445	0	0	0	0	1	128	0	1	490	336	46	49	2228	0	0	0	1	
14710	17422478	0	0	0	0	1	128	0	1	490	336	46	49	2230	0	0	0	1	
14711	17422511	0	0	0	0	1	128	0	1	490	336	46	49	2234	0	0	0	1	
14712	17422545	0	0	0	0	1	128	0	1	490	336	46	49	2241	0	0	0	1	
14713	17422578	0	0	0	0	1	128	0	1	490	336	46	49	2240	0	0	0	1	
14714	17422611	0	0	0	0	1	128	0	1	490	336	46	49	2237	0	0	0	1	
14715	17422645	0	0	0	0	1	128	0	1	490	336	45	49	2219	0	0	0	1	
14716	17422678	0	0	0	0	1	128	0	1	490	336	45	49	2219	0	0	0	1	
14717	17422712	0	0	0	0	1	128	0	1	490	336	46	49	2211	0	0	0	1	
14718	17422745	0	0	0	0	1	128	0	1	490	336	45	49	2205	0	0	0	1	
14719	17422778	0	0	0	0	1	128	0	1	490	336	45	49	2197	0	0	0	1	
14720	17422812	0	0	0	0	1	128	0	1	490	336	45	49	2186	0	0	0	1	
14721	17422845	0	0	0	0	1	128	0	1	490	318	44	48	2144	0	0	0	1	
14722	17422878	0	0	0	0	1	128	0	1	488	318	45	48	2155	0	0	0	1	
14723	17422912	0	0	0	0	1	128	0	1	488	318	45	48	2150	0	0	0	1	
14724	17422945	0	0	0	0	1	128	0	1	488	318	45	48	2141	0	0	0	1	
14725	17422978	0	0	0	0	1	128	0	1	486	318	45	48	2155	0	0	0	1	
14726	17423012	0	0	0	0	1	128	0	1	486	316	45	48	2157	0	0	0	1	
14727	17423045	0	0	0	0	1	128	0	1	486	316	45	48	2177	0	0	0	1	
14728	17423078	0	0	0	0	1	128	0	1	486	316	45	48	2189	0	0	0	1	
14729	17423112	0	0	0	0	1	128	0	1	486	316	45	49	2203	0	0	0	1	
14730	17423145	0	0	0	0	1	128	0	1	486	316	45	49	2204	0	0	0	1	
14731	17423179	0	0	0	0	1	128	0	1	486	316	46	49	2220	0	0	0	1	
14732	17423212	0	0	0	0	1	128	0	1	486	318	46	49	2233	0	0	0	1	
14733	17423245	0	0	0	0	1	128	0	1	486	316	46	49	2234	0	0	0	1	
14734	17423279	0	0	0	0	1	128	0	1	486	316	46	49	2230	0	0	0	1	
14735	17423312	0	0	0	0	1	128	0	1	486	316	46	49	2241	0	0	0	1	
14736	17423345	0	0	0	0	1	128	0	1	486	316	45	49	2223	0	0	0	1	
14737	17423379	0	0	0	0	1	128	0	1	486	318	45	49	2215	0	0	0	1	
14738	17423412	0	0	0	0	1	128	0	1	486	318	45	49	2186	0	0	0	1	
14739	17423446	0	0	0	0	1	128	0	1	486	318	45	48	2163	0	0	0	1	
14740	17423479	0	0	0	0	1	128	0	1	486	318	45	48	2149	0	0	0	1	
14741	17423512	0	0	0	0	1	128	0	1	486	318	45	48	2135	0	0	0	1	
14742	17423546	0	0	0	0	1	128	0	1	490	322	44	47	2073	0	0	0	1	
14743	17423579	0	0	0	0	1	128	0	1	506	346	42	47	1988	0	0	0	1	
14744	17423612	0	0	0	0	1	128	0	1	506	344	42	47	1996	0	0	0	1	
14745	17423646	0	0	0	0	1	128	0	1	506	344	42	47	1977	0	0	0	1	
14746	17423679	0	0	0	0	1	128	0	1	506	344	42	47	1979	0	0	0	1	
14747	17423713	0	0	0	0	1	128	0	1	506	344	42	47	1975	0	0	0	1	
14748	17423746	0	0	0	0	1	128	0	1	506	344	42	47	1986	0	0	0	1	
14749	17423779	0	0	0	0	1	128	0	1	506	344	42	47	1987	0	0	0	1	
14750	17423813	0	0	0	0	1	128	0	1	506	344	42	47	1981	0	0	0	1	
14751	17423846	0	0	0	0	1	128	0	1	506	344	42	47	1995	0	0	0	1	
14752	17423879	0	0	0	0	1	128	0	1	506	344	42	47	1990	0	0	0	1	
14753	17423913	0	0	0	0	1	128	0	1	506	344	42	47	1999	0	0	0	1	
14754	17423946	0	0	0	0	1	128	0	1	506	344	42	47	2004	0	0	0	1	
14755	17423979	0	0	0	0	1	128	0	1	506	344	42	47	2004	0	0	0	1	
14756	17424013	0	0	0	0	1	128	0	1	500	338	43	48	2074	0	0	0	1	
14757	17424046	0	0	0	0	1	128	0	1	500	338	43	48	2069	0	0	0	1	
14758	17424080	0	0	0	0	1	128	0	1	500	338	43	48	2085	0	0	0	1	
14759	17424113	0	0	0	0	1	128	0	1	500	338	43	48	2098	0	0	0	1	
14760	17424146	0	0	0	0	1	128	0	1	498	340	44	49	2121	0	0	0	1	
14761	17424180	0	0	0	0	1	128	0	1	498	340	44	49	2136	0	0	0	1	
14762	17424213	0	0	0	0	1	128	0	1	500	340	44	49	2162	0	0	0	1	
14763	17424246	0	0	0	0	1	128	0	1	500	340	44	49	2171	0	0	0	1	
14764	17424280	0	0	0	0	1	128	0	1	498	340	44	49	2191	0	0	0	1	
14765	17424313	0	0	0	0	1	128	0	1	476	352	49	49	2390	0	0	0	1	
14766	17424347	0	0	0	0	1	128	0	1	474	354	48	50	2401	0	0	0	1	
14767	17424380	0	0	0	0	1	128	0	1	476	352	48	50	2400	0	0	0	1	
14768	17424413	0	0	0	0	1	128	0	1	476	354	48	50	2403	0	0	0	1	
14769	17424447	0	0	0	0	1	128	0	1	474	360	48	50	2426	0	0	0	1	
14770	17424480	0	0	0	0	1	128	0	1	474	360	48	50	2434	0	0	0	1	
14771	17424513	0	0	0	0	1	128	0	1	474	360	49	50	2440	0	0	0	1	
14772	17424547	0	0	0	0	1	128	0	1	474	360	49	50	2432	0	0	0	1	
14773	17424580	0	0	0	0	1	128	0	1	474	360	49	50	2453	0	0	0	1	
14774	17424613	0	0	0	0	1	128	0	1	474	360	49	50	2441	0	0	0	1	
14775	17424647	0	0	0	0	1	128	0	1	474	360	49	50	2432	0	0	0	1	
14776	17424680	0	0	0	0	1	128	0	1	474	360	49	50	2421	0	0	0	1	
14777	17424714	0	0	0	0	1	128	0	1	474	360	48	50	2401	0	0	0	1	
14778	17424747	0	0	0	0	1	128	0	1	474	360	48	49	2380	0	0	0	1	
14779	17424780	0	0	0	0	1	128	0	1	476	360	48	49	2361	0	0	0	1	
14780	17424814	0	0	0	0	1	128	0	1	476	360	48	49	2343	0	0	0	1	
14781	17424847	0	0	0	0	1	128	0	1	476	360	47	49	2324	0	0	0	1	
14782	17424880	0	0	0	0	1	128	0	1	476	360	47	49	2311	0	0	0	1	
14783	17424914	0	0	0	0	1	128	0	1	476	360	47	49	2307	0	0	0	1	
14784	17424947	0	0	0	0	1	128	0	1	476	360	47	49	2294	0	0	0	1	
14785	17424981	0	0	0	0	1	128	0	1	474	358	47	49	2323	0	0	0	1	
14786	17425014	0	0	0	0	1	128	0	1	476	360	47	49	2308	0	0	0	1	
14787	17425047	0	0	0	0	1	128	0	1	476	360	47	49	2298	0	0	0	1	
14788	17425081	0	0	0	0	1	128	0	1	456	348	48	51	2418	0	0	0	1	
14789	17425114	0	0	0	0	1	128	0	1	446	342	49	50	2445	0	0	0	1	
14790	17425147	0	0	0	0	1	128	0	1	444	342	49	50	2466	0	0	0	1	
14791	17425181	0	0	0	0	1	128	0	1	444	342	49	50	2468	0	0	0	1	
14792	17425214	0	0	0	0	1	128	0	1	446	342	49	50	2468	0	0	0	1	
14793	17425247	0	0	0	0	1	128	0	1	444	340	50	52	2582	0	0	0	1	
14794	17425281	0	0	0	0	1	128	0	1	444	342	50	50	2491	0	0	0	1	
14795	17425314	0	0	0	0	1	128	0	1	444	342	50	50	2497	0	0	0	1	
14796	17425348	0	0	0	0	1	128	0	1	452	342	50	51	2506	0	0	0	1	
14797	17425381	0	0	0	0	1	128	0	1	452	342	50	50	2518	0	0	0	1	
14798	17425414	0	0	0	0	1	128	0	1	454	342	50	51	2517	0	0	0	1	
14799	17425448	0	0	0	0	1	128	0	1	454	342	50	51	2531	0	0	0	1	
14800	17425481	0	0	0	0	1	128	0	1	454	342	50	51	2518	0	0	0	1	
14801	17425514	0	0	0	0	1	128	0	1	462	342	49	50	2459	0	0	0	1	
14802	17425548	0	0	0	0	1	128	0	1	464	344	49	50	2439	0	0	0	1	
14803	17425581	0	0	0	0	1	128	0	1	464	344	49	49	2373	0	0	0	1	
14804	17425615	0	0	0	0	1	128	0	1	464	344	48	49	2345	0	0	0	1	
14805	17425648	0	0	0	0	1	128	0	1	464	344	48	49	2317	0	0	0	1	
14806	17425681	0	0	0	0	1	128	0	1	464	344	48	48	2303	0	0	0	1	
14807	17425715	0	0	0	0	1	128	0	1	466	344	47	48	2268	0	0	0	1	
14808	17425748	0	0	0	0	1	128	0	1	466	344	47	48	2243	0	0	0	1	
14809	17425781	0	0	0	0	1	128	0	1	466	344	47	48	2220	0	0	0	1	
14810	17425815	0	0	0	0	1	128	0	1	466	344	47	47	2207	0	0	0	1	
14811	17425848	0	0	0	0	1	128	0	1	466	344	46	47	2200	0	0	0	1	
14812	17425881	0	0	0	0	1	128	0	1	466	344	46	47	2172	0	0	0	1	
14813	17425915	0	0	0	0	1	128	0	1	468	344	46	47	2190	0	0	0	1	
14814	17425948	0	0	0	0	1	128	0	1	468	346	46	47	2165	0	0	0	1	
14815	17425982	0	0	0	0	1	128	0	1	470	354	46	47	2178	0	0	0	1	
14816	17426015	0	0	0	0	1	128	0	1	472	354	46	47	2159	0	0	0	1	
14817	17426048	0	0	0	0	1	128	0	1	476	356	46	47	2165	0	0	0	1	
14818	17426082	0	0	0	0	1	128	0	1	478	358	46	47	2178	0	0	0	1	
14819	17426115	0	0	0	0	1	128	0	1	480	358	46	47	2162	0	0	0	1	
14820	17426148	0	0	0	0	1	128	0	1	482	360	45	47	2153	0	0	0	1	
14821	17426182	0	0	0	0	1	128	0	1	486	362	44	47	2047	0	0	0	1	
14822	17426215	0	0	0	0	1	128	0	1	486	362	45	47	2118	0	0	0	1	
14823	17426249	0	0	0	0	1	128	0	1	488	362	44	47	2081	0	0	0	1	
14824	17426282	0	0	0	0	1	128	0	1	492	362	43	47	2018	0	0	0	1	
14825	17426315	0	0	0	0	1	128	0	1	496	364	43	46	1985	0	0	0	1	
14826	17426349	0	0	0	0	1	128	0	1	496	364	42	46	1945	0	0	0	1	
14827	17426382	0	0	0	0	1	128	0	1	498	364	42	46	1934	0	0	0	1	
14828	17426415	0	0	0	0	1	128	0	1	498	364	42	46	1903	0	0	0	1	
14829	17426449	0	0	0	0	1	128	0	1	500	364	41	45	1880	0	0	0	1	
14830	17426482	0	0	0	0	1	128	0	1	506	368	40	46	1837	0	0	0	1	
14831	17426515	0	0	0	0	1	128	0	1	506	368	40	46	1838	0	0	0	1	
14832	17426549	0	0	0	0	1	128	0	1	508	368	40	46	1836	0	0	0	1	
14833	17426582	0	0	0	0	1	128	0	1	508	368	40	46	1835	0	0	0	1	
14834	17426616	0	0	0	0	1	128	0	1	508	368	40	46	1847	0	0	0	1	
14835	17426649	0	0	0	0	1	128	0	1	510	370	39	45	1765	0	0	0	1	
14836	17426682	0	0	0	0	1	128	0	1	508	368	40	47	1869	0	0	0	1	
14837	17426716	0	0	0	0	1	128	0	1	508	368	40	47	1885	0	0	0	1	
14838	17426749	0	0	0	0	1	128	0	1	508	368	41	47	1908	0	0	0	1	
14839	17426782	0	0	0	0	1	128	0	1	508	368	41	47	1932	0	0	0	1	
14840	17426816	0	0	0	0	1	128	0	1	508	368	41	47	1958	0	0	0	1	
14841	17426849	0	0	0	0	1	128	0	1	508	368	41	47	1968	0	0	0	1	
14842	17426883	0	0	0	0	1	128	0	1	508	368	41	48	1972	0	0	0	1	
14843	17426916	0	0	0	0	1	128	0	1	508	368	42	48	2017	0	0	0	1	
14844	17426949	0	0	0	0	1	128	0	1	508	368	42	48	2027	0	0	0	1	
14845	17426983	0	0	0	0	1	128	0	1	508	368	42	48	2039	0	0	0	1	
14846	17427016	0	0	0	0	1	128	0	1	508	368	42	49	2053	0	0	0	1	
14847	17427049	0	0	0	0	1	128	0	1	508	368	43	49	2066	0	0	0	1	
14848	17427083	0	0	0	0	1	128	0	1	506	368	43	49	2085	0	0	0	1	
14849	17427116	0	0	0	0	1	128	0	1	506	368	43	49	2098	0	0	0	1	
14850	17427149	0	0	0	0	1	128	0	1	506	368	43	49	2115	0	0	0	1	
14851	17427183	0	0	0	0	1	128	0	1	506	366	43	49	2132	0	0	0	1	
14852	17427216	0	0	0	0	1	128	0	1	506	366	43	50	2146	0	0	0	1	
14853	17427250	0	0	0	0	1	128	0	1	506	366	43	50	2153	0	0	0	1	
14854	17427283	0	0	0	0	1	128	0	1	506	366	44	50	2170	0	0	0	1	
14855	17427316	0	0	0	0	1	128	0	1	506	366	43	50	2165	0	0	0	1	
14856	17427350	0	0	0	0	1	128	0	1	506	366	44	50	2186	0	0	0	1	
14857	17427383	0	0	0	0	1	128	0	1	506	366	44	50	2201	0	0	0	1	
14858	17427416	0	0	0	0	1	128	0	1	506	366	44	50	2210	0	0	0	1	
14859	17427450	0	0	0	0	1	128	0	1	504	370	44	51	2236	0	0	0	1	
14860	17427483	0	0	0	0	1	128	0	1	506	368	44	51	2235	0	0	0	1	
14861	17427517	0	0	0	0	1	128	0	1	506	368	44	51	2250	0	0	0	1	
14862	17427550	0	0	0	0	1	128	0	1	506	368	44	51	2265	0	0	0	1	
14863	17427583	0	0	0	0	1	128	0	1	496	370	47	51	2361	0	0	0	1	
14864	17427617	0	0	0	0	1	128	0	1	488	368	47	51	2386	0	0	0	1	
14865	17427650	0	0	0	0	1	128	0	1	488	368	46	51	2386	0	0	0	1	
14866	17427683	0	0	0	0	1	128	0	1	488	368	46	51	2389	0	0	0	1	
14867	17427717	0	0	0	0	1	128	0	1	488	370	47	51	2390	0	0	0	1	
14868	17427750	0	0	0	0	1	128	0	1	488	370	47	51	2388	0	0	0	1	
14869	17427783	0	0	0	0	1	128	0	1	488	370	47	51	2385	0	0	0	1	
14870	17427817	0	0	0	0	1	128	0	1	488	370	47	51	2392	0	0	0	1	
14871	17427850	0	0	0	0	1	128	0	1	488	370	47	51	2393	0	0	0	1	
14872	17427884	0	0	0	0	1	128	0	1	488	370	47	51	2396	0	0	0	1	
14873	17427917	0	0	0	0	1	128	0	1	494	368	47	51	2371	0	0	0	1	
14874	17427950	0	0	0	0	1	128	0	1	494	368	46	51	2362	0	0	0	1	
14875	17427984	0	0	0	0	1	128	0	1	494	368	46	51	2363	0	0	0	1	
14876	17428017	0	0	0	0	1	128	0	1	494	368	46	51	2362	0	0	0	1	
14877	17428050	0	0	0	0	1	128	0	1	494	368	46	51	2348	0	0	0	1	
14878	17428084	0	0	0	0	1	128	0	1	494	368	46	51	2337	0	0	0	1	
14879	17428117	0	0	0	0	1	128	0	1	494	368	46	50	2329	0	0	0	1	
14880	17428151	0	0	0	0	1	128	0	1	494	368	46	50	2320	0	0	0	1	
14881	17428184	0	0	0	0	1	128	0	1	494	368	46	50	2306	0	0	0	1	
14882	17428217	0	0	0	0	1	128	0	1	494	368	46	50	2295	0	0	0	1	
14883	17428251	0	0	0	0	1	128	0	1	496	370	42	49	2035	0	0	0	1	
14884	17428284	0	0	0	0	1	128	0	1	494	368	46	50	2268	0	0	0	1	
14885	17428317	0	0	0	0	1	128	0	1	490	360	44	50	2206	0	0	0	1	
14886	17428351	0	0	0	0	1	128	0	1	474	340	48	50	2418	0	0	0	1	
14887	17428384	0	0	0	0	1	128	0	1	474	340	49	50	2420	0	0	0	1	
14888	17428417	0	0	0	0	1	128	0	1	474	340	48	50	2421	0	0	0	1	
14889	17428451	0	0	0	0	1	128	0	1	474	340	49	50	2416	0	0	0	1	
14890	17428484	0	0	0	0	1	128	0	1	474	340	48	50	2434	0	0	0	1	
14891	17428518	0	0	0	0	1	128	0	1	474	340	49	50	2454	0	0	0	1	
14892	17428551	0	0	0	0	1	128	0	1	476	338	48	50	2435	0	0	0	1	
14893	17428584	0	0	0	0	1	128	0	1	474	338	48	51	2455	0	0	0	1	
14894	17428618	0	0	0	0	1	128	0	1	474	338	48	51	2450	0	0	0	1	
14895	17428651	0	0	0	0	1	128	0	1	474	338	49	51	2473	0	0	0	1	
14896	17428684	0	0	0	0	1	128	0	1	474	338	49	51	2479	0	0	0	1	
14897	17428718	0	0	0	0	1	128	0	1	474	338	49	51	2493	0	0	0	1	
14898	17428751	0	0	0	0	1	128	0	1	476	340	49	50	2434	0	0	0	1	
14899	17428784	0	0	0	0	1	128	0	1	478	342	48	50	2411	0	0	0	1	
14900	17428818	0	0	0	0	1	128	0	1	478	342	48	50	2376	0	0	0	1	
14901	17428851	0	0	0	0	1	128	0	1	478	344	48	49	2355	0	0	0	1	
14902	17428885	0	0	0	0	1	128	0	1	478	344	47	49	2327	0	0	0	1	
14903	17428918	0	0	0	0	1	128	0	1	478	344	47	49	2301	0	0	0	1	
14904	17428951	0	0	0	0	1	128	0	1	480	344	47	48	2263	0	0	0	1	
14905	17428985	0	0	0	0	1	128	0	1	480	344	47	48	2252	0	0	0	1	
14906	17429018	0	0	0	0	1	128	0	1	480	344	47	48	2238	0	0	0	1	
14907	17429051	0	0	0	0	1	128	0	1	488	338	46	48	2175	0	0	0	1	
14908	17429085	0	0	0	0	1	128	0	1	494	334	44	47	2083	0	0	0	1	
14909	17429118	0	0	0	0	1	128	0	1	494	334	43	47	2059	0	0	0	1	
14910	17429152	0	0	0	0	1	128	0	1	494	334	44	48	2072	0	0	0	1	
14911	17429185	0	0	0	0	1	128	0	1	494	334	44	48	2075	0	0	0	1	
14912	17429218	0	0	0	0	1	128	0	1	494	334	44	48	2087	0	0	0	1	
14913	17429252	0	0	0	0	1	128	0	1	496	334	44	48	2095	0	0	0	1	
14914	17429285	0	0	0	0	1	128	0	1	496	334	44	48	2105	0	0	0	1	
14915	17429318	0	0	0	0	1	128	0	1	496	334	44	48	2111	0	0	0	1	
14916	17429352	0	0	0	0	1	128	0	1	492	334	44	48	2130	0	0	0	1	
14917	17429385	0	0	0	0	1	128	0	1	492	334	44	48	2139	0	0	0	1	
14918	17429418	0	0	0	0	1	128	0	1	492	334	45	48	2145	0	0	0	1	
14919	17429452	0	0	0	0	1	128	0	1	492	334	44	48	2152	0	0	0	1	
14920	17429485	0	0	0	0	1	128	0	1	492	334	44	49	2164	0	0	0	1	
14921	17429519	0	0	0	0	1	128	0	1	492	334	45	49	2172	0	0	0	1	
14922	17429552	0	0	0	0	1	128	0	1	492	334	45	49	2176	0	0	0	1	
14923	17429585	0	0	0	0	1	128	0	1	492	334	45	49	2192	0	0	0	1	
14924	17429619	0	0	0	0	1	128	0	1	492	334	45	49	2207	0	0	0	1	
14925	17429652	0	0	0	0	1	128	0	1	492	334	45	49	2222	0	0	0	1	
14926	17429685	0	0	0	0	1	128	0	1	492	336	45	49	2232	0	0	0	1	
14927	17429719	0	0	0	0	1	128	0	1	492	336	46	49	2247	0	0	0	1	
14928	17429752	0	0	0	0	1	128	0	1	492	336	46	49	2248	0	0	0	1	
14929	17429786	0	0	0	0	1	128	0	1	492	336	46	49	2260	0	0	0	1	
14930	17429819	0	0	0	0	1	128	0	0	0	0	0	0	0	0	0	0	1	
14931	17429852	0	0	0	0	1	128	0	1	454	368	50	51	2519	0	0	0	1	
14932	17429886	0	0	0	0	1	128	0	1	454	368	50	51	2522	0	0	0	1	
14933	17429919	0	0	0	0	1	128	0	1	454	368	50	51	2548	0	0	0	1	
14934	17429952	0	0	0	0	1	128	0	1	454	368	50	51	2558	0	0	0	1	
14935	17429986	0	0	0	0	1	128	0	1	454	368	50	51	2553	0	0	0	1	
14936	17430019	0	0	0	0	1	128	0	1	454	368	50	51	2557	0	0	0	1	
14937	17430053	0	0	0	0	1	128	0	1	454	368	50	51	2580	0	0	0	1	
14938	17430086	0	0	0	0	1	128	0	1	454	368	50	51	2586	0	0	0	1	
14939	17430119	0	0	0	0	1	128	0	1	460	364	51	51	2583	0	0	0	1	
14940	17430153	0	0	0	0	1	128	0	1	460	362	50	51	2558	0	0	0	1	
14941	17430186	0	0	0	0	1	128	0	1	462	362	50	51	2535	0	0	0	1	
14942	17430219	0	0	0	0	1	128	0	1	462	362	50	51	2524	0	0	0	1	
14943	17430253	0	0	0	0	1	128	0	1	462	362	50	51	2533	0	0	0	1	
14944	17430286	0	0	0	0	1	128	0	1	462	362	50	51	2527	0	0	0	1	
14945	17430319	0	0	0	0	1	128	0	1	462	362	50	51	2505	0	0	0	1	
14946	17430353	0	0	0	0	1	128	0	1	462	362	50	50	2499	0	0	0	1	
14947	17430386	0	0	0	0	1	128	0	1	462	362	50	50	2495	0	0	0	1	
14948	17430420	0	0	0	0	1	128	0	1	462	362	49	50	2477	0	0	0	1	
14949	17430453	0	0	0	0	1	128	0	1	462	362	49	50	2469	0	0	0	1	
14950	17430486	0	0	0	0	1	128	0	1	462	362	50	50	2473	0	0	0	1	
14951	17430520	0	0	0	0	1	128	0	1	462	362	49	50	2448	0	0	0	1	
14952	17430553	0	0	0	0	1	128	0	1	464	360	49	50	2477	0	0	0	1	
14953	17430586	0	0	0	0	1	128	0	1	476	334	48	50	2390	0	0	0	1	
14954	17430620	0	0	0	0	1	128	0	1	474	332	48	51	2426	0	0	0	1	
14955	17430653	0	0	0	0	1	128	0	1	474	332	48	50	2412	0	0	0	1	
14956	17430686	0	0	0	0	1	128	0	1	474	332	48	50	2418	0	0	0	1	
14957	17430720	0	0	0	0	1	128	0	1	474	332	48	51	2461	0	0	0	1	
14958	17430753	0	0	0	0	1	128	0	1	474	332	49	50	2439	0	0	0	1	
14959	17430787	0	0	0	0	1	128	0	1	474	334	48	50	2435	0	0	0	1	
14960	17430820	0	0	0	0	1	128	0	1	474	332	49	50	2439	0	0	0	1	
14961	17430853	0	0	0	0	1	128	0	1	474	334	49	50	2451	0	0	0	1	
14962	17430887	0	0	0	0	1	128	0	1	474	332	49	50	2458	0	0	0	1	
14963	17430920	0	0	0	0	1	128	0	1	474	332	49	51	2456	0	0	0	1	
14964	17430953	0	0	0	0	1	128	0	1	474	334	49	50	2462	0	0	0	1	
14965	17430987	0	0	0	0	1	128	0	1	474	334	48	51	2454	0	0	0	1	
14966	17431020	0	0	0	0	1	128	0	1	474	334	48	50	2448	0	0	0	1	
14967	17431054	0	0	0	0	1	128	0	1	476	340	48	50	2436	0	0	0	1	
14968	17431087	0	0	0	0	1	128	0	1	476	340	48	50	2399	0	0	0	1	
14969	17431120	0	0	0	0	1	128	0	1	476	340	48	50	2384	0	0	0	1	
14970	17431154	0	0	0	0	1	128	0	1	476	340	47	50	2348	0	0	0	1	
14971	17431187	0	0	0	0	1	128	0	1	476	340	47	49	2312	0	0	0	1	
14972	17431220	0	0	0	0	1	128	0	1	476	340	47	48	2271	0	0	0	1	
14973	17431254	0	0	0	0	1	128	0	1	476	340	46	48	2235	0	0	0	1	
14974	17431287	0	0	0	0	1	128	0	1	476	340	46	48	2220	0	0	0	1	
14975	17431321	0	0	0	0	1	128	0	1	486	336	45	47	2122	0	0	0	1	
14976	17431354	0	0	0	0	1	128	0	1	488	334	44	48	2106	0	0	0	1	
14977	17431387	0	0	0	0	1	128	0	1	488	334	44	47	2079	0	0	0	1	
14978	17431421	0	0	0	0	1	128	0	1	488	334	44	47	2082	0	0	0	1	
14979	17431454	0	0	0	0	1	128	0	1	488	334	44	47	2074	0	0	0	1	
14980	17431487	0	0	0	0	1	128	0	1	492	342	39	42	1637	0	0	0	1	
14981	17431521	0	0	0	0	1	128	0	1	488	334	44	47	2078	0	0	0	1	
14982	17431554	0	0	0	0	1	128	0	1	488	334	44	48	2095	0	0	0	1	
14983	17431587	0	0	0	0	1	128	0	1	488	334	44	48	2109	0	0	0	1	
14984	17431621	0	0	0	0	1	128	0	1	486	334	45	48	2138	0	0	0	1	
14985	17431654	0	0	0	0	1	128	0	1	486	334	45	48	2148	0	0	0	1	
14986	17431688	0	0	0	0	1	128	0	1	488	334	45	48	2166	0	0	0	1	
14987	17431721	0	0	0	0	1	128	0	1	488	334	45	48	2167	0	0	0	1	
14988	17431754	0	0	0	0	1	128	0	1	486	334	45	48	2174	0	0	0	1	
14989	17431788	0	0	0	0	1	128	0	1	486	334	45	48	2177	0	0	0	1	
14990	17431821	0	0	0	0	1	128	0	1	486	334	46	48	2200	0	0	0	1	
14991	17431854	0	0	0	0	1	128	0	1	486	334	46	48	2200	0	0	0	1	
14992	17431888	0	0	0	0	1	128	0	1	486	334	45	49	2210	0	0	0	1	
14993	17431921	0	0	0	0	1	128	0	1	486	334	46	49	2214	0	0	0	1	
14994	17431955	0	0	0	0	1	128	0	1	486	334	46	49	2219	0	0	0	1	
14995	17431988	0	0	0	0	1	128	0	1	486	334	46	49	2236	0	0	0	1	
14996	17432021	0	0	0	0	1	128	0	1	486	334	46	49	2242	0	0	0	1	
14997	17432055	0	0	0	0	1	128	0	1	486	334	46	49	2265	0	0	0	1	
14998	17432088	0	0	0	0	1	128	0	1	486	334	46	49	2260	0	0	0	1	
14999	17432121	0	0	0	0	1	128	0	1	486	334	47	49	2287	0	0	0	1	
15000	17432155	0	0	0	0	1	128	0	1	486	334	47	49	2303	0	0	0	1	
15001	17432188	0	0	0	0	1	128	0	1	476	326	47	50	2362	0	0	0	1	
15002	17432221	0	0	0	0	1	128	0	1	476	328	48	50	2380	0	0	0	1	
15003	17432255	0	0	0	0	1	128	0	1	474	328	48	50	2398	0	0	0	1	
15004	17432288	0	0	0	0	1	128	0	1	472	328	48	51	2446	0	0	0	1	
15005	17432322	0	0	0	0	1	128	0	1	470	328	48	51	2435	0	0	0	1	
15006	17432355	0	0	0	0	1	128	0	1	466	330	48	51	2438	0	0	0	1	
15007	17432388	0	0	0	0	1	128	0	1	462	334	49	51	2500	0	0	0	1	
15008	17432422	0	0	0	0	1	128	0	1	460	334	49	53	2613	0	0	0	1	
15009	17432455	0	0	0	0	1	128	0	1	458	336	50	52	2589	0	0	0	1	
15010	17432488	0	0	0	0	1	128	0	1	458	338	50	52	2591	0	0	0	1	
15011	17432522	0	0	0	0	1	128	0	1	458	340	50	52	2583	0	0	0	1	
15012	17432555	0	0	0	0	1	128	0	1	456	342	50	52	2587	0	0	0	1	
15013	17432588	0	0	0	0	1	128	0	1	456	344	50	52	2598	0	0	0	1	
15014	17432622	0	0	0	0	1	128	0	1	454	346	50	52	2586	0	0	0	1	
15015	17432655	0	0	0	0	1	128	0	1	452	348	50	52	2613	0	0	0	1	
15016	17432689	0	0	0	0	1	128	0	1	452	350	50	52	2567	0	0	0	1	
15017	17432722	0	0	0	0	1	128	0	1	452	352	50	51	2552	0	0	0	1	
15018	17432755	0	0	0	0	1	128	0	1	452	354	49	50	2433	0	0	0	1	
15019	17432789	0	0	0	0	1	128	0	1	452	356	49	50	2481	0	0	0	1	
15020	17432822	0	0	0	0	1	128	0	1	452	358	49	51	2503	0	0	0	1	
15021	17432855	0	0	0	0	1	128	0	1	454	360	49	51	2471	0	0	0	1	
15022	17432889	0	0	0	0	1	128	0	1	454	362	49	50	2454	0	0	0	1	
15023	17432922	0	0	0	0	1	128	0	1	456	364	49	50	2434	0	0	0	1	
15024	17432956	0	0	0	0	1	128	0	1	456	366	49	50	2448	0	0	0	1	
15025	17432989	0	0	0	0	1	128	0	1	458	366	49	50	2431	0	0	0	1	
15026	17433022	0	0	0	0	1	128	0	1	460	368	48	50	2421	0	0	0	1	
15027	17433056	0	0	0	0	1	128	0	1	460	368	49	50	2447	0	0	0	1	
15028	17433089	0	0	0	0	1	128	0	1	462	370	49	50	2454	0	0	0	1	
15029	17433122	0	0	0	0	1	128	0	1	468	368	49	50	2424	0	0	0	1	
15030	17433156	0	0	0	0	1	128	0	1	470	368	49	50	2481	0	0	0	1	
15031	17433189	0	0	0	0	1	128	0	1	472	368	48	50	2431	0	0	0	1	
15032	17433223	0	0	0	0	1	128	0	1	474	368	48	50	2435	0	0	0	1	
15033	17433256	0	0	0	0	1	128	0	1	476	368	48	50	2421	0	0	0	1	
15034	17433289	0	0	0	0	1	128	0	1	476	366	48	50	2432	0	0	0	1	
15035	17433323	0	0	0	0	1	128	0	1	480	366	48	50	2438	0	0	0	1	
15036	17433356	0	0	0	0	1	128	0	1	482	364	48	50	2429	0	0	0	1	
15037	17433389	0	0	0	0	1	128	0	1	484	362	48	50	2436	0	0	0	1	
15038	17433423	0	0	0	0	1	128	0	1	486	360	48	50	2422	0	0	0	1	
15039	17433456	0	0	0	0	1	128	0	1	488	358	48	50	2421	0	0	0	1	
15040	17433489	0	0	0	0	1	128	0	1	488	358	48	50	2407	0	0	0	1	
15041	17433523	0	0	0	0	1	128	0	1	486	356	49	50	2439	0	0	0	1	
15042	17433556	0	0	0	0	1	128	0	1	486	354	49	51	2466	0	0	0	1	
15043	17433590	0	0	0	0	1	128	0	1	486	352	49	51	2473	0	0	0	1	
15044	17433623	0	0	0	0	1	128	0	1	488	350	48	51	2467	0	0	0	1	
15045	17433656	0	0	0	0	1	128	0	1	488	348	48	51	2474	0	0	0	1	
15046	17433690	0	0	0	0	1	128	0	1	488	346	49	51	2484	0	0	0	1	
15047	17433723	0	0	0	0	1	128	0	1	490	344	49	51	2484	0	0	0	1	
15048	17433756	0	0	0	0	1	128	0	1	490	342	49	51	2502	0	0	0	1	
15049	17433790	0	0	0	0	1	128	0	1	490	340	49	51	2498	0	0	0	1	
15050	17433823	0	0	0	0	1	128	0	1	490	340	49	52	2516	0	0	0	1	
15051	17433856	0	0	0	0	1	128	0	1	488	338	49	52	2523	0	0	0	1	
15052	17433890	0	0	0	0	1	128	0	1	488	338	49	52	2524	0	0	0	1	
15053	17433923	0	0	0	0	1	128	0	1	488	336	49	51	2520	0	0	0	1	
15054	17433957	0	0	0	0	1	128	0	1	488	336	49	52	2540	0	0	0	1	
15055	17433990	0	0	0	0	1	128	0	1	488	336	49	52	2536	0	0	0	1	
15056	17434023	0	0	0	0	1	128	0	1	486	330	49	52	2554	0	0	0	1	
15057	17434057	0	0	0	0	1	128	0	1	484	330	49	52	2566	0	0	0	1	
15058	17434090	0	0	0	0	1	128	0	1	484	330	49	52	2577	0	0	0	1	
15059	17434123	0	0	0	0	1	128	0	1	484	330	49	52	2569	0	0	0	1	
15060	17434157	0	0	0	0	1	128	0	1	486	332	49	52	2553	0	0	0	1	
15061	17434190	0	0	0	0	1	128	0	1	486	334	49	52	2553	0	0	0	1	
15062	17434224	0	0	0	0	1	128	0	1	488	332	49	52	2541	0	0	0	1	
15063	17434257	0	0	0	0	1	128	0	1	488	332	49	52	2547	0	0	0	1	
15064	17434290	0	0	0	0	1	128	0	1	488	334	49	52	2542	0	0	0	1	
15065	17434324	0	0	0	0	1	128	0	1	488	332	49	52	2547	0	0	0	1	
15066	17434357	0	0	0	0	1	128	0	1	488	332	49	52	2545	0	0	0	1	
15067	17434390	0	0	0	0	1	128	0	1	488	332	49	52	2533	0	0	0	1	
15068	17434424	0	0	0	0	1	128	0	1	488	332	49	52	2529	0	0	0	1	
15069	17434457	0	0	0	0	1	128	0	1	486	334	49	51	2525	0	0	0	1	
15070	17434491	0	0	0	0	1	128	0	1	486	334	49	51	2510	0	0	0	1	
15071	17434524	0	0	0	0	1	128	0	1	486	334	49	51	2500	0	0	0	1	
15072	17434557	0	0	0	0	1	128	0	1	486	334	48	51	2473	0	0	0	1	
15073	17434591	0	0	0	0	1	128	0	1	486	334	48	51	2475	0	0	0	1	
15074	17434624	0	0	0	0	1	128	0	1	486	334	48	51	2452	0	0	0	1	
15075	17434657	0	0	0	0	1	128	0	1	486	334	48	51	2448	0	0	0	1	
15076	17434691	0	0	0	0	1	128	0	1	486	334	48	51	2432	0	0	0	1	
15077	17434724	0	0	0	0	1	128	0	1	486	334	48	50	2417	0	0	0	1	
15078	17434757	0	0	0	0	1	128	0	1	486	334	48	50	2397	0	0	0	1	
15079	17434791	0	0	0	0	1	128	0	1	486	334	48	50	2383	0	0	0	1	
15080	17434824	0	0	0	0	1	128	0	1	486	334	47	50	2362	0	0	0	1	
15081	17434858	0	0	0	0	1	128	0	1	486	334	47	50	2335	0	0	0	1	
15082	17434891	0	0	0	0	1	128	0	1	486	334	47	49	2305	0	0	0	1	
15083	17434924	0	0	0	0	1	128	0	1	486	334	47	49	2292	0	0	0	1	
15084	17434958	0	0	0	0	1	128	0	1	486	334	46	49	2269	0	0	0	1	
15085	17434991	0	0	0	0	1	128	0	1	486	334	46	49	2261	0	0	0	1	
15086	17435024	0	0	0	0	1	128	0	1	486	334	46	49	2256	0	0	0	1	
15087	17435058	0	0	0	0	1	128	0	1	486	334	46	49	2243	0	0	0	1	
15088	17435091	0	0	0	0	1	128	0	1	486	334	46	49	2243	0	0	0	1	
15089	17435125	0	0	0	0	1	128	0	1	486	334	46	49	2231	0	0	0	1	
15090	17435158	0	0	0	0	1	128	0	1	506	344	44	48	2106	0	0	0	1	
15091	17435191	0	0	0	0	1	128	0	1	514	346	42	49	2027	0	0	0	1	
15092	17435225	0	0	0	0	1	128	0	1	514	346	41	49	2013	0	0	0	1	
15093	17435258	0	0	0	0	1	128	0	1	514	346	41	49	2010	0	0	0	1	
15094	17435291	0	0	0	0	1	128	0	1	514	346	42	49	2033	0	0	0	1	
15095	17435325	0	0	0	0	1	128	0	1	514	346	42	49	2032	0	0	0	1	
15096	17435358	0	0	0	0	1	128	0	1	514	346	42	49	2045	0	0	0	1	
15097	17435391	0	0	0	0	1	128	0	1	514	346	42	49	2048	0	0	0	1	
15098	17435425	0	0	0	0	1	128	0	1	514	346	42	49	2051	0	0	0	1	
15099	17435458	0	0	0	0	1	128	0	1	514	346	42	49	2049	0	0	0	1	
15100	17435492	0	0	0	0	1	128	0	1	514	346	42	49	2052	0	0	0	1	
15101	17435525	0	0	0	0	1	128	0	1	514	346	42	49	2051	0	0	0	1	
15102	17435558	0	0	0	0	1	128	0	1	514	346	42	49	2051	0	0	0	1	
15103	17435592	0	0	0	0	1	128	0	1	514	346	42	49	2047	0	0	0	1	
15104	17435625	0	0	0	0	1	128	0	1	514	348	42	49	2055	0	0	0	1	
15105	17435658	0	0	0	0	1	128	0	1	514	348	42	49	2057	0	0	0	1	
15106	17435692	0	0	0	0	1	128	0	1	514	348	42	49	2061	0	0	0	1	
15107	17435725	0	0	0	0	1	128	0	1	514	348	42	49	2085	0	0	0	1	
15108	17435758	0	0	0	0	1	128	0	1	514	348	43	49	2090	0	0	0	1	
15109	17435792	0	0	0	0	1	128	0	1	514	348	43	49	2110	0	0	0	1	
15110	17435825	0	0	0	0	1	128	0	1	512	348	43	50	2118	0	0	0	1	
15111	17435859	0	0	0	0	1	128	0	1	472	346	49	52	2593	0	0	0	1	
15112	17435892	0	0	0	0	1	128	0	1	472	346	49	51	2484	0	0	0	1	
15113	17435925	0	0	0	0	1	128	0	1	472	346	49	51	2505	0	0	0	1	
15114	17435959	0	0	0	0	1	128	0	1	472	346	50	50	2508	0	0	0	1	
15115	17435992	0	0	0	0	1	128	0	1	472	346	50	51	2535	0	0	0	1	
15116	17436025	0	0	0	0	1	128	0	1	472	346	50	51	2558	0	0	0	1	
15117	17436059	0	0	0	0	1	128	0	1	476	344	49	51	2535	0	0	0	1	
15118	17436092	0	0	0	0	1	128	0	1	476	344	50	51	2549	0	0	0	1	
15119	17436126	0	0	0	0	1	128	0	1	476	344	50	52	2572	0	0	0	1	
15120	17436159	0	0	0	0	1	128	0	1	474	344	50	52	2586	0	0	0	1	
15121	17436192	0	0	0	0	1	128	0	1	474	344	50	52	2599	0	0	0	1	
15122	17436226	0	0	0	0	1	128	0	1	474	344	50	52	2589	0	0	0	1	
15123	17436259	0	0	0	0	1	128	0	1	474	344	50	52	2589	0	0	0	1	
15124	17436292	0	0	0	0	1	128	0	1	474	344	50	52	2576	0	0	0	1	
15125	17436326	0	0	0	0	1	128	0	1	474	344	50	52	2567	0	0	0	1	
15126	17436359	0	0	0	0	1	128	0	1	476	344	50	52	2557	0	0	0	1	
15127	17436393	0	0	0	0	1	128	0	1	476	344	49	51	2534	0	0	0	1	
15128	17436426	0	0	0	0	1	128	0	1	476	344	49	51	2517	0	0	0	1	
15129	17436459	0	0	0	0	1	128	0	1	476	344	49	51	2521	0	0	0	1	
15130	17436493	0	0	0	0	1	128	0	1	476	344	49	51	2506	0	0	0	1	
15131	17436526	0	0	0	0	1	128	0	1	476	344	49	51	2516	0	0	0	1	
15132	17436559	0	0	0	0	1	128	0	1	476	344	49	51	2493	0	0	0	1	
15133	17436593	0	0	0	0	1	128	0	1	500	356	45	50	2253	0	0	0	1	
15134	17436626	0	0	0	0	1	128	0	1	502	358	45	51	2284	0	0	0	1	
15135	17436659	0	0	0	0	1	128	0	1	502	358	45	51	2283	0	0	0	1	
15136	17436693	0	0	0	0	1	128	0	1	502	358	45	51	2280	0	0	0	1	
15137	17436726	0	0	0	0	1	128	0	1	502	358	45	51	2281	0	0	0	1	
15138	17436760	0	0	0	0	1	128	0	1	502	358	45	51	2288	0	0	0	1	
15139	17436793	0	0	0	0	1	128	0	1	502	358	45	51	2293	0	0	0	1	
15140	17436826	0	0	0	0	1	128	0	1	502	358	45	51	2283	0	0	0	1	
15141	17436860	0	0	0	0	1	128	0	1	502	358	45	51	2287	0	0	0	1	
15142	17436893	0	0	0	0	1	128	0	1	502	358	45	51	2282	0	0	0	1	
15143	17436926	0	0	0	0	1	128	0	1	502	358	45	51	2280	0	0	0	1	
15144	17436960	0	0	0	0	1	128	0	1	502	358	45	50	2247	0	0	0	1	
15145	17436993	0	0	0	0	1	128	0	1	502	358	45	50	2249	0	0	0	1	
15146	17437027	0	0	0	0	1	128	0	1	502	358	45	50	2259	0	0	0	1	
15147	17437060	0	0	0	0	1	128	0	1	500	358	45	50	2262	0	0	0	1	
15148	17437093	0	0	0	0	1	128	0	1	490	364	46	51	2348	0	0	0	1	
15149	17437127	0	0	0	0	1	128	0	1	490	364	46	51	2336	0	0	0	1	
15150	17437160	0	0	0	0	1	128	0	1	490	364	46	51	2343	0	0	0	1	
15151	17437193	0	0	0	0	1	128	0	1	490	364	46	51	2350	0	0	0	1	
15152	17437227	0	0	0	0	1	128	0	1	490	364	46	51	2363	0	0	0	1	
15153	17437260	0	0	0	0	1	128	0	1	490	364	46	51	2375	0	0	0	1	
15154	17437293	0	0	0	0	1	128	0	1	490	364	47	51	2395	0	0	0	1	
15155	17437327	0	0	0	0	1	128	0	1	488	364	47	51	2432	0	0	0	1	
15156	17437360	0	0	0	0	1	128	0	1	472	356	50	51	2568	0	0	0	1	
15157	17437394	0	0	0	0	1	128	0	1	472	356	50	51	2543	0	0	0	1	
15158	17437427	0	0	0	0	1	128	0	1	472	356	50	51	2557	0	0	0	1	
15159	17437460	0	0	0	0	1	128	0	1	472	358	50	51	2559	0	0	0	1	
15160	17437494	0	0	0	0	1	128	0	1	472	352	50	52	2608	0	0	0	1	
15161	17437527	0	0	0	0	1	128	0	1	472	352	51	52	2616	0	0	0	1	
15162	17437560	0	0	0	0	1	128	0	1	472	352	51	52	2617	0	0	0	1	
15163	17437594	0	0	0	0	1	128	0	1	472	352	51	52	2619	0	0	0	1	
15164	17437627	0	0	0	0	1	128	0	1	472	352	51	52	2617	0	0	0	1	
15165	17437660	0	0	0	0	1	128	0	1	472	350	51	52	2634	0	0	0	1	
15166	17437694	0	0	0	0	1	128	0	1	472	350	51	52	2629	0	0	0	1	
15167	17437727	0	0	0	0	1	128	0	1	472	350	51	52	2648	0	0	0	1	
15168	17437761	0	0	0	0	1	128	0	1	472	350	51	52	2629	0	0	0	1	
15169	17437794	0	0	0	0	1	128	0	1	472	350	51	52	2632	0	0	0	1	
15170	17437827	0	0	0	0	1	128	0	1	472	350	51	52	2635	0	0	0	1	
15171	17437861	0	0	0	0	1	128	0	1	472	352	51	52	2617	0	0	0	1	
15172	17437894	0	0	0	0	1	128	0	1	472	352	51	51	2605	0	0	0	1	
15173	17437927	0	0	0	0	1	128	0	1	472	352	51	51	2605	0	0	0	1	
15174	17437961	0	0	0	0	1	128	0	1	472	352	50	51	2583	0	0	0	1	
15175	17437994	0	0	0	0	1	128	0	1	474	352	50	51	2569	0	0	0	1	
15176	17438028	0	0	0	0	1	128	0	1	474	352	50	51	2547	0	0	0	1	
15177	17438061	0	0	0	0	1	128	0	1	474	352	50	51	2553	0	0	0	1	
15178	17438094	0	0	0	0	1	128	0	1	500	364	38	46	1748	0	0	0	1	
15179	17438128	0	0	0	0	1	128	0	1	508	354	44	50	2218	0	0	0	1	
15180	17438161	0	0	0	0	1	128	0	1	510	354	44	50	2210	0	0	0	1	
15181	17438194	0	0	0	0	1	128	0	1	508	354	44	50	2197	0	0	0	1	
15182	17438228	0	0	0	0	1	128	0	1	510	352	44	50	2215	0	0	0	1	
15183	17438261	0	0	0	0	1	128	0	1	514	348	43	50	2150	0	0	0	1	
15184	17438294	0	0	0	0	1	128	0	1	514	348	43	50	2159	0	0	0	1	
15185	17438328	0	0	0	0	1	128	0	1	512	348	43	50	2167	0	0	0	1	
15186	17438361	0	0	0	0	1	128	0	1	512	348	43	50	2174	0	0	0	1	
15187	17438395	0	0	0	0	1	128	0	1	512	348	44	50	2176	0	0	0	1	
15188	17438428	0	0	0	0	1	128	0	1	512	350	44	50	2188	0	0	0	1	
15189	17438461	0	0	0	0	1	128	0	1	512	350	44	51	2214	0	0	0	1	
15190	17438495	0	0	0	0	1	128	0	1	512	350	44	51	2213	0	0	0	1	
15191	17438528	0	0	0	0	1	128	0	1	512	350	44	50	2219	0	0	0	1	
15192	17438561	0	0	0	0	1	128	0	1	512	350	44	51	2223	0	0	0	1	
15193	17438595	0	0	0	0	1	128	0	1	512	350	44	51	2226	0	0	0	1	
15194	17438628	0	0	0	0	1	128	0	1	512	350	44	51	2230	0	0	0	1	
15195	17438661	0	0	0	0	1	128	0	1	512	350	44	51	2232	0	0	0	1	
15196	17438695	0	0	0	0	1	128	0	1	512	350	44	51	2242	0	0	0	1	
15197	17438728	0	0	0	0	1	128	0	1	512	350	44	51	2243	0	0	0	1	
15198	17438762	0	0	0	0	1	128	0	1	512	350	44	51	2250	0	0	0	1	
15199	17438795	0	0	0	0	1	128	0	1	512	350	45	51	2260	0	0	0	1	
15200	17438828	0	0	0	0	1	128	0	1	512	350	45	51	2267	0	0	0	1	
15201	17438862	0	0	0	0	1	128	0	1	512	350	45	51	2269	0	0	0	1	
15202	17438895	0	0	0	0	1	128	0	1	512	350	45	51	2281	0	0	0	1	
15203	17438929	0	0	0	0	1	128	0	1	516	340	44	51	2233	0	0	0	1	
15204	17438962	0	0	0	0	1	128	0	1	516	338	44	50	2208	0	0	0	1	
15205	17438995	0	0	0	0	1	128	0	1	518	336	44	51	2211	0	0	0	1	
15206	17439029	0	0	0	0	1	128	0	1	518	334	44	51	2206	0	0	0	1	
15207	17439062	0	0	0	0	1	128	0	1	518	332	44	50	2198	0	0	0	1	
15208	17439095	0	0	0	0	1	128	0	1	520	322	43	51	2171	0	0	0	1	
15209	17439129	0	0	0	0	1	128	0	1	520	320	43	51	2155	0	0	0	1	
15210	17439162	0	0	0	0	1	128	0	1	520	318	42	51	2152	0	0	0	1	
15211	17439195	0	0	0	0	1	128	0	1	520	316	42	51	2156	0	0	0	1	
15212	17439229	0	0	0	0	1	128	0	1	522	314	42	51	2145	0	0	0	1	
15213	17439262	0	0	0	0	1	128	0	1	522	312	42	51	2133	0	0	0	1	
15214	17439296	0	0	0	0	1	128	0	1	522	310	42	51	2107	0	0	0	1	
15215	17439329	0	0	0	0	1	128	0	1	522	308	42	50	2095	0	0	0	1	
15216	17439362	0	0	0	0	1	128	0	1	524	306	41	50	2085	0	0	0	1	
15217	17439396	0	0	0	0	1	128	0	1	524	304	41	51	2067	0	0	0	1	
15218	17439429	0	0	0	0	1	128	0	1	524	302	40	51	2061	0	0	0	1	
15219	17439462	0	0	0	0	1	128	0	1	524	300	40	50	2032	0	0	0	1	
15220	17439496	0	0	0	0	1	128	0	1	520	302	41	51	2066	0	0	0	1	
15221	17439529	0	0	0	0	1	128	0	1	522	300	40	50	2025	0	0	0	1	
15222	17439562	0	0	0	0	1	128	0	1	522	298	40	50	1996	0	0	0	1	
15223	17439596	0	0	0	0	1	128	0	1	522	296	39	50	1967	0	0	0	1	
15224	17439629	0	0	0	0	1	128	0	1	524	292	39	50	1931	0	0	0	1	
15225	17439663	0	0	0	0	1	128	0	1	524	292	39	49	1907	0	0	0	1	
15226	17439696	0	0	0	0	1	128	0	1	524	290	38	49	1883	0	0	0	1	
15227	17439729	0	0	0	0	1	128	0	1	524	290	38	48	1810	0	0	0	1	
15228	17439763	0	0	0	0	1	128	0	1	524	288	38	49	1849	0	0	0	1	
15229	17439796	0	0	0	0	1	128	0	1	524	286	37	49	1834	0	0	0	1	
15230	17439829	0	0	0	0	1	128	0	1	524	286	37	49	1809	0	0	0	1	
15231	17439863	0	0	0	0	1	128	0	1	526	284	37	49	1781	0	0	0	1	
15232	17439896	0	0	0	0	1	128	0	1	526	278	36	48	1717	0	0	0	1	
15233	17439930	0	0	0	0	1	128	0	1	526	278	35	48	1708	0	0	0	1	
15234	17439963	0	0	0	0	1	128	0	1	526	276	35	48	1710	0	0	0	1	
15235	17439996	0	0	0	0	1	128	0	1	526	276	35	48	1699	0	0	0	1	
15236	17440030	0	0	0	0	1	128	0	1	526	276	35	48	1695	0	0	0	1	
15237	17440063	0	0	0	0	1	128	0	1	524	280	36	48	1718	0	0	0	1	
15238	17440096	0	0	0	0	1	128	0	1	524	280	36	48	1718	0	0	0	1	
15239	17440130	0	0	0	0	1	128	0	1	524	280	36	48	1712	0	0	0	1	
15240	17440163	0	0	0	0	1	128	0	1	524	280	36	48	1713	0	0	0	1	
15241	17440196	0	0	0	0	1	128	0	1	524	280	36	48	1704	0	0	0	1	
15242	17440230	0	0	0	0	1	128	0	1	524	280	36	48	1709	0	0	0	1	
15243	17440263	0	0	0	0	1	128	0	1	524	282	35	47	1673	0	0	0	1	
15244	17440297	0	0	0	0	1	128	0	1	524	280	36	48	1694	0	0	0	1	
15245	17440330	0	0	0	0	1	128	0	1	524	282	35	48	1684	0	0	0	1	
15246	17440363	0	0	0	0	1	128	0	1	524	280	35	47	1669	0	0	0	1	
15247	17440397	0	0	0	0	1	128	0	1	524	280	35	47	1660	0	0	0	1	
15248	17440430	0	0	0	0	1	128	0	1	524	280	35	47	1645	0	0	0	1	
15249	17440463	0	0	0	0	1	128	0	1	524	280	35	47	1626	0	0	0	1	
15250	17440497	0	0	0	0	1	128	0	1	524	282	35	46	1620	0	0	0	1	
15251	17440530	0	0	0	0	1	128	0	1	524	282	35	46	1609	0	0	0	1	
15252	17440564	0	0	0	0	1	128	0	1	524	282	34	46	1580	0	0	0	1	
15253	17440597	0	0	0	0	1	128	0	1	524	282	34	46	1576	0	0	0	1	
15254	17440630	0	0	0	0	1	128	0	1	524	282	34	46	1566	0	0	0	1	
15255	17440664	0	0	0	0	1	128	0	1	524	282	34	45	1544	0	0	0	1	
15256	17440697	0	0	0	0	1	128	0	1	524	282	34	45	1548	0	0	0	1	
15257	17440730	0	0	0	0	1	128	0	1	524	282	34	45	1525	0	0	0	1	
15258	17440764	0	0	0	0	1	128	0	1	524	282	34	45	1530	0	0	0	1	
15259	17440797	0	0	0	0	1	128	0	1	524	282	34	45	1532	0	0	0	1	
15260	17440830	0	0	0	0	1	128	0	1	524	282	34	46	1546	0	0	0	1	
15261	17440864	0	0	0	0	1	128	0	1	524	282	34	46	1545	0	0	0	1	
15262	17440897	0	0	0	0	1	128	0	1	524	282	34	45	1532	0	0	0	1	
15263	17440931	0	0	0	0	1	128	0	1	524	282	34	46	1544	0	0	0	1	
15264	17440964	0	0	0	0	1	128	0	1	524	282	34	45	1545	0	0	0	1	
15265	17440997	0	0	0	0	1	128	0	1	524	284	34	46	1567	0	0	0	1	
15266	17441031	0	0	0	0	1	128	0	1	522	284	34	46	1583	0	0	0	1	
15267	17441064	0	0	0	0	1	128	0	1	520	292	37	46	1685	0	0	0	1	
15268	17441097	0	0	0	0	1	128	0	1	518	294	37	46	1699	0	0	0	1	
15269	17441131	0	0	0	0	1	128	0	1	518	296	37	47	1732	0	0	0	1	
15270	17441164	0	0	0	0	1	128	0	1	516	298	38	47	1764	0	0	0	1	
15271	17441198	0	0	0	0	1	128	0	1	514	300	38	47	1793	0	0	0	1	
15272	17441231	0	0	0	0	1	128	0	1	512	302	39	47	1832	0	0	0	1	
15273	17441264	0	0	0	0	1	128	0	1	512	304	39	47	1857	0	0	0	1	
15274	17441298	0	0	0	0	1	128	0	1	512	304	40	47	1881	0	0	0	1	
15275	17441331	0	0	0	0	1	128	0	1	512	306	40	47	1869	0	0	0	1	
15276	17441364	0	0	0	0	1	128	0	1	510	306	40	47	1889	0	0	0	1	
15277	17441398	0	0	0	0	1	128	0	1	508	308	40	47	1899	0	0	0	1	
15278	17441431	0	0	0	0	1	128	0	1	508	310	40	48	1911	0	0	0	1	
15279	17441464	0	0	0	0	1	128	0	1	506	310	40	48	1927	0	0	0	1	
15280	17441498	0	0	0	0	1	128	0	1	506	312	41	47	1934	0	0	0	1	
15281	17441531	0	0	0	0	1	128	0	1	504	314	41	47	1928	0	0	0	1	
15282	17441565	0	0	0	0	1	128	0	1	502	316	41	47	1938	0	0	0	1	
15283	17441598	0	0	0	0	1	128	0	1	500	318	41	47	1944	0	0	0	1	
15284	17441631	0	0	0	0	1	128	0	1	500	318	42	48	1980	0	0	0	1	
15285	17441665	0	0	0	0	1	128	0	1	498	320	42	47	1973	0	0	0	1	
15286	17441698	0	0	0	0	1	128	0	1	498	322	42	47	1994	0	0	0	1	
15287	17441731	0	0	0	0	1	128	0	1	496	322	42	47	2000	0	0	0	1	
15288	17441765	0	0	0	0	1	128	0	1	496	324	42	47	1996	0	0	0	1	
15289	17441798	0	0	0	0	1	128	0	1	494	326	42	47	1984	0	0	0	1	
15290	17441832	0	0	0	0	1	128	0	1	492	328	43	46	1984	0	0	0	1	
15291	17441865	0	0	0	0	1	128	0	1	490	330	43	46	1990	0	0	0	1	
15292	17441898	0	0	0	0	1	128	0	1	490	332	43	47	1983	0	0	0	1	
15293	17441932	0	0	0	0	1	128	0	1	488	334	43	47	1982	0	0	0	1	
15294	17441965	0	0	0	0	1	128	0	1	488	334	43	46	1977	0	0	0	1	
15295	17441998	0	0	0	0	1	128	0	1	486	336	43	46	1970	0	0	0	1	
15296	17442032	0	0	0	0	1	128	0	1	486	338	43	46	1948	0	0	0	1	
15297	17442065	0	0	0	0	1	128	0	1	484	338	43	45	1939	0	0	0	1	
15298	17442098	0	0	0	0	1	128	0	1	484	340	43	45	1923	0	0	0	1	
15299	17442132	0	0	0	0	1	128	0	1	484	340	42	45	1900	0	0	0	1	
15300	17442165	0	0	0	0	1	128	0	1	486	338	42	45	1875	0	0	0	1	
15301	17442199	0	0	0	0	1	128	0	1	486	334	41	47	1936	0	0	0	1	
15302	17442232	0	0	0	0	1	128	0	1	488	336	41	45	1821	0	0	0	1	
15303	17442265	0	0	0	0	1	128	0	1	488	336	41	44	1812	0	0	0	1	
15304	17442299	0	0	0	0	1	128	0	1	488	336	41	44	1800	0	0	0	1	
15305	17442332	0	0	0	0	1	128	0	1	488	336	40	44	1783	0	0	0	1	
15306	17442365	0	0	0	0	1	128	0	1	488	336	41	44	1793	0	0	0	1	
15307	17442399	0	0	0	0	1	128	0	1	488	336	41	44	1799	0	0	0	1	
15308	17442432	0	0	0	0	1	128	0	1	488	336	41	44	1801	0	0	0	1	
15309	17442466	0	0	0	0	1	128	0	1	488	336	41	44	1811	0	0	0	1	
15310	17442499	0	0	0	0	1	128	0	1	488	336	41	44	1817	0	0	0	1	
15311	17442532	0	0	0	0	1	128	0	1	488	336	41	45	1828	0	0	0	1	
15312	17442566	0	0	0	0	1	128	0	1	488	336	42	45	1865	0	0	0	1	
15313	17442599	0	0	0	0	1	128	0	1	488	336	42	45	1876	0	0	0	1	
15314	17442632	0	0	0	0	1	128	0	1	488	336	42	45	1886	0	0	0	1	
15315	17442666	0	0	0	0	1	128	0	1	488	336	42	45	1917	0	0	0	1	
15316	17442699	0	0	0	0	1	128	0	1	488	336	42	46	1935	0	0	0	1	
15317	17442732	0	0	0	0	1	128	0	1	488	336	43	46	1964	0	0	0	1	
15318	17442766	0	0	0	0	1	128	0	1	488	336	43	46	1977	0	0	0	1	
15319	17442799	0	0	0	0	1	128	0	1	488	336	43	46	1979	0	0	0	1	
15320	17442833	0	0	0	0	1	128	0	1	488	336	43	46	2005	0	0	0	1	
15321	17442866	0	0	0	0	1	128	0	1	474	330	45	48	2132	0	0	0	1	
15322	17442899	0	0	0	0	1	128	0	1	470	326	45	47	2120	0	0	0	1	
15323	17442933	0	0	0	0	1	128	0	1	470	326	45	47	2133	0	0	0	1	
15324	17442966	0	0	0	0	1	128	0	1	470	328	46	47	2153	0	0	0	1	
15325	17442999	0	0	0	0	1	128	0	1	470	328	46	48	2179	0	0	0	1	
15326	17443033	0	0	0	0	1	128	0	1	470	328	46	48	2184	0	0	0	1	
15327	17443066	0	0	0	0	1	128	0	1	470	328	46	48	2192	0	0	0	1	
15328	17443099	0	0	0	0	1	128	0	1	470	328	46	48	2216	0	0	0	1	
15329	17443133	0	0	0	0	1	128	0	1	470	328	46	48	2217	0	0	0	1	
15330	17443166	0	0	0	0	1	128	0	1	472	328	46	48	2235	0	0	0	1	
15331	17443200	0	0	0	0	1	128	0	1	480	332	46	48	2210	0	0	0	1	
15332	17443233	0	0	0	0	1	128	0	1	480	332	46	48	2226	0	0	0	1	
15333	17443266	0	0	0	0	1	128	0	1	480	332	46	48	2235	0	0	0	1	
15334	17443300	0	0	0	0	1	128	0	1	480	332	46	48	2247	0	0	0	1	
15335	17443333	0	0	0	0	1	128	0	1	482	332	46	48	2250	0	0	0	1	
15336	17443366	0	0	0	0	1	128	0	1	482	332	46	48	2244	0	0	0	1	
15337	17443400	0	0	0	0	1	128	0	1	482	332	46	48	2218	0	0	0	1	
15338	17443433	0	0	0	0	1	128	0	1	482	332	46	48	2199	0	0	0	1	
15339	17443467	0	0	0	0	1	128	0	1	482	332	46	48	2186	0	0	0	1	
15340	17443500	0	0	0	0	1	128	0	1	482	334	46	47	2160	0	0	0	1	
15341	17443533	0	0	0	0	1	128	0	1	482	332	45	47	2146	0	0	0	1	
15342	17443567	0	0	0	0	1	128	0	1	482	334	45	47	2129	0	0	0	1	
15343	17443600	0	0	0	0	1	128	0	1	500	348	42	47	1991	0	0	0	1	
15344	17443633	0	0	0	0	1	128	0	1	500	348	43	47	2009	0	0	0	1	
15345	17443667	0	0	0	0	1	128	0	1	500	348	43	47	2021	0	0	0	1	
15346	17443700	0	0	0	0	1	128	0	1	500	348	43	47	2016	0	0	0	1	
15347	17443733	0	0	0	0	1	128	0	1	500	348	43	47	2037	0	0	0	1	
15348	17443767	0	0	0	0	1	128	0	1	500	348	43	48	2053	0	0	0	1	
15349	17443800	0	0	0	0	1	128	0	1	500	348	43	48	2060	0	0	0	1	
15350	17443834	0	0	0	0	1	128	0	1	498	348	44	48	2091	0	0	0	1	
15351	17443867	0	0	0	0	1	128	0	1	498	346	44	48	2105	0	0	0	1	
15352	17443900	0	0	0	0	1	128	0	1	498	348	44	48	2114	0	0	0	1	
15353	17443934	0	0	0	0	1	128	0	1	498	348	44	48	2094	0	0	0	1	
15354	17443967	0	0	0	0	1	128	0	1	498	348	44	48	2088	0	0	0	1	
15355	17444000	0	0	0	0	1	128	0	1	498	348	44	48	2099	0	0	0	1	
15356	17444034	0	0	0	0	1	128	0	1	498	348	44	48	2099	0	0	0	1	
15357	17444067	0	0	0	0	1	128	0	1	498	348	44	48	2098	0	0	0	1	
15358	17444101	0	0	0	0	1	128	0	1	498	348	44	48	2120	0	0	0	1	
15359	17444134	0	0	0	0	1	128	0	1	498	348	44	48	2123	0	0	0	1	
15360	17444167	0	0	0	0	1	128	0	1	498	348	44	48	2144	0	0	0	1	
15361	17444201	0	0	0	0	1	128	0	1	496	348	44	49	2156	0	0	0	1	
15362	17444234	0	0	0	0	1	128	0	1	496	348	45	49	2169	0	0	0	1	
15363	17444267	0	0	0	0	1	128	0	1	496	348	45	49	2191	0	0	0	1	
15364	17444301	0	0	0	0	1	128	0	1	496	348	45	49	2205	0	0	0	1	
15365	17444334	0	0	0	0	1	128	0	1	496	348	45	49	2243	0	0	0	1	
15366	17444367	0	0	0	0	1	128	0	1	492	310	42	51	2184	0	0	0	1	
15367	17444401	0	0	0	0	1	128	0	1	486	308	46	50	2297	0	0	0	1	
15368	17444434	0	0	0	0	1	128	0	1	486	308	46	50	2290	0	0	0	1	
15369	17444468	0	0	0	0	1	128	0	1	486	308	46	50	2314	0	0	0	1	
15370	17444501	0	0	0	0	1	128	0	1	486	308	46	51	2316	0	0	0	1	
15371	17444534	0	0	0	0	1	128	0	1	486	308	46	51	2338	0	0	0	1	
15372	17444568	0	0	0	0	1	128	0	1	486	308	46	51	2338	0	0	0	1	
15373	17444601	0	0	0	0	1	128	0	1	486	306	46	51	2338	0	0	0	1	
15374	17444634	0	0	0	0	1	128	0	1	486	306	46	51	2356	0	0	0	1	
15375	17444668	0	0	0	0	1	128	0	1	486	306	46	51	2361	0	0	0	1	
15376	17444701	0	0	0	0	1	128	0	1	486	306	46	51	2360	0	0	0	1	
15377	17444735	0	0	0	0	1	128	0	1	486	308	46	51	2361	0	0	0	1	
15378	17444768	0	0	0	0	1	128	0	1	484	310	46	51	2363	0	0	0	1	
15379	17444801	0	0	0	0	1	128	0	1	482	310	47	51	2369	0	0	0	1	
15380	17444835	0	0	0	0	1	128	0	1	482	310	46	51	2341	0	0	0	1	
15381	17444868	0	0	0	0	1	128	0	1	482	310	46	50	2310	0	0	0	1	
15382	17444901	0	0	0	0	1	128	0	1	482	310	46	50	2285	0	0	0	1	
15383	17444935	0	0	0	0	1	128	0	1	484	310	46	50	2268	0	0	0	1	
15384	17444968	0	0	0	0	1	128	0	1	484	310	45	50	2245	0	0	0	1	
15385	17445001	0	0	0	0	1	128	0	1	484	310	45	49	2206	0	0	0	1	
15386	17445035	0	0	0	0	1	128	0	1	484	310	45	49	2185	0	0	0	1	
15387	17445068	0	0	0	0	1	128	0	1	484	312	45	49	2174	0	0	0	1	
15388	17445102	0	0	0	0	1	128	0	1	482	312	44	49	2147	0	0	0	1	
15389	17445135	0	0	0	0	1	128	0	1	476	298	46	55	2537	0	0	0	1	
15390	17445168	0	0	0	0	1	128	0	1	480	290	42	49	2057	0	0	0	1	
15391	17445202	0	0	0	0	1	128	0	1	480	290	42	49	2056	0	0	0	1	
15392	17445235	0	0	0	0	1	128	0	1	480	290	42	49	2071	0	0	0	1	
15393	17445268	0	0	0	0	1	128	0	1	480	290	42	49	2059	0	0	0	1	
15394	17445302	0	0	0	0	1	128	0	1	480	290	42	49	2072	0	0	0	1	
15395	17445335	0	0	0	0	1	128	0	1	480	290	42	49	2091	0	0	0	1	
15396	17445369	0	0	0	0	1	128	0	1	478	290	43	49	2110	0	0	0	1	
15397	17445402	0	0	0	0	1	128	0	1	478	290	43	50	2128	0	0	0	1	
15398	17445435	0	0	0	0	1	128	0	1	478	290	43	50	2144	0	0	0	1	
15399	17445469	0	0	0	0	1	128	0	1	478	290	43	50	2151	0	0	0	1	
15400	17445502	0	0	0	0	1	128	0	1	478	290	44	50	2174	0	0	0	1	
15401	17445535	0	0	0	0	1	128	0	1	478	290	44	50	2186	0	0	0	1	
15402	17445569	0	0	0	0	1	128	0	1	478	290	44	50	2199	0	0	0	1	
15403	17445602	0	0	0	0	1	128	0	1	478	290	44	50	2199	0	0	0	1	
15404	17445635	0	0	0	0	1	128	0	1	478	290	44	50	2208	0	0	0	1	
15405	17445669	0	0	0	0	1	128	0	1	478	290	44	50	2204	0	0	0	1	
15406	17445702	0	0	0	0	1	128	0	1	478	290	44	50	2192	0	0	0	1	
15407	17445736	0	0	0	0	1	128	0	1	478	290	44	50	2187	0	0	0	1	
15408	17445769	0	0	0	0	1	128	0	1	476	290	44	50	2170	0	0	0	1	
15409	17445802	0	0	0	0	1	128	0	1	476	290	43	50	2157	0	0	0	1	
15410	17445836	0	0	0	0	1	128	0	1	468	294	44	50	2179	0	0	0	1	
15411	17445869	0	0	0	0	1	128	0	1	462	298	45	50	2274	0	0	0	1	
15412	17445902	0	0	0	0	1	128	0	1	462	298	45	51	2312	0	0	0	1	
15413	17445936	0	0	0	0	1	128	0	1	462	298	45	50	2261	0	0	0	1	
15414	17445969	0	0	0	0	1	128	0	1	462	298	45	50	2262	0	0	0	1	
15415	17446003	0	0	0	0	1	128	0	1	462	298	45	50	2260	0	0	0	1	
15416	17446036	0	0	0	0	1	128	0	1	462	298	45	50	2263	0	0	0	1	
15417	17446069	0	0	0	0	1	128	0	1	462	298	45	50	2267	0	0	0	1	
15418	17446103	0	0	0	0	1	128	0	1	462	298	45	50	2274	0	0	0	1	
15419	17446136	0	0	0	0	1	128	0	1	462	298	45	50	2270	0	0	0	1	
15420	17446169	0	0	0	0	1	128	0	1	462	298	45	50	2282	0	0	0	1	
15421	17446203	0	0	0	0	1	128	0	1	462	298	45	50	2281	0	0	0	1	
15422	17446236	0	0	0	0	1	128	0	1	462	298	46	50	2294	0	0	0	1	
15423	17446269	0	0	0	0	1	128	0	1	460	296	46	53	2461	0	0	0	1	
15424	17446303	0	0	0	0	1	128	0	1	460	302	45	50	2277	0	0	0	1	
15425	17446336	0	0	0	0	1	128	0	1	458	304	46	50	2312	0	0	0	1	
15426	17446370	0	0	0	0	1	128	0	1	458	304	46	50	2294	0	0	0	1	
15427	17446403	0	0	0	0	1	128	0	1	458	304	46	50	2292	0	0	0	1	
15428	17446436	0	0	0	0	1	128	0	1	458	306	45	50	2264	0	0	0	1	
15429	17446470	0	0	0	0	1	128	0	1	458	304	45	50	2255	0	0	0	1	
15430	17446503	0	0	0	0	1	128	0	1	458	306	46	49	2254	0	0	0	1	
15431	17446536	0	0	0	0	1	128	0	1	458	304	45	49	2230	0	0	0	1	
15432	17446570	0	0	0	0	1	128	0	1	458	306	45	49	2233	0	0	0	1	
15433	17446603	0	0	0	0	1	128	0	1	458	304	45	51	2284	0	0	0	1	
15434	17446637	0	0	0	0	1	128	0	1	458	306	45	49	2239	0	0	0	1	
15435	17446670	0	0	0	0	1	128	0	1	460	306	45	49	2246	0	0	0	1	
15436	17446703	0	0	0	0	1	128	0	1	472	308	45	49	2205	0	0	0	1	
15437	17446737	0	0	0	0	1	128	0	1	472	308	45	49	2228	0	0	0	1	
15438	17446770	0	0	0	0	1	128	0	1	474	310	46	49	2227	0	0	0	1	
15439	17446803	0	0	0	0	1	128	0	1	474	312	46	49	2245	0	0	0	1	
15440	17446837	0	0	0	0	1	128	0	1	476	314	46	49	2231	0	0	0	1	
15441	17446870	0	0	0	0	1	128	0	1	478	316	46	49	2242	0	0	0	1	
15442	17446903	0	0	0	0	1	128	0	1	478	318	46	49	2242	0	0	0	1	
15443	17446937	0	0	0	0	1	128	0	1	478	320	46	49	2248	0	0	0	1	
15444	17446970	0	0	0	0	1	128	0	1	480	320	46	49	2247	0	0	0	1	
15445	17447004	0	0	0	0	1	128	0	1	480	322	46	49	2225	0	0	0	1	
15446	17447037	0	0	0	0	1	128	0	1	480	324	46	48	2197	0	0	0	1	
15447	17447070	0	0	0	0	1	128	0	1	482	326	45	48	2167	0	0	0	1	
15448	17447104	0	0	0	0	1	128	0	1	484	326	45	47	2131	0	0	0	1	
15449	17447137	0	0	0	0	1	128	0	1	486	330	45	47	2091	0	0	0	1	
15450	17447170	0	0	0	0	1	128	0	1	488	332	44	47	2069	0	0	0	1	
15451	17447204	0	0	0	0	1	128	0	1	488	332	44	47	2057	0	0	0	1	
15452	17447237	0	0	0	0	1	128	0	1	490	334	43	47	2031	0	0	0	1	
15453	17447271	0	0	0	0	1	128	0	1	490	336	43	47	2031	0	0	0	1	
15454	17447304	0	0	0	0	1	128	0	1	490	338	43	47	2023	0	0	0	1	
15455	17447337	0	0	0	0	1	128	0	1	492	338	43	46	1997	0	0	0	1	
15456	17447371	0	0	0	0	1	128	0	1	492	340	43	46	2010	0	0	0	1	
15457	17447404	0	0	0	0	1	128	0	1	492	340	43	46	2005	0	0	0	1	
15458	17447437	0	0	0	0	1	128	0	1	492	340	43	47	2012	0	0	0	1	
15459	17447471	0	0	0	0	1	128	0	1	492	338	43	47	2034	0	0	0	1	
15460	17447504	0	0	0	0	1	128	0	1	490	336	43	47	2047	0	0	0	1	
15461	17447537	0	0	0	0	1	128	0	1	490	336	44	47	2051	0	0	0	1	
15462	17447571	0	0	0	0	1	128	0	1	490	336	44	47	2065	0	0	0	1	
15463	17447604	0	0	0	0	1	128	0	1	490	336	44	47	2077	0	0	0	1	
15464	17447638	0	0	0	0	1	128	0	1	490	336	44	48	2084	0	0	0	1	
15465	17447671	0	0	0	0	1	128	0	1	490	336	44	48	2092	0	0	0	1	
15466	17447704	0	0	0	0	1	128	0	1	490	336	44	48	2108	0	0	0	1	
15467	17447738	0	0	0	0	1	128	0	1	490	336	44	48	2113	0	0	0	1	
15468	17447771	0	0	0	0	1	128	0	1	490	334	45	48	2146	0	0	0	1	
15469	17447804	0	0	0	0	1	128	0	1	488	334	45	48	2176	0	0	0	1	
15470	17447838	0	0	0	0	1	128	0	1	488	334	45	48	2191	0	0	0	1	
15471	17447871	0	0	0	0	1	128	0	1	488	334	45	48	2197	0	0	0	1	
15472	17447905	0	0	0	0	1	128	0	1	488	334	46	49	2212	0	0	0	1	
15473	17447938	0	0	0	0	1	128	0	1	488	334	46	49	2219	0	0	0	1	
15474	17447971	0	0	0	0	1	128	0	1	488	334	46	49	2229	0	0	0	1	
15475	17448005	0	0	0	0	1	128	0	1	488	334	46	49	2238	0	0	0	1	
15476	17448038	0	0	0	0	1	128	0	1	488	334	46	49	2241	0	0	0	1	
15477	17448071	0	0	0	0	1	128	0	1	488	334	46	49	2244	0	0	0	1	
15478	17448105	0	0	0	0	1	128	0	1	488	334	46	49	2256	0	0	0	1	
15479	17448138	0	0	0	0	1	128	0	1	488	334	46	49	2262	0	0	0	1	
15480	17448171	0	0	0	0	1	128	0	1	486	332	46	50	2304	0	0	0	1	
15481	17448205	0	0	0	0	1	128	0	1	478	326	47	50	2334	0	0	0	1	
15482	17448238	0	0	0	0	1	128	0	1	476	326	47	50	2350	0	0	0	1	
15483	17448272	0	0	0	0	1	128	0	1	474	326	47	50	2363	0	0	0	1	
15484	17448305	0	0	0	0	1	128	0	1	474	326	48	50	2386	0	0	0	1	
15485	17448338	0	0	0	0	1	128	0	1	472	326	48	50	2401	0	0	0	1	
15486	17448372	0	0	0	0	1	128	0	1	470	328	48	50	2422	0	0	0	1	
15487	17448405	0	0	0	0	1	128	0	1	464	334	49	50	2437	0	0	0	1	
15488	17448438	0	0	0	0	1	128	0	1	462	336	49	50	2434	0	0	0	1	
15489	17448472	0	0	0	0	1	128	0	1	460	336	49	50	2455	0	0	0	1	
15490	17448505	0	0	0	0	1	128	0	1	460	338	49	50	2440	0	0	0	1	
15491	17448539	0	0	0	0	1	128	0	1	458	340	49	50	2433	0	0	0	1	
15492	17448572	0	0	0	0	1	128	0	1	458	342	49	49	2393	0	0	0	1	
15493	17448605	0	0	0	0	1	128	0	1	458	344	48	49	2386	0	0	0	1	
15494	17448639	0	0	0	0	1	128	0	1	456	346	49	49	2383	0	0	0	1	
15495	17448672	0	0	0	0	1	128	0	1	454	348	48	49	2363	0	0	0	1	
15496	17448705	0	0	0	0	1	128	0	1	454	350	47	49	2292	0	0	0	1	
15497	17448739	0	0	0	0	1	128	0	1	454	352	47	48	2256	0	0	0	1	
15498	17448772	0	0	0	0	1	128	0	1	454	354	47	48	2245	0	0	0	1	
15499	17448806	0	0	0	0	1	128	0	1	454	356	47	48	2239	0	0	0	1	
15500	17448839	0	0	0	0	1	128	0	1	454	358	47	47	2205	0	0	0	1	
15501	17448872	0	0	0	0	1	128	0	1	454	360	46	47	2184	0	0	0	1	
15502	17448906	0	0	0	0	1	128	0	1	454	362	46	47	2167	0	0	0	1	
15503	17448939	0	0	0	0	1	128	0	1	456	364	45	47	2137	0	0	0	1	
15504	17448972	0	0	0	0	1	128	0	1	460	366	45	47	2115	0	0	0	1	
15505	17449006	0	0	0	0	1	128	0	1	462	366	45	47	2115	0	0	0	1	
15506	17449039	0	0	0	0	1	128	0	1	462	368	46	47	2130	0	0	0	1	
15507	17449072	0	0	0	0	1	128	0	1	464	368	45	47	2122	0	0	0	1	
15508	17449106	0	0	0	0	1	128	0	1	466	370	45	47	2114	0	0	0	1	
15509	17449139	0	0	0	0	1	128	0	1	466	370	45	47	2112	0	0	0	1	
15510	17449173	0	0	0	0	1	128	0	1	468	370	45	47	2119	0	0	0	1	
15511	17449206	0	0	0	0	1	128	0	1	470	370	45	47	2121	0	0	0	1	
15512	17449239	0	0	0	0	1	128	0	1	472	370	45	47	2113	0	0	0	1	
15513	17449273	0	0	0	0	1	128	0	1	474	370	45	47	2116	0	0	0	1	
15514	17449306	0	0	0	0	1	128	0	1	476	370	45	47	2119	0	0	0	1	
15515	17449339	0	0	0	0	1	128	0	1	478	370	45	47	2133	0	0	0	1	
15516	17449373	0	0	0	0	1	128	0	1	480	368	45	47	2130	0	0	0	1	
15517	17449406	0	0	0	0	1	128	0	1	482	366	45	47	2138	0	0	0	1	
15518	17449439	0	0	0	0	1	128	0	1	484	366	45	47	2144	0	0	0	1	
15519	17449473	0	0	0	0	1	128	0	1	486	364	45	48	2151	0	0	0	1	
15520	17449506	0	0	0	0	1	128	0	1	488	362	45	48	2153	0	0	0	1	
15521	17449540	0	0	0	0	1	128	0	1	488	362	45	48	2158	0	0	0	1	
15522	17449573	0	0	0	0	1	128	0	1	490	360	45	48	2178	0	0	0	1	
15523	17449606	0	0	0	0	1	128	0	1	492	358	45	48	2186	0	0	0	1	
15524	17449640	0	0	0	0	1	128	0	1	492	356	45	48	2199	0	0	0	1	
15525	17449673	0	0	0	0	1	128	0	1	492	354	45	48	2188	0	0	0	1	
15526	17449706	0	0	0	0	1	128	0	1	492	352	46	48	2209	0	0	0	1	
15527	17449740	0	0	0	0	1	128	0	1	494	350	46	49	2230	0	0	0	1	
15528	17449773	0	0	0	0	1	128	0	1	494	350	46	49	2239	0	0	0	1	
15529	17449807	0	0	0	0	1	128	0	1	494	348	46	49	2253	0	0	0	1	
15530	17449840	0	0	0	0	1	128	0	1	490	336	47	49	2288	0	0	0	1	
15531	17449873	0	0	0	0	1	128	0	1	490	336	47	49	2306	0	0	0	1	
15532	17449907	0	0	0	0	1	128	0	1	488	334	47	49	2306	0	0	0	1	
15533	17449940	0	0	0	0	1	128	0	1	488	334	47	49	2315	0	0	0	1	
15534	17449973	0	0	0	0	1	128	0	1	488	332	47	49	2331	0	0	0	1	
15535	17450007	0	0	0	0	1	128	0	1	488	332	47	50	2337	0	0	0	1	
15536	17450040	0	0	0	0	1	128	0	1	488	332	47	50	2350	0	0	0	1	
15537	17450074	0	0	0	0	1	128	0	1	486	332	47	50	2357	0	0	0	1	
15538	17450107	0	0	0	0	1	128	0	1	486	332	48	50	2376	0	0	0	1	
15539	17450140	0	0	0	0	1	128	0	1	486	332	48	50	2373	0	0	0	1	
15540	17450174	0	0	0	0	1	128	0	1	486	332	48	50	2368	0	0	0	1	
15541	17450207	0	0	0	0	1	128	0	1	486	334	48	50	2381	0	0	0	1	
15542	17450240	0	0	0	0	1	128	0	1	488	334	48	50	2367	0	0	0	1	
15543	17450274	0	0	0	0	1	128	0	1	488	334	48	50	2386	0	0	0	1	
15544	17450307	0	0	0	0	1	128	0	1	488	334	48	50	2382	0	0	0	1	
15545	17450340	0	0	0	0	1	128	0	1	488	334	48	50	2365	0	0	0	1	
15546	17450374	0	0	0	0	1	128	0	1	488	334	47	50	2355	0	0	0	1	
15547	17450407	0	0	0	0	1	128	0	1	488	334	47	49	2340	0	0	0	1	
15548	17450441	0	0	0	0	1	128	0	1	488	334	47	49	2334	0	0	0	1	
15549	17450474	0	0	0	0	1	128	0	1	488	334	47	49	2304	0	0	0	1	
15550	17450507	0	0	0	0	1	128	0	1	488	334	47	49	2290	0	0	0	1	
15551	17450541	0	0	0	0	1	128	0	1	488	334	47	49	2273	0	0	0	1	
15552	17450574	0	0	0	0	1	128	0	1	488	334	46	48	2248	0	0	0	1	
15553	17450607	0	0	0	0	1	128	0	1	488	334	46	49	2239	0	0	0	1	
15554	17450641	0	0	0	0	1	128	0	1	488	334	46	48	2228	0	0	0	1	
15555	17450674	0	0	0	0	1	128	0	1	488	334	46	48	2205	0	0	0	1	
15556	17450707	0	0	0	0	1	128	0	1	488	334	46	48	2201	0	0	0	1	
15557	17450741	0	0	0	0	1	128	0	1	488	332	46	48	2192	0	0	0	1	
15558	17450774	0	0	0	0	1	128	0	1	488	334	46	48	2199	0	0	0	1	
15559	17450808	0	0	0	0	1	128	0	1	488	334	46	48	2187	0	0	0	1	
15560	17450841	0	0	0	0	1	128	0	1	488	334	46	48	2181	0	0	0	1	
15561	17450874	0	0	0	0	1	128	0	1	488	332	46	48	2172	0	0	0	1	
15562	17450908	0	0	0	0	1	128	0	1	488	332	45	48	2170	0	0	0	1	
15563	17450941	0	0	0	0	1	128	0	1	486	334	46	48	2170	0	0	0	1	
15564	17450974	0	0	0	0	1	128	0	1	486	334	46	47	2168	0	0	0	1	
15565	17451008	0	0	0	0	1	128	0	1	486	334	46	48	2178	0	0	0	1	
15566	17451041	0	0	0	0	1	128	0	1	486	332	46	48	2176	0	0	0	1	
15567	17451075	0	0	0	0	1	128	0	1	486	332	46	47	2175	0	0	0	1	
15568	17451108	0	0	0	0	1	128	0	1	486	332	46	47	2180	0	0	0	1	
15569	17451141	0	0	0	0	1	128	0	1	486	332	46	48	2202	0	0	0	1	
15570	17451175	0	0	0	0	1	128	0	1	486	332	46	48	2212	0	0	0	1	
15571	17451208	0	0	0	0	1	128	0	1	486	332	46	48	2231	0	0	0	1	
15572	17451241	0	0	0	0	1	128	0	1	486	332	46	48	2234	0	0	0	1	
15573	17451275	0	0	0	0	1	128	0	1	486	332	46	48	2240	0	0	0	1	
15574	17451308	0	0	0	0	1	128	0	1	486	332	46	48	2245	0	0	0	1	
15575	17451341	0	0	0	0	1	128	0	1	486	332	47	48	2250	0	0	0	1	
15576	17451375	0	0	0	0	1	128	0	1	486	332	47	49	2268	0	0	0	1	
15577	17451408	0	0	0	0	1	128	0	1	486	332	47	49	2314	0	0	0	1	
15578	17451442	0	0	0	0	1	128	0	1	486	332	47	49	2286	0	0	0	1	
15579	17451475	0	0	0	0	1	128	0	1	486	332	47	49	2288	0	0	0	1	
15580	17451508	0	0	0	0	1	128	0	1	486	332	47	49	2285	0	0	0	1	
15581	17451542	0	0	0	0	1	128	0	1	486	332	47	49	2294	0	0	0	1	
15582	17451575	0	0	0	0	1	128	0	1	488	334	45	47	2121	0	0	0	1	
15583	17451608	0	0	0	0	1	128	0	1	486	332	47	49	2293	0	0	0	1	
15584	17451642	0	0	0	0	1	128	0	1	486	332	47	49	2300	0	0	0	1	
15585	17451675	0	0	0	0	1	128	0	1	486	332	47	49	2294	0	0	0	1	
15586	17451709	0	0	0	0	1	128	0	1	486	332	47	49	2295	0	0	0	1	
15587	17451742	0	0	0	0	1	128	0	1	484	332	47	49	2294	0	0	0	1	
15588	17451775	0	0	0	0	1	128	0	1	484	332	47	49	2310	0	0	0	1	
15589	17451809	0	0	0	0	1	128	0	1	484	332	47	49	2312	0	0	0	1	
15590	17451842	0	0	0	0	1	128	0	1	484	332	47	49	2320	0	0	0	1	
15591	17451875	0	0	0	0	1	128	0	1	484	332	47	49	2310	0	0	0	1	
15592	17451909	0	0	0	0	1	128	0	1	484	332	48	49	2328	0	0	0	1	
15593	17451942	0	0	0	0	1	128	0	1	484	332	47	49	2330	0	0	0	1	
15594	17451976	0	0	0	0	1	128	0	1	484	332	47	49	2333	0	0	0	1	
15595	17452009	0	0	0	0	1	128	0	1	484	332	48	49	2334	0	0	0	1	
15596	17452042	0	0	0	0	1	128	0	1	484	332	48	49	2344	0	0	0	1	
15597	17452076	0	0	0	0	1	128	0	1	484	332	48	49	2345	0	0	0	1	
15598	17452109	0	0	0	0	1	128	0	1	486	332	48	49	2352	0	0	0	1	
15599	17452142	0	0	0	0	1	128	0	1	486	332	47	49	2345	0	0	0	1	
15600	17452176	0	0	0	0	1	128	0	1	486	332	48	49	2344	0	0	0	1	
15601	17452209	0	0	0	0	1	128	0	1	484	334	48	49	2324	0	0	0	1	
15602	17452242	0	0	0	0	1	128	0	1	480	340	48	50	2389	0	0	0	1	
15603	17452276	0	0	0	0	1	128	0	1	480	340	48	50	2386	0	0	0	1	
15604	17452309	0	0	0	0	1	128	0	1	480	340	48	49	2386	0	0	0	1	
15605	17452343	0	0	0	0	1	128	0	1	480	340	48	49	2384	0	0	0	1	
15606	17452376	0	0	0	0	1	128	0	1	482	340	48	49	2382	0	0	0	1	
15607	17452409	0	0	0	0	1	128	0	1	482	340	48	49	2383	0	0	0	1	
15608	17452443	0	0	0	0	1	128	0	1	482	340	48	49	2390	0	0	0	1	
15609	17452476	0	0	0	0	1	128	0	1	482	340	48	50	2398	0	0	0	1	
15610	17452509	0	0	0	0	1	128	0	1	482	340	49	49	2400	0	0	0	1	
15611	17452543	0	0	0	0	1	128	0	1	482	340	49	49	2405	0	0	0	1	
15612	17452576	0	0	0	0	1	128	0	1	482	340	49	49	2409	0	0	0	1	
15613	17452610	0	0	0	0	1	128	0	1	482	340	49	49	2412	0	0	0	1	
15614	17452643	0	0	0	0	1	128	0	1	482	340	49	50	2420	0	0	0	1	
15615	17452676	0	0	0	0	1	128	0	1	482	340	49	50	2410	0	0	0	1	
15616	17452710	0	0	0	0	1	128	0	1	482	340	49	50	2410	0	0	0	1	
15617	17452743	0	0	0	0	1	128	0	1	482	340	49	50	2412	0	0	0	1	
15618	17452776	0	0	0	0	1	128	0	1	482	340	49	50	2417	0	0	0	1	
15619	17452810	0	0	0	0	1	128	0	1	482	340	49	50	2408	0	0	0	1	
15620	17452843	0	0	0	0	1	128	0	1	482	340	49	50	2421	0	0	0	1	
15621	17452876	0	0	0	0	1	128	0	1	482	340	49	50	2424	0	0	0	1	
15622	17452910	0	0	0	0	1	128	0	1	486	336	48	50	2387	0	0	0	1	
15623	17452943	0	0	0	0	1	128	0	1	486	336	48	50	2384	0	0	0	1	
15624	17452977	0	0	0	0	1	128	0	1	486	336	48	50	2396	0	0	0	1	
15625	17453010	0	0	0	0	1	128	0	1	486	336	48	50	2391	0	0	0	1	
15626	17453043	0	0	0	0	1	128	0	1	486	336	48	50	2396	0	0	0	1	
15627	17453077	0	0	0	0	1	128	0	1	486	336	48	50	2402	0	0	0	1	
15628	17453110	0	0	0	0	1	128	0	1	486	336	48	50	2406	0	0	0	1	
15629	17453143	0	0	0	0	1	128	0	1	490	326	31	46	1426	0	0	0	1	
15630	17453177	0	0	0	0	1	128	0	0	0	0	0	0	0	0	0	0	1	
15631	17453210	0	0	0	0	1	128	0	0	0	0	0	0	0	0	0	0	1	
15632	17453243	0	0	0	0	1	128	0	0	0	0	0	0	0	0	0	0	1	
15633	17453277	0	0	0	0	1	128	0	0	0	0	0	0	0	0	0	0	1	
15634	17453310	0	0	0	0	1	128	0	1	486	356	53	65	3461	0	0	0	1	
15635	17453344	0	0	0	0	1	128	0	1	482	340	49	50	2457	0	0	0	1	
15636	17453377	0	0	0	0	1	128	0	1	482	340	49	50	2434	0	0	0	1	
15637	17453410	0	0	0	0	1	128	0	1	482	338	49	50	2421	0	0	0	1	
