Version	1.08	gmtime	1440677356
index	timestamp	eyeroihoriz	eyeroivert	eyeroizoomx	eyeroizoomy	blendmode	blendfactor	onlinecalib	eye_valid	eye_x	eye_y	eye_w	eye_h	eye_a	field_x	field_y	displaymode	displayeyedetection	event
5324	12808359	0	0	0	0	1	128	0	0	0	0	0	0	0	0	0	0	1	
5325	12808392	0	0	0	0	1	128	0	0	0	0	0	0	0	0	0	0	1	
5326	12808425	0	0	0	0	1	128	0	1	386	384	39	50	1959	0	0	0	1	
5327	12808459	0	0	0	0	1	128	0	1	384	390	46	49	2248	0	0	0	1	
5328	12808492	0	0	0	0	1	128	0	1	382	388	45	48	2137	0	0	0	1	
5329	12808526	0	0	0	0	1	128	0	1	382	388	45	48	2131	0	0	0	1	
5330	12808559	0	0	0	0	1	128	0	1	382	386	45	48	2140	0	0	0	1	
5331	12808592	0	0	0	0	1	128	0	1	382	386	45	48	2158	0	0	0	1	
5332	12808626	0	0	0	0	1	128	0	1	382	386	45	48	2167	0	0	0	1	
5333	12808659	0	0	0	0	1	128	0	1	382	388	43	47	1985	0	0	0	1	
5334	12808692	0	0	0	0	1	128	0	1	378	384	45	49	2171	0	0	0	1	
5335	12808726	0	0	0	0	1	128	0	0	0	0	0	0	0	0	0	0	1	
5336	12808759	0	0	0	0	1	128	0	0	0	0	0	0	0	0	0	0	1	
5337	12808792	0	0	0	0	1	128	0	0	0	0	0	0	0	0	0	0	1	
5338	12808826	0	0	0	0	1	128	0	1	374	366	23	39	906	0	0	0	1	
5339	12808859	0	0	0	0	1	128	0	1	378	384	45	48	2125	0	0	0	1	
5340	12808893	0	0	0	0	1	128	0	1	378	384	45	49	2176	0	0	0	1	
5341	12808926	0	0	0	0	1	128	0	1	378	384	45	49	2186	0	0	0	1	
5342	12808959	0	0	0	0	1	128	0	1	378	384	45	49	2177	0	0	0	1	
5343	12808993	0	0	0	0	1	128	0	1	378	382	45	49	2178	0	0	0	1	
5344	12809026	0	0	0	0	1	128	0	1	376	382	44	49	2170	0	0	0	1	
5345	12809060	0	0	0	0	1	128	0	1	374	380	44	49	2161	0	0	0	1	
5346	12809093	0	0	0	0	1	128	0	1	374	380	44	49	2173	0	0	0	1	
5347	12809126	0	0	0	0	1	128	0	1	374	380	44	49	2193	0	0	0	1	
5348	12809160	0	0	0	0	1	128	0	1	374	380	45	49	2202	0	0	0	1	
5349	12809193	0	0	0	0	1	128	0	1	374	380	45	49	2205	0	0	0	1	
5350	12809226	0	0	0	0	1	128	0	1	378	388	40	40	1627	0	0	0	1	
5351	12809260	0	0	0	0	1	128	0	1	376	380	45	49	2213	0	0	0	1	
5352	12809293	0	0	0	0	1	128	0	1	376	380	45	49	2193	0	0	0	1	
5353	12809326	0	0	0	0	1	128	0	1	382	382	46	49	2210	0	0	0	1	
5354	12809360	0	0	0	0	1	128	0	1	388	384	46	49	2238	0	0	0	1	
5355	12809393	0	0	0	0	1	128	0	1	388	384	46	49	2232	0	0	0	1	
5356	12809426	0	0	0	0	1	128	0	1	386	384	46	49	2228	0	0	0	1	
5357	12809460	0	0	0	0	1	128	0	1	386	384	45	49	2226	0	0	0	1	
5358	12809493	0	0	0	0	1	128	0	1	388	384	45	49	2223	0	0	0	1	
5359	12809527	0	0	0	0	1	128	0	1	388	384	45	49	2223	0	0	0	1	
5360	12809560	0	0	0	0	1	128	0	1	388	384	46	49	2219	0	0	0	1	
5361	12809593	0	0	0	0	1	128	0	1	388	384	45	49	2218	0	0	0	1	
5362	12809627	0	0	0	0	1	128	0	1	388	386	46	49	2220	0	0	0	1	
5363	12809660	0	0	0	0	1	128	0	1	390	386	45	49	2222	0	0	0	1	
5364	12809693	0	0	0	0	1	128	0	1	390	386	45	49	2222	0	0	0	1	
5365	12809727	0	0	0	0	1	128	0	1	390	386	45	49	2209	0	0	0	1	
5366	12809760	0	0	0	0	1	128	0	1	390	386	45	49	2218	0	0	0	1	
5367	12809794	0	0	0	0	1	128	0	1	390	386	45	49	2212	0	0	0	1	
5368	12809827	0	0	0	0	1	128	0	1	388	390	45	48	2184	0	0	0	1	
5369	12809860	0	0	0	0	1	128	0	1	386	398	44	48	2142	0	0	0	1	
5370	12809894	0	0	0	0	1	128	0	1	386	400	44	48	2134	0	0	0	1	
5371	12809927	0	0	0	0	1	128	0	1	386	400	44	48	2136	0	0	0	1	
5372	12809960	0	0	0	0	1	128	0	1	386	400	44	48	2136	0	0	0	1	
5373	12809994	0	0	0	0	1	128	0	1	384	398	42	49	2063	0	0	0	1	
5374	12810027	0	0	0	0	1	128	0	1	374	376	44	48	2087	0	0	0	1	
5375	12810061	0	0	0	0	1	128	0	1	374	376	44	47	2075	0	0	0	1	
5376	12810094	0	0	0	0	1	128	0	1	374	378	44	47	2072	0	0	0	1	
5377	12810127	0	0	0	0	1	128	0	1	376	378	44	47	2076	0	0	0	1	
5378	12810161	0	0	0	0	1	128	0	1	376	378	44	47	2067	0	0	0	1	
5379	12810194	0	0	0	0	1	128	0	1	376	378	44	47	2063	0	0	0	1	
5380	12810227	0	0	0	0	1	128	0	1	376	378	44	47	2051	0	0	0	1	
5381	12810261	0	0	0	0	1	128	0	1	376	378	44	47	2064	0	0	0	1	
5382	12810294	0	0	0	0	1	128	0	1	376	378	44	47	2079	0	0	0	1	
5383	12810327	0	0	0	0	1	128	0	1	376	380	44	48	2092	0	0	0	1	
5384	12810361	0	0	0	0	1	128	0	1	374	376	43	45	1926	0	0	0	1	
5385	12810394	0	0	0	0	1	128	0	1	376	380	44	47	2076	0	0	0	1	
5386	12810428	0	0	0	0	1	128	0	1	376	380	44	47	2053	0	0	0	1	
5387	12810461	0	0	0	0	1	128	0	1	376	380	43	47	2033	0	0	0	1	
5388	12810494	0	0	0	0	1	128	0	1	378	380	43	47	2014	0	0	0	1	
5389	12810528	0	0	0	0	1	128	0	0	0	0	0	0	0	0	0	0	1	
5390	12810561	0	0	0	0	1	128	0	0	0	0	0	0	0	0	0	0	1	
5391	12810594	0	0	0	0	1	128	0	0	0	0	0	0	0	0	0	0	1	
5392	12810628	0	0	0	0	1	128	0	1	342	394	36	44	1587	0	0	0	1	
5393	12810661	0	0	0	0	1	128	0	1	340	392	37	45	1652	0	0	0	1	
5394	12810695	0	0	0	0	1	128	0	1	338	392	36	45	1626	0	0	0	1	
5395	12810728	0	0	0	0	1	128	0	1	334	390	36	44	1583	0	0	0	1	
5396	12810761	0	0	0	0	1	128	0	1	330	390	34	44	1518	0	0	0	1	
5397	12810795	0	0	0	0	1	128	0	1	330	388	34	44	1512	0	0	0	1	
5398	12810828	0	0	0	0	1	128	0	1	330	388	34	44	1485	0	0	0	1	
5399	12810861	0	0	0	0	1	128	0	1	330	388	34	44	1499	0	0	0	1	
5400	12810895	0	0	0	0	1	128	0	1	330	388	34	44	1502	0	0	0	1	
5401	12810928	0	0	0	0	1	128	0	1	328	390	34	44	1478	0	0	0	1	
5402	12810962	0	0	0	0	1	128	0	1	328	390	34	44	1472	0	0	0	1	
5403	12810995	0	0	0	0	1	128	0	1	328	390	34	43	1456	0	0	0	1	
5404	12811028	0	0	0	0	1	128	0	1	328	390	33	43	1446	0	0	0	1	
5405	12811062	0	0	0	0	1	128	0	1	328	390	33	43	1434	0	0	0	1	
5406	12811095	0	0	0	0	1	128	0	1	328	390	33	43	1425	0	0	0	1	
5407	12811128	0	0	0	0	1	128	0	1	328	390	33	43	1418	0	0	0	1	
5408	12811162	0	0	0	0	1	128	0	1	328	390	33	43	1410	0	0	0	1	
5409	12811195	0	0	0	0	1	128	0	1	328	390	33	43	1404	0	0	0	1	
5410	12811228	0	0	0	0	1	128	0	1	328	390	33	43	1400	0	0	0	1	
5411	12811262	0	0	0	0	1	128	0	1	328	390	33	43	1396	0	0	0	1	
5412	12811295	0	0	0	0	1	128	0	1	328	390	33	43	1398	0	0	0	1	
5413	12811329	0	0	0	0	1	128	0	1	328	390	33	43	1394	0	0	0	1	
5414	12811362	0	0	0	0	1	128	0	1	328	390	33	43	1396	0	0	0	1	
5415	12811395	0	0	0	0	1	128	0	1	328	390	33	43	1398	0	0	0	1	
5416	12811429	0	0	0	0	1	128	0	1	328	390	33	43	1397	0	0	0	1	
5417	12811462	0	0	0	0	1	128	0	1	328	390	33	43	1399	0	0	0	1	
5418	12811495	0	0	0	0	1	128	0	1	328	390	33	43	1401	0	0	0	1	
5419	12811529	0	0	0	0	1	128	0	1	330	392	33	42	1378	0	0	0	1	
5420	12811562	0	0	0	0	1	128	0	1	372	418	35	43	1508	0	0	0	1	
5421	12811596	0	0	0	0	1	128	0	1	398	428	39	43	1651	0	0	0	1	
5422	12811629	0	0	0	0	1	128	0	1	398	428	38	43	1639	0	0	0	1	
5423	12811662	0	0	0	0	1	128	0	1	398	428	38	43	1650	0	0	0	1	
5424	12811696	0	0	0	0	1	128	0	1	398	430	39	43	1663	0	0	0	1	
5425	12811729	0	0	0	0	1	128	0	1	406	432	39	44	1710	0	0	0	1	
5426	12811762	0	0	0	0	1	128	0	1	408	432	39	44	1718	0	0	0	1	
5427	12811796	0	0	0	0	1	128	0	1	408	432	39	44	1744	0	0	0	1	
5428	12811829	0	0	0	0	1	128	0	1	408	432	40	44	1759	0	0	0	1	
5429	12811862	0	0	0	0	1	128	0	1	406	432	40	45	1797	0	0	0	1	
5430	12811896	0	0	0	0	1	128	0	1	408	432	40	45	1812	0	0	0	1	
5431	12811929	0	0	0	0	1	128	0	1	408	432	40	45	1833	0	0	0	1	
5432	12811963	0	0	0	0	1	128	0	1	408	432	40	46	1851	0	0	0	1	
5433	12811996	0	0	0	0	1	128	0	1	408	432	41	46	1864	0	0	0	1	
5434	12812029	0	0	0	0	1	128	0	1	408	432	41	46	1870	0	0	0	1	
5435	12812063	0	0	0	0	1	128	0	1	408	432	41	46	1873	0	0	0	1	
5436	12812096	0	0	0	0	1	128	0	1	408	432	41	46	1868	0	0	0	1	
5437	12812129	0	0	0	0	1	128	0	1	408	432	41	46	1870	0	0	0	1	
5438	12812163	0	0	0	0	1	128	0	1	408	432	41	46	1873	0	0	0	1	
5439	12812196	0	0	0	0	1	128	0	1	408	432	41	46	1876	0	0	0	1	
5440	12812230	0	0	0	0	1	128	0	1	408	432	41	46	1878	0	0	0	1	
5441	12812263	0	0	0	0	1	128	0	1	408	432	41	46	1884	0	0	0	1	
5442	12812296	0	0	0	0	1	128	0	1	408	432	41	46	1884	0	0	0	1	
5443	12812330	0	0	0	0	1	128	0	1	408	432	41	46	1886	0	0	0	1	
5444	12812363	0	0	0	0	1	128	0	1	408	432	41	46	1896	0	0	0	1	
5445	12812396	0	0	0	0	1	128	0	1	408	432	41	46	1899	0	0	0	1	
5446	12812430	0	0	0	0	1	128	0	1	408	432	41	47	1926	0	0	0	1	
5447	12812463	0	0	0	0	1	128	0	1	408	432	41	47	1938	0	0	0	1	
5448	12812496	0	0	0	0	1	128	0	1	362	432	60	94	5657	0	0	0	1	
5449	12812530	0	0	0	0	1	128	0	1	356	378	37	44	1621	0	0	0	1	
5450	12812563	0	0	0	0	1	128	0	1	356	340	41	47	1927	0	0	0	1	
5451	12812597	0	0	0	0	1	128	0	1	358	336	41	47	1930	0	0	0	1	
5452	12812630	0	0	0	0	1	128	0	1	358	338	41	47	1913	0	0	0	1	
5453	12812663	0	0	0	0	1	128	0	1	358	338	41	47	1921	0	0	0	1	
5454	12812697	0	0	0	0	1	128	0	1	358	338	41	47	1931	0	0	0	1	
5455	12812730	0	0	0	0	1	128	0	1	358	338	42	47	1952	0	0	0	1	
5456	12812763	0	0	0	0	1	128	0	1	362	332	42	47	1962	0	0	0	1	
5457	12812797	0	0	0	0	1	128	0	1	362	332	42	47	1969	0	0	0	1	
5458	12812830	0	0	0	0	1	128	0	1	362	332	42	47	1967	0	0	0	1	
5459	12812864	0	0	0	0	1	128	0	1	362	332	42	47	1977	0	0	0	1	
5460	12812897	0	0	0	0	1	128	0	1	362	332	42	47	1984	0	0	0	1	
5461	12812930	0	0	0	0	1	128	0	1	362	332	42	48	1991	0	0	0	1	
5462	12812964	0	0	0	0	1	128	0	1	362	332	42	48	1993	0	0	0	1	
5463	12812997	0	0	0	0	1	128	0	1	362	332	42	47	1990	0	0	0	1	
5464	12813030	0	0	0	0	1	128	0	1	362	332	42	48	1982	0	0	0	1	
5465	12813064	0	0	0	0	1	128	0	1	362	332	42	47	1973	0	0	0	1	
5466	12813097	0	0	0	0	1	128	0	1	362	332	41	47	1949	0	0	0	1	
5467	12813130	0	0	0	0	1	128	0	1	362	334	41	47	1929	0	0	0	1	
5468	12813164	0	0	0	0	1	128	0	1	362	334	41	47	1903	0	0	0	1	
5469	12813197	0	0	0	0	1	128	0	1	362	334	41	46	1882	0	0	0	1	
5470	12813231	0	0	0	0	1	128	0	1	362	332	41	46	1863	0	0	0	1	
5471	12813264	0	0	0	0	1	128	0	1	362	334	40	46	1832	0	0	0	1	
5472	12813297	0	0	0	0	1	128	0	1	362	334	40	45	1821	0	0	0	1	
5473	12813331	0	0	0	0	1	128	0	1	362	334	40	45	1808	0	0	0	1	
5474	12813364	0	0	0	0	1	128	0	1	362	334	40	45	1798	0	0	0	1	
5475	12813397	0	0	0	0	1	128	0	1	362	334	40	45	1789	0	0	0	1	
5476	12813431	0	0	0	0	1	128	0	1	362	334	39	45	1760	0	0	0	1	
5477	12813464	0	0	0	0	1	128	0	1	362	334	39	45	1748	0	0	0	1	
5478	12813498	0	0	0	0	1	128	0	1	360	334	39	44	1731	0	0	0	1	
5479	12813531	0	0	0	0	1	128	0	1	360	334	39	44	1712	0	0	0	1	
5480	12813564	0	0	0	0	1	128	0	1	360	334	39	44	1692	0	0	0	1	
5481	12813598	0	0	0	0	1	128	0	1	360	334	38	44	1683	0	0	0	1	
5482	12813631	0	0	0	0	1	128	0	1	392	350	41	44	1802	0	0	0	1	
5483	12813664	0	0	0	0	1	128	0	1	424	362	43	44	1915	0	0	0	1	
5484	12813698	0	0	0	0	1	128	0	1	430	364	44	44	1930	0	0	0	1	
5485	12813731	0	0	0	0	1	128	0	1	428	364	44	44	1936	0	0	0	1	
5486	12813764	0	0	0	0	1	128	0	1	428	366	44	45	1960	0	0	0	1	
5487	12813798	0	0	0	0	1	128	0	1	428	364	44	45	1974	0	0	0	1	
5488	12813831	0	0	0	0	1	128	0	1	428	364	44	45	1994	0	0	0	1	
5489	12813865	0	0	0	0	1	128	0	1	432	366	45	45	2029	0	0	0	1	
5490	12813898	0	0	0	0	1	128	0	1	432	368	45	45	2039	0	0	0	1	
5491	12813931	0	0	0	0	1	128	0	1	432	368	45	46	2049	0	0	0	1	
5492	12813965	0	0	0	0	1	128	0	1	432	368	45	46	2049	0	0	0	1	
5493	12813998	0	0	0	0	1	128	0	1	432	368	45	46	2054	0	0	0	1	
5494	12814031	0	0	0	0	1	128	0	1	432	368	45	46	2049	0	0	0	1	
5495	12814065	0	0	0	0	1	128	0	1	432	368	45	46	2046	0	0	0	1	
5496	12814098	0	0	0	0	1	128	0	1	432	368	45	46	2042	0	0	0	1	
5497	12814132	0	0	0	0	1	128	0	1	430	368	45	46	2041	0	0	0	1	
5498	12814165	0	0	0	0	1	128	0	1	432	368	45	46	2043	0	0	0	1	
5499	12814198	0	0	0	0	1	128	0	1	430	368	45	46	2047	0	0	0	1	
5500	12814232	0	0	0	0	1	128	0	1	430	368	45	46	2070	0	0	0	1	
5501	12814265	0	0	0	0	1	128	0	1	430	368	45	46	2075	0	0	0	1	
5502	12814298	0	0	0	0	1	128	0	1	430	368	45	46	2083	0	0	0	1	
5503	12814332	0	0	0	0	1	128	0	1	430	368	45	46	2095	0	0	0	1	
5504	12814365	0	0	0	0	1	128	0	1	430	368	45	46	2105	0	0	0	1	
5505	12814398	0	0	0	0	1	128	0	1	430	368	46	46	2115	0	0	0	1	
5506	12814432	0	0	0	0	1	128	0	1	430	368	46	46	2115	0	0	0	1	
5507	12814465	0	0	0	0	1	128	0	1	430	368	46	47	2124	0	0	0	1	
5508	12814499	0	0	0	0	1	128	0	1	430	368	46	47	2131	0	0	0	1	
5509	12814532	0	0	0	0	1	128	0	1	430	368	46	47	2143	0	0	0	1	
5510	12814565	0	0	0	0	1	128	0	1	430	368	46	47	2141	0	0	0	1	
5511	12814599	0	0	0	0	1	128	0	1	430	368	46	47	2154	0	0	0	1	
5512	12814632	0	0	0	0	1	128	0	1	430	368	46	47	2153	0	0	0	1	
5513	12814665	0	0	0	0	1	128	0	1	430	368	46	47	2157	0	0	0	1	
5514	12814699	0	0	0	0	1	128	0	1	430	368	46	47	2166	0	0	0	1	
5515	12814732	0	0	0	0	1	128	0	1	430	368	46	47	2161	0	0	0	1	
5516	12814765	0	0	0	0	1	128	0	1	430	368	46	47	2170	0	0	0	1	
5517	12814799	0	0	0	0	1	128	0	1	430	368	46	47	2170	0	0	0	1	
5518	12814832	0	0	0	0	1	128	0	1	430	368	46	47	2175	0	0	0	1	
5519	12814866	0	0	0	0	1	128	0	1	430	368	46	47	2182	0	0	0	1	
5520	12814899	0	0	0	0	1	128	0	1	430	368	46	47	2179	0	0	0	1	
5521	12814932	0	0	0	0	1	128	0	1	430	368	46	47	2176	0	0	0	1	
5522	12814966	0	0	0	0	1	128	0	1	430	368	46	47	2183	0	0	0	1	
5523	12814999	0	0	0	0	1	128	0	1	430	368	46	47	2180	0	0	0	1	
5524	12815032	0	0	0	0	1	128	0	1	430	368	46	47	2188	0	0	0	1	
5525	12815066	0	0	0	0	1	128	0	1	430	368	46	48	2188	0	0	0	1	
5526	12815099	0	0	0	0	1	128	0	1	430	368	46	47	2184	0	0	0	1	
5527	12815133	0	0	0	0	1	128	0	1	430	368	46	48	2189	0	0	0	1	
5528	12815166	0	0	0	0	1	128	0	1	430	368	46	48	2187	0	0	0	1	
5529	12815199	0	0	0	0	1	128	0	1	430	368	46	48	2194	0	0	0	1	
5530	12815233	0	0	0	0	1	128	0	1	430	368	46	48	2195	0	0	0	1	
5531	12815266	0	0	0	0	1	128	0	1	430	368	46	48	2210	0	0	0	1	
5532	12815299	0	0	0	0	1	128	0	1	430	368	46	48	2214	0	0	0	1	
5533	12815333	0	0	0	0	1	128	0	1	430	368	46	48	2237	0	0	0	1	
5534	12815366	0	0	0	0	1	128	0	1	430	368	46	49	2254	0	0	0	1	
5535	12815399	0	0	0	0	1	128	0	1	430	368	46	48	2243	0	0	0	1	
5536	12815433	0	0	0	0	1	128	0	1	430	368	47	48	2258	0	0	0	1	
5537	12815466	0	0	0	0	1	128	0	1	430	368	46	48	2251	0	0	0	1	
5538	12815500	0	0	0	0	1	128	0	1	430	368	46	48	2241	0	0	0	1	
5539	12815533	0	0	0	0	1	128	0	1	430	368	46	48	2240	0	0	0	1	
5540	12815566	0	0	0	0	1	128	0	1	430	368	46	48	2249	0	0	0	1	
5541	12815600	0	0	0	0	1	128	0	1	430	368	46	48	2237	0	0	0	1	
5542	12815633	0	0	0	0	1	128	0	1	424	368	46	49	2233	0	0	0	1	
5543	12815666	0	0	0	0	1	128	0	1	384	376	44	47	2069	0	0	0	1	
5544	12815700	0	0	0	0	1	128	0	1	378	380	44	47	2058	0	0	0	1	
5545	12815733	0	0	0	0	1	128	0	1	380	380	43	47	2043	0	0	0	1	
5546	12815767	0	0	0	0	1	128	0	1	380	380	43	47	2036	0	0	0	1	
5547	12815800	0	0	0	0	1	128	0	1	376	382	42	47	2007	0	0	0	1	
5548	12815833	0	0	0	0	1	128	0	1	376	382	42	47	1995	0	0	0	1	
5549	12815867	0	0	0	0	1	128	0	1	376	382	42	47	2012	0	0	0	1	
5550	12815900	0	0	0	0	1	128	0	1	376	382	42	47	2009	0	0	0	1	
5551	12815933	0	0	0	0	1	128	0	1	378	382	43	47	2006	0	0	0	1	
5552	12815967	0	0	0	0	1	128	0	1	378	382	42	47	1987	0	0	0	1	
5553	12816000	0	0	0	0	1	128	0	1	378	380	42	47	1999	0	0	0	1	
5554	12816033	0	0	0	0	1	128	0	1	378	380	42	47	1990	0	0	0	1	
5555	12816067	0	0	0	0	1	128	0	1	378	380	42	47	1982	0	0	0	1	
5556	12816100	0	0	0	0	1	128	0	1	380	380	43	47	1984	0	0	0	1	
5557	12816134	0	0	0	0	1	128	0	1	378	380	43	47	1985	0	0	0	1	
5558	12816167	0	0	0	0	1	128	0	1	378	382	43	47	1980	0	0	0	1	
5559	12816200	0	0	0	0	1	128	0	1	378	382	42	47	1980	0	0	0	1	
5560	12816234	0	0	0	0	1	128	0	1	378	382	43	47	1988	0	0	0	1	
5561	12816267	0	0	0	0	1	128	0	1	378	382	43	47	1991	0	0	0	1	
5562	12816300	0	0	0	0	1	128	0	1	376	378	42	43	1805	0	0	0	1	
5563	12816334	0	0	0	0	1	128	0	1	378	382	43	47	2014	0	0	0	1	
5564	12816367	0	0	0	0	1	128	0	1	378	382	43	47	2004	0	0	0	1	
5565	12816401	0	0	0	0	1	128	0	1	378	382	43	47	2027	0	0	0	1	
5566	12816434	0	0	0	0	1	128	0	1	378	380	43	47	2027	0	0	0	1	
5567	12816467	0	0	0	0	1	128	0	1	378	380	43	47	2037	0	0	0	1	
5568	12816501	0	0	0	0	1	128	0	1	378	380	43	47	2033	0	0	0	1	
5569	12816534	0	0	0	0	1	128	0	1	378	380	43	47	2028	0	0	0	1	
5570	12816567	0	0	0	0	1	128	0	1	378	382	43	47	2022	0	0	0	1	
5571	12816601	0	0	0	0	1	128	0	1	378	382	43	47	2022	0	0	0	1	
5572	12816634	0	0	0	0	1	128	0	1	378	380	43	47	2023	0	0	0	1	
5573	12816667	0	0	0	0	1	128	0	1	378	382	43	47	2015	0	0	0	1	
5574	12816701	0	0	0	0	1	128	0	1	378	382	43	47	1997	0	0	0	1	
5575	12816734	0	0	0	0	1	128	0	1	378	382	43	47	1990	0	0	0	1	
5576	12816768	0	0	0	0	1	128	0	1	378	380	43	46	1983	0	0	0	1	
5577	12816801	0	0	0	0	1	128	0	1	378	382	42	46	1970	0	0	0	1	
5578	12816834	0	0	0	0	1	128	0	1	378	382	42	46	1960	0	0	0	1	
5579	12816868	0	0	0	0	1	128	0	1	378	382	42	46	1963	0	0	0	1	
5580	12816901	0	0	0	0	1	128	0	1	378	382	42	46	1962	0	0	0	1	
5581	12816934	0	0	0	0	1	128	0	1	378	382	42	46	1962	0	0	0	1	
5582	12816968	0	0	0	0	1	128	0	1	378	382	43	46	1976	0	0	0	1	
5583	12817001	0	0	0	0	1	128	0	1	378	382	43	46	1976	0	0	0	1	
5584	12817035	0	0	0	0	1	128	0	1	378	382	43	47	1989	0	0	0	1	
5585	12817068	0	0	0	0	1	128	0	1	378	382	43	46	1981	0	0	0	1	
5586	12817101	0	0	0	0	1	128	0	1	378	382	43	46	1983	0	0	0	1	
5587	12817135	0	0	0	0	1	128	0	1	378	382	43	46	1977	0	0	0	1	
5588	12817168	0	0	0	0	1	128	0	1	378	382	43	46	1980	0	0	0	1	
5589	12817201	0	0	0	0	1	128	0	1	378	382	43	46	1975	0	0	0	1	
5590	12817235	0	0	0	0	1	128	0	1	378	382	43	46	1969	0	0	0	1	
5591	12817268	0	0	0	0	1	128	0	1	378	382	43	46	1973	0	0	0	1	
5592	12817301	0	0	0	0	1	128	0	1	378	382	43	46	1966	0	0	0	1	
5593	12817335	0	0	0	0	1	128	0	1	378	382	42	46	1957	0	0	0	1	
5594	12817368	0	0	0	0	1	128	0	1	378	382	42	46	1951	0	0	0	1	
5595	12817402	0	0	0	0	1	128	0	1	378	382	42	46	1936	0	0	0	1	
5596	12817435	0	0	0	0	1	128	0	1	378	382	42	46	1939	0	0	0	1	
5597	12817468	0	0	0	0	1	128	0	1	378	382	42	46	1950	0	0	0	1	
5598	12817502	0	0	0	0	1	128	0	1	378	382	42	46	1948	0	0	0	1	
5599	12817535	0	0	0	0	1	128	0	1	378	382	42	46	1949	0	0	0	1	
5600	12817568	0	0	0	0	1	128	0	1	378	382	42	46	1970	0	0	0	1	
5601	12817602	0	0	0	0	1	128	0	1	378	382	43	46	1976	0	0	0	1	
5602	12817635	0	0	0	0	1	128	0	1	378	382	43	46	1986	0	0	0	1	
5603	12817668	0	0	0	0	1	128	0	1	378	382	43	46	2001	0	0	0	1	
5604	12817702	0	0	0	0	1	128	0	1	378	382	43	47	2018	0	0	0	1	
5605	12817735	0	0	0	0	1	128	0	1	378	382	43	47	2043	0	0	0	1	
5606	12817769	0	0	0	0	1	128	0	1	378	376	44	48	2102	0	0	0	1	
5607	12817802	0	0	0	0	1	128	0	1	380	368	45	47	2111	0	0	0	1	
5608	12817835	0	0	0	0	1	128	0	1	380	368	44	48	2121	0	0	0	1	
5609	12817869	0	0	0	0	1	128	0	1	380	368	45	48	2141	0	0	0	1	
5610	12817902	0	0	0	0	1	128	0	1	380	368	45	48	2167	0	0	0	1	
5611	12817935	0	0	0	0	1	128	0	1	380	368	45	48	2195	0	0	0	1	
5612	12817969	0	0	0	0	1	128	0	1	380	368	46	49	2221	0	0	0	1	
5613	12818002	0	0	0	0	1	128	0	1	382	366	46	49	2230	0	0	0	1	
5614	12818036	0	0	0	0	1	128	0	1	382	366	46	49	2252	0	0	0	1	
5615	12818069	0	0	0	0	1	128	0	1	382	362	45	54	2447	0	0	0	1	
5616	12818102	0	0	0	0	1	128	0	1	382	366	46	49	2268	0	0	0	1	
5617	12818136	0	0	0	0	1	128	0	1	382	366	46	49	2273	0	0	0	1	
5618	12818169	0	0	0	0	1	128	0	1	382	366	46	49	2268	0	0	0	1	
5619	12818202	0	0	0	0	1	128	0	1	384	366	46	49	2266	0	0	0	1	
5620	12818236	0	0	0	0	1	128	0	1	382	366	46	49	2235	0	0	0	1	
5621	12818269	0	0	0	0	1	128	0	1	384	366	45	48	2195	0	0	0	1	
5622	12818303	0	0	0	0	1	128	0	1	384	366	45	48	2175	0	0	0	1	
5623	12818336	0	0	0	0	1	128	0	1	380	360	48	50	2405	0	0	0	1	
5624	12818369	0	0	0	0	1	128	0	1	352	348	40	47	1877	0	0	0	1	
5625	12818403	0	0	0	0	1	128	0	1	352	348	40	47	1864	0	0	0	1	
5626	12818436	0	0	0	0	1	128	0	1	352	348	40	46	1853	0	0	0	1	
5627	12818469	0	0	0	0	1	128	0	1	352	348	40	47	1849	0	0	0	1	
5628	12818503	0	0	0	0	1	128	0	1	352	348	40	46	1844	0	0	0	1	
5629	12818536	0	0	0	0	1	128	0	1	352	348	40	46	1841	0	0	0	1	
5630	12818570	0	0	0	0	1	128	0	1	352	348	40	46	1840	0	0	0	1	
5631	12818603	0	0	0	0	1	128	0	1	352	348	40	46	1842	0	0	0	1	
5632	12818636	0	0	0	0	1	128	0	1	352	348	40	46	1853	0	0	0	1	
5633	12818670	0	0	0	0	1	128	0	1	352	348	40	46	1859	0	0	0	1	
5634	12818703	0	0	0	0	1	128	0	1	352	348	40	46	1866	0	0	0	1	
5635	12818736	0	0	0	0	1	128	0	1	352	348	40	46	1870	0	0	0	1	
5636	12818770	0	0	0	0	1	128	0	1	352	348	40	46	1861	0	0	0	1	
5637	12818803	0	0	0	0	1	128	0	1	354	348	40	46	1853	0	0	0	1	
5638	12818836	0	0	0	0	1	128	0	1	354	348	40	46	1833	0	0	0	1	
5639	12818870	0	0	0	0	1	128	0	1	354	348	39	46	1802	0	0	0	1	
5640	12818903	0	0	0	0	1	128	0	1	354	348	39	45	1789	0	0	0	1	
5641	12818937	0	0	0	0	1	128	0	1	354	348	39	45	1770	0	0	0	1	
5642	12818970	0	0	0	0	1	128	0	1	354	348	39	45	1757	0	0	0	1	
5643	12819003	0	0	0	0	1	128	0	1	354	348	39	45	1739	0	0	0	1	
5644	12819037	0	0	0	0	1	128	0	1	356	350	39	44	1714	0	0	0	1	
5645	12819070	0	0	0	0	1	128	0	1	378	376	42	44	1842	0	0	0	1	
5646	12819103	0	0	0	0	1	128	0	1	380	378	42	45	1881	0	0	0	1	
5647	12819137	0	0	0	0	1	128	0	1	380	378	42	45	1891	0	0	0	1	
5648	12819170	0	0	0	0	1	128	0	1	380	378	42	45	1895	0	0	0	1	
5649	12819203	0	0	0	0	1	128	0	1	380	378	42	45	1894	0	0	0	1	
5650	12819237	0	0	0	0	1	128	0	1	380	380	42	45	1890	0	0	0	1	
5651	12819270	0	0	0	0	1	128	0	1	380	380	42	45	1904	0	0	0	1	
5652	12819304	0	0	0	0	1	128	0	1	380	378	42	45	1914	0	0	0	1	
5653	12819337	0	0	0	0	1	128	0	1	380	380	42	45	1886	0	0	0	1	
5654	12819370	0	0	0	0	1	128	0	1	380	380	42	45	1883	0	0	0	1	
5655	12819404	0	0	0	0	1	128	0	1	380	380	42	45	1885	0	0	0	1	
5656	12819437	0	0	0	0	1	128	0	1	380	380	42	45	1875	0	0	0	1	
5657	12819470	0	0	0	0	1	128	0	1	378	380	41	45	1876	0	0	0	1	
5658	12819504	0	0	0	0	1	128	0	1	380	380	41	45	1869	0	0	0	1	
5659	12819537	0	0	0	0	1	128	0	1	380	380	41	45	1864	0	0	0	1	
5660	12819571	0	0	0	0	1	128	0	1	380	380	41	45	1857	0	0	0	1	
5661	12819604	0	0	0	0	1	128	0	1	380	380	41	45	1835	0	0	0	1	
5662	12819637	0	0	0	0	1	128	0	1	380	380	41	45	1842	0	0	0	1	
5663	12819671	0	0	0	0	1	128	0	1	380	380	41	45	1832	0	0	0	1	
5664	12819704	0	0	0	0	1	128	0	1	380	380	41	45	1831	0	0	0	1	
5665	12819737	0	0	0	0	1	128	0	1	380	380	41	45	1832	0	0	0	1	
5666	12819771	0	0	0	0	1	128	0	1	380	380	41	45	1846	0	0	0	1	
5667	12819804	0	0	0	0	1	128	0	1	368	358	44	48	2090	0	0	0	1	
5668	12819838	0	0	0	0	1	128	0	1	360	344	39	45	1758	0	0	0	1	
5669	12819871	0	0	0	0	1	128	0	1	362	346	39	45	1751	0	0	0	1	
5670	12819904	0	0	0	0	1	128	0	1	362	346	40	45	1769	0	0	0	1	
5671	12819938	0	0	0	0	1	128	0	1	362	346	39	45	1779	0	0	0	1	
5672	12819971	0	0	0	0	1	128	0	1	362	346	40	45	1804	0	0	0	1	
5673	12820004	0	0	0	0	1	128	0	1	362	346	40	45	1816	0	0	0	1	
5674	12820038	0	0	0	0	1	128	0	1	362	346	40	45	1820	0	0	0	1	
5675	12820071	0	0	0	0	1	128	0	1	362	348	40	45	1825	0	0	0	1	
5676	12820104	0	0	0	0	1	128	0	1	362	348	40	45	1828	0	0	0	1	
5677	12820138	0	0	0	0	1	128	0	1	362	348	40	45	1830	0	0	0	1	
5678	12820171	0	0	0	0	1	128	0	1	364	348	39	46	1795	0	0	0	1	
5679	12820205	0	0	0	0	1	128	0	1	362	350	40	45	1815	0	0	0	1	
5680	12820238	0	0	0	0	1	128	0	1	362	350	40	45	1800	0	0	0	1	
5681	12820271	0	0	0	0	1	128	0	1	362	350	40	45	1789	0	0	0	1	
5682	12820305	0	0	0	0	1	128	0	1	362	350	40	44	1769	0	0	0	1	
5683	12820338	0	0	0	0	1	128	0	1	362	350	40	44	1753	0	0	0	1	
5684	12820371	0	0	0	0	1	128	0	1	362	350	40	44	1734	0	0	0	1	
5685	12820405	0	0	0	0	1	128	0	1	362	350	40	44	1728	0	0	0	1	
5686	12820438	0	0	0	0	1	128	0	1	362	350	40	44	1726	0	0	0	1	
5687	12820472	0	0	0	0	1	128	0	1	362	350	40	43	1717	0	0	0	1	
5688	12820505	0	0	0	0	1	128	0	1	362	350	40	43	1726	0	0	0	1	
5689	12820538	0	0	0	0	1	128	0	1	378	356	42	44	1816	0	0	0	1	
5690	12820572	0	0	0	0	1	128	0	1	380	356	41	44	1825	0	0	0	1	
5691	12820605	0	0	0	0	1	128	0	1	378	356	42	44	1848	0	0	0	1	
5692	12820638	0	0	0	0	1	128	0	1	378	356	42	44	1859	0	0	0	1	
5693	12820672	0	0	0	0	1	128	0	1	378	356	42	44	1885	0	0	0	1	
5694	12820705	0	0	0	0	1	128	0	1	378	354	42	45	1899	0	0	0	1	
5695	12820738	0	0	0	0	1	128	0	1	378	354	43	45	1919	0	0	0	1	
5696	12820772	0	0	0	0	1	128	0	1	378	354	43	45	1943	0	0	0	1	
5697	12820805	0	0	0	0	1	128	0	1	378	354	43	45	1945	0	0	0	1	
5698	12820839	0	0	0	0	1	128	0	1	378	354	43	46	1971	0	0	0	1	
5699	12820872	0	0	0	0	1	128	0	1	378	354	43	46	1974	0	0	0	1	
5700	12820905	0	0	0	0	1	128	0	1	378	354	44	46	1980	0	0	0	1	
5701	12820939	0	0	0	0	1	128	0	1	378	354	43	46	1972	0	0	0	1	
5702	12820972	0	0	0	0	1	128	0	1	378	354	43	46	1960	0	0	0	1	
5703	12821005	0	0	0	0	1	128	0	1	378	354	43	45	1951	0	0	0	1	
5704	12821039	0	0	0	0	1	128	0	1	378	354	43	45	1923	0	0	0	1	
5705	12821072	0	0	0	0	1	128	0	1	378	354	43	45	1918	0	0	0	1	
5706	12821106	0	0	0	0	1	128	0	1	378	354	42	45	1893	0	0	0	1	
5707	12821139	0	0	0	0	1	128	0	1	378	354	42	45	1887	0	0	0	1	
5708	12821172	0	0	0	0	1	128	0	1	378	354	42	45	1891	0	0	0	1	
5709	12821206	0	0	0	0	1	128	0	1	378	354	42	45	1894	0	0	0	1	
5710	12821239	0	0	0	0	1	128	0	1	378	354	42	45	1890	0	0	0	1	
5711	12821272	0	0	0	0	1	128	0	1	378	354	42	45	1891	0	0	0	1	
5712	12821306	0	0	0	0	1	128	0	1	396	378	39	45	1752	0	0	0	1	
5713	12821339	0	0	0	0	1	128	0	1	404	382	44	46	2017	0	0	0	1	
5714	12821372	0	0	0	0	1	128	0	1	404	382	44	46	2012	0	0	0	1	
5715	12821406	0	0	0	0	1	128	0	1	404	382	44	46	2028	0	0	0	1	
5716	12821439	0	0	0	0	1	128	0	1	404	382	44	46	2031	0	0	0	1	
5717	12821473	0	0	0	0	1	128	0	1	404	382	44	46	2032	0	0	0	1	
5718	12821506	0	0	0	0	1	128	0	1	404	382	44	46	2030	0	0	0	1	
5719	12821539	0	0	0	0	1	128	0	1	404	382	44	46	2033	0	0	0	1	
5720	12821573	0	0	0	0	1	128	0	1	406	384	44	46	2040	0	0	0	1	
5721	12821606	0	0	0	0	1	128	0	1	406	384	44	46	2031	0	0	0	1	
5722	12821639	0	0	0	0	1	128	0	1	406	384	44	46	2042	0	0	0	1	
5723	12821673	0	0	0	0	1	128	0	1	404	384	44	46	2041	0	0	0	1	
5724	12821706	0	0	0	0	1	128	0	1	406	384	44	46	2049	0	0	0	1	
5725	12821740	0	0	0	0	1	128	0	1	406	384	44	46	2044	0	0	0	1	
5726	12821773	0	0	0	0	1	128	0	1	404	382	44	46	2028	0	0	0	1	
5727	12821806	0	0	0	0	1	128	0	1	404	382	44	46	2022	0	0	0	1	
5728	12821840	0	0	0	0	1	128	0	1	404	382	44	46	2024	0	0	0	1	
5729	12821873	0	0	0	0	1	128	0	1	404	382	44	46	2012	0	0	0	1	
5730	12821906	0	0	0	0	1	128	0	1	404	382	44	46	2006	0	0	0	1	
5731	12821940	0	0	0	0	1	128	0	1	404	382	44	46	2007	0	0	0	1	
5732	12821973	0	0	0	0	1	128	0	1	404	382	44	46	2021	0	0	0	1	
5733	12822006	0	0	0	0	1	128	0	1	404	382	44	46	2027	0	0	0	1	
5734	12822040	0	0	0	0	1	128	0	1	398	380	45	49	2234	0	0	0	1	
5735	12822073	0	0	0	0	1	128	0	1	370	386	41	46	1895	0	0	0	1	
5736	12822107	0	0	0	0	1	128	0	1	370	386	42	46	1912	0	0	0	1	
5737	12822140	0	0	0	0	1	128	0	1	372	386	42	46	1929	0	0	0	1	
5738	12822173	0	0	0	0	1	128	0	1	372	386	42	46	1935	0	0	0	1	
5739	12822207	0	0	0	0	1	128	0	1	372	386	42	46	1939	0	0	0	1	
5740	12822240	0	0	0	0	1	128	0	1	372	386	42	46	1923	0	0	0	1	
5741	12822273	0	0	0	0	1	128	0	1	372	386	41	46	1896	0	0	0	1	
5742	12822307	0	0	0	0	1	128	0	1	372	386	41	45	1871	0	0	0	1	
5743	12822340	0	0	0	0	1	128	0	1	372	386	41	45	1850	0	0	0	1	
5744	12822374	0	0	0	0	1	128	0	1	372	386	41	45	1832	0	0	0	1	
5745	12822407	0	0	0	0	1	128	0	1	372	386	41	45	1816	0	0	0	1	
5746	12822440	0	0	0	0	1	128	0	1	374	388	41	44	1810	0	0	0	1	
5747	12822474	0	0	0	0	1	128	0	1	374	388	41	44	1806	0	0	0	1	
5748	12822507	0	0	0	0	1	128	0	1	374	388	41	45	1815	0	0	0	1	
5749	12822540	0	0	0	0	1	128	0	1	374	388	41	44	1819	0	0	0	1	
5750	12822574	0	0	0	0	1	128	0	1	374	388	41	45	1820	0	0	0	1	
5751	12822607	0	0	0	0	1	128	0	1	374	388	41	44	1816	0	0	0	1	
5752	12822640	0	0	0	0	1	128	0	1	374	388	41	44	1822	0	0	0	1	
5753	12822674	0	0	0	0	1	128	0	1	374	388	41	45	1823	0	0	0	1	
5754	12822707	0	0	0	0	1	128	0	1	374	388	41	45	1833	0	0	0	1	
5755	12822741	0	0	0	0	1	128	0	1	374	388	41	45	1835	0	0	0	1	
5756	12822774	0	0	0	0	1	128	0	1	374	388	41	45	1848	0	0	0	1	
5757	12822807	0	0	0	0	1	128	0	1	372	386	41	46	1890	0	0	0	1	
5758	12822841	0	0	0	0	1	128	0	1	374	374	39	41	1595	0	0	0	1	
5759	12822874	0	0	0	0	1	128	0	1	372	370	42	46	1930	0	0	0	1	
5760	12822907	0	0	0	0	1	128	0	1	372	370	42	46	1940	0	0	0	1	
5761	12822941	0	0	0	0	1	128	0	1	374	370	42	46	1955	0	0	0	1	
5762	12822974	0	0	0	0	1	128	0	1	372	370	43	46	1984	0	0	0	1	
5763	12823007	0	0	0	0	1	128	0	1	372	370	43	47	1989	0	0	0	1	
5764	12823041	0	0	0	0	1	128	0	1	372	372	43	47	2006	0	0	0	1	
5765	12823074	0	0	0	0	1	128	0	1	372	370	43	47	2025	0	0	0	1	
5766	12823108	0	0	0	0	1	128	0	1	372	370	43	47	2037	0	0	0	1	
5767	12823141	0	0	0	0	1	128	0	1	372	370	43	47	2039	0	0	0	1	
5768	12823174	0	0	0	0	1	128	0	1	372	372	43	47	2043	0	0	0	1	
5769	12823208	0	0	0	0	1	128	0	1	372	370	43	47	2042	0	0	0	1	
5770	12823241	0	0	0	0	1	128	0	1	372	370	43	47	2041	0	0	0	1	
5771	12823274	0	0	0	0	1	128	0	1	372	372	43	47	2031	0	0	0	1	
5772	12823308	0	0	0	0	1	128	0	1	372	372	43	47	2019	0	0	0	1	
5773	12823341	0	0	0	0	1	128	0	1	372	372	43	47	2004	0	0	0	1	
5774	12823375	0	0	0	0	1	128	0	1	372	372	43	47	1986	0	0	0	1	
5775	12823408	0	0	0	0	1	128	0	1	372	372	43	47	1985	0	0	0	1	
5776	12823441	0	0	0	0	1	128	0	1	372	372	43	47	1981	0	0	0	1	
5777	12823475	0	0	0	0	1	128	0	1	372	372	43	47	1980	0	0	0	1	
5778	12823508	0	0	0	0	1	128	0	1	372	372	42	47	1987	0	0	0	1	
5779	12823541	0	0	0	0	1	128	0	1	372	372	43	46	1980	0	0	0	1	
5780	12823575	0	0	0	0	1	128	0	1	350	388	39	46	1796	0	0	0	1	
5781	12823608	0	0	0	0	1	128	0	1	348	392	39	47	1832	0	0	0	1	
5782	12823642	0	0	0	0	1	128	0	1	348	392	39	47	1842	0	0	0	1	
5783	12823675	0	0	0	0	1	128	0	1	348	392	39	47	1851	0	0	0	1	
5784	12823708	0	0	0	0	1	128	0	1	348	392	39	47	1847	0	0	0	1	
5785	12823742	0	0	0	0	1	128	0	1	348	392	39	47	1851	0	0	0	1	
5786	12823775	0	0	0	0	1	128	0	1	348	392	39	47	1853	0	0	0	1	
5787	12823808	0	0	0	0	1	128	0	1	348	392	39	47	1836	0	0	0	1	
5788	12823842	0	0	0	0	1	128	0	1	348	392	39	47	1824	0	0	0	1	
5789	12823875	0	0	0	0	1	128	0	1	350	392	39	47	1809	0	0	0	1	
5790	12823908	0	0	0	0	1	128	0	1	350	392	39	46	1791	0	0	0	1	
5791	12823942	0	0	0	0	1	128	0	1	350	392	38	46	1775	0	0	0	1	
5792	12823975	0	0	0	0	1	128	0	1	350	392	38	46	1762	0	0	0	1	
5793	12824009	0	0	0	0	1	128	0	1	350	392	38	46	1756	0	0	0	1	
5794	12824042	0	0	0	0	1	128	0	1	350	392	38	46	1746	0	0	0	1	
5795	12824075	0	0	0	0	1	128	0	1	350	392	38	45	1739	0	0	0	1	
5796	12824109	0	0	0	0	1	128	0	1	350	392	38	46	1739	0	0	0	1	
5797	12824142	0	0	0	0	1	128	0	1	350	392	38	46	1736	0	0	0	1	
5798	12824175	0	0	0	0	1	128	0	1	350	392	38	46	1737	0	0	0	1	
5799	12824209	0	0	0	0	1	128	0	1	350	392	38	45	1727	0	0	0	1	
5800	12824242	0	0	0	0	1	128	0	1	350	392	38	45	1727	0	0	0	1	
5801	12824275	0	0	0	0	1	128	0	1	350	392	38	46	1742	0	0	0	1	
5802	12824309	0	0	0	0	1	128	0	1	362	390	41	46	1862	0	0	0	1	
5803	12824342	0	0	0	0	1	128	0	1	364	388	41	46	1863	0	0	0	1	
5804	12824376	0	0	0	0	1	128	0	1	364	388	41	46	1887	0	0	0	1	
5805	12824409	0	0	0	0	1	128	0	1	364	388	41	46	1890	0	0	0	1	
5806	12824442	0	0	0	0	1	128	0	1	364	388	41	46	1909	0	0	0	1	
5807	12824476	0	0	0	0	1	128	0	1	364	390	41	46	1918	0	0	0	1	
5808	12824509	0	0	0	0	1	128	0	1	364	388	41	46	1926	0	0	0	1	
5809	12824542	0	0	0	0	1	128	0	1	364	388	41	46	1927	0	0	0	1	
5810	12824576	0	0	0	0	1	128	0	1	364	388	42	46	1930	0	0	0	1	
5811	12824609	0	0	0	0	1	128	0	1	364	390	41	47	1939	0	0	0	1	
5812	12824643	0	0	0	0	1	128	0	1	366	390	42	47	1943	0	0	0	1	
5813	12824676	0	0	0	0	1	128	0	1	366	388	41	47	1937	0	0	0	1	
5814	12824709	0	0	0	0	1	128	0	1	364	388	42	47	1945	0	0	0	1	
5815	12824743	0	0	0	0	1	128	0	1	364	388	42	47	1948	0	0	0	1	
5816	12824776	0	0	0	0	1	128	0	1	364	388	41	47	1936	0	0	0	1	
5817	12824809	0	0	0	0	1	128	0	1	364	388	42	46	1924	0	0	0	1	
5818	12824843	0	0	0	0	1	128	0	1	364	388	41	46	1908	0	0	0	1	
5819	12824876	0	0	0	0	1	128	0	1	364	388	41	46	1892	0	0	0	1	
5820	12824910	0	0	0	0	1	128	0	1	364	388	41	46	1882	0	0	0	1	
5821	12824943	0	0	0	0	1	128	0	1	364	388	41	46	1875	0	0	0	1	
5822	12824976	0	0	0	0	1	128	0	1	364	388	41	46	1878	0	0	0	1	
5823	12825010	0	0	0	0	1	128	0	1	364	388	41	46	1873	0	0	0	1	
5824	12825043	0	0	0	0	1	128	0	1	376	394	42	46	1955	0	0	0	1	
5825	12825076	0	0	0	0	1	128	0	1	384	400	40	44	1767	0	0	0	1	
5826	12825110	0	0	0	0	1	128	0	1	382	398	42	46	1957	0	0	0	1	
5827	12825143	0	0	0	0	1	128	0	1	382	398	42	46	1961	0	0	0	1	
5828	12825176	0	0	0	0	1	128	0	1	382	398	42	46	1972	0	0	0	1	
5829	12825210	0	0	0	0	1	128	0	1	380	396	42	47	1975	0	0	0	1	
5830	12825243	0	0	0	0	1	128	0	1	380	396	42	47	1971	0	0	0	1	
5831	12825277	0	0	0	0	1	128	0	1	380	396	42	46	1962	0	0	0	1	
5832	12825310	0	0	0	0	1	128	0	1	380	396	42	46	1954	0	0	0	1	
5833	12825343	0	0	0	0	1	128	0	1	380	396	42	46	1945	0	0	0	1	
5834	12825377	0	0	0	0	1	128	0	1	380	396	41	47	1948	0	0	0	1	
5835	12825410	0	0	0	0	1	128	0	1	380	396	42	46	1919	0	0	0	1	
5836	12825443	0	0	0	0	1	128	0	1	378	398	42	46	1911	0	0	0	1	
5837	12825477	0	0	0	0	1	128	0	1	380	398	42	45	1893	0	0	0	1	
5838	12825510	0	0	0	0	1	128	0	1	380	398	42	46	1904	0	0	0	1	
5839	12825543	0	0	0	0	1	128	0	1	380	398	41	46	1890	0	0	0	1	
5840	12825577	0	0	0	0	1	128	0	1	380	398	41	45	1876	0	0	0	1	
5841	12825610	0	0	0	0	1	128	0	1	380	398	41	45	1867	0	0	0	1	
5842	12825644	0	0	0	0	1	128	0	1	380	398	41	45	1851	0	0	0	1	
5843	12825677	0	0	0	0	1	128	0	1	380	396	41	45	1854	0	0	0	1	
5844	12825710	0	0	0	0	1	128	0	1	380	396	40	46	1813	0	0	0	1	
5845	12825744	0	0	0	0	1	128	0	1	380	398	41	45	1842	0	0	0	1	
5846	12825777	0	0	0	0	1	128	0	1	380	396	41	45	1856	0	0	0	1	
5847	12825810	0	0	0	0	1	128	0	1	358	404	38	45	1685	0	0	0	1	
5848	12825844	0	0	0	0	1	128	0	1	352	410	37	45	1668	0	0	0	1	
5849	12825877	0	0	0	0	1	128	0	1	352	410	37	45	1677	0	0	0	1	
5850	12825911	0	0	0	0	1	128	0	1	352	410	37	45	1689	0	0	0	1	
5851	12825944	0	0	0	0	1	128	0	1	354	410	37	45	1686	0	0	0	1	
5852	12825977	0	0	0	0	1	128	0	1	354	410	37	45	1687	0	0	0	1	
5853	12826011	0	0	0	0	1	128	0	1	354	410	37	45	1679	0	0	0	1	
5854	12826044	0	0	0	0	1	128	0	1	354	410	37	45	1675	0	0	0	1	
5855	12826077	0	0	0	0	1	128	0	1	354	410	37	45	1655	0	0	0	1	
5856	12826111	0	0	0	0	1	128	0	1	352	410	36	45	1642	0	0	0	1	
5857	12826144	0	0	0	0	1	128	0	1	354	408	37	45	1655	0	0	0	1	
5858	12826178	0	0	0	0	1	128	0	1	354	408	37	45	1637	0	0	0	1	
5859	12826211	0	0	0	0	1	128	0	1	354	408	37	45	1633	0	0	0	1	
5860	12826244	0	0	0	0	1	128	0	1	354	408	37	44	1631	0	0	0	1	
5861	12826278	0	0	0	0	1	128	0	1	354	408	37	44	1626	0	0	0	1	
5862	12826311	0	0	0	0	1	128	0	1	354	408	37	45	1643	0	0	0	1	
5863	12826344	0	0	0	0	1	128	0	1	354	408	37	45	1641	0	0	0	1	
5864	12826378	0	0	0	0	1	128	0	1	354	408	37	45	1657	0	0	0	1	
5865	12826411	0	0	0	0	1	128	0	1	354	408	37	45	1674	0	0	0	1	
5866	12826444	0	0	0	0	1	128	0	1	354	408	38	45	1696	0	0	0	1	
5867	12826478	0	0	0	0	1	128	0	1	354	408	38	45	1702	0	0	0	1	
5868	12826511	0	0	0	0	1	128	0	1	354	408	38	46	1720	0	0	0	1	
5869	12826545	0	0	0	0	1	128	0	1	354	408	38	46	1728	0	0	0	1	
5870	12826578	0	0	0	0	1	128	0	1	370	390	42	47	1990	0	0	0	1	
5871	12826611	0	0	0	0	1	128	0	1	380	374	43	46	1999	0	0	0	1	
5872	12826645	0	0	0	0	1	128	0	1	380	374	43	46	2000	0	0	0	1	
5873	12826678	0	0	0	0	1	128	0	1	380	374	44	46	2018	0	0	0	1	
5874	12826711	0	0	0	0	1	128	0	1	380	380	44	47	2035	0	0	0	1	
5875	12826745	0	0	0	0	1	128	0	1	380	380	44	47	2059	0	0	0	1	
5876	12826778	0	0	0	0	1	128	0	1	380	380	44	47	2073	0	0	0	1	
5877	12826812	0	0	0	0	1	128	0	1	380	380	44	47	2087	0	0	0	1	
5878	12826845	0	0	0	0	1	128	0	1	380	380	44	48	2098	0	0	0	1	
5879	12826878	0	0	0	0	1	128	0	1	378	380	44	48	2095	0	0	0	1	
5880	12826912	0	0	0	0	1	128	0	1	378	380	44	48	2091	0	0	0	1	
5881	12826945	0	0	0	0	1	128	0	1	378	380	44	48	2081	0	0	0	1	
5882	12826978	0	0	0	0	1	128	0	1	378	380	44	48	2085	0	0	0	1	
5883	12827012	0	0	0	0	1	128	0	1	378	380	43	48	2060	0	0	0	1	
5884	12827045	0	0	0	0	1	128	0	1	378	380	43	47	2045	0	0	0	1	
5885	12827078	0	0	0	0	1	128	0	1	378	380	43	47	2034	0	0	0	1	
5886	12827112	0	0	0	0	1	128	0	1	378	380	43	47	2025	0	0	0	1	
5887	12827145	0	0	0	0	1	128	0	1	378	380	43	47	2013	0	0	0	1	
5888	12827179	0	0	0	0	1	128	0	1	378	382	43	46	1989	0	0	0	1	
5889	12827212	0	0	0	0	1	128	0	1	378	380	43	47	1994	0	0	0	1	
5890	12827245	0	0	0	0	1	128	0	1	378	380	43	47	1991	0	0	0	1	
5891	12827279	0	0	0	0	1	128	0	1	376	380	43	47	1990	0	0	0	1	
5892	12827312	0	0	0	0	1	128	0	1	346	366	38	47	1765	0	0	0	1	
5893	12827345	0	0	0	0	1	128	0	1	342	366	39	46	1777	0	0	0	1	
5894	12827379	0	0	0	0	1	128	0	1	342	366	38	46	1783	0	0	0	1	
5895	12827412	0	0	0	0	1	128	0	1	342	366	39	47	1805	0	0	0	1	
5896	12827446	0	0	0	0	1	128	0	1	342	366	39	47	1814	0	0	0	1	
5897	12827479	0	0	0	0	1	128	0	1	342	366	39	47	1827	0	0	0	1	
5898	12827512	0	0	0	0	1	128	0	1	344	366	39	47	1832	0	0	0	1	
5899	12827546	0	0	0	0	1	128	0	1	342	368	39	47	1833	0	0	0	1	
5900	12827579	0	0	0	0	1	128	0	1	342	368	39	47	1843	0	0	0	1	
5901	12827612	0	0	0	0	1	128	0	1	342	368	39	47	1824	0	0	0	1	
5902	12827646	0	0	0	0	1	128	0	1	342	368	39	47	1812	0	0	0	1	
5903	12827679	0	0	0	0	1	128	0	1	342	368	38	47	1798	0	0	0	1	
5904	12827712	0	0	0	0	1	128	0	1	342	368	38	47	1796	0	0	0	1	
5905	12827746	0	0	0	0	1	128	0	1	342	368	38	46	1774	0	0	0	1	
5906	12827779	0	0	0	0	1	128	0	1	342	368	38	46	1760	0	0	0	1	
5907	12827813	0	0	0	0	1	128	0	1	342	368	38	45	1736	0	0	0	1	
5908	12827846	0	0	0	0	1	128	0	1	344	368	38	45	1720	0	0	0	1	
5909	12827879	0	0	0	0	1	128	0	1	344	368	38	45	1697	0	0	0	1	
5910	12827913	0	0	0	0	1	128	0	1	344	368	37	45	1687	0	0	0	1	
5911	12827946	0	0	0	0	1	128	0	1	344	368	37	45	1682	0	0	0	1	
5912	12827979	0	0	0	0	1	128	0	1	344	368	37	45	1684	0	0	0	1	
5913	12828013	0	0	0	0	1	128	0	1	344	368	37	45	1679	0	0	0	1	
5914	12828046	0	0	0	0	1	128	0	1	360	384	34	43	1431	0	0	0	1	
5915	12828080	0	0	0	0	1	128	0	1	384	380	43	46	1961	0	0	0	1	
5916	12828113	0	0	0	0	1	128	0	1	384	380	42	46	1936	0	0	0	1	
5917	12828146	0	0	0	0	1	128	0	1	384	380	42	46	1937	0	0	0	1	
5918	12828180	0	0	0	0	1	128	0	1	386	388	37	38	1432	0	0	0	1	
5919	12828213	0	0	0	0	1	128	0	1	382	380	43	46	1973	0	0	0	1	
5920	12828246	0	0	0	0	1	128	0	1	380	380	42	46	1954	0	0	0	1	
5921	12828280	0	0	0	0	1	128	0	1	380	380	43	46	1965	0	0	0	1	
5922	12828313	0	0	0	0	1	128	0	1	380	380	43	46	1981	0	0	0	1	
5923	12828346	0	0	0	0	1	128	0	1	380	380	42	46	1962	0	0	0	1	
5924	12828380	0	0	0	0	1	128	0	1	380	380	42	46	1957	0	0	0	1	
5925	12828413	0	0	0	0	1	128	0	1	380	380	43	46	1957	0	0	0	1	
5926	12828447	0	0	0	0	1	128	0	1	380	380	42	46	1948	0	0	0	1	
5927	12828480	0	0	0	0	1	128	0	1	380	380	42	46	1943	0	0	0	1	
5928	12828513	0	0	0	0	1	128	0	1	380	380	42	46	1914	0	0	0	1	
5929	12828547	0	0	0	0	1	128	0	1	380	380	42	45	1907	0	0	0	1	
5930	12828580	0	0	0	0	1	128	0	1	380	380	41	45	1868	0	0	0	1	
5931	12828613	0	0	0	0	1	128	0	1	380	380	41	45	1867	0	0	0	1	
5932	12828647	0	0	0	0	1	128	0	1	380	380	41	45	1860	0	0	0	1	
5933	12828680	0	0	0	0	1	128	0	1	380	380	41	45	1866	0	0	0	1	
5934	12828714	0	0	0	0	1	128	0	1	380	380	41	45	1863	0	0	0	1	
5935	12828747	0	0	0	0	1	128	0	1	380	380	42	45	1874	0	0	0	1	
5936	12828780	0	0	0	0	1	128	0	1	378	380	42	45	1884	0	0	0	1	
5937	12828814	0	0	0	0	1	128	0	1	362	384	40	45	1781	0	0	0	1	
5938	12828847	0	0	0	0	1	128	0	1	362	384	40	45	1793	0	0	0	1	
5939	12828880	0	0	0	0	1	128	0	1	362	384	40	45	1818	0	0	0	1	
5940	12828914	0	0	0	0	1	128	0	1	362	384	40	46	1835	0	0	0	1	
5941	12828947	0	0	0	0	1	128	0	1	362	384	41	46	1854	0	0	0	1	
5942	12828980	0	0	0	0	1	128	0	1	364	384	41	46	1869	0	0	0	1	
5943	12829014	0	0	0	0	1	128	0	1	364	384	41	46	1880	0	0	0	1	
5944	12829047	0	0	0	0	1	128	0	1	364	384	41	46	1880	0	0	0	1	
5945	12829081	0	0	0	0	1	128	0	1	364	384	41	46	1873	0	0	0	1	
5946	12829114	0	0	0	0	1	128	0	1	364	384	41	46	1868	0	0	0	1	
5947	12829147	0	0	0	0	1	128	0	1	364	384	41	46	1863	0	0	0	1	
5948	12829181	0	0	0	0	1	128	0	1	364	384	41	46	1849	0	0	0	1	
5949	12829214	0	0	0	0	1	128	0	1	364	384	41	46	1847	0	0	0	1	
5950	12829247	0	0	0	0	1	128	0	1	364	384	41	46	1852	0	0	0	1	
5951	12829281	0	0	0	0	1	128	0	1	364	384	41	46	1850	0	0	0	1	
5952	12829314	0	0	0	0	1	128	0	1	364	384	41	45	1855	0	0	0	1	
5953	12829347	0	0	0	0	1	128	0	1	364	384	41	46	1858	0	0	0	1	
5954	12829381	0	0	0	0	1	128	0	1	364	384	41	46	1862	0	0	0	1	
5955	12829414	0	0	0	0	1	128	0	1	364	384	41	46	1871	0	0	0	1	
5956	12829448	0	0	0	0	1	128	0	1	364	384	41	46	1877	0	0	0	1	
5957	12829481	0	0	0	0	1	128	0	1	364	384	41	46	1879	0	0	0	1	
5958	12829514	0	0	0	0	1	128	0	1	364	384	41	46	1893	0	0	0	1	
5959	12829548	0	0	0	0	1	128	0	1	368	384	42	46	1925	0	0	0	1	
5960	12829581	0	0	0	0	1	128	0	1	378	380	43	47	2021	0	0	0	1	
5961	12829614	0	0	0	0	1	128	0	1	378	380	43	47	2016	0	0	0	1	
5962	12829648	0	0	0	0	1	128	0	1	378	380	43	47	2052	0	0	0	1	
5963	12829681	0	0	0	0	1	128	0	1	378	380	44	47	2066	0	0	0	1	
5964	12829715	0	0	0	0	1	128	0	1	378	380	44	48	2093	0	0	0	1	
5965	12829748	0	0	0	0	1	128	0	1	378	380	44	48	2102	0	0	0	1	
5966	12829781	0	0	0	0	1	128	0	1	378	382	44	48	2120	0	0	0	1	
5967	12829815	0	0	0	0	1	128	0	1	380	380	45	48	2135	0	0	0	1	
5968	12829848	0	0	0	0	1	128	0	1	380	382	44	48	2139	0	0	0	1	
5969	12829881	0	0	0	0	1	128	0	1	378	382	44	48	2142	0	0	0	1	
5970	12829915	0	0	0	0	1	128	0	1	378	382	44	48	2126	0	0	0	1	
5971	12829948	0	0	0	0	1	128	0	1	378	382	44	48	2114	0	0	0	1	
5972	12829981	0	0	0	0	1	128	0	1	378	382	44	48	2090	0	0	0	1	
5973	12830015	0	0	0	0	1	128	0	1	378	382	44	47	2067	0	0	0	1	
5974	12830048	0	0	0	0	1	128	0	1	378	382	43	47	2021	0	0	0	1	
5975	12830082	0	0	0	0	1	128	0	1	382	390	38	39	1501	0	0	0	1	
5976	12830115	0	0	0	0	1	128	0	1	378	382	43	47	1994	0	0	0	1	
5977	12830148	0	0	0	0	1	128	0	1	378	382	42	46	1963	0	0	0	1	
5978	12830182	0	0	0	0	1	128	0	1	378	382	42	46	1960	0	0	0	1	
5979	12830215	0	0	0	0	1	128	0	1	378	382	42	46	1957	0	0	0	1	
5980	12830248	0	0	0	0	1	128	0	1	378	380	42	46	1937	0	0	0	1	
5981	12830282	0	0	0	0	1	128	0	1	378	380	42	46	1937	0	0	0	1	
5982	12830315	0	0	0	0	1	128	0	1	382	378	43	46	1964	0	0	0	1	
5983	12830349	0	0	0	0	1	128	0	1	392	370	44	46	2016	0	0	0	1	
5984	12830382	0	0	0	0	1	128	0	1	394	370	43	46	1996	0	0	0	1	
5985	12830415	0	0	0	0	1	128	0	1	394	370	43	46	1994	0	0	0	1	
5986	12830449	0	0	0	0	1	128	0	1	394	372	43	46	1989	0	0	0	1	
5987	12830482	0	0	0	0	1	128	0	1	394	374	44	45	1996	0	0	0	1	
5988	12830515	0	0	0	0	1	128	0	1	396	374	44	46	2007	0	0	0	1	
5989	12830549	0	0	0	0	1	128	0	1	396	374	44	46	2006	0	0	0	1	
5990	12830582	0	0	0	0	1	128	0	1	396	374	44	46	2027	0	0	0	1	
5991	12830616	0	0	0	0	1	128	0	1	396	374	44	46	2025	0	0	0	1	
5992	12830649	0	0	0	0	1	128	0	1	396	374	44	46	2008	0	0	0	1	
5993	12830682	0	0	0	0	1	128	0	1	396	374	44	45	1976	0	0	0	1	
5994	12830716	0	0	0	0	1	128	0	1	396	374	43	46	1953	0	0	0	1	
5995	12830749	0	0	0	0	1	128	0	1	396	374	43	45	1914	0	0	0	1	
5996	12830782	0	0	0	0	1	128	0	1	396	374	42	45	1889	0	0	0	1	
5997	12830816	0	0	0	0	1	128	0	1	396	374	42	44	1864	0	0	0	1	
5998	12830849	0	0	0	0	1	128	0	1	396	374	42	44	1844	0	0	0	1	
5999	12830882	0	0	0	0	1	128	0	1	396	374	42	43	1823	0	0	0	1	
6000	12830916	0	0	0	0	1	128	0	1	396	374	42	44	1806	0	0	0	1	
6001	12830949	0	0	0	0	1	128	0	1	396	374	41	43	1795	0	0	0	1	
6002	12830983	0	0	0	0	1	128	0	1	396	378	39	41	1580	0	0	0	1	
6003	12831016	0	0	0	0	1	128	0	1	396	374	41	43	1788	0	0	0	1	
6004	12831049	0	0	0	0	1	128	0	1	396	374	41	43	1778	0	0	0	1	
6005	12831083	0	0	0	0	1	128	0	1	402	366	42	44	1837	0	0	0	1	
6006	12831116	0	0	0	0	1	128	0	1	404	362	42	43	1804	0	0	0	1	
6007	12831149	0	0	0	0	1	128	0	1	406	362	42	43	1801	0	0	0	1	
6008	12831183	0	0	0	0	1	128	0	1	406	362	42	43	1807	0	0	0	1	
6009	12831216	0	0	0	0	1	128	0	1	406	362	42	43	1804	0	0	0	1	
6010	12831250	0	0	0	0	1	128	0	1	406	362	42	43	1809	0	0	0	1	
6011	12831283	0	0	0	0	1	128	0	1	406	364	42	43	1837	0	0	0	1	
6012	12831316	0	0	0	0	1	128	0	1	404	360	40	42	1702	0	0	0	1	
6013	12831350	0	0	0	0	1	128	0	1	406	364	43	44	1874	0	0	0	1	
6014	12831383	0	0	0	0	1	128	0	1	406	364	43	44	1883	0	0	0	1	
6015	12831416	0	0	0	0	1	128	0	1	406	364	43	44	1882	0	0	0	1	
6016	12831450	0	0	0	0	1	128	0	1	406	364	43	44	1878	0	0	0	1	
6017	12831483	0	0	0	0	1	128	0	1	406	364	43	43	1876	0	0	0	1	
6018	12831516	0	0	0	0	1	128	0	1	404	364	43	43	1849	0	0	0	1	
6019	12831550	0	0	0	0	1	128	0	1	404	364	42	43	1832	0	0	0	1	
6020	12831583	0	0	0	0	1	128	0	1	404	364	42	43	1824	0	0	0	1	
6021	12831617	0	0	0	0	1	128	0	1	404	364	42	43	1806	0	0	0	1	
6022	12831650	0	0	0	0	1	128	0	1	404	356	44	51	2227	0	0	0	1	
6023	12831683	0	0	0	0	1	128	0	1	404	358	43	49	2101	0	0	0	1	
6024	12831717	0	0	0	0	1	128	0	1	404	364	42	43	1772	0	0	0	1	
6025	12831750	0	0	0	0	1	128	0	1	404	364	42	42	1759	0	0	0	1	
6026	12831783	0	0	0	0	1	128	0	1	404	364	41	42	1749	0	0	0	1	
6027	12831817	0	0	0	0	1	128	0	1	392	374	41	42	1691	0	0	0	1	
6028	12831850	0	0	0	0	1	128	0	1	392	376	41	42	1707	0	0	0	1	
6029	12831884	0	0	0	0	1	128	0	1	392	376	41	42	1722	0	0	0	1	
6030	12831917	0	0	0	0	1	128	0	1	392	376	41	43	1732	0	0	0	1	
6031	12831950	0	0	0	0	1	128	0	1	392	376	41	42	1738	0	0	0	1	
6032	12831984	0	0	0	0	1	128	0	1	394	376	41	43	1750	0	0	0	1	
6033	12832017	0	0	0	0	1	128	0	1	392	376	41	43	1749	0	0	0	1	
6034	12832050	0	0	0	0	1	128	0	1	394	376	41	43	1754	0	0	0	1	
6035	12832084	0	0	0	0	1	128	0	1	394	376	41	43	1750	0	0	0	1	
6036	12832117	0	0	0	0	1	128	0	1	394	376	41	43	1752	0	0	0	1	
6037	12832150	0	0	0	0	1	128	0	1	394	376	41	43	1752	0	0	0	1	
6038	12832184	0	0	0	0	1	128	0	1	392	376	41	43	1745	0	0	0	1	
6039	12832217	0	0	0	0	1	128	0	1	392	376	41	43	1755	0	0	0	1	
6040	12832251	0	0	0	0	1	128	0	1	392	376	41	43	1751	0	0	0	1	
6041	12832284	0	0	0	0	1	128	0	1	392	376	41	43	1751	0	0	0	1	
6042	12832317	0	0	0	0	1	128	0	1	392	376	41	43	1749	0	0	0	1	
6043	12832351	0	0	0	0	1	128	0	1	392	376	41	43	1751	0	0	0	1	
6044	12832384	0	0	0	0	1	128	0	1	394	376	41	43	1752	0	0	0	1	
6045	12832417	0	0	0	0	1	128	0	1	392	376	41	43	1759	0	0	0	1	
6046	12832451	0	0	0	0	1	128	0	1	394	376	41	43	1772	0	0	0	1	
6047	12832484	0	0	0	0	1	128	0	1	394	376	41	43	1776	0	0	0	1	
6048	12832518	0	0	0	0	1	128	0	1	394	382	38	39	1488	0	0	0	1	
6049	12832551	0	0	0	0	1	128	0	1	394	376	42	43	1803	0	0	0	1	
6050	12832584	0	0	0	0	1	128	0	1	398	360	42	43	1838	0	0	0	1	
6051	12832618	0	0	0	0	1	128	0	1	400	360	43	43	1859	0	0	0	1	
6052	12832651	0	0	0	0	1	128	0	1	400	360	43	43	1871	0	0	0	1	
6053	12832684	0	0	0	0	1	128	0	1	400	362	43	44	1901	0	0	0	1	
6054	12832718	0	0	0	0	1	128	0	1	400	362	44	44	1932	0	0	0	1	
6055	12832751	0	0	0	0	1	128	0	1	400	362	44	44	1939	0	0	0	1	
6056	12832784	0	0	0	0	1	128	0	1	400	362	44	45	1958	0	0	0	1	
6057	12832818	0	0	0	0	1	128	0	1	400	362	44	45	1969	0	0	0	1	
6058	12832851	0	0	0	0	1	128	0	1	398	360	42	44	1826	0	0	0	1	
6059	12832885	0	0	0	0	1	128	0	1	400	362	44	45	1969	0	0	0	1	
6060	12832918	0	0	0	0	1	128	0	1	398	362	43	44	1934	0	0	0	1	
6061	12832951	0	0	0	0	1	128	0	1	398	362	43	44	1894	0	0	0	1	
6062	12832985	0	0	0	0	1	128	0	1	398	364	42	44	1848	0	0	0	1	
6063	12833018	0	0	0	0	1	128	0	1	398	364	42	43	1837	0	0	0	1	
6064	12833051	0	0	0	0	1	128	0	1	398	364	42	43	1819	0	0	0	1	
6065	12833085	0	0	0	0	1	128	0	1	398	364	42	43	1809	0	0	0	1	
6066	12833118	0	0	0	0	1	128	0	1	398	364	42	43	1799	0	0	0	1	
6067	12833151	0	0	0	0	1	128	0	1	398	362	42	43	1791	0	0	0	1	
6068	12833185	0	0	0	0	1	128	0	1	398	364	42	43	1779	0	0	0	1	
6069	12833218	0	0	0	0	1	128	0	1	398	362	41	43	1778	0	0	0	1	
6070	12833252	0	0	0	0	1	128	0	1	398	364	41	43	1765	0	0	0	1	
6071	12833285	0	0	0	0	1	128	0	1	398	364	41	43	1771	0	0	0	1	
6072	12833318	0	0	0	0	1	128	0	1	386	372	41	42	1729	0	0	0	1	
6073	12833352	0	0	0	0	1	128	0	1	376	386	39	43	1675	0	0	0	1	
6074	12833385	0	0	0	0	1	128	0	1	376	386	39	43	1682	0	0	0	1	
6075	12833418	0	0	0	0	1	128	0	1	376	386	40	43	1713	0	0	0	1	
6076	12833452	0	0	0	0	1	128	0	1	376	386	40	44	1725	0	0	0	1	
6077	12833485	0	0	0	0	1	128	0	1	376	386	40	44	1729	0	0	0	1	
6078	12833519	0	0	0	0	1	128	0	1	378	386	40	44	1734	0	0	0	1	
6079	12833552	0	0	0	0	1	128	0	1	378	386	40	44	1726	0	0	0	1	
6080	12833585	0	0	0	0	1	128	0	1	378	386	40	43	1719	0	0	0	1	
6081	12833619	0	0	0	0	1	128	0	1	378	386	39	43	1709	0	0	0	1	
6082	12833652	0	0	0	0	1	128	0	1	378	386	39	43	1706	0	0	0	1	
6083	12833685	0	0	0	0	1	128	0	1	378	386	39	43	1707	0	0	0	1	
6084	12833719	0	0	0	0	1	128	0	1	378	386	39	44	1717	0	0	0	1	
6085	12833752	0	0	0	0	1	128	0	1	376	386	40	44	1736	0	0	0	1	
6086	12833786	0	0	0	0	1	128	0	1	376	386	40	44	1738	0	0	0	1	
6087	12833819	0	0	0	0	1	128	0	1	376	386	40	44	1741	0	0	0	1	
6088	12833852	0	0	0	0	1	128	0	1	376	386	40	44	1739	0	0	0	1	
6089	12833886	0	0	0	0	1	128	0	1	376	386	40	44	1734	0	0	0	1	
6090	12833919	0	0	0	0	1	128	0	1	376	386	40	44	1726	0	0	0	1	
6091	12833952	0	0	0	0	1	128	0	1	376	386	40	43	1723	0	0	0	1	
6092	12833986	0	0	0	0	1	128	0	1	376	386	40	43	1723	0	0	0	1	
6093	12834019	0	0	0	0	1	128	0	1	376	386	40	43	1723	0	0	0	1	
6094	12834052	0	0	0	0	1	128	0	1	376	386	40	43	1734	0	0	0	1	
6095	12834086	0	0	0	0	1	128	0	1	380	382	41	44	1795	0	0	0	1	
6096	12834119	0	0	0	0	1	128	0	1	396	368	43	44	1891	0	0	0	1	
6097	12834153	0	0	0	0	1	128	0	1	396	368	43	44	1892	0	0	0	1	
6098	12834186	0	0	0	0	1	128	0	1	396	368	43	44	1900	0	0	0	1	
6099	12834219	0	0	0	0	1	128	0	1	396	368	43	45	1938	0	0	0	1	
6100	12834253	0	0	0	0	1	128	0	1	396	368	44	45	1962	0	0	0	1	
6101	12834286	0	0	0	0	1	128	0	1	396	368	44	45	1981	0	0	0	1	
6102	12834319	0	0	0	0	1	128	0	1	396	368	44	45	2000	0	0	0	1	
6103	12834353	0	0	0	0	1	128	0	1	396	370	44	46	2025	0	0	0	1	
6104	12834386	0	0	0	0	1	128	0	1	396	370	44	46	2042	0	0	0	1	
6105	12834420	0	0	0	0	1	128	0	1	396	370	45	46	2046	0	0	0	1	
6106	12834453	0	0	0	0	1	128	0	1	396	370	45	46	2052	0	0	0	1	
6107	12834486	0	0	0	0	1	128	0	1	384	374	43	45	1941	0	0	0	1	
6108	12834520	0	0	0	0	1	128	0	1	374	382	41	45	1859	0	0	0	1	
6109	12834553	0	0	0	0	1	128	0	1	374	384	41	45	1833	0	0	0	1	
6110	12834586	0	0	0	0	1	128	0	1	374	384	41	44	1796	0	0	0	1	
6111	12834620	0	0	0	0	1	128	0	1	374	384	40	44	1769	0	0	0	1	
6112	12834653	0	0	0	0	1	128	0	1	374	384	40	44	1753	0	0	0	1	
6113	12834686	0	0	0	0	1	128	0	1	374	384	40	43	1732	0	0	0	1	
6114	12834720	0	0	0	0	1	128	0	1	374	384	40	43	1716	0	0	0	1	
6115	12834753	0	0	0	0	1	128	0	1	374	384	40	43	1702	0	0	0	1	
6116	12834787	0	0	0	0	1	128	0	1	374	384	40	43	1693	0	0	0	1	
6117	12834820	0	0	0	0	1	128	0	1	374	384	39	43	1682	0	0	0	1	
6118	12834853	0	0	0	0	1	128	0	1	374	384	40	43	1685	0	0	0	1	
6119	12834887	0	0	0	0	1	128	0	1	374	384	40	43	1692	0	0	0	1	
6120	12834920	0	0	0	0	1	128	0	1	374	384	40	43	1694	0	0	0	1	
6121	12834953	0	0	0	0	1	128	0	1	374	384	40	43	1700	0	0	0	1	
6122	12834987	0	0	0	0	1	128	0	1	374	384	40	43	1711	0	0	0	1	
6123	12835020	0	0	0	0	1	128	0	1	374	384	40	43	1722	0	0	0	1	
6124	12835053	0	0	0	0	1	128	0	1	374	384	40	43	1741	0	0	0	1	
6125	12835087	0	0	0	0	1	128	0	1	394	372	42	45	1894	0	0	0	1	
6126	12835120	0	0	0	0	1	128	0	1	398	368	43	44	1887	0	0	0	1	
6127	12835154	0	0	0	0	1	128	0	1	398	368	43	44	1897	0	0	0	1	
6128	12835187	0	0	0	0	1	128	0	1	398	368	43	45	1920	0	0	0	1	
6129	12835220	0	0	0	0	1	128	0	1	398	368	43	45	1938	0	0	0	1	
6130	12835254	0	0	0	0	1	128	0	1	398	368	44	45	1964	0	0	0	1	
6131	12835287	0	0	0	0	1	128	0	1	398	368	44	45	1984	0	0	0	1	
6132	12835320	0	0	0	0	1	128	0	1	398	368	44	45	2017	0	0	0	1	
6133	12835354	0	0	0	0	1	128	0	1	398	370	44	46	2025	0	0	0	1	
6134	12835387	0	0	0	0	1	128	0	1	398	370	45	46	2043	0	0	0	1	
6135	12835421	0	0	0	0	1	128	0	1	398	370	45	46	2042	0	0	0	1	
6136	12835454	0	0	0	0	1	128	0	1	398	370	44	46	2036	0	0	0	1	
6137	12835487	0	0	0	0	1	128	0	1	398	370	44	46	2008	0	0	0	1	
6138	12835521	0	0	0	0	1	128	0	1	398	370	44	45	1979	0	0	0	1	
6139	12835554	0	0	0	0	1	128	0	1	396	366	39	44	1724	0	0	0	1	
6140	12835587	0	0	0	0	1	128	0	1	398	370	43	44	1921	0	0	0	1	
6141	12835621	0	0	0	0	1	128	0	1	398	370	43	44	1911	0	0	0	1	
6142	12835654	0	0	0	0	1	128	0	1	398	370	43	44	1892	0	0	0	1	
6143	12835687	0	0	0	0	1	128	0	1	398	370	43	44	1883	0	0	0	1	
6144	12835721	0	0	0	0	1	128	0	1	398	370	43	44	1872	0	0	0	1	
6145	12835754	0	0	0	0	1	128	0	1	398	370	43	44	1868	0	0	0	1	
6146	12835788	0	0	0	0	1	128	0	1	398	370	43	44	1871	0	0	0	1	
6147	12835821	0	0	0	0	1	128	0	1	398	370	43	44	1887	0	0	0	1	
6148	12835854	0	0	0	0	1	128	0	1	398	370	43	44	1892	0	0	0	1	
6149	12835888	0	0	0	0	1	128	0	1	396	366	39	43	1702	0	0	0	1	
6150	12835921	0	0	0	0	1	128	0	1	398	370	43	45	1929	0	0	0	1	
6151	12835954	0	0	0	0	1	128	0	1	398	370	44	45	1954	0	0	0	1	
6152	12835988	0	0	0	0	1	128	0	1	398	370	44	45	1985	0	0	0	1	
6153	12836021	0	0	0	0	1	128	0	1	398	370	44	46	2023	0	0	0	1	
6154	12836055	0	0	0	0	1	128	0	1	396	370	44	46	2047	0	0	0	1	
6155	12836088	0	0	0	0	1	128	0	1	398	370	45	46	2063	0	0	0	1	
6156	12836121	0	0	0	0	1	128	0	1	396	370	45	47	2089	0	0	0	1	
6157	12836155	0	0	0	0	1	128	0	1	398	370	45	47	2112	0	0	0	1	
6158	12836188	0	0	0	0	1	128	0	1	398	370	45	47	2128	0	0	0	1	
6159	12836221	0	0	0	0	1	128	0	1	398	370	46	47	2164	0	0	0	1	
6160	12836255	0	0	0	0	1	128	0	1	398	370	46	48	2182	0	0	0	1	
6161	12836288	0	0	0	0	1	128	0	1	398	370	46	48	2196	0	0	0	1	
6162	12836321	0	0	0	0	1	128	0	1	398	370	46	48	2220	0	0	0	1	
6163	12836355	0	0	0	0	1	128	0	1	398	370	46	48	2230	0	0	0	1	
6164	12836388	0	0	0	0	1	128	0	1	398	370	47	48	2240	0	0	0	1	
6165	12836422	0	0	0	0	1	128	0	1	398	370	47	48	2250	0	0	0	1	
6166	12836455	0	0	0	0	1	128	0	1	398	370	47	48	2260	0	0	0	1	
6167	12836488	0	0	0	0	1	128	0	1	398	370	47	48	2256	0	0	0	1	
6168	12836522	0	0	0	0	1	128	0	1	400	378	41	42	1728	0	0	0	1	
6169	12836555	0	0	0	0	1	128	0	1	398	370	47	48	2254	0	0	0	1	
6170	12836588	0	0	0	0	1	128	0	1	398	370	47	48	2257	0	0	0	1	
6171	12836622	0	0	0	0	1	128	0	1	398	370	47	48	2258	0	0	0	1	
6172	12836655	0	0	0	0	1	128	0	1	398	370	47	48	2264	0	0	0	1	
6173	12836689	0	0	0	0	1	128	0	1	398	370	47	48	2262	0	0	0	1	
6174	12836722	0	0	0	0	1	128	0	1	398	370	47	48	2260	0	0	0	1	
6175	12836755	0	0	0	0	1	128	0	1	398	370	47	48	2262	0	0	0	1	
6176	12836789	0	0	0	0	1	128	0	1	398	370	47	48	2262	0	0	0	1	
6177	12836822	0	0	0	0	1	128	0	1	398	370	47	48	2263	0	0	0	1	
6178	12836855	0	0	0	0	1	128	0	1	386	372	42	46	1950	0	0	0	1	
6179	12836889	0	0	0	0	1	128	0	1	378	382	45	49	2161	0	0	0	1	
6180	12836922	0	0	0	0	1	128	0	1	380	382	45	49	2167	0	0	0	1	
6181	12836955	0	0	0	0	1	128	0	1	380	382	45	49	2182	0	0	0	1	
6182	12836989	0	0	0	0	1	128	0	1	380	382	45	49	2178	0	0	0	1	
6183	12837022	0	0	0	0	1	128	0	1	374	380	44	48	2126	0	0	0	1	
6184	12837056	0	0	0	0	1	128	0	1	374	380	43	48	2087	0	0	0	1	
6185	12837089	0	0	0	0	1	128	0	1	374	380	43	48	2070	0	0	0	1	
6186	12837122	0	0	0	0	1	128	0	1	374	382	43	48	2043	0	0	0	1	
6187	12837156	0	0	0	0	1	128	0	1	374	382	42	47	2012	0	0	0	1	
6188	12837189	0	0	0	0	1	128	0	1	374	384	42	45	1899	0	0	0	1	
6189	12837222	0	0	0	0	1	128	0	1	450	318	20	24	488	0	0	0	1	
6190	12837256	0	0	0	0	1	128	0	0	0	0	0	0	0	0	0	0	1	
6191	12837289	0	0	0	0	1	128	0	0	0	0	0	0	0	0	0	0	1	
6192	12837323	0	0	0	0	1	128	0	0	0	0	0	0	0	0	0	0	1	
6193	12837356	0	0	0	0	1	128	0	0	0	0	0	0	0	0	0	0	1	
6194	12837389	0	0	0	0	1	128	0	1	374	378	38	41	1570	0	0	0	1	
6195	12837423	0	0	0	0	1	128	0	1	378	386	41	46	1890	0	0	0	1	
6196	12837456	0	0	0	0	1	128	0	1	376	382	44	47	2056	0	0	0	1	
6197	12837489	0	0	0	0	1	128	0	1	376	380	43	48	2054	0	0	0	1	
6198	12837523	0	0	0	0	1	128	0	1	376	380	43	47	2051	0	0	0	1	
6199	12837556	0	0	0	0	1	128	0	1	376	380	43	47	2045	0	0	0	1	
6200	12837590	0	0	0	0	1	128	0	1	376	380	43	47	2059	0	0	0	1	
6201	12837623	0	0	0	0	1	128	0	1	376	380	43	48	2072	0	0	0	1	
6202	12837656	0	0	0	0	1	128	0	1	374	378	44	48	2087	0	0	0	1	
6203	12837690	0	0	0	0	1	128	0	1	374	378	44	48	2086	0	0	0	1	
6204	12837723	0	0	0	0	1	128	0	1	372	378	44	48	2091	0	0	0	1	
6205	12837756	0	0	0	0	1	128	0	1	372	378	44	48	2076	0	0	0	1	
6206	12837790	0	0	0	0	1	128	0	1	372	378	43	47	2063	0	0	0	1	
6207	12837823	0	0	0	0	1	128	0	1	372	378	43	47	2032	0	0	0	1	
6208	12837856	0	0	0	0	1	128	0	1	372	378	43	47	2012	0	0	0	1	
6209	12837890	0	0	0	0	1	128	0	1	372	378	43	47	1983	0	0	0	1	
6210	12837923	0	0	0	0	1	128	0	1	374	378	42	46	1953	0	0	0	1	
6211	12837957	0	0	0	0	1	128	0	1	376	380	42	46	1968	0	0	0	1	
6212	12837990	0	0	0	0	1	128	0	1	376	380	41	46	1857	0	0	0	1	
6213	12838023	0	0	0	0	1	128	0	1	378	382	40	44	1773	0	0	0	1	
6214	12838057	0	0	0	0	1	128	0	1	376	380	42	46	1944	0	0	0	1	
6215	12838090	0	0	0	0	1	128	0	1	376	382	42	46	1929	0	0	0	1	
6216	12838123	0	0	0	0	1	128	0	1	372	372	30	39	1167	0	0	0	1	
6217	12838157	0	0	0	0	1	128	0	0	0	0	0	0	0	0	0	0	1	
6218	12838190	0	0	0	0	1	128	0	0	0	0	0	0	0	0	0	0	1	
6219	12838224	0	0	0	0	1	128	0	0	0	0	0	0	0	0	0	0	1	
6220	12838257	0	0	0	0	1	128	0	0	0	0	0	0	0	0	0	0	1	
6221	12838290	0	0	0	0	1	128	0	0	0	0	0	0	0	0	0	0	1	
6222	12838324	0	0	0	0	1	128	0	0	0	0	0	0	0	0	0	0	1	
6223	12838357	0	0	0	0	1	128	0	0	0	0	0	0	0	0	0	0	1	
6224	12838390	0	0	0	0	1	128	0	1	380	384	39	44	1706	0	0	0	1	
6225	12838424	0	0	0	0	1	128	0	1	380	386	42	45	1893	0	0	0	1	
6226	12838457	0	0	0	0	1	128	0	1	378	384	42	46	1922	0	0	0	1	
6227	12838490	0	0	0	0	1	128	0	1	378	384	42	46	1939	0	0	0	1	
6228	12838524	0	0	0	0	1	128	0	1	378	384	42	46	1960	0	0	0	1	
6229	12838557	0	0	0	0	1	128	0	1	378	384	43	46	1984	0	0	0	1	
6230	12838591	0	0	0	0	1	128	0	1	378	382	43	47	1996	0	0	0	1	
6231	12838624	0	0	0	0	1	128	0	1	376	382	43	47	2029	0	0	0	1	
