Version	1.08	gmtime	1440677356
index	timestamp	eyeroihoriz	eyeroivert	eyeroizoomx	eyeroizoomy	blendmode	blendfactor	onlinecalib	eye_valid	eye_x	eye_y	eye_w	eye_h	eye_a	field_x	field_y	displaymode	displayeyedetection	event
3742	12755570	0	0	0	0	1	128	0	1	386	380	47	50	2355	0	0	0	1	
3743	12755603	0	0	0	0	1	128	0	1	384	380	47	51	2375	0	0	0	1	
3744	12755637	0	0	0	0	1	128	0	1	380	376	46	51	2343	0	0	0	1	
3745	12755670	0	0	0	0	1	128	0	1	380	378	46	51	2341	0	0	0	1	
3746	12755703	0	0	0	0	1	128	0	1	380	376	46	51	2355	0	0	0	1	
3747	12755737	0	0	0	0	1	128	0	1	380	376	46	51	2361	0	0	0	1	
3748	12755770	0	0	0	0	1	128	0	1	380	376	47	51	2366	0	0	0	1	
3749	12755803	0	0	0	0	1	128	0	1	380	376	47	51	2370	0	0	0	1	
3750	12755837	0	0	0	0	1	128	0	1	380	376	47	51	2388	0	0	0	1	
3751	12755870	0	0	0	0	1	128	0	1	380	376	47	51	2389	0	0	0	1	
3752	12755904	0	0	0	0	1	128	0	1	380	376	47	51	2419	0	0	0	1	
3753	12755937	0	0	0	0	1	128	0	1	376	374	47	51	2405	0	0	0	1	
3754	12755970	0	0	0	0	1	128	0	1	378	380	44	45	1981	0	0	0	1	
3755	12756004	0	0	0	0	1	128	0	1	376	374	47	51	2427	0	0	0	1	
3756	12756037	0	0	0	0	1	128	0	1	376	374	47	51	2424	0	0	0	1	
3757	12756070	0	0	0	0	1	128	0	1	376	374	47	51	2428	0	0	0	1	
3758	12756104	0	0	0	0	1	128	0	1	376	374	47	51	2433	0	0	0	1	
3759	12756137	0	0	0	0	1	128	0	1	380	376	48	51	2431	0	0	0	1	
3760	12756171	0	0	0	0	1	128	0	1	382	378	48	51	2430	0	0	0	1	
3761	12756204	0	0	0	0	1	128	0	1	382	378	47	51	2422	0	0	0	1	
3762	12756237	0	0	0	0	1	128	0	1	382	378	47	51	2403	0	0	0	1	
3763	12756271	0	0	0	0	1	128	0	1	382	378	47	51	2390	0	0	0	1	
3764	12756304	0	0	0	0	1	128	0	1	386	386	42	44	1877	0	0	0	1	
3765	12756337	0	0	0	0	1	128	0	1	382	378	47	51	2385	0	0	0	1	
3766	12756371	0	0	0	0	1	128	0	1	382	378	47	51	2390	0	0	0	1	
3767	12756404	0	0	0	0	1	128	0	1	382	378	47	50	2387	0	0	0	1	
3768	12756437	0	0	0	0	1	128	0	1	382	378	47	50	2388	0	0	0	1	
3769	12756471	0	0	0	0	1	128	0	1	382	378	47	51	2391	0	0	0	1	
3770	12756504	0	0	0	0	1	128	0	1	382	378	47	50	2396	0	0	0	1	
3771	12756538	0	0	0	0	1	128	0	1	382	378	47	51	2398	0	0	0	1	
3772	12756571	0	0	0	0	1	128	0	1	382	378	47	51	2401	0	0	0	1	
3773	12756604	0	0	0	0	1	128	0	1	382	378	47	51	2392	0	0	0	1	
3774	12756638	0	0	0	0	1	128	0	1	382	378	47	50	2387	0	0	0	1	
3775	12756671	0	0	0	0	1	128	0	1	382	378	47	50	2386	0	0	0	1	
3776	12756704	0	0	0	0	1	128	0	1	386	380	48	51	2401	0	0	0	1	
3777	12756738	0	0	0	0	1	128	0	1	386	380	48	51	2405	0	0	0	1	
3778	12756771	0	0	0	0	1	128	0	1	386	380	48	51	2406	0	0	0	1	
3779	12756805	0	0	0	0	1	128	0	1	386	380	48	51	2410	0	0	0	1	
3780	12756838	0	0	0	0	1	128	0	1	388	386	44	44	1939	0	0	0	1	
3781	12756871	0	0	0	0	1	128	0	1	386	380	48	51	2422	0	0	0	1	
3782	12756905	0	0	0	0	1	128	0	1	386	380	48	51	2425	0	0	0	1	
3783	12756938	0	0	0	0	1	128	0	1	386	380	48	51	2428	0	0	0	1	
3784	12756971	0	0	0	0	1	128	0	1	388	382	48	51	2437	0	0	0	1	
3785	12757005	0	0	0	0	1	128	0	1	388	382	48	51	2427	0	0	0	1	
3786	12757038	0	0	0	0	1	128	0	1	388	382	48	51	2426	0	0	0	1	
3787	12757071	0	0	0	0	1	128	0	1	388	382	48	51	2423	0	0	0	1	
3788	12757105	0	0	0	0	1	128	0	1	380	378	47	51	2363	0	0	0	1	
3789	12757138	0	0	0	0	1	128	0	1	380	378	46	51	2348	0	0	0	1	
3790	12757172	0	0	0	0	1	128	0	1	380	378	47	50	2344	0	0	0	1	
3791	12757205	0	0	0	0	1	128	0	1	382	380	46	50	2303	0	0	0	1	
3792	12757238	0	0	0	0	1	128	0	0	0	0	0	0	0	0	0	0	1	
3793	12757272	0	0	0	0	1	128	0	0	0	0	0	0	0	0	0	0	1	
3794	12757305	0	0	0	0	1	128	0	0	0	0	0	0	0	0	0	0	1	
3795	12757338	0	0	0	0	1	128	0	0	0	0	0	0	0	0	0	0	1	
3796	12757372	0	0	0	0	1	128	0	1	386	378	39	50	1985	0	0	0	1	
3797	12757405	0	0	0	0	1	128	0	1	382	384	46	50	2312	0	0	0	1	
3798	12757439	0	0	0	0	1	128	0	1	382	382	46	50	2323	0	0	0	1	
3799	12757472	0	0	0	0	1	128	0	1	382	380	46	50	2314	0	0	0	1	
3800	12757505	0	0	0	0	1	128	0	1	382	380	46	50	2325	0	0	0	1	
3801	12757539	0	0	0	0	1	128	0	1	386	380	47	50	2357	0	0	0	1	
3802	12757572	0	0	0	0	1	128	0	1	386	380	47	50	2364	0	0	0	1	
3803	12757605	0	0	0	0	1	128	0	1	384	380	47	51	2376	0	0	0	1	
3804	12757639	0	0	0	0	1	128	0	1	386	380	47	51	2389	0	0	0	1	
3805	12757672	0	0	0	0	1	128	0	1	384	380	47	51	2390	0	0	0	1	
3806	12757705	0	0	0	0	1	128	0	1	386	380	47	51	2400	0	0	0	1	
3807	12757739	0	0	0	0	1	128	0	1	388	380	47	51	2398	0	0	0	1	
3808	12757772	0	0	0	0	1	128	0	1	388	380	47	50	2375	0	0	0	1	
3809	12757806	0	0	0	0	1	128	0	1	388	380	47	50	2374	0	0	0	1	
3810	12757839	0	0	0	0	1	128	0	1	378	376	46	51	2322	0	0	0	1	
3811	12757872	0	0	0	0	1	128	0	1	376	376	46	50	2283	0	0	0	1	
3812	12757906	0	0	0	0	1	128	0	1	376	376	46	50	2265	0	0	0	1	
3813	12757939	0	0	0	0	1	128	0	1	376	376	46	50	2271	0	0	0	1	
3814	12757972	0	0	0	0	1	128	0	1	376	376	45	50	2259	0	0	0	1	
3815	12758006	0	0	0	0	1	128	0	1	376	376	45	50	2253	0	0	0	1	
3816	12758039	0	0	0	0	1	128	0	1	376	376	45	49	2233	0	0	0	1	
3817	12758073	0	0	0	0	1	128	0	1	360	380	43	49	2109	0	0	0	1	
3818	12758106	0	0	0	0	1	128	0	1	340	384	39	48	1899	0	0	0	1	
3819	12758139	0	0	0	0	1	128	0	1	338	386	39	49	1908	0	0	0	1	
3820	12758173	0	0	0	0	1	128	0	1	340	386	39	49	1903	0	0	0	1	
3821	12758206	0	0	0	0	1	128	0	1	330	388	37	48	1766	0	0	0	1	
3822	12758239	0	0	0	0	1	128	0	1	330	388	37	48	1792	0	0	0	1	
3823	12758273	0	0	0	0	1	128	0	1	330	388	37	48	1785	0	0	0	1	
3824	12758306	0	0	0	0	1	128	0	1	330	388	37	48	1804	0	0	0	1	
3825	12758339	0	0	0	0	1	128	0	1	330	388	37	49	1793	0	0	0	1	
3826	12758373	0	0	0	0	1	128	0	1	330	388	37	48	1777	0	0	0	1	
3827	12758406	0	0	0	0	1	128	0	1	330	388	37	48	1764	0	0	0	1	
3828	12758440	0	0	0	0	1	128	0	1	330	388	37	48	1750	0	0	0	1	
3829	12758473	0	0	0	0	1	128	0	1	330	388	36	48	1727	0	0	0	1	
3830	12758506	0	0	0	0	1	128	0	1	330	388	36	47	1712	0	0	0	1	
3831	12758540	0	0	0	0	1	128	0	1	330	388	36	47	1704	0	0	0	1	
3832	12758573	0	0	0	0	1	128	0	1	330	388	36	47	1690	0	0	0	1	
3833	12758606	0	0	0	0	1	128	0	1	330	388	36	47	1688	0	0	0	1	
3834	12758640	0	0	0	0	1	128	0	1	330	388	36	47	1667	0	0	0	1	
3835	12758673	0	0	0	0	1	128	0	1	330	388	36	47	1678	0	0	0	1	
3836	12758706	0	0	0	0	1	128	0	1	330	388	36	47	1676	0	0	0	1	
3837	12758740	0	0	0	0	1	128	0	1	332	388	36	46	1662	0	0	0	1	
3838	12758773	0	0	0	0	1	128	0	1	366	416	35	46	1583	0	0	0	1	
3839	12758807	0	0	0	0	1	128	0	1	400	426	42	46	1936	0	0	0	1	
3840	12758840	0	0	0	0	1	128	0	1	404	428	41	47	1968	0	0	0	1	
3841	12758873	0	0	0	0	1	128	0	1	404	428	42	47	1973	0	0	0	1	
3842	12758907	0	0	0	0	1	128	0	1	404	428	42	47	1974	0	0	0	1	
3843	12758940	0	0	0	0	1	128	0	1	404	428	42	47	1985	0	0	0	1	
3844	12758973	0	0	0	0	1	128	0	1	408	428	42	47	2003	0	0	0	1	
3845	12759007	0	0	0	0	1	128	0	1	408	428	42	47	2003	0	0	0	1	
3846	12759040	0	0	0	0	1	128	0	1	408	428	42	47	2011	0	0	0	1	
3847	12759074	0	0	0	0	1	128	0	1	408	428	43	47	2018	0	0	0	1	
3848	12759107	0	0	0	0	1	128	0	1	408	430	43	48	2028	0	0	0	1	
3849	12759140	0	0	0	0	1	128	0	1	408	428	42	48	2035	0	0	0	1	
3850	12759174	0	0	0	0	1	128	0	1	408	428	43	48	2040	0	0	0	1	
3851	12759207	0	0	0	0	1	128	0	1	408	430	43	48	2059	0	0	0	1	
3852	12759240	0	0	0	0	1	128	0	1	408	430	43	48	2058	0	0	0	1	
3853	12759274	0	0	0	0	1	128	0	1	406	424	44	53	2325	0	0	0	1	
3854	12759307	0	0	0	0	1	128	0	1	408	426	43	51	2210	0	0	0	1	
3855	12759341	0	0	0	0	1	128	0	1	408	426	43	50	2173	0	0	0	1	
3856	12759374	0	0	0	0	1	128	0	1	408	428	43	47	2038	0	0	0	1	
3857	12759407	0	0	0	0	1	128	0	1	408	428	43	47	2037	0	0	0	1	
3858	12759441	0	0	0	0	1	128	0	1	408	430	43	47	2040	0	0	0	1	
3859	12759474	0	0	0	0	1	128	0	1	408	430	43	47	2031	0	0	0	1	
3860	12759507	0	0	0	0	1	128	0	1	382	412	36	50	1808	0	0	0	1	
3861	12759541	0	0	0	0	1	128	0	1	368	356	50	52	2635	0	0	0	1	
3862	12759574	0	0	0	0	1	128	0	1	358	330	41	48	1954	0	0	0	1	
3863	12759607	0	0	0	0	1	128	0	1	360	330	41	47	1955	0	0	0	1	
3864	12759641	0	0	0	0	1	128	0	1	360	332	41	48	1970	0	0	0	1	
3865	12759674	0	0	0	0	1	128	0	1	360	332	41	48	1974	0	0	0	1	
3866	12759708	0	0	0	0	1	128	0	1	360	334	41	47	1969	0	0	0	1	
3867	12759741	0	0	0	0	1	128	0	1	362	330	41	48	1982	0	0	0	1	
3868	12759774	0	0	0	0	1	128	0	1	364	330	42	48	1995	0	0	0	1	
3869	12759808	0	0	0	0	1	128	0	1	364	330	42	48	1999	0	0	0	1	
3870	12759841	0	0	0	0	1	128	0	1	364	330	42	48	1999	0	0	0	1	
3871	12759874	0	0	0	0	1	128	0	1	364	330	42	48	2010	0	0	0	1	
3872	12759908	0	0	0	0	1	128	0	1	364	330	42	48	2023	0	0	0	1	
3873	12759941	0	0	0	0	1	128	0	1	364	330	42	48	2031	0	0	0	1	
3874	12759974	0	0	0	0	1	128	0	1	364	330	42	48	2033	0	0	0	1	
3875	12760008	0	0	0	0	1	128	0	1	364	330	42	48	2033	0	0	0	1	
3876	12760041	0	0	0	0	1	128	0	1	364	330	42	48	2026	0	0	0	1	
3877	12760075	0	0	0	0	1	128	0	1	364	330	42	48	1999	0	0	0	1	
3878	12760108	0	0	0	0	1	128	0	1	364	330	42	47	1959	0	0	0	1	
3879	12760141	0	0	0	0	1	128	0	1	364	330	41	47	1959	0	0	0	1	
3880	12760175	0	0	0	0	1	128	0	1	364	330	41	46	1885	0	0	0	1	
3881	12760208	0	0	0	0	1	128	0	1	364	330	40	46	1859	0	0	0	1	
3882	12760241	0	0	0	0	1	128	0	1	364	330	40	45	1815	0	0	0	1	
3883	12760275	0	0	0	0	1	128	0	1	364	330	40	45	1815	0	0	0	1	
3884	12760308	0	0	0	0	1	128	0	1	364	330	40	45	1782	0	0	0	1	
3885	12760342	0	0	0	0	1	128	0	1	362	330	39	45	1759	0	0	0	1	
3886	12760375	0	0	0	0	1	128	0	1	362	330	39	44	1745	0	0	0	1	
3887	12760408	0	0	0	0	1	128	0	1	396	346	42	47	1976	0	0	0	1	
3888	12760442	0	0	0	0	1	128	0	1	426	362	44	45	1965	0	0	0	1	
3889	12760475	0	0	0	0	1	128	0	1	432	364	45	45	1999	0	0	0	1	
3890	12760508	0	0	0	0	1	128	0	1	432	364	45	45	2002	0	0	0	1	
3891	12760542	0	0	0	0	1	128	0	1	432	364	45	45	2028	0	0	0	1	
3892	12760575	0	0	0	0	1	128	0	1	432	364	45	45	2048	0	0	0	1	
3893	12760609	0	0	0	0	1	128	0	1	432	364	45	46	2068	0	0	0	1	
3894	12760642	0	0	0	0	1	128	0	1	432	364	46	46	2100	0	0	0	1	
3895	12760675	0	0	0	0	1	128	0	1	432	364	46	46	2121	0	0	0	1	
3896	12760709	0	0	0	0	1	128	0	1	432	364	46	47	2157	0	0	0	1	
3897	12760742	0	0	0	0	1	128	0	1	432	364	46	47	2183	0	0	0	1	
3898	12760775	0	0	0	0	1	128	0	1	432	364	47	47	2195	0	0	0	1	
3899	12760809	0	0	0	0	1	128	0	1	432	364	47	47	2203	0	0	0	1	
3900	12760842	0	0	0	0	1	128	0	1	432	364	47	48	2231	0	0	0	1	
3901	12760875	0	0	0	0	1	128	0	1	432	364	47	48	2236	0	0	0	1	
3902	12760909	0	0	0	0	1	128	0	1	432	364	47	48	2244	0	0	0	1	
3903	12760942	0	0	0	0	1	128	0	1	432	364	47	48	2244	0	0	0	1	
3904	12760976	0	0	0	0	1	128	0	1	432	364	47	48	2240	0	0	0	1	
3905	12761009	0	0	0	0	1	128	0	1	432	364	47	48	2231	0	0	0	1	
3906	12761042	0	0	0	0	1	128	0	1	432	364	47	47	2233	0	0	0	1	
3907	12761076	0	0	0	0	1	128	0	1	432	364	47	48	2232	0	0	0	1	
3908	12761109	0	0	0	0	1	128	0	1	432	364	47	47	2224	0	0	0	1	
3909	12761142	0	0	0	0	1	128	0	1	432	364	47	48	2228	0	0	0	1	
3910	12761176	0	0	0	0	1	128	0	1	432	364	47	48	2237	0	0	0	1	
3911	12761209	0	0	0	0	1	128	0	1	432	364	47	47	2237	0	0	0	1	
3912	12761243	0	0	0	0	1	128	0	1	432	364	47	48	2232	0	0	0	1	
3913	12761276	0	0	0	0	1	128	0	1	432	364	47	48	2237	0	0	0	1	
3914	12761309	0	0	0	0	1	128	0	1	432	364	47	48	2241	0	0	0	1	
3915	12761343	0	0	0	0	1	128	0	1	432	364	47	48	2233	0	0	0	1	
3916	12761376	0	0	0	0	1	128	0	1	432	364	47	48	2250	0	0	0	1	
3917	12761409	0	0	0	0	1	128	0	1	432	364	47	48	2260	0	0	0	1	
3918	12761443	0	0	0	0	1	128	0	1	392	376	39	45	1737	0	0	0	1	
3919	12761476	0	0	0	0	1	128	0	1	350	376	42	47	1951	0	0	0	1	
3920	12761509	0	0	0	0	1	128	0	1	334	380	38	48	1827	0	0	0	1	
3921	12761543	0	0	0	0	1	128	0	1	336	380	38	48	1842	0	0	0	1	
3922	12761576	0	0	0	0	1	128	0	1	336	380	38	48	1843	0	0	0	1	
3923	12761610	0	0	0	0	1	128	0	1	332	384	37	48	1795	0	0	0	1	
3924	12761643	0	0	0	0	1	128	0	1	332	386	37	48	1778	0	0	0	1	
3925	12761676	0	0	0	0	1	128	0	1	332	386	37	48	1774	0	0	0	1	
3926	12761710	0	0	0	0	1	128	0	1	332	386	37	48	1752	0	0	0	1	
3927	12761743	0	0	0	0	1	128	0	1	332	386	37	47	1742	0	0	0	1	
3928	12761776	0	0	0	0	1	128	0	1	332	386	37	47	1710	0	0	0	1	
3929	12761810	0	0	0	0	1	128	0	1	332	386	36	47	1708	0	0	0	1	
3930	12761843	0	0	0	0	1	128	0	1	330	386	36	47	1664	0	0	0	1	
3931	12761877	0	0	0	0	1	128	0	1	330	386	36	47	1663	0	0	0	1	
3932	12761910	0	0	0	0	1	128	0	1	330	386	36	46	1656	0	0	0	1	
3933	12761943	0	0	0	0	1	128	0	1	330	386	36	46	1648	0	0	0	1	
3934	12761977	0	0	0	0	1	128	0	1	330	386	35	46	1625	0	0	0	1	
3935	12762010	0	0	0	0	1	128	0	1	330	388	35	46	1620	0	0	0	1	
3936	12762043	0	0	0	0	1	128	0	1	330	388	35	46	1610	0	0	0	1	
3937	12762077	0	0	0	0	1	128	0	1	330	388	35	46	1606	0	0	0	1	
3938	12762110	0	0	0	0	1	128	0	1	330	388	35	46	1588	0	0	0	1	
3939	12762143	0	0	0	0	1	128	0	1	330	388	35	46	1580	0	0	0	1	
3940	12762177	0	0	0	0	1	128	0	1	330	388	35	45	1583	0	0	0	1	
3941	12762210	0	0	0	0	1	128	0	1	330	388	35	46	1580	0	0	0	1	
3942	12762244	0	0	0	0	1	128	0	1	330	388	35	46	1580	0	0	0	1	
3943	12762277	0	0	0	0	1	128	0	1	330	388	35	46	1587	0	0	0	1	
3944	12762310	0	0	0	0	1	128	0	1	330	388	35	46	1596	0	0	0	1	
3945	12762344	0	0	0	0	1	128	0	1	330	388	35	46	1600	0	0	0	1	
3946	12762377	0	0	0	0	1	128	0	1	330	388	35	46	1604	0	0	0	1	
3947	12762410	0	0	0	0	1	128	0	1	330	388	35	46	1611	0	0	0	1	
3948	12762444	0	0	0	0	1	128	0	1	330	388	35	46	1618	0	0	0	1	
3949	12762477	0	0	0	0	1	128	0	1	330	388	35	46	1614	0	0	0	1	
3950	12762510	0	0	0	0	1	128	0	1	330	388	35	46	1618	0	0	0	1	
3951	12762544	0	0	0	0	1	128	0	1	330	388	35	46	1616	0	0	0	1	
3952	12762577	0	0	0	0	1	128	0	1	330	388	35	46	1613	0	0	0	1	
3953	12762611	0	0	0	0	1	128	0	1	330	388	35	46	1618	0	0	0	1	
3954	12762644	0	0	0	0	1	128	0	1	330	388	35	46	1614	0	0	0	1	
3955	12762677	0	0	0	0	1	128	0	1	330	388	35	46	1615	0	0	0	1	
3956	12762711	0	0	0	0	1	128	0	1	330	388	35	46	1611	0	0	0	1	
3957	12762744	0	0	0	0	1	128	0	1	330	388	35	46	1608	0	0	0	1	
3958	12762777	0	0	0	0	1	128	0	0	0	0	0	0	0	0	0	0	1	
3959	12762811	0	0	0	0	1	128	0	1	400	424	41	45	1849	0	0	0	1	
3960	12762844	0	0	0	0	1	128	0	1	406	422	42	53	2219	0	0	0	1	
3961	12762878	0	0	0	0	1	128	0	1	408	428	41	45	1860	0	0	0	1	
3962	12762911	0	0	0	0	1	128	0	1	408	428	41	46	1853	0	0	0	1	
3963	12762944	0	0	0	0	1	128	0	1	408	428	41	45	1857	0	0	0	1	
3964	12762978	0	0	0	0	1	128	0	1	408	428	41	46	1862	0	0	0	1	
3965	12763011	0	0	0	0	1	128	0	1	408	430	41	46	1869	0	0	0	1	
3966	12763044	0	0	0	0	1	128	0	1	408	430	41	46	1878	0	0	0	1	
3967	12763078	0	0	0	0	1	128	0	1	408	430	41	46	1889	0	0	0	1	
3968	12763111	0	0	0	0	1	128	0	1	390	404	43	56	2399	0	0	0	1	
3969	12763145	0	0	0	0	1	128	0	1	376	378	43	47	2027	0	0	0	1	
3970	12763178	0	0	0	0	1	128	0	1	376	378	43	46	1998	0	0	0	1	
3971	12763211	0	0	0	0	1	128	0	1	376	378	44	46	2024	0	0	0	1	
3972	12763245	0	0	0	0	1	128	0	1	378	380	43	47	2040	0	0	0	1	
3973	12763278	0	0	0	0	1	128	0	1	378	378	43	48	2070	0	0	0	1	
3974	12763311	0	0	0	0	1	128	0	1	380	374	44	47	2097	0	0	0	1	
3975	12763345	0	0	0	0	1	128	0	1	380	374	45	48	2121	0	0	0	1	
3976	12763378	0	0	0	0	1	128	0	1	380	374	45	48	2128	0	0	0	1	
3977	12763411	0	0	0	0	1	128	0	1	380	374	45	48	2143	0	0	0	1	
3978	12763445	0	0	0	0	1	128	0	1	380	374	45	48	2176	0	0	0	1	
3979	12763478	0	0	0	0	1	128	0	1	380	374	45	48	2192	0	0	0	1	
3980	12763512	0	0	0	0	1	128	0	1	380	374	45	49	2212	0	0	0	1	
3981	12763545	0	0	0	0	1	128	0	1	380	374	46	49	2227	0	0	0	1	
3982	12763578	0	0	0	0	1	128	0	1	380	374	46	49	2239	0	0	0	1	
3983	12763612	0	0	0	0	1	128	0	1	378	372	45	53	2405	0	0	0	1	
3984	12763645	0	0	0	0	1	128	0	1	380	376	45	48	2197	0	0	0	1	
3985	12763678	0	0	0	0	1	128	0	1	380	376	45	48	2144	0	0	0	1	
3986	12763712	0	0	0	0	1	128	0	1	380	376	44	47	2098	0	0	0	1	
3987	12763745	0	0	0	0	1	128	0	1	380	376	44	46	2042	0	0	0	1	
3988	12763778	0	0	0	0	1	128	0	1	380	376	43	46	2012	0	0	0	1	
3989	12763812	0	0	0	0	1	128	0	1	380	376	43	46	1978	0	0	0	1	
3990	12763845	0	0	0	0	1	128	0	1	380	376	43	45	1951	0	0	0	1	
3991	12763879	0	0	0	0	1	128	0	1	380	376	43	45	1943	0	0	0	1	
3992	12763912	0	0	0	0	1	128	0	1	380	376	43	45	1940	0	0	0	1	
3993	12763945	0	0	0	0	1	128	0	1	380	376	43	45	1924	0	0	0	1	
3994	12763979	0	0	0	0	1	128	0	1	378	376	42	45	1925	0	0	0	1	
3995	12764012	0	0	0	0	1	128	0	1	378	376	42	46	1931	0	0	0	1	
3996	12764045	0	0	0	0	1	128	0	1	378	376	42	46	1945	0	0	0	1	
3997	12764079	0	0	0	0	1	128	0	1	378	378	42	46	1956	0	0	0	1	
3998	12764112	0	0	0	0	1	128	0	1	380	382	40	42	1692	0	0	0	1	
3999	12764146	0	0	0	0	1	128	0	1	378	378	43	47	2004	0	0	0	1	
4000	12764179	0	0	0	0	1	128	0	1	378	378	43	47	2022	0	0	0	1	
4001	12764212	0	0	0	0	1	128	0	1	378	378	44	47	2040	0	0	0	1	
4002	12764246	0	0	0	0	1	128	0	1	378	378	44	47	2059	0	0	0	1	
4003	12764279	0	0	0	0	1	128	0	1	378	378	44	47	2070	0	0	0	1	
4004	12764312	0	0	0	0	1	128	0	1	380	378	44	47	2086	0	0	0	1	
4005	12764346	0	0	0	0	1	128	0	1	378	378	44	47	2080	0	0	0	1	
4006	12764379	0	0	0	0	1	128	0	1	378	378	44	47	2098	0	0	0	1	
4007	12764413	0	0	0	0	1	128	0	1	378	378	44	48	2109	0	0	0	1	
4008	12764446	0	0	0	0	1	128	0	1	380	378	45	48	2121	0	0	0	1	
4009	12764479	0	0	0	0	1	128	0	1	380	378	45	48	2127	0	0	0	1	
4010	12764513	0	0	0	0	1	128	0	1	380	378	45	48	2133	0	0	0	1	
4011	12764546	0	0	0	0	1	128	0	1	380	378	45	48	2126	0	0	0	1	
4012	12764579	0	0	0	0	1	128	0	1	380	378	45	48	2137	0	0	0	1	
4013	12764613	0	0	0	0	1	128	0	1	380	378	45	48	2122	0	0	0	1	
4014	12764646	0	0	0	0	1	128	0	1	380	378	45	48	2121	0	0	0	1	
4015	12764679	0	0	0	0	1	128	0	1	380	378	45	47	2125	0	0	0	1	
4016	12764713	0	0	0	0	1	128	0	1	380	378	45	48	2138	0	0	0	1	
4017	12764746	0	0	0	0	1	128	0	1	380	376	45	48	2129	0	0	0	1	
4018	12764780	0	0	0	0	1	128	0	1	380	376	45	48	2131	0	0	0	1	
4019	12764813	0	0	0	0	1	128	0	1	380	380	42	45	1905	0	0	0	1	
4020	12764846	0	0	0	0	1	128	0	1	378	376	44	50	2209	0	0	0	1	
4021	12764880	0	0	0	0	1	128	0	1	380	376	45	48	2127	0	0	0	1	
4022	12764913	0	0	0	0	1	128	0	1	380	384	39	43	1684	0	0	0	1	
4023	12764946	0	0	0	0	1	128	0	1	380	380	42	45	1888	0	0	0	1	
4024	12764980	0	0	0	0	1	128	0	1	380	376	44	48	2105	0	0	0	1	
4025	12765013	0	0	0	0	1	128	0	1	380	376	44	47	2093	0	0	0	1	
4026	12765046	0	0	0	0	1	128	0	1	380	376	44	47	2074	0	0	0	1	
4027	12765080	0	0	0	0	1	128	0	1	376	368	43	49	2112	0	0	0	1	
4028	12765113	0	0	0	0	1	128	0	1	376	362	43	47	2035	0	0	0	1	
4029	12765147	0	0	0	0	1	128	0	1	376	362	43	47	2015	0	0	0	1	
4030	12765180	0	0	0	0	1	128	0	1	376	362	43	46	2010	0	0	0	1	
4031	12765213	0	0	0	0	1	128	0	1	376	362	43	46	2006	0	0	0	1	
4032	12765247	0	0	0	0	1	128	0	1	376	362	43	46	1992	0	0	0	1	
4033	12765280	0	0	0	0	1	128	0	1	376	362	43	46	1996	0	0	0	1	
4034	12765313	0	0	0	0	1	128	0	1	376	360	43	46	2008	0	0	0	1	
4035	12765347	0	0	0	0	1	128	0	1	376	360	43	46	2008	0	0	0	1	
4036	12765380	0	0	0	0	1	128	0	1	376	360	44	47	2035	0	0	0	1	
4037	12765414	0	0	0	0	1	128	0	1	376	360	44	47	2056	0	0	0	1	
4038	12765447	0	0	0	0	1	128	0	1	376	360	44	47	2064	0	0	0	1	
4039	12765480	0	0	0	0	1	128	0	1	376	360	44	47	2073	0	0	0	1	
4040	12765514	0	0	0	0	1	128	0	1	376	360	44	47	2090	0	0	0	1	
4041	12765547	0	0	0	0	1	128	0	1	376	360	44	48	2087	0	0	0	1	
4042	12765580	0	0	0	0	1	128	0	1	376	360	44	47	2079	0	0	0	1	
4043	12765614	0	0	0	0	1	128	0	1	376	360	43	47	2042	0	0	0	1	
4044	12765647	0	0	0	0	1	128	0	1	376	360	43	46	2009	0	0	0	1	
4045	12765680	0	0	0	0	1	128	0	1	376	360	43	46	1994	0	0	0	1	
4046	12765714	0	0	0	0	1	128	0	1	376	360	43	46	1971	0	0	0	1	
4047	12765747	0	0	0	0	1	128	0	1	376	360	43	46	1963	0	0	0	1	
4048	12765781	0	0	0	0	1	128	0	1	376	360	43	46	1958	0	0	0	1	
4049	12765814	0	0	0	0	1	128	0	1	376	360	43	46	1939	0	0	0	1	
4050	12765847	0	0	0	0	1	128	0	1	374	362	43	45	1912	0	0	0	1	
4051	12765881	0	0	0	0	1	128	0	1	356	374	39	45	1761	0	0	0	1	
4052	12765914	0	0	0	0	1	128	0	1	354	376	40	45	1775	0	0	0	1	
4053	12765947	0	0	0	0	1	128	0	1	356	376	40	45	1768	0	0	0	1	
4054	12765981	0	0	0	0	1	128	0	1	356	376	39	45	1756	0	0	0	1	
4055	12766014	0	0	0	0	1	128	0	1	356	376	39	44	1743	0	0	0	1	
4056	12766048	0	0	0	0	1	128	0	1	356	376	39	44	1741	0	0	0	1	
4057	12766081	0	0	0	0	1	128	0	1	354	376	39	44	1724	0	0	0	1	
4058	12766114	0	0	0	0	1	128	0	1	354	376	39	44	1706	0	0	0	1	
4059	12766148	0	0	0	0	1	128	0	1	354	376	39	44	1711	0	0	0	1	
4060	12766181	0	0	0	0	1	128	0	1	354	376	39	44	1722	0	0	0	1	
4061	12766214	0	0	0	0	1	128	0	1	354	376	39	44	1723	0	0	0	1	
4062	12766248	0	0	0	0	1	128	0	1	354	376	39	44	1740	0	0	0	1	
4063	12766281	0	0	0	0	1	128	0	1	354	376	39	45	1744	0	0	0	1	
4064	12766314	0	0	0	0	1	128	0	1	354	378	39	45	1748	0	0	0	1	
4065	12766348	0	0	0	0	1	128	0	1	354	376	39	44	1734	0	0	0	1	
4066	12766381	0	0	0	0	1	128	0	1	356	378	39	45	1744	0	0	0	1	
4067	12766415	0	0	0	0	1	128	0	1	356	378	39	44	1734	0	0	0	1	
4068	12766448	0	0	0	0	1	128	0	1	356	378	39	44	1738	0	0	0	1	
4069	12766481	0	0	0	0	1	128	0	1	356	378	39	44	1735	0	0	0	1	
4070	12766515	0	0	0	0	1	128	0	1	356	378	39	44	1740	0	0	0	1	
4071	12766548	0	0	0	0	1	128	0	1	356	378	39	45	1754	0	0	0	1	
4072	12766581	0	0	0	0	1	128	0	1	368	364	41	46	1904	0	0	0	1	
4073	12766615	0	0	0	0	1	128	0	1	372	358	42	45	1900	0	0	0	1	
4074	12766648	0	0	0	0	1	128	0	1	372	360	42	46	1913	0	0	0	1	
4075	12766682	0	0	0	0	1	128	0	1	372	360	42	46	1931	0	0	0	1	
4076	12766715	0	0	0	0	1	128	0	1	372	360	42	46	1944	0	0	0	1	
4077	12766748	0	0	0	0	1	128	0	1	372	352	43	54	2325	0	0	0	1	
4078	12766782	0	0	0	0	1	128	0	1	372	358	43	47	1996	0	0	0	1	
4079	12766815	0	0	0	0	1	128	0	1	374	358	43	47	2035	0	0	0	1	
4080	12766848	0	0	0	0	1	128	0	1	374	358	44	47	2054	0	0	0	1	
4081	12766882	0	0	0	0	1	128	0	1	374	358	44	48	2087	0	0	0	1	
4082	12766915	0	0	0	0	1	128	0	1	374	358	44	48	2100	0	0	0	1	
4083	12766949	0	0	0	0	1	128	0	1	374	358	44	48	2117	0	0	0	1	
4084	12766982	0	0	0	0	1	128	0	1	374	358	44	48	2145	0	0	0	1	
4085	12767015	0	0	0	0	1	128	0	1	374	358	45	48	2174	0	0	0	1	
4086	12767049	0	0	0	0	1	128	0	1	374	358	45	48	2175	0	0	0	1	
4087	12767082	0	0	0	0	1	128	0	1	374	358	45	48	2181	0	0	0	1	
4088	12767115	0	0	0	0	1	128	0	1	374	358	44	48	2150	0	0	0	1	
4089	12767149	0	0	0	0	1	128	0	1	374	358	44	48	2120	0	0	0	1	
4090	12767182	0	0	0	0	1	128	0	1	374	358	44	48	2111	0	0	0	1	
4091	12767215	0	0	0	0	1	128	0	1	374	358	44	48	2086	0	0	0	1	
4092	12767249	0	0	0	0	1	128	0	1	374	358	44	48	2091	0	0	0	1	
4093	12767282	0	0	0	0	1	128	0	1	374	358	44	48	2079	0	0	0	1	
4094	12767316	0	0	0	0	1	128	0	1	374	378	43	47	2025	0	0	0	1	
4095	12767349	0	0	0	0	1	128	0	1	370	386	43	48	2026	0	0	0	1	
4096	12767382	0	0	0	0	1	128	0	1	370	386	43	48	2050	0	0	0	1	
4097	12767416	0	0	0	0	1	128	0	1	370	386	43	48	2050	0	0	0	1	
4098	12767449	0	0	0	0	1	128	0	1	370	386	43	48	2057	0	0	0	1	
4099	12767482	0	0	0	0	1	128	0	1	370	386	43	49	2110	0	0	0	1	
4100	12767516	0	0	0	0	1	128	0	1	370	386	43	48	2061	0	0	0	1	
4101	12767549	0	0	0	0	1	128	0	1	370	386	43	48	2059	0	0	0	1	
4102	12767583	0	0	0	0	1	128	0	1	370	386	43	48	2047	0	0	0	1	
4103	12767616	0	0	0	0	1	128	0	1	370	386	43	47	2028	0	0	0	1	
4104	12767649	0	0	0	0	1	128	0	1	370	386	43	47	2021	0	0	0	1	
4105	12767683	0	0	0	0	1	128	0	1	370	386	43	47	2009	0	0	0	1	
4106	12767716	0	0	0	0	1	128	0	1	370	386	43	47	2003	0	0	0	1	
4107	12767749	0	0	0	0	1	128	0	1	370	386	43	47	2002	0	0	0	1	
4108	12767783	0	0	0	0	1	128	0	1	370	386	42	47	1999	0	0	0	1	
4109	12767816	0	0	0	0	1	128	0	1	370	386	43	47	2000	0	0	0	1	
4110	12767849	0	0	0	0	1	128	0	1	370	386	42	47	1995	0	0	0	1	
4111	12767883	0	0	0	0	1	128	0	1	370	386	43	47	1999	0	0	0	1	
4112	12767916	0	0	0	0	1	128	0	1	370	386	42	47	1994	0	0	0	1	
4113	12767950	0	0	0	0	1	128	0	1	370	386	42	47	2007	0	0	0	1	
4114	12767983	0	0	0	0	1	128	0	1	372	386	43	48	2028	0	0	0	1	
4115	12768016	0	0	0	0	1	128	0	1	372	386	43	48	2051	0	0	0	1	
4116	12768050	0	0	0	0	1	128	0	1	370	390	43	48	2057	0	0	0	1	
4117	12768083	0	0	0	0	1	128	0	1	366	400	42	48	2006	0	0	0	1	
4118	12768116	0	0	0	0	1	128	0	1	366	400	42	48	2018	0	0	0	1	
4119	12768150	0	0	0	0	1	128	0	1	366	400	42	48	2040	0	0	0	1	
4120	12768183	0	0	0	0	1	128	0	1	366	400	42	49	2050	0	0	0	1	
4121	12768217	0	0	0	0	1	128	0	1	366	400	43	49	2076	0	0	0	1	
4122	12768250	0	0	0	0	1	128	0	1	366	400	42	49	2082	0	0	0	1	
4123	12768283	0	0	0	0	1	128	0	1	366	400	42	49	2076	0	0	0	1	
4124	12768317	0	0	0	0	1	128	0	1	366	400	42	49	2076	0	0	0	1	
4125	12768350	0	0	0	0	1	128	0	1	366	400	42	49	2063	0	0	0	1	
4126	12768383	0	0	0	0	1	128	0	1	366	400	42	48	2037	0	0	0	1	
4127	12768417	0	0	0	0	1	128	0	1	366	400	42	48	2002	0	0	0	1	
4128	12768450	0	0	0	0	1	128	0	1	366	400	41	48	1972	0	0	0	1	
4129	12768483	0	0	0	0	1	128	0	1	366	400	41	47	1947	0	0	0	1	
4130	12768517	0	0	0	0	1	128	0	1	366	400	41	47	1924	0	0	0	1	
4131	12768550	0	0	0	0	1	128	0	1	366	400	41	47	1902	0	0	0	1	
4132	12768584	0	0	0	0	1	128	0	1	366	400	40	47	1899	0	0	0	1	
4133	12768617	0	0	0	0	1	128	0	1	366	400	40	47	1883	0	0	0	1	
4134	12768650	0	0	0	0	1	128	0	1	366	400	40	46	1873	0	0	0	1	
4135	12768684	0	0	0	0	1	128	0	1	366	400	40	46	1863	0	0	0	1	
4136	12768717	0	0	0	0	1	128	0	1	366	400	40	46	1848	0	0	0	1	
4137	12768750	0	0	0	0	1	128	0	1	366	400	40	46	1853	0	0	0	1	
4138	12768784	0	0	0	0	1	128	0	1	366	400	40	46	1853	0	0	0	1	
4139	12768817	0	0	0	0	1	128	0	1	366	400	40	46	1859	0	0	0	1	
4140	12768851	0	0	0	0	1	128	0	1	366	400	40	46	1868	0	0	0	1	
4141	12768884	0	0	0	0	1	128	0	1	366	400	40	46	1869	0	0	0	1	
4142	12768917	0	0	0	0	1	128	0	1	366	400	41	46	1886	0	0	0	1	
4143	12768951	0	0	0	0	1	128	0	1	366	400	41	47	1902	0	0	0	1	
4144	12768984	0	0	0	0	1	128	0	1	366	400	41	47	1915	0	0	0	1	
4145	12769017	0	0	0	0	1	128	0	1	366	400	41	47	1935	0	0	0	1	
4146	12769051	0	0	0	0	1	128	0	1	366	400	41	47	1949	0	0	0	1	
4147	12769084	0	0	0	0	1	128	0	1	366	400	41	47	1955	0	0	0	1	
4148	12769117	0	0	0	0	1	128	0	1	366	400	41	47	1952	0	0	0	1	
4149	12769151	0	0	0	0	1	128	0	1	366	400	41	47	1954	0	0	0	1	
4150	12769184	0	0	0	0	1	128	0	1	366	400	41	47	1937	0	0	0	1	
4151	12769218	0	0	0	0	1	128	0	1	366	400	41	47	1926	0	0	0	1	
4152	12769251	0	0	0	0	1	128	0	1	366	400	41	47	1907	0	0	0	1	
4153	12769284	0	0	0	0	1	128	0	1	366	400	41	47	1895	0	0	0	1	
4154	12769318	0	0	0	0	1	128	0	1	366	400	40	47	1882	0	0	0	1	
4155	12769351	0	0	0	0	1	128	0	1	366	400	40	46	1878	0	0	0	1	
4156	12769384	0	0	0	0	1	128	0	1	366	400	40	46	1869	0	0	0	1	
4157	12769418	0	0	0	0	1	128	0	1	366	400	40	46	1860	0	0	0	1	
4158	12769451	0	0	0	0	1	128	0	1	366	400	40	46	1855	0	0	0	1	
4159	12769484	0	0	0	0	1	128	0	1	366	400	40	46	1839	0	0	0	1	
4160	12769518	0	0	0	0	1	128	0	1	366	400	40	46	1825	0	0	0	1	
4161	12769551	0	0	0	0	1	128	0	1	366	400	40	45	1803	0	0	0	1	
4162	12769585	0	0	0	0	1	128	0	1	366	400	39	45	1787	0	0	0	1	
4163	12769618	0	0	0	0	1	128	0	1	366	400	39	45	1785	0	0	0	1	
4164	12769651	0	0	0	0	1	128	0	1	366	400	39	45	1780	0	0	0	1	
4165	12769685	0	0	0	0	1	128	0	1	366	402	39	45	1777	0	0	0	1	
4166	12769718	0	0	0	0	1	128	0	1	366	400	39	45	1783	0	0	0	1	
4167	12769751	0	0	0	0	1	128	0	1	366	402	39	45	1768	0	0	0	1	
4168	12769785	0	0	0	0	1	128	0	1	366	402	39	45	1761	0	0	0	1	
4169	12769818	0	0	0	0	1	128	0	1	366	400	39	45	1777	0	0	0	1	
4170	12769852	0	0	0	0	1	128	0	1	366	400	39	45	1771	0	0	0	1	
4171	12769885	0	0	0	0	1	128	0	1	366	400	39	45	1768	0	0	0	1	
4172	12769918	0	0	0	0	1	128	0	1	366	400	39	45	1783	0	0	0	1	
4173	12769952	0	0	0	0	1	128	0	1	366	400	39	46	1791	0	0	0	1	
4174	12769985	0	0	0	0	1	128	0	1	370	394	41	46	1867	0	0	0	1	
4175	12770018	0	0	0	0	1	128	0	1	372	392	41	46	1868	0	0	0	1	
4176	12770052	0	0	0	0	1	128	0	1	372	392	41	46	1880	0	0	0	1	
4177	12770085	0	0	0	0	1	128	0	1	374	392	41	46	1898	0	0	0	1	
4178	12770119	0	0	0	0	1	128	0	1	374	392	41	46	1922	0	0	0	1	
4179	12770152	0	0	0	0	1	128	0	1	374	390	42	47	1949	0	0	0	1	
4180	12770185	0	0	0	0	1	128	0	1	374	390	42	47	1980	0	0	0	1	
4181	12770219	0	0	0	0	1	128	0	1	376	390	42	47	2003	0	0	0	1	
4182	12770252	0	0	0	0	1	128	0	1	376	390	43	48	2036	0	0	0	1	
4183	12770285	0	0	0	0	1	128	0	1	376	388	43	48	2076	0	0	0	1	
4184	12770319	0	0	0	0	1	128	0	1	378	388	44	48	2101	0	0	0	1	
4185	12770352	0	0	0	0	1	128	0	1	378	388	44	48	2132	0	0	0	1	
4186	12770385	0	0	0	0	1	128	0	1	378	386	44	49	2163	0	0	0	1	
4187	12770419	0	0	0	0	1	128	0	1	378	386	45	49	2178	0	0	0	1	
4188	12770452	0	0	0	0	1	128	0	1	380	386	45	49	2196	0	0	0	1	
4189	12770486	0	0	0	0	1	128	0	1	380	386	45	49	2197	0	0	0	1	
4190	12770519	0	0	0	0	1	128	0	1	378	388	44	49	2169	0	0	0	1	
4191	12770552	0	0	0	0	1	128	0	1	378	390	44	49	2174	0	0	0	1	
4192	12770586	0	0	0	0	1	128	0	1	378	390	44	49	2170	0	0	0	1	
4193	12770619	0	0	0	0	1	128	0	1	376	390	44	49	2157	0	0	0	1	
4194	12770652	0	0	0	0	1	128	0	1	378	390	44	49	2162	0	0	0	1	
4195	12770686	0	0	0	0	1	128	0	1	378	390	44	49	2159	0	0	0	1	
4196	12770719	0	0	0	0	1	128	0	1	378	390	44	49	2159	0	0	0	1	
4197	12770752	0	0	0	0	1	128	0	1	376	390	44	49	2157	0	0	0	1	
4198	12770786	0	0	0	0	1	128	0	1	378	390	44	49	2156	0	0	0	1	
4199	12770819	0	0	0	0	1	128	0	1	378	390	44	49	2155	0	0	0	1	
4200	12770853	0	0	0	0	1	128	0	1	378	390	44	49	2147	0	0	0	1	
4201	12770886	0	0	0	0	1	128	0	1	378	390	44	49	2150	0	0	0	1	
4202	12770919	0	0	0	0	1	128	0	1	378	390	44	49	2152	0	0	0	1	
4203	12770953	0	0	0	0	1	128	0	1	376	390	44	49	2129	0	0	0	1	
4204	12770986	0	0	0	0	1	128	0	1	376	390	44	49	2126	0	0	0	1	
4205	12771019	0	0	0	0	1	128	0	1	376	390	44	48	2112	0	0	0	1	
4206	12771053	0	0	0	0	1	128	0	1	376	390	44	48	2102	0	0	0	1	
4207	12771086	0	0	0	0	1	128	0	1	378	390	43	48	2080	0	0	0	1	
4208	12771120	0	0	0	0	1	128	0	1	378	390	43	48	2062	0	0	0	1	
4209	12771153	0	0	0	0	1	128	0	1	378	390	43	48	2051	0	0	0	1	
4210	12771186	0	0	0	0	1	128	0	1	378	390	43	47	2041	0	0	0	1	
4211	12771220	0	0	0	0	1	128	0	1	378	390	43	47	2029	0	0	0	1	
4212	12771253	0	0	0	0	1	128	0	1	378	390	43	47	2026	0	0	0	1	
4213	12771286	0	0	0	0	1	128	0	1	378	390	43	47	2016	0	0	0	1	
4214	12771320	0	0	0	0	1	128	0	1	378	390	43	47	2009	0	0	0	1	
4215	12771353	0	0	0	0	1	128	0	1	378	390	43	47	2000	0	0	0	1	
4216	12771387	0	0	0	0	1	128	0	1	378	390	43	47	1993	0	0	0	1	
4217	12771420	0	0	0	0	1	128	0	1	378	390	42	47	1977	0	0	0	1	
4218	12771453	0	0	0	0	1	128	0	1	378	390	42	46	1964	0	0	0	1	
4219	12771487	0	0	0	0	1	128	0	1	376	388	42	46	1942	0	0	0	1	
4220	12771520	0	0	0	0	1	128	0	1	374	384	42	46	1938	0	0	0	1	
4221	12771553	0	0	0	0	1	128	0	1	374	382	42	46	1917	0	0	0	1	
4222	12771587	0	0	0	0	1	128	0	1	372	382	42	46	1915	0	0	0	1	
4223	12771620	0	0	0	0	1	128	0	1	372	382	42	46	1909	0	0	0	1	
4224	12771653	0	0	0	0	1	128	0	1	372	380	42	46	1910	0	0	0	1	
4225	12771687	0	0	0	0	1	128	0	1	372	380	42	46	1919	0	0	0	1	
4226	12771720	0	0	0	0	1	128	0	1	372	378	42	46	1916	0	0	0	1	
4227	12771754	0	0	0	0	1	128	0	1	372	378	42	46	1926	0	0	0	1	
4228	12771787	0	0	0	0	1	128	0	1	370	378	42	46	1946	0	0	0	1	
4229	12771820	0	0	0	0	1	128	0	1	370	378	42	46	1965	0	0	0	1	
4230	12771854	0	0	0	0	1	128	0	1	370	378	43	46	1974	0	0	0	1	
4231	12771887	0	0	0	0	1	128	0	1	368	374	42	47	1991	0	0	0	1	
4232	12771920	0	0	0	0	1	128	0	1	368	372	43	47	1995	0	0	0	1	
4233	12771954	0	0	0	0	1	128	0	1	368	372	43	47	2003	0	0	0	1	
4234	12771987	0	0	0	0	1	128	0	1	368	372	43	47	2005	0	0	0	1	
4235	12772021	0	0	0	0	1	128	0	1	368	372	43	47	2011	0	0	0	1	
4236	12772054	0	0	0	0	1	128	0	1	368	372	43	47	2005	0	0	0	1	
4237	12772087	0	0	0	0	1	128	0	1	368	372	43	47	2012	0	0	0	1	
4238	12772121	0	0	0	0	1	128	0	1	364	368	42	47	1992	0	0	0	1	
4239	12772154	0	0	0	0	1	128	0	1	364	368	42	47	1995	0	0	0	1	
4240	12772187	0	0	0	0	1	128	0	1	364	368	42	47	2004	0	0	0	1	
4241	12772221	0	0	0	0	1	128	0	1	364	368	42	47	2008	0	0	0	1	
4242	12772254	0	0	0	0	1	128	0	1	364	368	43	47	2011	0	0	0	1	
4243	12772287	0	0	0	0	1	128	0	1	364	368	43	47	2017	0	0	0	1	
4244	12772321	0	0	0	0	1	128	0	1	364	368	43	47	2009	0	0	0	1	
4245	12772354	0	0	0	0	1	128	0	1	364	368	43	47	2020	0	0	0	1	
4246	12772388	0	0	0	0	1	128	0	1	362	362	43	47	2000	0	0	0	1	
4247	12772421	0	0	0	0	1	128	0	1	362	362	43	47	1999	0	0	0	1	
4248	12772454	0	0	0	0	1	128	0	1	362	362	43	47	2004	0	0	0	1	
4249	12772488	0	0	0	0	1	128	0	1	362	362	43	47	2006	0	0	0	1	
4250	12772521	0	0	0	0	1	128	0	1	362	362	43	47	2010	0	0	0	1	
4251	12772554	0	0	0	0	1	128	0	1	362	360	43	48	2037	0	0	0	1	
4252	12772588	0	0	0	0	1	128	0	1	360	358	43	48	2035	0	0	0	1	
4253	12772621	0	0	0	0	1	128	0	1	360	358	42	48	2036	0	0	0	1	
4254	12772655	0	0	0	0	1	128	0	1	360	358	43	48	2046	0	0	0	1	
4255	12772688	0	0	0	0	1	128	0	1	360	358	43	48	2058	0	0	0	1	
4256	12772721	0	0	0	0	1	128	0	1	362	360	43	48	2083	0	0	0	1	
4257	12772755	0	0	0	0	1	128	0	1	362	360	43	48	2072	0	0	0	1	
4258	12772788	0	0	0	0	1	128	0	1	362	362	43	48	2087	0	0	0	1	
4259	12772821	0	0	0	0	1	128	0	1	362	362	43	48	2085	0	0	0	1	
4260	12772855	0	0	0	0	1	128	0	1	362	362	43	48	2074	0	0	0	1	
4261	12772888	0	0	0	0	1	128	0	1	362	362	43	48	2072	0	0	0	1	
4262	12772922	0	0	0	0	1	128	0	1	362	362	43	47	2040	0	0	0	1	
4263	12772955	0	0	0	0	1	128	0	1	362	362	43	47	2016	0	0	0	1	
4264	12772988	0	0	0	0	1	128	0	1	362	362	42	47	1995	0	0	0	1	
4265	12773022	0	0	0	0	1	128	0	1	362	362	42	47	1989	0	0	0	1	
4266	12773055	0	0	0	0	1	128	0	1	362	362	42	47	1981	0	0	0	1	
4267	12773088	0	0	0	0	1	128	0	1	362	362	42	47	1981	0	0	0	1	
4268	12773122	0	0	0	0	1	128	0	1	362	362	42	47	1965	0	0	0	1	
4269	12773155	0	0	0	0	1	128	0	1	362	362	42	47	1972	0	0	0	1	
4270	12773188	0	0	0	0	1	128	0	1	362	362	42	47	1962	0	0	0	1	
4271	12773222	0	0	0	0	1	128	0	1	362	362	42	47	1970	0	0	0	1	
4272	12773255	0	0	0	0	1	128	0	1	362	362	42	47	1980	0	0	0	1	
4273	12773288	0	0	0	0	1	128	0	1	362	362	42	47	1976	0	0	0	1	
4274	12773322	0	0	0	0	1	128	0	1	362	362	42	47	1975	0	0	0	1	
4275	12773355	0	0	0	0	1	128	0	1	362	362	42	47	1980	0	0	0	1	
4276	12773389	0	0	0	0	1	128	0	1	362	360	42	47	1984	0	0	0	1	
4277	12773422	0	0	0	0	1	128	0	1	362	360	42	47	1993	0	0	0	1	
4278	12773455	0	0	0	0	1	128	0	1	362	360	42	47	1988	0	0	0	1	
4279	12773489	0	0	0	0	1	128	0	1	362	360	42	47	1994	0	0	0	1	
4280	12773522	0	0	0	0	1	128	0	1	362	362	42	47	1991	0	0	0	1	
4281	12773555	0	0	0	0	1	128	0	1	362	362	42	47	1990	0	0	0	1	
4282	12773589	0	0	0	0	1	128	0	1	362	362	42	47	1997	0	0	0	1	
4283	12773622	0	0	0	0	1	128	0	1	362	362	43	47	2013	0	0	0	1	
4284	12773656	0	0	0	0	1	128	0	1	366	354	43	48	2071	0	0	0	1	
4285	12773689	0	0	0	0	1	128	0	1	374	342	44	47	2087	0	0	0	1	
4286	12773722	0	0	0	0	1	128	0	1	376	342	45	47	2105	0	0	0	1	
4287	12773756	0	0	0	0	1	128	0	1	376	342	45	47	2132	0	0	0	1	
4288	12773789	0	0	0	0	1	128	0	1	376	342	45	47	2149	0	0	0	1	
4289	12773822	0	0	0	0	1	128	0	1	376	342	45	48	2160	0	0	0	1	
4290	12773856	0	0	0	0	1	128	0	1	378	336	46	52	2397	0	0	0	1	
4291	12773889	0	0	0	0	1	128	0	1	380	340	46	48	2182	0	0	0	1	
4292	12773923	0	0	0	0	1	128	0	1	380	340	46	48	2206	0	0	0	1	
4293	12773956	0	0	0	0	1	128	0	1	380	340	46	48	2230	0	0	0	1	
4294	12773989	0	0	0	0	1	128	0	1	380	340	46	49	2241	0	0	0	1	
4295	12774023	0	0	0	0	1	128	0	1	380	342	46	49	2241	0	0	0	1	
4296	12774056	0	0	0	0	1	128	0	1	380	342	46	49	2249	0	0	0	1	
4297	12774089	0	0	0	0	1	128	0	1	380	342	46	49	2246	0	0	0	1	
4298	12774123	0	0	0	0	1	128	0	1	380	342	46	48	2245	0	0	0	1	
4299	12774156	0	0	0	0	1	128	0	1	380	342	46	48	2221	0	0	0	1	
4300	12774189	0	0	0	0	1	128	0	1	380	342	45	48	2177	0	0	0	1	
4301	12774223	0	0	0	0	1	128	0	1	380	342	45	48	2164	0	0	0	1	
4302	12774256	0	0	0	0	1	128	0	1	380	342	45	47	2123	0	0	0	1	
4303	12774290	0	0	0	0	1	128	0	1	380	342	45	47	2095	0	0	0	1	
4304	12774323	0	0	0	0	1	128	0	1	378	342	44	47	2074	0	0	0	1	
4305	12774356	0	0	0	0	1	128	0	1	378	342	44	47	2067	0	0	0	1	
4306	12774390	0	0	0	0	1	128	0	1	398	350	45	47	2096	0	0	0	1	
4307	12774423	0	0	0	0	1	128	0	1	408	354	46	47	2156	0	0	0	1	
4308	12774456	0	0	0	0	1	128	0	1	408	354	46	47	2139	0	0	0	1	
4309	12774490	0	0	0	0	1	128	0	1	408	354	46	47	2151	0	0	0	1	
4310	12774523	0	0	0	0	1	128	0	1	408	354	46	47	2155	0	0	0	1	
4311	12774556	0	0	0	0	1	128	0	1	408	354	46	47	2174	0	0	0	1	
4312	12774590	0	0	0	0	1	128	0	1	408	354	46	47	2187	0	0	0	1	
4313	12774623	0	0	0	0	1	128	0	1	408	354	46	47	2191	0	0	0	1	
4314	12774657	0	0	0	0	1	128	0	1	408	354	46	47	2201	0	0	0	1	
4315	12774690	0	0	0	0	1	128	0	1	408	354	47	47	2214	0	0	0	1	
4316	12774723	0	0	0	0	1	128	0	1	408	354	46	47	2206	0	0	0	1	
4317	12774757	0	0	0	0	1	128	0	1	408	354	46	47	2196	0	0	0	1	
4318	12774790	0	0	0	0	1	128	0	1	408	354	46	47	2169	0	0	0	1	
4319	12774823	0	0	0	0	1	128	0	1	408	354	46	47	2142	0	0	0	1	
4320	12774857	0	0	0	0	1	128	0	1	408	354	45	47	2133	0	0	0	1	
4321	12774890	0	0	0	0	1	128	0	1	408	354	45	47	2106	0	0	0	1	
4322	12774924	0	0	0	0	1	128	0	1	408	354	45	46	2089	0	0	0	1	
4323	12774957	0	0	0	0	1	128	0	1	408	354	45	46	2086	0	0	0	1	
4324	12774990	0	0	0	0	1	128	0	1	408	354	45	46	2079	0	0	0	1	
4325	12775024	0	0	0	0	1	128	0	1	406	354	45	46	2085	0	0	0	1	
4326	12775057	0	0	0	0	1	128	0	1	406	354	45	46	2095	0	0	0	1	
4327	12775090	0	0	0	0	1	128	0	1	406	354	45	46	2096	0	0	0	1	
4328	12775124	0	0	0	0	1	128	0	1	406	354	45	46	2097	0	0	0	1	
4329	12775157	0	0	0	0	1	128	0	1	406	354	45	47	2116	0	0	0	1	
4330	12775190	0	0	0	0	1	128	0	1	406	354	46	47	2120	0	0	0	1	
4331	12775224	0	0	0	0	1	128	0	1	400	358	45	47	2128	0	0	0	1	
4332	12775257	0	0	0	0	1	128	0	1	400	360	46	47	2140	0	0	0	1	
4333	12775291	0	0	0	0	1	128	0	1	398	360	46	47	2142	0	0	0	1	
4334	12775324	0	0	0	0	1	128	0	1	396	364	45	47	2114	0	0	0	1	
4335	12775357	0	0	0	0	1	128	0	1	394	366	45	47	2153	0	0	0	1	
4336	12775391	0	0	0	0	1	128	0	1	392	368	45	48	2149	0	0	0	1	
4337	12775424	0	0	0	0	1	128	0	1	392	368	45	48	2174	0	0	0	1	
4338	12775457	0	0	0	0	1	128	0	1	392	368	45	48	2159	0	0	0	1	
4339	12775491	0	0	0	0	1	128	0	1	390	370	46	48	2178	0	0	0	1	
4340	12775524	0	0	0	0	1	128	0	1	390	370	45	48	2158	0	0	0	1	
4341	12775558	0	0	0	0	1	128	0	1	388	370	45	48	2136	0	0	0	1	
4342	12775591	0	0	0	0	1	128	0	1	388	372	45	47	2124	0	0	0	1	
4343	12775624	0	0	0	0	1	128	0	1	388	372	45	47	2103	0	0	0	1	
4344	12775658	0	0	0	0	1	128	0	1	384	374	44	47	2064	0	0	0	1	
4345	12775691	0	0	0	0	1	128	0	1	382	376	44	47	2052	0	0	0	1	
4346	12775724	0	0	0	0	1	128	0	1	382	376	44	47	2047	0	0	0	1	
4347	12775758	0	0	0	0	1	128	0	1	380	378	43	47	2024	0	0	0	1	
4348	12775791	0	0	0	0	1	128	0	1	380	380	43	47	2023	0	0	0	1	
4349	12775824	0	0	0	0	1	128	0	1	378	380	43	47	2031	0	0	0	1	
4350	12775858	0	0	0	0	1	128	0	1	378	382	43	47	2026	0	0	0	1	
4351	12775891	0	0	0	0	1	128	0	1	378	382	43	47	2001	0	0	0	1	
4352	12775925	0	0	0	0	1	128	0	1	374	384	42	47	1974	0	0	0	1	
4353	12775958	0	0	0	0	1	128	0	1	374	384	42	47	1993	0	0	0	1	
4354	12775991	0	0	0	0	1	128	0	1	374	384	42	47	2001	0	0	0	1	
4355	12776025	0	0	0	0	1	128	0	1	374	384	43	47	2011	0	0	0	1	
4356	12776058	0	0	0	0	1	128	0	1	374	384	43	47	2021	0	0	0	1	
4357	12776091	0	0	0	0	1	128	0	1	374	384	43	48	2048	0	0	0	1	
4358	12776125	0	0	0	0	1	128	0	1	382	382	41	45	1857	0	0	0	1	
4359	12776158	0	0	0	0	1	128	0	1	380	380	44	48	2116	0	0	0	1	
4360	12776192	0	0	0	0	1	128	0	1	380	380	44	48	2119	0	0	0	1	
4361	12776225	0	0	0	0	1	128	0	1	380	380	44	48	2148	0	0	0	1	
4362	12776258	0	0	0	0	1	128	0	1	380	380	45	48	2178	0	0	0	1	
4363	12776292	0	0	0	0	1	128	0	1	380	380	45	49	2193	0	0	0	1	
4364	12776325	0	0	0	0	1	128	0	1	380	380	45	49	2213	0	0	0	1	
4365	12776358	0	0	0	0	1	128	0	1	380	380	45	49	2235	0	0	0	1	
4366	12776392	0	0	0	0	1	128	0	1	380	380	45	49	2239	0	0	0	1	
4367	12776425	0	0	0	0	1	128	0	1	380	380	46	49	2252	0	0	0	1	
4368	12776459	0	0	0	0	1	128	0	1	380	380	45	50	2259	0	0	0	1	
4369	12776492	0	0	0	0	1	128	0	1	380	380	46	50	2268	0	0	0	1	
4370	12776525	0	0	0	0	1	128	0	1	380	380	46	49	2253	0	0	0	1	
4371	12776559	0	0	0	0	1	128	0	1	380	380	45	50	2248	0	0	0	1	
4372	12776592	0	0	0	0	1	128	0	1	380	380	45	49	2235	0	0	0	1	
4373	12776625	0	0	0	0	1	128	0	1	380	380	45	49	2218	0	0	0	1	
4374	12776659	0	0	0	0	1	128	0	1	380	380	45	49	2207	0	0	0	1	
4375	12776692	0	0	0	0	1	128	0	1	380	380	45	49	2195	0	0	0	1	
4376	12776725	0	0	0	0	1	128	0	1	380	394	40	45	1817	0	0	0	1	
4377	12776759	0	0	0	0	1	128	0	1	376	392	43	48	2101	0	0	0	1	
4378	12776792	0	0	0	0	1	128	0	1	378	392	43	48	2089	0	0	0	1	
4379	12776826	0	0	0	0	1	128	0	1	378	394	43	48	2076	0	0	0	1	
4380	12776859	0	0	0	0	1	128	0	1	378	394	43	48	2061	0	0	0	1	
4381	12776892	0	0	0	0	1	128	0	1	376	396	43	48	2030	0	0	0	1	
4382	12776926	0	0	0	0	1	128	0	1	376	396	42	48	2025	0	0	0	1	
4383	12776959	0	0	0	0	1	128	0	1	376	396	42	47	2007	0	0	0	1	
4384	12776992	0	0	0	0	1	128	0	1	376	396	42	47	1989	0	0	0	1	
4385	12777026	0	0	0	0	1	128	0	1	376	396	42	47	1971	0	0	0	1	
4386	12777059	0	0	0	0	1	128	0	1	376	396	42	47	1964	0	0	0	1	
4387	12777092	0	0	0	0	1	128	0	1	376	396	42	46	1941	0	0	0	1	
4388	12777126	0	0	0	0	1	128	0	1	376	396	42	46	1935	0	0	0	1	
4389	12777159	0	0	0	0	1	128	0	1	376	396	42	46	1917	0	0	0	1	
4390	12777193	0	0	0	0	1	128	0	1	376	396	42	46	1918	0	0	0	1	
4391	12777226	0	0	0	0	1	128	0	1	376	396	42	46	1916	0	0	0	1	
4392	12777259	0	0	0	0	1	128	0	1	376	396	41	46	1906	0	0	0	1	
4393	12777293	0	0	0	0	1	128	0	1	376	396	42	46	1913	0	0	0	1	
4394	12777326	0	0	0	0	1	128	0	1	376	396	42	46	1924	0	0	0	1	
4395	12777360	0	0	0	0	1	128	0	1	376	396	42	46	1932	0	0	0	1	
4396	12777393	0	0	0	0	1	128	0	1	376	396	42	46	1945	0	0	0	1	
4397	12777426	0	0	0	0	1	128	0	1	376	396	42	46	1948	0	0	0	1	
4398	12777460	0	0	0	0	1	128	0	1	374	386	42	48	2007	0	0	0	1	
4399	12777493	0	0	0	0	1	128	0	1	376	378	43	47	2011	0	0	0	1	
4400	12777526	0	0	0	0	1	128	0	1	376	378	43	46	2000	0	0	0	1	
4401	12777560	0	0	0	0	1	128	0	1	376	378	43	47	2008	0	0	0	1	
4402	12777593	0	0	0	0	1	128	0	1	376	378	43	46	2001	0	0	0	1	
4403	12777626	0	0	0	0	1	128	0	1	376	378	43	47	2019	0	0	0	1	
4404	12777660	0	0	0	0	1	128	0	1	376	380	43	46	2009	0	0	0	1	
4405	12777693	0	0	0	0	1	128	0	1	376	380	44	47	2024	0	0	0	1	
4406	12777727	0	0	0	0	1	128	0	1	376	380	43	47	2035	0	0	0	1	
4407	12777760	0	0	0	0	1	128	0	1	376	380	44	47	2034	0	0	0	1	
4408	12777793	0	0	0	0	1	128	0	1	376	380	44	47	2051	0	0	0	1	
4409	12777827	0	0	0	0	1	128	0	1	376	380	43	47	1991	0	0	0	1	
4410	12777860	0	0	0	0	1	128	0	1	376	378	44	47	2058	0	0	0	1	
4411	12777893	0	0	0	0	1	128	0	1	376	378	44	47	2050	0	0	0	1	
4412	12777927	0	0	0	0	1	128	0	1	376	380	43	47	2030	0	0	0	1	
4413	12777960	0	0	0	0	1	128	0	1	376	380	44	47	2028	0	0	0	1	
4414	12777993	0	0	0	0	1	128	0	1	376	380	43	47	2017	0	0	0	1	
4415	12778027	0	0	0	0	1	128	0	1	376	380	43	47	2012	0	0	0	1	
4416	12778060	0	0	0	0	1	128	0	1	376	380	43	47	2000	0	0	0	1	
4417	12778094	0	0	0	0	1	128	0	1	376	380	43	47	1994	0	0	0	1	
4418	12778127	0	0	0	0	1	128	0	1	376	380	43	46	1995	0	0	0	1	
4419	12778160	0	0	0	0	1	128	0	1	376	380	43	47	2002	0	0	0	1	
4420	12778194	0	0	0	0	1	128	0	1	376	380	43	47	2006	0	0	0	1	
4421	12778227	0	0	0	0	1	128	0	1	360	374	41	47	1903	0	0	0	1	
4422	12778260	0	0	0	0	1	128	0	1	358	374	41	47	1912	0	0	0	1	
4423	12778294	0	0	0	0	1	128	0	1	358	374	41	47	1917	0	0	0	1	
4424	12778327	0	0	0	0	1	128	0	1	358	374	41	47	1928	0	0	0	1	
4425	12778361	0	0	0	0	1	128	0	1	358	374	41	47	1929	0	0	0	1	
4426	12778394	0	0	0	0	1	128	0	1	358	374	42	47	1938	0	0	0	1	
4427	12778427	0	0	0	0	1	128	0	1	358	374	42	47	1934	0	0	0	1	
4428	12778461	0	0	0	0	1	128	0	1	358	374	42	47	1934	0	0	0	1	
4429	12778494	0	0	0	0	1	128	0	1	358	374	42	47	1935	0	0	0	1	
4430	12778527	0	0	0	0	1	128	0	1	358	374	41	47	1920	0	0	0	1	
4431	12778561	0	0	0	0	1	128	0	1	358	374	41	46	1917	0	0	0	1	
4432	12778594	0	0	0	0	1	128	0	1	358	374	41	46	1905	0	0	0	1	
4433	12778627	0	0	0	0	1	128	0	1	358	374	41	46	1897	0	0	0	1	
4434	12778661	0	0	0	0	1	128	0	1	358	374	41	46	1889	0	0	0	1	
4435	12778694	0	0	0	0	1	128	0	1	358	374	41	46	1886	0	0	0	1	
4436	12778728	0	0	0	0	1	128	0	1	358	374	41	46	1868	0	0	0	1	
4437	12778761	0	0	0	0	1	128	0	1	358	374	40	46	1858	0	0	0	1	
4438	12778794	0	0	0	0	1	128	0	1	358	374	40	46	1861	0	0	0	1	
4439	12778828	0	0	0	0	1	128	0	1	358	374	40	46	1855	0	0	0	1	
4440	12778861	0	0	0	0	1	128	0	1	358	374	40	46	1847	0	0	0	1	
4441	12778894	0	0	0	0	1	128	0	1	358	374	41	46	1856	0	0	0	1	
4442	12778928	0	0	0	0	1	128	0	1	358	374	40	46	1866	0	0	0	1	
4443	12778961	0	0	0	0	1	128	0	1	358	374	40	46	1872	0	0	0	1	
4444	12778995	0	0	0	0	1	128	0	1	360	374	41	46	1890	0	0	0	1	
4445	12779028	0	0	0	0	1	128	0	1	360	374	41	46	1890	0	0	0	1	
4446	12779061	0	0	0	0	1	128	0	1	360	374	41	46	1898	0	0	0	1	
4447	12779095	0	0	0	0	1	128	0	1	360	374	41	47	1924	0	0	0	1	
4448	12779128	0	0	0	0	1	128	0	1	360	374	41	47	1937	0	0	0	1	
4449	12779161	0	0	0	0	1	128	0	1	360	372	41	48	1988	0	0	0	1	
4450	12779195	0	0	0	0	1	128	0	1	360	374	42	47	1981	0	0	0	1	
4451	12779228	0	0	0	0	1	128	0	1	360	374	42	47	2001	0	0	0	1	
4452	12779261	0	0	0	0	1	128	0	1	360	374	42	48	1994	0	0	0	1	
4453	12779295	0	0	0	0	1	128	0	1	360	374	42	48	1994	0	0	0	1	
4454	12779328	0	0	0	0	1	128	0	1	360	374	42	48	2010	0	0	0	1	
4455	12779362	0	0	0	0	1	128	0	1	360	374	42	48	2007	0	0	0	1	
4456	12779395	0	0	0	0	1	128	0	1	360	374	42	48	2001	0	0	0	1	
4457	12779428	0	0	0	0	1	128	0	1	360	374	42	47	1998	0	0	0	1	
4458	12779462	0	0	0	0	1	128	0	1	360	374	42	47	1992	0	0	0	1	
4459	12779495	0	0	0	0	1	128	0	1	360	374	42	47	1995	0	0	0	1	
4460	12779528	0	0	0	0	1	128	0	1	360	374	42	47	1997	0	0	0	1	
4461	12779562	0	0	0	0	1	128	0	1	360	374	42	48	1994	0	0	0	1	
4462	12779595	0	0	0	0	1	128	0	1	360	374	42	47	1984	0	0	0	1	
4463	12779628	0	0	0	0	1	128	0	1	360	374	42	47	1971	0	0	0	1	
4464	12779662	0	0	0	0	1	128	0	1	360	374	42	47	1957	0	0	0	1	
4465	12779695	0	0	0	0	1	128	0	1	360	374	42	47	1949	0	0	0	1	
4466	12779729	0	0	0	0	1	128	0	1	360	374	41	47	1943	0	0	0	1	
4467	12779762	0	0	0	0	1	128	0	1	360	374	41	47	1919	0	0	0	1	
4468	12779795	0	0	0	0	1	128	0	1	360	374	41	46	1917	0	0	0	1	
4469	12779829	0	0	0	0	1	128	0	1	360	374	41	46	1909	0	0	0	1	
4470	12779862	0	0	0	0	1	128	0	1	360	374	41	46	1889	0	0	0	1	
4471	12779895	0	0	0	0	1	128	0	1	360	374	41	46	1883	0	0	0	1	
4472	12779929	0	0	0	0	1	128	0	1	360	374	41	46	1877	0	0	0	1	
4473	12779962	0	0	0	0	1	128	0	1	360	374	41	46	1882	0	0	0	1	
4474	12779996	0	0	0	0	1	128	0	1	364	374	41	46	1911	0	0	0	1	
4475	12780029	0	0	0	0	1	128	0	1	368	374	42	46	1936	0	0	0	1	
4476	12780062	0	0	0	0	1	128	0	1	368	374	42	46	1933	0	0	0	1	
4477	12780096	0	0	0	0	1	128	0	1	370	374	42	46	1946	0	0	0	1	
4478	12780129	0	0	0	0	1	128	0	1	370	374	42	46	1954	0	0	0	1	
4479	12780162	0	0	0	0	1	128	0	1	380	374	44	47	2031	0	0	0	1	
4480	12780196	0	0	0	0	1	128	0	1	380	372	44	47	2044	0	0	0	1	
4481	12780229	0	0	0	0	1	128	0	1	382	372	44	47	2055	0	0	0	1	
4482	12780263	0	0	0	0	1	128	0	1	382	372	44	47	2066	0	0	0	1	
4483	12780296	0	0	0	0	1	128	0	1	384	372	44	47	2095	0	0	0	1	
4484	12780329	0	0	0	0	1	128	0	1	384	374	44	47	2097	0	0	0	1	
4485	12780363	0	0	0	0	1	128	0	1	384	368	46	53	2412	0	0	0	1	
4486	12780396	0	0	0	0	1	128	0	1	392	374	46	48	2183	0	0	0	1	
4487	12780429	0	0	0	0	1	128	0	1	392	374	46	48	2191	0	0	0	1	
4488	12780463	0	0	0	0	1	128	0	1	392	374	46	48	2195	0	0	0	1	
4489	12780496	0	0	0	0	1	128	0	1	392	374	46	48	2215	0	0	0	1	
4490	12780529	0	0	0	0	1	128	0	1	394	374	46	48	2201	0	0	0	1	
4491	12780563	0	0	0	0	1	128	0	1	398	374	47	48	2225	0	0	0	1	
4492	12780596	0	0	0	0	1	128	0	1	398	374	46	48	2208	0	0	0	1	
4493	12780630	0	0	0	0	1	128	0	1	398	374	46	48	2208	0	0	0	1	
4494	12780663	0	0	0	0	1	128	0	1	398	374	46	48	2200	0	0	0	1	
4495	12780696	0	0	0	0	1	128	0	1	398	374	46	48	2193	0	0	0	1	
4496	12780730	0	0	0	0	1	128	0	1	394	374	46	48	2187	0	0	0	1	
4497	12780763	0	0	0	0	1	128	0	1	394	374	46	48	2187	0	0	0	1	
4498	12780796	0	0	0	0	1	128	0	1	394	374	46	48	2203	0	0	0	1	
4499	12780830	0	0	0	0	1	128	0	1	394	372	46	48	2206	0	0	0	1	
4500	12780863	0	0	0	0	1	128	0	1	394	374	46	48	2189	0	0	0	1	
4501	12780897	0	0	0	0	1	128	0	1	394	374	46	48	2174	0	0	0	1	
4502	12780930	0	0	0	0	1	128	0	1	392	364	47	57	2669	0	0	0	1	
4503	12780963	0	0	0	0	1	128	0	1	394	372	45	47	2118	0	0	0	1	
4504	12780997	0	0	0	0	1	128	0	1	394	374	45	47	2100	0	0	0	1	
4505	12781030	0	0	0	0	1	128	0	1	394	374	45	47	2098	0	0	0	1	
4506	12781063	0	0	0	0	1	128	0	1	394	374	44	46	2059	0	0	0	1	
4507	12781097	0	0	0	0	1	128	0	1	390	364	30	41	1241	0	0	0	1	
4508	12781130	0	0	0	0	1	128	0	0	0	0	0	0	0	0	0	0	1	
4509	12781163	0	0	0	0	1	128	0	1	592	320	34	48	1656	0	0	0	1	
4510	12781197	0	0	0	0	1	128	0	1	394	370	36	41	1488	0	0	0	1	
4511	12781230	0	0	0	0	1	128	0	1	394	378	45	47	2089	0	0	0	1	
4512	12781264	0	0	0	0	1	128	0	1	394	374	45	47	2122	0	0	0	1	
4513	12781297	0	0	0	0	1	128	0	1	394	374	45	47	2155	0	0	0	1	
4514	12781330	0	0	0	0	1	128	0	1	394	372	46	48	2172	0	0	0	1	
4515	12781364	0	0	0	0	1	128	0	1	394	372	46	48	2194	0	0	0	1	
4516	12781397	0	0	0	0	1	128	0	1	394	372	46	48	2208	0	0	0	1	
4517	12781430	0	0	0	0	1	128	0	1	394	370	46	48	2227	0	0	0	1	
4518	12781464	0	0	0	0	1	128	0	1	394	370	46	49	2242	0	0	0	1	
4519	12781497	0	0	0	0	1	128	0	1	394	370	47	48	2253	0	0	0	1	
4520	12781531	0	0	0	0	1	128	0	1	394	370	47	49	2276	0	0	0	1	
4521	12781564	0	0	0	0	1	128	0	1	394	370	47	49	2284	0	0	0	1	
4522	12781597	0	0	0	0	1	128	0	1	392	370	47	49	2283	0	0	0	1	
4523	12781631	0	0	0	0	1	128	0	1	392	370	47	49	2278	0	0	0	1	
4524	12781664	0	0	0	0	1	128	0	1	382	372	46	49	2224	0	0	0	1	
4525	12781697	0	0	0	0	1	128	0	1	380	372	46	48	2222	0	0	0	1	
4526	12781731	0	0	0	0	1	128	0	1	376	372	45	48	2180	0	0	0	1	
4527	12781764	0	0	0	0	1	128	0	1	374	374	44	48	2152	0	0	0	1	
4528	12781798	0	0	0	0	1	128	0	1	372	374	44	48	2157	0	0	0	1	
4529	12781831	0	0	0	0	1	128	0	1	370	374	44	49	2132	0	0	0	1	
4530	12781864	0	0	0	0	1	128	0	1	370	374	44	48	2132	0	0	0	1	
4531	12781898	0	0	0	0	1	128	0	1	368	376	44	48	2113	0	0	0	1	
4532	12781931	0	0	0	0	1	128	0	1	368	376	44	48	2093	0	0	0	1	
4533	12781964	0	0	0	0	1	128	0	1	366	376	44	48	2090	0	0	0	1	
4534	12781998	0	0	0	0	1	128	0	1	366	376	43	48	2088	0	0	0	1	
4535	12782031	0	0	0	0	1	128	0	1	364	376	43	48	2079	0	0	0	1	
4536	12782064	0	0	0	0	1	128	0	1	364	376	43	48	2092	0	0	0	1	
4537	12782098	0	0	0	0	1	128	0	1	360	374	43	48	2070	0	0	0	1	
4538	12782131	0	0	0	0	1	128	0	1	360	374	43	48	2081	0	0	0	1	
4539	12782165	0	0	0	0	1	128	0	1	358	374	43	49	2090	0	0	0	1	
4540	12782198	0	0	0	0	1	128	0	1	354	374	42	49	2058	0	0	0	1	
4541	12782231	0	0	0	0	1	128	0	1	354	374	43	49	2077	0	0	0	1	
4542	12782265	0	0	0	0	1	128	0	1	352	374	42	49	2075	0	0	0	1	
4543	12782298	0	0	0	0	1	128	0	1	350	376	42	49	2055	0	0	0	1	
4544	12782331	0	0	0	0	1	128	0	1	350	376	42	49	2052	0	0	0	1	
4545	12782365	0	0	0	0	1	128	0	1	350	376	42	49	2065	0	0	0	1	
4546	12782398	0	0	0	0	1	128	0	1	350	376	42	49	2048	0	0	0	1	
4547	12782431	0	0	0	0	1	128	0	1	348	376	42	49	2040	0	0	0	1	
4548	12782465	0	0	0	0	1	128	0	1	342	374	40	49	1967	0	0	0	1	
4549	12782498	0	0	0	0	1	128	0	1	340	374	40	49	1948	0	0	0	1	
4550	12782532	0	0	0	0	1	128	0	1	340	374	40	49	1935	0	0	0	1	
4551	12782565	0	0	0	0	1	128	0	1	340	376	40	48	1921	0	0	0	1	
4552	12782598	0	0	0	0	1	128	0	1	340	376	39	48	1906	0	0	0	1	
4553	12782632	0	0	0	0	1	128	0	1	340	374	40	47	1885	0	0	0	1	
4554	12782665	0	0	0	0	1	128	0	1	336	376	39	47	1830	0	0	0	1	
4555	12782698	0	0	0	0	1	128	0	1	334	376	38	47	1807	0	0	0	1	
4556	12782732	0	0	0	0	1	128	0	1	334	376	38	47	1801	0	0	0	1	
4557	12782765	0	0	0	0	1	128	0	1	334	376	38	47	1784	0	0	0	1	
4558	12782799	0	0	0	0	1	128	0	1	334	376	38	47	1768	0	0	0	1	
4559	12782832	0	0	0	0	1	128	0	1	334	376	38	47	1765	0	0	0	1	
4560	12782865	0	0	0	0	1	128	0	1	334	376	38	47	1759	0	0	0	1	
4561	12782899	0	0	0	0	1	128	0	1	334	376	38	47	1758	0	0	0	1	
4562	12782932	0	0	0	0	1	128	0	1	334	376	38	47	1761	0	0	0	1	
4563	12782965	0	0	0	0	1	128	0	1	338	376	38	46	1787	0	0	0	1	
4564	12782999	0	0	0	0	1	128	0	1	338	376	38	47	1788	0	0	0	1	
4565	12783032	0	0	0	0	1	128	0	1	338	376	38	47	1791	0	0	0	1	
4566	12783065	0	0	0	0	1	128	0	1	338	376	39	47	1809	0	0	0	1	
4567	12783099	0	0	0	0	1	128	0	1	338	376	39	47	1819	0	0	0	1	
4568	12783132	0	0	0	0	1	128	0	1	338	376	39	47	1828	0	0	0	1	
4569	12783166	0	0	0	0	1	128	0	1	338	376	39	47	1834	0	0	0	1	
4570	12783199	0	0	0	0	1	128	0	1	338	376	39	47	1842	0	0	0	1	
4571	12783232	0	0	0	0	1	128	0	1	338	376	39	47	1839	0	0	0	1	
4572	12783266	0	0	0	0	1	128	0	1	338	376	39	47	1845	0	0	0	1	
4573	12783299	0	0	0	0	1	128	0	1	338	376	39	47	1847	0	0	0	1	
4574	12783332	0	0	0	0	1	128	0	1	338	376	39	47	1841	0	0	0	1	
4575	12783366	0	0	0	0	1	128	0	1	338	376	39	47	1844	0	0	0	1	
4576	12783399	0	0	0	0	1	128	0	1	338	376	39	47	1842	0	0	0	1	
4577	12783433	0	0	0	0	1	128	0	1	338	376	39	47	1847	0	0	0	1	
4578	12783466	0	0	0	0	1	128	0	1	338	376	39	47	1840	0	0	0	1	
4579	12783499	0	0	0	0	1	128	0	1	338	376	39	47	1836	0	0	0	1	
4580	12783533	0	0	0	0	1	128	0	1	338	376	39	47	1844	0	0	0	1	
4581	12783566	0	0	0	0	1	128	0	1	338	376	39	47	1837	0	0	0	1	
4582	12783599	0	0	0	0	1	128	0	1	338	376	39	47	1833	0	0	0	1	
4583	12783633	0	0	0	0	1	128	0	1	338	376	39	47	1822	0	0	0	1	
4584	12783666	0	0	0	0	1	128	0	1	338	376	39	47	1807	0	0	0	1	
4585	12783700	0	0	0	0	1	128	0	1	338	376	39	47	1808	0	0	0	1	
4586	12783733	0	0	0	0	1	128	0	1	338	376	39	47	1813	0	0	0	1	
4587	12783766	0	0	0	0	1	128	0	1	346	378	39	47	1849	0	0	0	1	
4588	12783800	0	0	0	0	1	128	0	1	348	378	40	47	1864	0	0	0	1	
4589	12783833	0	0	0	0	1	128	0	1	350	378	40	47	1880	0	0	0	1	
4590	12783866	0	0	0	0	1	128	0	1	350	378	40	47	1881	0	0	0	1	
4591	12783900	0	0	0	0	1	128	0	1	352	378	41	47	1902	0	0	0	1	
4592	12783933	0	0	0	0	1	128	0	1	354	378	41	47	1909	0	0	0	1	
4593	12783966	0	0	0	0	1	128	0	1	356	378	41	47	1920	0	0	0	1	
4594	12784000	0	0	0	0	1	128	0	1	356	378	41	47	1940	0	0	0	1	
4595	12784033	0	0	0	0	1	128	0	1	358	378	41	47	1941	0	0	0	1	
4596	12784067	0	0	0	0	1	128	0	1	360	378	42	47	1966	0	0	0	1	
4597	12784100	0	0	0	0	1	128	0	1	362	378	42	47	1983	0	0	0	1	
4598	12784133	0	0	0	0	1	128	0	1	364	378	42	47	2006	0	0	0	1	
4599	12784167	0	0	0	0	1	128	0	1	364	378	42	47	2013	0	0	0	1	
4600	12784200	0	0	0	0	1	128	0	1	370	378	43	47	2038	0	0	0	1	
4601	12784233	0	0	0	0	1	128	0	1	370	378	43	47	2040	0	0	0	1	
4602	12784267	0	0	0	0	1	128	0	1	372	378	43	47	2042	0	0	0	1	
4603	12784300	0	0	0	0	1	128	0	1	374	378	43	47	2028	0	0	0	1	
4604	12784333	0	0	0	0	1	128	0	1	374	378	43	47	2037	0	0	0	1	
4605	12784367	0	0	0	0	1	128	0	1	376	378	43	47	2042	0	0	0	1	
4606	12784400	0	0	0	0	1	128	0	1	376	378	44	47	2061	0	0	0	1	
4607	12784434	0	0	0	0	1	128	0	1	378	378	44	47	2069	0	0	0	1	
4608	12784467	0	0	0	0	1	128	0	1	380	378	44	47	2077	0	0	0	1	
4609	12784500	0	0	0	0	1	128	0	1	382	378	44	47	2079	0	0	0	1	
4610	12784534	0	0	0	0	1	128	0	1	382	378	44	48	2089	0	0	0	1	
4611	12784567	0	0	0	0	1	128	0	1	382	378	44	47	2074	0	0	0	1	
4612	12784600	0	0	0	0	1	128	0	1	382	378	44	47	2075	0	0	0	1	
4613	12784634	0	0	0	0	1	128	0	1	382	378	44	48	2071	0	0	0	1	
4614	12784667	0	0	0	0	1	128	0	1	382	378	44	47	2069	0	0	0	1	
4615	12784701	0	0	0	0	1	128	0	1	382	380	44	47	2069	0	0	0	1	
4616	12784734	0	0	0	0	1	128	0	1	382	380	44	47	2073	0	0	0	1	
4617	12784767	0	0	0	0	1	128	0	1	382	380	44	48	2072	0	0	0	1	
4618	12784801	0	0	0	0	1	128	0	1	382	380	44	48	2077	0	0	0	1	
4619	12784834	0	0	0	0	1	128	0	1	382	380	44	47	2079	0	0	0	1	
4620	12784867	0	0	0	0	1	128	0	1	382	380	44	48	2080	0	0	0	1	
4621	12784901	0	0	0	0	1	128	0	1	382	380	44	48	2072	0	0	0	1	
4622	12784934	0	0	0	0	1	128	0	1	382	380	44	47	2060	0	0	0	1	
4623	12784968	0	0	0	0	1	128	0	1	382	380	43	47	2038	0	0	0	1	
4624	12785001	0	0	0	0	1	128	0	1	382	380	43	47	2026	0	0	0	1	
4625	12785034	0	0	0	0	1	128	0	1	382	380	43	47	2009	0	0	0	1	
4626	12785068	0	0	0	0	1	128	0	1	378	380	42	47	1987	0	0	0	1	
4627	12785101	0	0	0	0	1	128	0	1	378	380	42	47	1979	0	0	0	1	
4628	12785134	0	0	0	0	1	128	0	1	378	380	42	47	1981	0	0	0	1	
4629	12785168	0	0	0	0	1	128	0	1	378	380	42	47	1965	0	0	0	1	
4630	12785201	0	0	0	0	1	128	0	1	378	380	42	47	1982	0	0	0	1	
4631	12785234	0	0	0	0	1	128	0	1	378	380	42	47	1983	0	0	0	1	
4632	12785268	0	0	0	0	1	128	0	1	380	380	43	47	1983	0	0	0	1	
4633	12785301	0	0	0	0	1	128	0	1	380	380	43	47	2011	0	0	0	1	
4634	12785334	0	0	0	0	1	128	0	1	380	380	43	47	2010	0	0	0	1	
4635	12785368	0	0	0	0	1	128	0	1	376	378	43	47	2008	0	0	0	1	
4636	12785401	0	0	0	0	1	128	0	1	368	380	42	47	1966	0	0	0	1	
4637	12785435	0	0	0	0	1	128	0	1	368	380	42	47	1975	0	0	0	1	
4638	12785468	0	0	0	0	1	128	0	1	362	382	41	47	1942	0	0	0	1	
4639	12785501	0	0	0	0	1	128	0	1	362	382	41	48	1963	0	0	0	1	
4640	12785535	0	0	0	0	1	128	0	1	360	382	41	48	1963	0	0	0	1	
4641	12785568	0	0	0	0	1	128	0	1	358	382	41	48	1960	0	0	0	1	
4642	12785602	0	0	0	0	1	128	0	1	356	382	41	48	1962	0	0	0	1	
4643	12785635	0	0	0	0	1	128	0	1	356	382	41	48	1952	0	0	0	1	
4644	12785668	0	0	0	0	1	128	0	1	354	382	41	48	1934	0	0	0	1	
4645	12785702	0	0	0	0	1	128	0	1	354	382	40	48	1923	0	0	0	1	
4646	12785735	0	0	0	0	1	128	0	1	352	382	40	47	1901	0	0	0	1	
4647	12785768	0	0	0	0	1	128	0	1	350	382	40	47	1884	0	0	0	1	
4648	12785802	0	0	0	0	1	128	0	1	350	382	39	47	1858	0	0	0	1	
4649	12785835	0	0	0	0	1	128	0	1	348	382	39	47	1855	0	0	0	1	
4650	12785868	0	0	0	0	1	128	0	1	344	382	38	47	1794	0	0	0	1	
4651	12785902	0	0	0	0	1	128	0	1	342	382	38	47	1795	0	0	0	1	
4652	12785935	0	0	0	0	1	128	0	1	342	382	38	47	1789	0	0	0	1	
4653	12785969	0	0	0	0	1	128	0	1	342	382	38	47	1785	0	0	0	1	
4654	12786002	0	0	0	0	1	128	0	1	340	382	38	47	1783	0	0	0	1	
4655	12786035	0	0	0	0	1	128	0	1	340	382	38	47	1785	0	0	0	1	
4656	12786069	0	0	0	0	1	128	0	1	338	382	38	47	1757	0	0	0	1	
4657	12786102	0	0	0	0	1	128	0	1	336	382	37	47	1736	0	0	0	1	
4658	12786135	0	0	0	0	1	128	0	1	336	382	37	47	1731	0	0	0	1	
4659	12786169	0	0	0	0	1	128	0	1	334	382	37	47	1717	0	0	0	1	
4660	12786202	0	0	0	0	1	128	0	1	334	382	37	47	1717	0	0	0	1	
4661	12786236	0	0	0	0	1	128	0	1	334	382	37	47	1712	0	0	0	1	
4662	12786269	0	0	0	0	1	128	0	1	332	382	37	47	1708	0	0	0	1	
4663	12786302	0	0	0	0	1	128	0	1	332	382	37	47	1706	0	0	0	1	
4664	12786336	0	0	0	0	1	128	0	1	330	382	36	47	1681	0	0	0	1	
4665	12786369	0	0	0	0	1	128	0	1	330	382	36	47	1671	0	0	0	1	
4666	12786402	0	0	0	0	1	128	0	1	324	382	35	46	1605	0	0	0	1	
4667	12786436	0	0	0	0	1	128	0	1	324	382	35	46	1609	0	0	0	1	
4668	12786469	0	0	0	0	1	128	0	1	324	382	35	46	1604	0	0	0	1	
4669	12786502	0	0	0	0	1	128	0	1	324	382	35	46	1601	0	0	0	1	
4670	12786536	0	0	0	0	1	128	0	1	324	382	35	46	1598	0	0	0	1	
4671	12786569	0	0	0	0	1	128	0	1	322	382	34	46	1572	0	0	0	1	
4672	12786603	0	0	0	0	1	128	0	1	318	382	33	46	1506	0	0	0	1	
4673	12786636	0	0	0	0	1	128	0	1	316	382	33	45	1481	0	0	0	1	
4674	12786669	0	0	0	0	1	128	0	1	316	382	32	45	1471	0	0	0	1	
4675	12786703	0	0	0	0	1	128	0	1	312	382	31	45	1413	0	0	0	1	
4676	12786736	0	0	0	0	1	128	0	1	312	382	31	45	1397	0	0	0	1	
4677	12786769	0	0	0	0	1	128	0	1	312	382	31	45	1388	0	0	0	1	
4678	12786803	0	0	0	0	1	128	0	1	312	382	31	45	1373	0	0	0	1	
4679	12786836	0	0	0	0	1	128	0	1	312	382	31	44	1364	0	0	0	1	
4680	12786869	0	0	0	0	1	128	0	1	314	382	29	46	1320	0	0	0	1	
4681	12786903	0	0	0	0	1	128	0	1	314	384	31	44	1349	0	0	0	1	
4682	12786936	0	0	0	0	1	128	0	1	316	384	31	44	1360	0	0	0	1	
4683	12786970	0	0	0	0	1	128	0	1	316	384	31	43	1336	0	0	0	1	
4684	12787003	0	0	0	0	1	128	0	1	320	384	31	43	1321	0	0	0	1	
4685	12787036	0	0	0	0	1	128	0	0	0	0	0	0	0	0	0	0	1	
4686	12787070	0	0	0	0	1	128	0	0	0	0	0	0	0	0	0	0	1	
4687	12787103	0	0	0	0	1	128	0	0	0	0	0	0	0	0	0	0	1	
4688	12787136	0	0	0	0	1	128	0	1	320	388	31	43	1342	0	0	0	1	
4689	12787170	0	0	0	0	1	128	0	1	318	386	32	44	1378	0	0	0	1	
4690	12787203	0	0	0	0	1	128	0	1	318	384	32	44	1400	0	0	0	1	
4691	12787236	0	0	0	0	1	128	0	1	318	382	32	45	1421	0	0	0	1	
4692	12787270	0	0	0	0	1	128	0	1	316	382	32	45	1434	0	0	0	1	
4693	12787303	0	0	0	0	1	128	0	1	318	382	33	45	1450	0	0	0	1	
4694	12787337	0	0	0	0	1	128	0	1	318	382	32	45	1471	0	0	0	1	
4695	12787370	0	0	0	0	1	128	0	1	318	382	33	45	1482	0	0	0	1	
4696	12787403	0	0	0	0	1	128	0	1	316	382	33	46	1497	0	0	0	1	
4697	12787437	0	0	0	0	1	128	0	1	314	382	32	46	1482	0	0	0	1	
4698	12787470	0	0	0	0	1	128	0	1	314	380	32	46	1469	0	0	0	1	
4699	12787503	0	0	0	0	1	128	0	1	314	380	32	45	1469	0	0	0	1	
4700	12787537	0	0	0	0	1	128	0	1	314	380	32	45	1452	0	0	0	1	
4701	12787570	0	0	0	0	1	128	0	1	314	380	32	45	1443	0	0	0	1	
4702	12787604	0	0	0	0	1	128	0	1	314	380	32	45	1437	0	0	0	1	
4703	12787637	0	0	0	0	1	128	0	1	314	380	32	45	1428	0	0	0	1	
4704	12787670	0	0	0	0	1	128	0	1	314	380	32	44	1400	0	0	0	1	
4705	12787704	0	0	0	0	1	128	0	1	314	380	32	44	1394	0	0	0	1	
4706	12787737	0	0	0	0	1	128	0	1	314	380	32	44	1375	0	0	0	1	
4707	12787770	0	0	0	0	1	128	0	1	316	380	31	44	1358	0	0	0	1	
4708	12787804	0	0	0	0	1	128	0	1	322	382	33	43	1410	0	0	0	1	
4709	12787837	0	0	0	0	1	128	0	1	324	382	33	43	1414	0	0	0	1	
4710	12787871	0	0	0	0	1	128	0	1	324	382	32	43	1399	0	0	0	1	
4711	12787904	0	0	0	0	1	128	0	1	326	382	33	43	1410	0	0	0	1	
4712	12787937	0	0	0	0	1	128	0	1	328	382	33	43	1419	0	0	0	1	
4713	12787971	0	0	0	0	1	128	0	1	328	382	33	43	1431	0	0	0	1	
4714	12788004	0	0	0	0	1	128	0	1	330	382	34	43	1459	0	0	0	1	
4715	12788037	0	0	0	0	1	128	0	1	332	382	34	43	1482	0	0	0	1	
4716	12788071	0	0	0	0	1	128	0	1	332	382	35	43	1498	0	0	0	1	
4717	12788104	0	0	0	0	1	128	0	1	334	384	35	44	1533	0	0	0	1	
4718	12788138	0	0	0	0	1	128	0	1	336	382	35	44	1561	0	0	0	1	
4719	12788171	0	0	0	0	1	128	0	1	338	380	36	45	1614	0	0	0	1	
4720	12788204	0	0	0	0	1	128	0	1	340	380	37	45	1653	0	0	0	1	
4721	12788238	0	0	0	0	1	128	0	1	342	380	37	45	1676	0	0	0	1	
4722	12788271	0	0	0	0	1	128	0	1	344	382	37	46	1713	0	0	0	1	
4723	12788304	0	0	0	0	1	128	0	1	344	382	38	46	1729	0	0	0	1	
4724	12788338	0	0	0	0	1	128	0	1	346	382	38	46	1773	0	0	0	1	
4725	12788371	0	0	0	0	1	128	0	1	348	382	39	47	1796	0	0	0	1	
4726	12788404	0	0	0	0	1	128	0	1	348	382	39	47	1814	0	0	0	1	
4727	12788438	0	0	0	0	1	128	0	1	350	382	39	47	1840	0	0	0	1	
4728	12788471	0	0	0	0	1	128	0	1	352	382	40	47	1874	0	0	0	1	
4729	12788505	0	0	0	0	1	128	0	1	352	382	40	47	1888	0	0	0	1	
4730	12788538	0	0	0	0	1	128	0	1	356	382	41	47	1945	0	0	0	1	
4731	12788571	0	0	0	0	1	128	0	1	360	380	42	48	1984	0	0	0	1	
4732	12788605	0	0	0	0	1	128	0	1	360	380	42	48	1998	0	0	0	1	
4733	12788638	0	0	0	0	1	128	0	1	362	380	42	48	2028	0	0	0	1	
4734	12788671	0	0	0	0	1	128	0	1	364	380	43	48	2043	0	0	0	1	
4735	12788705	0	0	0	0	1	128	0	1	364	380	43	48	2066	0	0	0	1	
4736	12788738	0	0	0	0	1	128	0	1	366	380	43	48	2088	0	0	0	1	
4737	12788771	0	0	0	0	1	128	0	1	368	380	44	48	2100	0	0	0	1	
4738	12788805	0	0	0	0	1	128	0	1	368	380	44	48	2118	0	0	0	1	
4739	12788838	0	0	0	0	1	128	0	1	374	380	44	49	2164	0	0	0	1	
4740	12788872	0	0	0	0	1	128	0	1	374	380	44	49	2173	0	0	0	1	
4741	12788905	0	0	0	0	1	128	0	1	376	380	45	49	2191	0	0	0	1	
4742	12788938	0	0	0	0	1	128	0	1	380	382	42	46	1939	0	0	0	1	
4743	12788972	0	0	0	0	1	128	0	1	378	380	45	49	2214	0	0	0	1	
4744	12789005	0	0	0	0	1	128	0	1	380	380	45	49	2219	0	0	0	1	
4745	12789038	0	0	0	0	1	128	0	1	380	378	46	49	2241	0	0	0	1	
4746	12789072	0	0	0	0	1	128	0	1	382	378	45	49	2235	0	0	0	1	
4747	12789105	0	0	0	0	1	128	0	1	386	378	46	49	2259	0	0	0	1	
4748	12789139	0	0	0	0	1	128	0	1	388	378	46	49	2277	0	0	0	1	
4749	12789172	0	0	0	0	1	128	0	1	388	378	46	49	2257	0	0	0	1	
4750	12789205	0	0	0	0	1	128	0	1	388	378	46	49	2254	0	0	0	1	
4751	12789239	0	0	0	0	1	128	0	1	380	378	45	49	2192	0	0	0	1	
4752	12789272	0	0	0	0	1	128	0	1	380	378	45	49	2201	0	0	0	1	
4753	12789305	0	0	0	0	1	128	0	1	380	378	45	49	2198	0	0	0	1	
4754	12789339	0	0	0	0	1	128	0	1	380	378	45	49	2192	0	0	0	1	
4755	12789372	0	0	0	0	1	128	0	1	380	378	45	49	2192	0	0	0	1	
4756	12789405	0	0	0	0	1	128	0	1	380	378	45	48	2177	0	0	0	1	
4757	12789439	0	0	0	0	1	128	0	1	380	378	45	48	2154	0	0	0	1	
4758	12789472	0	0	0	0	1	128	0	1	380	378	45	48	2147	0	0	0	1	
4759	12789506	0	0	0	0	1	128	0	1	380	378	43	48	2086	0	0	0	1	
4760	12789539	0	0	0	0	1	128	0	1	380	378	44	47	2100	0	0	0	1	
4761	12789572	0	0	0	0	1	128	0	1	380	378	44	47	2077	0	0	0	1	
4762	12789606	0	0	0	0	1	128	0	1	380	378	44	47	2065	0	0	0	1	
4763	12789639	0	0	0	0	1	128	0	1	380	378	44	47	2059	0	0	0	1	
4764	12789672	0	0	0	0	1	128	0	1	380	378	44	47	2047	0	0	0	1	
4765	12789706	0	0	0	0	1	128	0	1	380	378	44	47	2042	0	0	0	1	
4766	12789739	0	0	0	0	1	128	0	1	382	386	39	40	1571	0	0	0	1	
4767	12789773	0	0	0	0	1	128	0	1	380	378	43	47	2033	0	0	0	1	
4768	12789806	0	0	0	0	1	128	0	1	378	374	40	44	1786	0	0	0	1	
4769	12789839	0	0	0	0	1	128	0	1	380	378	43	47	2035	0	0	0	1	
4770	12789873	0	0	0	0	1	128	0	1	380	378	44	47	2040	0	0	0	1	
4771	12789906	0	0	0	0	1	128	0	1	380	382	43	47	2012	0	0	0	1	
4772	12789939	0	0	0	0	1	128	0	1	378	394	42	47	1999	0	0	0	1	
4773	12789973	0	0	0	0	1	128	0	1	378	396	43	47	2012	0	0	0	1	
4774	12790006	0	0	0	0	1	128	0	1	378	396	43	47	2005	0	0	0	1	
4775	12790039	0	0	0	0	1	128	0	1	378	396	43	47	2013	0	0	0	1	
4776	12790073	0	0	0	0	1	128	0	1	380	396	43	47	2011	0	0	0	1	
4777	12790106	0	0	0	0	1	128	0	1	378	394	43	47	2002	0	0	0	1	
4778	12790140	0	0	0	0	1	128	0	1	378	394	43	47	2001	0	0	0	1	
4779	12790173	0	0	0	0	1	128	0	1	378	394	43	47	1992	0	0	0	1	
4780	12790206	0	0	0	0	1	128	0	1	378	394	43	47	1987	0	0	0	1	
4781	12790240	0	0	0	0	1	128	0	1	378	394	42	47	1981	0	0	0	1	
4782	12790273	0	0	0	0	1	128	0	1	378	394	42	47	1982	0	0	0	1	
4783	12790306	0	0	0	0	1	128	0	1	378	394	43	47	1981	0	0	0	1	
4784	12790340	0	0	0	0	1	128	0	1	378	394	43	47	1989	0	0	0	1	
4785	12790373	0	0	0	0	1	128	0	1	378	394	43	47	1995	0	0	0	1	
4786	12790407	0	0	0	0	1	128	0	1	378	394	43	47	1995	0	0	0	1	
4787	12790440	0	0	0	0	1	128	0	1	378	394	43	47	1999	0	0	0	1	
4788	12790473	0	0	0	0	1	128	0	1	378	394	43	47	1994	0	0	0	1	
4789	12790507	0	0	0	0	1	128	0	1	376	394	43	47	2008	0	0	0	1	
4790	12790540	0	0	0	0	1	128	0	1	378	394	43	47	2009	0	0	0	1	
4791	12790573	0	0	0	0	1	128	0	1	378	394	43	47	2022	0	0	0	1	
4792	12790607	0	0	0	0	1	128	0	1	378	394	43	47	2035	0	0	0	1	
4793	12790640	0	0	0	0	1	128	0	1	376	394	43	47	2039	0	0	0	1	
4794	12790674	0	0	0	0	1	128	0	1	362	394	41	47	1944	0	0	0	1	
4795	12790707	0	0	0	0	1	128	0	1	360	396	41	47	1944	0	0	0	1	
4796	12790740	0	0	0	0	1	128	0	1	360	396	41	47	1932	0	0	0	1	
4797	12790774	0	0	0	0	1	128	0	1	360	396	41	47	1934	0	0	0	1	
4798	12790807	0	0	0	0	1	128	0	1	360	396	41	47	1924	0	0	0	1	
4799	12790840	0	0	0	0	1	128	0	1	360	396	41	47	1913	0	0	0	1	
4800	12790874	0	0	0	0	1	128	0	1	360	396	40	47	1888	0	0	0	1	
4801	12790907	0	0	0	0	1	128	0	1	360	396	40	47	1872	0	0	0	1	
4802	12790940	0	0	0	0	1	128	0	1	360	396	40	46	1851	0	0	0	1	
4803	12790974	0	0	0	0	1	128	0	1	360	396	40	46	1818	0	0	0	1	
4804	12791007	0	0	0	0	1	128	0	1	360	396	40	45	1802	0	0	0	1	
4805	12791040	0	0	0	0	1	128	0	1	360	396	39	45	1775	0	0	0	1	
4806	12791074	0	0	0	0	1	128	0	1	360	396	39	45	1771	0	0	0	1	
4807	12791107	0	0	0	0	1	128	0	1	360	396	39	45	1762	0	0	0	1	
4808	12791141	0	0	0	0	1	128	0	1	360	396	39	45	1748	0	0	0	1	
4809	12791174	0	0	0	0	1	128	0	1	360	396	39	45	1749	0	0	0	1	
4810	12791207	0	0	0	0	1	128	0	1	360	396	39	45	1743	0	0	0	1	
4811	12791241	0	0	0	0	1	128	0	1	360	396	39	45	1734	0	0	0	1	
4812	12791274	0	0	0	0	1	128	0	1	360	396	39	44	1732	0	0	0	1	
4813	12791307	0	0	0	0	1	128	0	1	360	396	39	45	1749	0	0	0	1	
4814	12791341	0	0	0	0	1	128	0	1	360	396	39	45	1736	0	0	0	1	
4815	12791374	0	0	0	0	1	128	0	1	360	396	39	45	1739	0	0	0	1	
4816	12791408	0	0	0	0	1	128	0	1	382	404	39	43	1710	0	0	0	1	
4817	12791441	0	0	0	0	1	128	0	1	402	402	43	45	1932	0	0	0	1	
4818	12791474	0	0	0	0	1	128	0	1	402	402	43	45	1935	0	0	0	1	
4819	12791508	0	0	0	0	1	128	0	1	400	402	43	46	1953	0	0	0	1	
4820	12791541	0	0	0	0	1	128	0	1	400	402	43	46	1961	0	0	0	1	
4821	12791574	0	0	0	0	1	128	0	1	400	402	43	46	1986	0	0	0	1	
4822	12791608	0	0	0	0	1	128	0	1	400	402	43	46	2015	0	0	0	1	
4823	12791641	0	0	0	0	1	128	0	1	402	402	44	47	2048	0	0	0	1	
4824	12791675	0	0	0	0	1	128	0	1	402	400	44	47	2060	0	0	0	1	
4825	12791708	0	0	0	0	1	128	0	1	402	400	44	47	2079	0	0	0	1	
4826	12791741	0	0	0	0	1	128	0	1	402	400	44	47	2094	0	0	0	1	
4827	12791775	0	0	0	0	1	128	0	1	400	400	44	47	2099	0	0	0	1	
4828	12791808	0	0	0	0	1	128	0	1	402	402	43	46	1951	0	0	0	1	
4829	12791841	0	0	0	0	1	128	0	1	402	400	45	47	2106	0	0	0	1	
4830	12791875	0	0	0	0	1	128	0	1	402	400	45	48	2118	0	0	0	1	
4831	12791908	0	0	0	0	1	128	0	1	402	400	45	48	2127	0	0	0	1	
4832	12791941	0	0	0	0	1	128	0	1	402	400	45	48	2134	0	0	0	1	
4833	12791975	0	0	0	0	1	128	0	1	402	400	45	47	2115	0	0	0	1	
4834	12792008	0	0	0	0	1	128	0	1	402	400	45	47	2116	0	0	0	1	
4835	12792042	0	0	0	0	1	128	0	1	402	400	45	47	2120	0	0	0	1	
4836	12792075	0	0	0	0	1	128	0	1	402	402	42	45	1918	0	0	0	1	
4837	12792108	0	0	0	0	1	128	0	1	402	400	45	48	2115	0	0	0	1	
4838	12792142	0	0	0	0	1	128	0	1	402	400	45	48	2121	0	0	0	1	
4839	12792175	0	0	0	0	1	128	0	1	402	384	45	50	2255	0	0	0	1	
4840	12792208	0	0	0	0	1	128	0	1	410	366	47	47	2221	0	0	0	1	
4841	12792242	0	0	0	0	1	128	0	1	410	366	47	47	2221	0	0	0	1	
4842	12792275	0	0	0	0	1	128	0	1	410	368	47	48	2242	0	0	0	1	
4843	12792308	0	0	0	0	1	128	0	1	410	368	47	48	2259	0	0	0	1	
4844	12792342	0	0	0	0	1	128	0	1	412	368	47	48	2273	0	0	0	1	
4845	12792375	0	0	0	0	1	128	0	1	414	368	47	48	2297	0	0	0	1	
4846	12792409	0	0	0	0	1	128	0	1	414	368	48	49	2312	0	0	0	1	
4847	12792442	0	0	0	0	1	128	0	1	414	368	48	49	2324	0	0	0	1	
4848	12792475	0	0	0	0	1	128	0	1	414	368	48	49	2336	0	0	0	1	
4849	12792509	0	0	0	0	1	128	0	1	414	368	48	49	2334	0	0	0	1	
4850	12792542	0	0	0	0	1	128	0	1	414	368	48	49	2343	0	0	0	1	
4851	12792575	0	0	0	0	1	128	0	1	414	368	48	49	2326	0	0	0	1	
4852	12792609	0	0	0	0	1	128	0	1	414	368	47	49	2307	0	0	0	1	
4853	12792642	0	0	0	0	1	128	0	1	414	368	47	48	2275	0	0	0	1	
4854	12792676	0	0	0	0	1	128	0	1	414	368	47	48	2240	0	0	0	1	
4855	12792709	0	0	0	0	1	128	0	1	414	368	46	48	2209	0	0	0	1	
4856	12792742	0	0	0	0	1	128	0	1	414	368	46	47	2177	0	0	0	1	
4857	12792776	0	0	0	0	1	128	0	1	414	368	46	47	2168	0	0	0	1	
4858	12792809	0	0	0	0	1	128	0	1	414	368	46	47	2156	0	0	0	1	
4859	12792842	0	0	0	0	1	128	0	1	414	368	46	47	2135	0	0	0	1	
4860	12792876	0	0	0	0	1	128	0	1	414	368	45	47	2128	0	0	0	1	
4861	12792909	0	0	0	0	1	128	0	1	388	376	43	46	1987	0	0	0	1	
4862	12792943	0	0	0	0	1	128	0	1	382	380	43	46	1993	0	0	0	1	
4863	12792976	0	0	0	0	1	128	0	1	382	380	43	46	1983	0	0	0	1	
4864	12793009	0	0	0	0	1	128	0	1	380	378	41	43	1751	0	0	0	1	
4865	12793043	0	0	0	0	1	128	0	1	384	382	43	46	1993	0	0	0	1	
4866	12793076	0	0	0	0	1	128	0	1	388	382	44	46	2025	0	0	0	1	
4867	12793109	0	0	0	0	1	128	0	1	388	382	44	46	2010	0	0	0	1	
4868	12793143	0	0	0	0	1	128	0	1	390	382	43	46	1985	0	0	0	1	
4869	12793176	0	0	0	0	1	128	0	1	388	382	43	46	1974	0	0	0	1	
4870	12793210	0	0	0	0	1	128	0	1	390	382	43	46	1948	0	0	0	1	
4871	12793243	0	0	0	0	1	128	0	1	388	382	43	46	1946	0	0	0	1	
4872	12793276	0	0	0	0	1	128	0	1	388	382	43	46	1943	0	0	0	1	
4873	12793310	0	0	0	0	1	128	0	1	388	382	43	45	1939	0	0	0	1	
4874	12793343	0	0	0	0	1	128	0	1	388	382	43	46	1960	0	0	0	1	
4875	12793376	0	0	0	0	1	128	0	1	390	382	43	46	1955	0	0	0	1	
4876	12793410	0	0	0	0	1	128	0	1	390	382	43	46	1965	0	0	0	1	
4877	12793443	0	0	0	0	1	128	0	1	392	384	41	45	1824	0	0	0	1	
4878	12793476	0	0	0	0	1	128	0	1	390	382	43	46	1978	0	0	0	1	
4879	12793510	0	0	0	0	1	128	0	1	390	382	43	46	1979	0	0	0	1	
4880	12793543	0	0	0	0	1	128	0	1	390	382	43	46	1978	0	0	0	1	
4881	12793577	0	0	0	0	1	128	0	1	390	382	43	46	1993	0	0	0	1	
4882	12793610	0	0	0	0	1	128	0	1	390	382	43	46	1998	0	0	0	1	
4883	12793643	0	0	0	0	1	128	0	1	388	382	43	46	2017	0	0	0	1	
4884	12793677	0	0	0	0	1	128	0	1	390	382	44	46	2023	0	0	0	1	
4885	12793710	0	0	0	0	1	128	0	1	390	382	44	47	2040	0	0	0	1	
4886	12793743	0	0	0	0	1	128	0	1	390	382	44	47	2053	0	0	0	1	
4887	12793777	0	0	0	0	1	128	0	1	388	382	44	47	2066	0	0	0	1	
4888	12793810	0	0	0	0	1	128	0	1	390	386	41	43	1762	0	0	0	1	
4889	12793844	0	0	0	0	1	128	0	1	390	382	44	47	2101	0	0	0	1	
4890	12793877	0	0	0	0	1	128	0	1	392	388	41	42	1722	0	0	0	1	
4891	12793910	0	0	0	0	1	128	0	1	390	382	45	48	2131	0	0	0	1	
4892	12793944	0	0	0	0	1	128	0	1	390	382	45	48	2138	0	0	0	1	
4893	12793977	0	0	0	0	1	128	0	1	390	382	45	48	2146	0	0	0	1	
4894	12794010	0	0	0	0	1	128	0	1	390	382	45	48	2157	0	0	0	1	
4895	12794044	0	0	0	0	1	128	0	1	390	382	45	48	2152	0	0	0	1	
4896	12794077	0	0	0	0	1	128	0	1	390	382	45	48	2161	0	0	0	1	
4897	12794110	0	0	0	0	1	128	0	1	390	382	45	48	2153	0	0	0	1	
4898	12794144	0	0	0	0	1	128	0	1	390	382	45	48	2154	0	0	0	1	
4899	12794177	0	0	0	0	1	128	0	1	390	382	45	48	2154	0	0	0	1	
4900	12794211	0	0	0	0	1	128	0	1	390	382	45	48	2157	0	0	0	1	
4901	12794244	0	0	0	0	1	128	0	1	390	382	45	48	2163	0	0	0	1	
4902	12794277	0	0	0	0	1	128	0	1	390	382	45	48	2172	0	0	0	1	
4903	12794311	0	0	0	0	1	128	0	1	390	382	45	48	2174	0	0	0	1	
4904	12794344	0	0	0	0	1	128	0	1	390	382	45	48	2194	0	0	0	1	
4905	12794377	0	0	0	0	1	128	0	1	390	382	45	49	2203	0	0	0	1	
4906	12794411	0	0	0	0	1	128	0	1	390	382	46	49	2221	0	0	0	1	
4907	12794444	0	0	0	0	1	128	0	1	390	382	45	49	2216	0	0	0	1	
4908	12794477	0	0	0	0	1	128	0	1	390	382	46	49	2221	0	0	0	1	
4909	12794511	0	0	0	0	1	128	0	1	390	382	45	49	2210	0	0	0	1	
4910	12794544	0	0	0	0	1	128	0	1	390	382	45	49	2201	0	0	0	1	
4911	12794578	0	0	0	0	1	128	0	1	390	382	45	48	2193	0	0	0	1	
4912	12794611	0	0	0	0	1	128	0	1	388	382	45	48	2183	0	0	0	1	
4913	12794644	0	0	0	0	1	128	0	1	388	382	45	48	2177	0	0	0	1	
4914	12794678	0	0	0	0	1	128	0	1	388	382	45	48	2167	0	0	0	1	
4915	12794711	0	0	0	0	1	128	0	1	388	382	45	48	2160	0	0	0	1	
4916	12794744	0	0	0	0	1	128	0	1	376	384	43	48	2086	0	0	0	1	
4917	12794778	0	0	0	0	1	128	0	1	374	384	43	48	2090	0	0	0	1	
4918	12794811	0	0	0	0	1	128	0	1	372	384	43	48	2086	0	0	0	1	
4919	12794845	0	0	0	0	1	128	0	1	364	386	42	48	2012	0	0	0	1	
4920	12794878	0	0	0	0	1	128	0	1	364	386	42	48	2021	0	0	0	1	
4921	12794911	0	0	0	0	1	128	0	1	364	386	42	48	2019	0	0	0	1	
4922	12794945	0	0	0	0	1	128	0	1	356	386	41	48	1979	0	0	0	1	
4923	12794978	0	0	0	0	1	128	0	1	356	386	41	48	1985	0	0	0	1	
4924	12795011	0	0	0	0	1	128	0	1	354	388	41	48	1993	0	0	0	1	
4925	12795045	0	0	0	0	1	128	0	1	352	388	41	48	1980	0	0	0	1	
4926	12795078	0	0	0	0	1	128	0	1	350	388	40	48	1956	0	0	0	1	
4927	12795111	0	0	0	0	1	128	0	1	348	388	40	48	1939	0	0	0	1	
4928	12795145	0	0	0	0	1	128	0	1	344	388	40	48	1918	0	0	0	1	
4929	12795178	0	0	0	0	1	128	0	1	342	386	39	48	1861	0	0	0	1	
4930	12795212	0	0	0	0	1	128	0	1	342	386	38	48	1841	0	0	0	1	
4931	12795245	0	0	0	0	1	128	0	1	338	388	38	48	1811	0	0	0	1	
4932	12795278	0	0	0	0	1	128	0	1	332	388	36	47	1722	0	0	0	1	
4933	12795312	0	0	0	0	1	128	0	1	332	388	36	47	1712	0	0	0	1	
4934	12795345	0	0	0	0	1	128	0	1	332	388	36	47	1694	0	0	0	1	
4935	12795378	0	0	0	0	1	128	0	1	330	388	36	47	1678	0	0	0	1	
4936	12795412	0	0	0	0	1	128	0	1	330	388	36	46	1655	0	0	0	1	
4937	12795445	0	0	0	0	1	128	0	1	330	388	36	46	1655	0	0	0	1	
4938	12795479	0	0	0	0	1	128	0	1	330	388	36	46	1650	0	0	0	1	
4939	12795512	0	0	0	0	1	128	0	1	330	388	36	46	1653	0	0	0	1	
4940	12795545	0	0	0	0	1	128	0	1	334	388	37	47	1708	0	0	0	1	
4941	12795579	0	0	0	0	1	128	0	1	334	388	36	46	1692	0	0	0	1	
4942	12795612	0	0	0	0	1	128	0	1	334	388	36	47	1695	0	0	0	1	
4943	12795645	0	0	0	0	1	128	0	1	334	388	36	47	1697	0	0	0	1	
4944	12795679	0	0	0	0	1	128	0	1	334	388	37	47	1708	0	0	0	1	
4945	12795712	0	0	0	0	1	128	0	1	334	388	37	47	1709	0	0	0	1	
4946	12795746	0	0	0	0	1	128	0	1	334	388	37	47	1713	0	0	0	1	
4947	12795779	0	0	0	0	1	128	0	1	334	388	37	47	1723	0	0	0	1	
4948	12795812	0	0	0	0	1	128	0	1	334	388	37	47	1722	0	0	0	1	
4949	12795846	0	0	0	0	1	128	0	1	334	388	37	47	1722	0	0	0	1	
4950	12795879	0	0	0	0	1	128	0	1	334	388	37	47	1739	0	0	0	1	
4951	12795912	0	0	0	0	1	128	0	1	334	388	37	47	1744	0	0	0	1	
4952	12795946	0	0	0	0	1	128	0	1	334	388	37	47	1739	0	0	0	1	
4953	12795979	0	0	0	0	1	128	0	1	334	388	37	47	1748	0	0	0	1	
4954	12796012	0	0	0	0	1	128	0	1	334	388	37	47	1743	0	0	0	1	
4955	12796046	0	0	0	0	1	128	0	1	334	388	37	47	1738	0	0	0	1	
4956	12796079	0	0	0	0	1	128	0	1	334	388	37	47	1738	0	0	0	1	
4957	12796113	0	0	0	0	1	128	0	1	334	388	37	47	1733	0	0	0	1	
4958	12796146	0	0	0	0	1	128	0	1	334	388	37	47	1731	0	0	0	1	
4959	12796179	0	0	0	0	1	128	0	1	334	388	37	47	1725	0	0	0	1	
4960	12796213	0	0	0	0	1	128	0	1	334	388	37	46	1719	0	0	0	1	
4961	12796246	0	0	0	0	1	128	0	1	334	388	37	47	1725	0	0	0	1	
4962	12796279	0	0	0	0	1	128	0	1	334	388	37	47	1718	0	0	0	1	
4963	12796313	0	0	0	0	1	128	0	1	334	388	37	47	1726	0	0	0	1	
4964	12796346	0	0	0	0	1	128	0	1	336	388	37	47	1716	0	0	0	1	
4965	12796379	0	0	0	0	1	128	0	1	336	388	37	46	1719	0	0	0	1	
4966	12796413	0	0	0	0	1	128	0	1	336	388	37	46	1712	0	0	0	1	
4967	12796446	0	0	0	0	1	128	0	1	336	388	37	46	1707	0	0	0	1	
4968	12796480	0	0	0	0	1	128	0	1	342	386	38	46	1780	0	0	0	1	
4969	12796513	0	0	0	0	1	128	0	1	344	386	38	47	1786	0	0	0	1	
4970	12796546	0	0	0	0	1	128	0	1	346	386	39	47	1799	0	0	0	1	
4971	12796580	0	0	0	0	1	128	0	1	346	386	39	47	1804	0	0	0	1	
4972	12796613	0	0	0	0	1	128	0	1	348	386	39	47	1829	0	0	0	1	
4973	12796646	0	0	0	0	1	128	0	1	350	386	39	47	1842	0	0	0	1	
4974	12796680	0	0	0	0	1	128	0	1	352	386	40	47	1855	0	0	0	1	
4975	12796713	0	0	0	0	1	128	0	1	354	386	40	47	1888	0	0	0	1	
4976	12796747	0	0	0	0	1	128	0	1	356	382	40	47	1920	0	0	0	1	
4977	12796780	0	0	0	0	1	128	0	1	358	382	41	48	1950	0	0	0	1	
4978	12796813	0	0	0	0	1	128	0	1	360	382	41	48	1971	0	0	0	1	
4979	12796847	0	0	0	0	1	128	0	1	362	382	42	48	1995	0	0	0	1	
4980	12796880	0	0	0	0	1	128	0	1	362	382	42	48	2012	0	0	0	1	
4981	12796913	0	0	0	0	1	128	0	1	364	382	43	48	2050	0	0	0	1	
4982	12796947	0	0	0	0	1	128	0	1	366	382	43	48	2075	0	0	0	1	
4983	12796980	0	0	0	0	1	128	0	1	368	382	43	49	2088	0	0	0	1	
4984	12797013	0	0	0	0	1	128	0	1	368	382	43	48	2102	0	0	0	1	
4985	12797047	0	0	0	0	1	128	0	1	370	382	43	49	2104	0	0	0	1	
4986	12797080	0	0	0	0	1	128	0	1	372	382	44	48	2115	0	0	0	1	
4987	12797114	0	0	0	0	1	128	0	1	374	382	44	48	2111	0	0	0	1	
4988	12797147	0	0	0	0	1	128	0	1	380	380	45	48	2162	0	0	0	1	
4989	12797180	0	0	0	0	1	128	0	1	380	380	45	48	2163	0	0	0	1	
4990	12797214	0	0	0	0	1	128	0	1	382	380	45	49	2183	0	0	0	1	
4991	12797247	0	0	0	0	1	128	0	1	382	380	45	49	2199	0	0	0	1	
4992	12797280	0	0	0	0	1	128	0	1	384	380	45	49	2212	0	0	0	1	
4993	12797314	0	0	0	0	1	128	0	1	384	380	45	49	2222	0	0	0	1	
4994	12797347	0	0	0	0	1	128	0	1	384	380	46	49	2232	0	0	0	1	
4995	12797380	0	0	0	0	1	128	0	1	386	380	46	49	2250	0	0	0	1	
4996	12797414	0	0	0	0	1	128	0	1	386	380	46	49	2246	0	0	0	1	
4997	12797447	0	0	0	0	1	128	0	1	382	380	45	49	2213	0	0	0	1	
4998	12797481	0	0	0	0	1	128	0	1	382	380	45	49	2209	0	0	0	1	
4999	12797514	0	0	0	0	1	128	0	1	380	380	45	49	2207	0	0	0	1	
5000	12797547	0	0	0	0	1	128	0	1	380	380	45	49	2197	0	0	0	1	
5001	12797581	0	0	0	0	1	128	0	1	380	380	45	49	2202	0	0	0	1	
5002	12797614	0	0	0	0	1	128	0	1	380	380	45	49	2200	0	0	0	1	
5003	12797648	0	0	0	0	1	128	0	1	380	380	45	49	2194	0	0	0	1	
5004	12797681	0	0	0	0	1	128	0	1	382	380	45	49	2184	0	0	0	1	
5005	12797714	0	0	0	0	1	128	0	1	382	380	45	49	2171	0	0	0	1	
5006	12797748	0	0	0	0	1	128	0	1	382	380	45	48	2168	0	0	0	1	
5007	12797781	0	0	0	0	1	128	0	1	382	380	44	48	2153	0	0	0	1	
5008	12797814	0	0	0	0	1	128	0	1	382	380	44	48	2137	0	0	0	1	
5009	12797848	0	0	0	0	1	128	0	1	382	380	44	48	2132	0	0	0	1	
5010	12797881	0	0	0	0	1	128	0	1	382	380	44	48	2132	0	0	0	1	
5011	12797914	0	0	0	0	1	128	0	1	382	380	44	48	2127	0	0	0	1	
5012	12797948	0	0	0	0	1	128	0	1	382	380	44	48	2119	0	0	0	1	
5013	12797981	0	0	0	0	1	128	0	1	382	380	44	48	2116	0	0	0	1	
5014	12798014	0	0	0	0	1	128	0	1	382	380	44	48	2121	0	0	0	1	
5015	12798048	0	0	0	0	1	128	0	1	382	378	44	48	2116	0	0	0	1	
5016	12798081	0	0	0	0	1	128	0	1	382	380	44	48	2122	0	0	0	1	
5017	12798115	0	0	0	0	1	128	0	1	382	380	44	48	2117	0	0	0	1	
5018	12798148	0	0	0	0	1	128	0	1	382	378	44	48	2111	0	0	0	1	
5019	12798181	0	0	0	0	1	128	0	1	374	378	43	47	2036	0	0	0	1	
5020	12798215	0	0	0	0	1	128	0	1	368	378	42	47	1997	0	0	0	1	
5021	12798248	0	0	0	0	1	128	0	1	366	378	42	47	1965	0	0	0	1	
5022	12798281	0	0	0	0	1	128	0	1	358	378	41	47	1902	0	0	0	1	
5023	12798315	0	0	0	0	1	128	0	1	356	378	40	47	1890	0	0	0	1	
5024	12798348	0	0	0	0	1	128	0	1	354	378	40	47	1867	0	0	0	1	
5025	12798382	0	0	0	0	1	128	0	1	354	378	40	46	1851	0	0	0	1	
5026	12798415	0	0	0	0	1	128	0	1	352	376	40	46	1833	0	0	0	1	
5027	12798448	0	0	0	0	1	128	0	1	344	374	38	46	1779	0	0	0	1	
5028	12798482	0	0	0	0	1	128	0	1	342	374	38	46	1766	0	0	0	1	
5029	12798515	0	0	0	0	1	128	0	1	340	374	38	46	1766	0	0	0	1	
5030	12798548	0	0	0	0	1	128	0	1	340	374	38	46	1756	0	0	0	1	
5031	12798582	0	0	0	0	1	128	0	1	338	372	38	47	1749	0	0	0	1	
5032	12798615	0	0	0	0	1	128	0	1	336	372	38	46	1752	0	0	0	1	
5033	12798649	0	0	0	0	1	128	0	1	330	372	36	46	1686	0	0	0	1	
5034	12798682	0	0	0	0	1	128	0	1	330	372	36	46	1685	0	0	0	1	
5035	12798715	0	0	0	0	1	128	0	1	328	372	36	46	1656	0	0	0	1	
5036	12798749	0	0	0	0	1	128	0	1	328	372	36	46	1652	0	0	0	1	
5037	12798782	0	0	0	0	1	128	0	1	328	372	35	46	1630	0	0	0	1	
5038	12798815	0	0	0	0	1	128	0	1	326	372	35	46	1607	0	0	0	1	
5039	12798849	0	0	0	0	1	128	0	1	324	370	35	45	1588	0	0	0	1	
5040	12798882	0	0	0	0	1	128	0	1	320	370	34	45	1522	0	0	0	1	
5041	12798915	0	0	0	0	1	128	0	1	318	370	33	45	1512	0	0	0	1	
5042	12798949	0	0	0	0	1	128	0	1	316	370	33	45	1485	0	0	0	1	
5043	12798982	0	0	0	0	1	128	0	1	314	370	32	45	1442	0	0	0	1	
5044	12799016	0	0	0	0	1	128	0	1	314	370	32	45	1425	0	0	0	1	
5045	12799049	0	0	0	0	1	128	0	1	312	370	32	44	1411	0	0	0	1	
5046	12799082	0	0	0	0	1	128	0	1	312	370	32	44	1398	0	0	0	1	
5047	12799116	0	0	0	0	1	128	0	1	312	370	31	44	1386	0	0	0	1	
5048	12799149	0	0	0	0	1	128	0	1	312	370	31	44	1381	0	0	0	1	
5049	12799182	0	0	0	0	1	128	0	1	312	370	31	44	1378	0	0	0	1	
5050	12799216	0	0	0	0	1	128	0	1	312	370	31	44	1370	0	0	0	1	
5051	12799249	0	0	0	0	1	128	0	1	314	370	31	44	1365	0	0	0	1	
5052	12799282	0	0	0	0	1	128	0	1	314	370	32	44	1380	0	0	0	1	
5053	12799316	0	0	0	0	1	128	0	1	314	370	32	44	1381	0	0	0	1	
5054	12799349	0	0	0	0	1	128	0	1	314	370	32	44	1375	0	0	0	1	
5055	12799383	0	0	0	0	1	128	0	1	314	370	31	44	1365	0	0	0	1	
5056	12799416	0	0	0	0	1	128	0	1	314	370	32	44	1380	0	0	0	1	
5057	12799449	0	0	0	0	1	128	0	1	314	370	32	44	1379	0	0	0	1	
5058	12799483	0	0	0	0	1	128	0	1	314	370	32	44	1379	0	0	0	1	
5059	12799516	0	0	0	0	1	128	0	1	314	370	31	44	1378	0	0	0	1	
5060	12799549	0	0	0	0	1	128	0	1	314	370	32	44	1383	0	0	0	1	
5061	12799583	0	0	0	0	1	128	0	1	314	370	31	44	1368	0	0	0	1	
5062	12799616	0	0	0	0	1	128	0	1	314	370	31	44	1375	0	0	0	1	
5063	12799650	0	0	0	0	1	128	0	1	314	370	32	44	1382	0	0	0	1	
5064	12799683	0	0	0	0	1	128	0	1	314	370	31	44	1399	0	0	0	1	
5065	12799716	0	0	0	0	1	128	0	1	314	370	32	44	1424	0	0	0	1	
5066	12799750	0	0	0	0	1	128	0	1	314	370	32	45	1433	0	0	0	1	
5067	12799783	0	0	0	0	1	128	0	1	314	370	32	45	1449	0	0	0	1	
5068	12799816	0	0	0	0	1	128	0	1	316	370	32	45	1460	0	0	0	1	
5069	12799850	0	0	0	0	1	128	0	1	316	370	33	45	1485	0	0	0	1	
5070	12799883	0	0	0	0	1	128	0	1	316	370	33	45	1499	0	0	0	1	
5071	12799916	0	0	0	0	1	128	0	1	316	370	33	46	1522	0	0	0	1	
5072	12799950	0	0	0	0	1	128	0	1	316	370	33	46	1541	0	0	0	1	
5073	12799983	0	0	0	0	1	128	0	1	316	370	34	46	1552	0	0	0	1	
5074	12800017	0	0	0	0	1	128	0	1	316	370	34	47	1571	0	0	0	1	
5075	12800050	0	0	0	0	1	128	0	1	314	368	34	47	1570	0	0	0	1	
5076	12800083	0	0	0	0	1	128	0	1	314	368	34	47	1585	0	0	0	1	
5077	12800117	0	0	0	0	1	128	0	1	314	368	34	47	1585	0	0	0	1	
5078	12800150	0	0	0	0	1	128	0	1	314	368	34	47	1586	0	0	0	1	
5079	12800183	0	0	0	0	1	128	0	1	316	370	34	47	1578	0	0	0	1	
5080	12800217	0	0	0	0	1	128	0	1	316	368	34	47	1585	0	0	0	1	
5081	12800250	0	0	0	0	1	128	0	1	316	370	34	47	1585	0	0	0	1	
5082	12800284	0	0	0	0	1	128	0	1	316	370	34	47	1599	0	0	0	1	
5083	12800317	0	0	0	0	1	128	0	1	316	370	34	47	1607	0	0	0	1	
5084	12800350	0	0	0	0	1	128	0	1	316	370	34	47	1609	0	0	0	1	
5085	12800384	0	0	0	0	1	128	0	1	314	368	34	47	1622	0	0	0	1	
5086	12800417	0	0	0	0	1	128	0	1	314	368	34	48	1632	0	0	0	1	
5087	12800450	0	0	0	0	1	128	0	1	316	370	34	48	1643	0	0	0	1	
5088	12800484	0	0	0	0	1	128	0	1	316	368	34	48	1646	0	0	0	1	
5089	12800517	0	0	0	0	1	128	0	1	316	368	35	48	1669	0	0	0	1	
5090	12800550	0	0	0	0	1	128	0	1	316	368	35	48	1667	0	0	0	1	
5091	12800584	0	0	0	0	1	128	0	1	316	368	35	48	1684	0	0	0	1	
5092	12800617	0	0	0	0	1	128	0	1	316	368	35	48	1678	0	0	0	1	
5093	12800651	0	0	0	0	1	128	0	1	316	368	35	48	1686	0	0	0	1	
5094	12800684	0	0	0	0	1	128	0	1	316	368	35	48	1676	0	0	0	1	
5095	12800717	0	0	0	0	1	128	0	1	316	368	35	48	1672	0	0	0	1	
5096	12800751	0	0	0	0	1	128	0	1	316	368	35	48	1663	0	0	0	1	
5097	12800784	0	0	0	0	1	128	0	1	316	368	35	48	1661	0	0	0	1	
5098	12800818	0	0	0	0	1	128	0	1	314	368	34	47	1636	0	0	0	1	
5099	12800851	0	0	0	0	1	128	0	1	314	368	34	48	1637	0	0	0	1	
5100	12800884	0	0	0	0	1	128	0	1	316	368	34	47	1632	0	0	0	1	
5101	12800918	0	0	0	0	1	128	0	1	314	368	34	48	1637	0	0	0	1	
5102	12800951	0	0	0	0	1	128	0	1	316	368	34	48	1636	0	0	0	1	
5103	12800984	0	0	0	0	1	128	0	1	316	368	35	48	1654	0	0	0	1	
5104	12801018	0	0	0	0	1	128	0	1	316	368	34	48	1647	0	0	0	1	
5105	12801051	0	0	0	0	1	128	0	1	314	368	35	48	1657	0	0	0	1	
5106	12801084	0	0	0	0	1	128	0	1	316	368	35	48	1661	0	0	0	1	
5107	12801118	0	0	0	0	1	128	0	1	324	370	36	48	1749	0	0	0	1	
5108	12801151	0	0	0	0	1	128	0	1	368	386	38	41	1555	0	0	0	1	
5109	12801185	0	0	0	0	1	128	0	1	372	376	45	49	2197	0	0	0	1	
5110	12801218	0	0	0	0	1	128	0	1	372	376	44	49	2188	0	0	0	1	
5111	12801251	0	0	0	0	1	128	0	1	372	376	44	49	2194	0	0	0	1	
5112	12801285	0	0	0	0	1	128	0	1	370	378	45	50	2212	0	0	0	1	
5113	12801318	0	0	0	0	1	128	0	1	372	378	45	50	2235	0	0	0	1	
5114	12801351	0	0	0	0	1	128	0	1	376	376	46	50	2273	0	0	0	1	
5115	12801385	0	0	0	0	1	128	0	1	376	376	46	50	2289	0	0	0	1	
5116	12801418	0	0	0	0	1	128	0	1	376	376	46	50	2300	0	0	0	1	
5117	12801452	0	0	0	0	1	128	0	1	376	376	46	50	2298	0	0	0	1	
5118	12801485	0	0	0	0	1	128	0	1	376	376	46	51	2316	0	0	0	1	
5119	12801518	0	0	0	0	1	128	0	1	380	380	46	50	2323	0	0	0	1	
5120	12801552	0	0	0	0	1	128	0	1	386	382	47	50	2334	0	0	0	1	
5121	12801585	0	0	0	0	1	128	0	1	384	382	44	46	2005	0	0	0	1	
5122	12801618	0	0	0	0	1	128	0	0	0	0	0	0	0	0	0	0	1	
5123	12801652	0	0	0	0	1	128	0	0	0	0	0	0	0	0	0	0	1	
5124	12801685	0	0	0	0	1	128	0	0	0	0	0	0	0	0	0	0	1	
5125	12801718	0	0	0	0	1	128	0	0	0	0	0	0	0	0	0	0	1	
5126	12801752	0	0	0	0	1	128	0	0	0	0	0	0	0	0	0	0	1	
5127	12801785	0	0	0	0	1	128	0	1	380	382	42	46	1924	0	0	0	1	
5128	12801819	0	0	0	0	1	128	0	1	376	382	42	50	2112	0	0	0	1	
5129	12801852	0	0	0	0	1	128	0	1	378	382	43	47	2056	0	0	0	1	
5130	12801885	0	0	0	0	1	128	0	1	378	382	43	47	2039	0	0	0	1	
5131	12801919	0	0	0	0	1	128	0	1	378	382	43	47	2037	0	0	0	1	
5132	12801952	0	0	0	0	1	128	0	1	378	380	43	47	2047	0	0	0	1	
5133	12801985	0	0	0	0	1	128	0	1	378	380	44	47	2070	0	0	0	1	
5134	12802019	0	0	0	0	1	128	0	1	378	380	44	48	2083	0	0	0	1	
5135	12802052	0	0	0	0	1	128	0	1	378	380	44	48	2100	0	0	0	1	
5136	12802086	0	0	0	0	1	128	0	1	378	380	44	48	2115	0	0	0	1	
5137	12802119	0	0	0	0	1	128	0	1	380	374	37	40	1487	0	0	0	1	
5138	12802152	0	0	0	0	1	128	0	0	0	0	0	0	0	0	0	0	1	
5139	12802186	0	0	0	0	1	128	0	0	0	0	0	0	0	0	0	0	1	
5140	12802219	0	0	0	0	1	128	0	0	0	0	0	0	0	0	0	0	1	
5141	12802252	0	0	0	0	1	128	0	0	0	0	0	0	0	0	0	0	1	
5142	12802286	0	0	0	0	1	128	0	0	0	0	0	0	0	0	0	0	1	
5143	12802319	0	0	0	0	1	128	0	1	380	380	41	45	1880	0	0	0	1	
5144	12802352	0	0	0	0	1	128	0	1	376	372	45	59	2649	0	0	0	1	
5145	12802386	0	0	0	0	1	128	0	1	378	382	43	47	2032	0	0	0	1	
5146	12802419	0	0	0	0	1	128	0	1	378	380	43	47	2021	0	0	0	1	
5147	12802453	0	0	0	0	1	128	0	1	378	380	43	47	2029	0	0	0	1	
