Version	1.08	gmtime	1441364364
index	timestamp	eyeroihoriz	eyeroivert	eyeroizoomx	eyeroizoomy	blendmode	blendfactor	onlinecalib	eye_valid	eye_x	eye_y	eye_w	eye_h	eye_a	field_x	field_y	displaymode	displayeyedetection	event
5769	76929956	0	0	0	0	1	128	0	1	424	360	30	34	1043	0	0	0	1	
5770	76929990	0	0	0	0	1	128	0	1	424	360	30	35	1052	0	0	0	1	
5771	76930023	0	0	0	0	1	128	0	1	424	362	30	34	1014	0	0	0	1	
5772	76930056	0	0	0	0	1	128	0	1	426	362	29	33	975	0	0	0	1	
5773	76930090	0	0	0	0	1	128	0	1	426	362	29	33	976	0	0	0	1	
5774	76930123	0	0	0	0	1	128	0	1	426	360	30	33	992	0	0	0	1	
5775	76930156	0	0	0	0	1	128	0	1	426	360	30	33	989	0	0	0	1	
5776	76930190	0	0	0	0	1	128	0	1	426	360	29	33	977	0	0	0	1	
5777	76930223	0	0	0	0	1	128	0	1	426	360	29	33	976	0	0	0	1	
5778	76930257	0	0	0	0	1	128	0	1	426	362	29	33	956	0	0	0	1	
5779	76930290	0	0	0	0	1	128	0	1	418	366	31	33	1026	0	0	0	1	
5780	76930323	0	0	0	0	1	128	0	1	418	366	31	33	1009	0	0	0	1	
5781	76930357	0	0	0	0	1	128	0	1	418	366	30	33	1001	0	0	0	1	
5782	76930390	0	0	0	0	1	128	0	1	418	366	31	33	1009	0	0	0	1	
5783	76930423	0	0	0	0	1	128	0	1	418	366	31	33	1003	0	0	0	1	
5784	76930457	0	0	0	0	1	128	0	1	418	366	32	33	1055	0	0	0	1	
5785	76930490	0	0	0	0	1	128	0	1	418	366	31	33	1013	0	0	0	1	
5786	76930523	0	0	0	0	1	128	0	1	418	366	31	33	1011	0	0	0	1	
5787	76930557	0	0	0	0	1	128	0	1	418	366	31	33	997	0	0	0	1	
5788	76930590	0	0	0	0	1	128	0	1	418	366	31	32	1002	0	0	0	1	
5789	76930624	0	0	0	0	1	128	0	1	422	364	30	33	996	0	0	0	1	
5790	76930657	0	0	0	0	1	128	0	1	424	362	30	33	987	0	0	0	1	
5791	76930690	0	0	0	0	1	128	0	1	424	362	30	33	983	0	0	0	1	
5792	76930724	0	0	0	0	1	128	0	1	424	362	30	33	974	0	0	0	1	
5793	76930757	0	0	0	0	1	128	0	1	424	360	30	34	1043	0	0	0	1	
5794	76930790	0	0	0	0	1	128	0	1	424	360	30	34	1025	0	0	0	1	
5795	76930824	0	0	0	0	1	128	0	1	424	362	30	33	980	0	0	0	1	
5796	76930857	0	0	0	0	1	128	0	1	424	360	30	34	1038	0	0	0	1	
5797	76930891	0	0	0	0	1	128	0	1	424	360	30	34	1023	0	0	0	1	
5798	76930924	0	0	0	0	1	128	0	1	424	360	30	34	1011	0	0	0	1	
5799	76930957	0	0	0	0	1	128	0	1	424	362	29	33	956	0	0	0	1	
5800	76930991	0	0	0	0	1	128	0	1	426	362	29	33	947	0	0	0	1	
5801	76931024	0	0	0	0	1	128	0	1	424	362	29	32	939	0	0	0	1	
5802	76931057	0	0	0	0	1	128	0	1	426	362	29	33	953	0	0	0	1	
5803	76931091	0	0	0	0	1	128	0	1	424	362	29	33	962	0	0	0	1	
5804	76931124	0	0	0	0	1	128	0	1	420	364	29	32	949	0	0	0	1	
5805	76931157	0	0	0	0	1	128	0	1	420	364	30	33	964	0	0	0	1	
5806	76931191	0	0	0	0	1	128	0	1	420	364	30	33	967	0	0	0	1	
5807	76931224	0	0	0	0	1	128	0	1	420	362	30	33	984	0	0	0	1	
5808	76931258	0	0	0	0	1	128	0	1	420	362	30	32	977	0	0	0	1	
5809	76931291	0	0	0	0	1	128	0	1	422	364	29	32	941	0	0	0	1	
5810	76931324	0	0	0	0	1	128	0	1	420	364	30	32	954	0	0	0	1	
5811	76931358	0	0	0	0	1	128	0	1	420	364	30	32	954	0	0	0	1	
5812	76931391	0	0	0	0	1	128	0	1	420	362	30	32	956	0	0	0	1	
5813	76931424	0	0	0	0	1	128	0	1	422	362	29	32	931	0	0	0	1	
5814	76931458	0	0	0	0	1	128	0	1	424	362	28	32	905	0	0	0	1	
5815	76931491	0	0	0	0	1	128	0	1	424	360	29	32	919	0	0	0	1	
5816	76931524	0	0	0	0	1	128	0	1	424	360	29	32	913	0	0	0	1	
5817	76931558	0	0	0	0	1	128	0	1	424	360	28	32	916	0	0	0	1	
5818	76931591	0	0	0	0	1	128	0	1	424	360	28	32	906	0	0	0	1	
5819	76931625	0	0	0	0	1	128	0	1	424	360	29	32	906	0	0	0	1	
5820	76931658	0	0	0	0	1	128	0	1	424	360	29	32	904	0	0	0	1	
5821	76931691	0	0	0	0	1	128	0	1	420	364	29	31	881	0	0	0	1	
5822	76931725	0	0	0	0	1	128	0	1	418	364	29	31	892	0	0	0	1	
5823	76931758	0	0	0	0	1	128	0	1	418	364	28	31	888	0	0	0	1	
5824	76931791	0	0	0	0	1	128	0	1	418	364	29	31	891	0	0	0	1	
5825	76931825	0	0	0	0	1	128	0	1	418	364	28	31	875	0	0	0	1	
5826	76931858	0	0	0	0	1	128	0	1	418	364	28	31	860	0	0	0	1	
5827	76931892	0	0	0	0	1	128	0	1	418	364	28	30	852	0	0	0	1	
5828	76931925	0	0	0	0	1	128	0	1	418	364	28	30	853	0	0	0	1	
5829	76931958	0	0	0	0	1	128	0	1	418	364	28	30	845	0	0	0	1	
5830	76931992	0	0	0	0	1	128	0	1	420	364	27	30	826	0	0	0	1	
5831	76932025	0	0	0	0	1	128	0	1	424	360	27	30	815	0	0	0	1	
5832	76932058	0	0	0	0	1	128	0	1	424	360	27	30	811	0	0	0	1	
5833	76932092	0	0	0	0	1	128	0	1	424	360	27	30	802	0	0	0	1	
5834	76932125	0	0	0	0	1	128	0	1	424	360	27	30	797	0	0	0	1	
5835	76932159	0	0	0	0	1	128	0	1	424	360	27	29	786	0	0	0	1	
5836	76932192	0	0	0	0	1	128	0	1	424	360	27	29	788	0	0	0	1	
5837	76932225	0	0	0	0	1	128	0	1	424	360	26	29	771	0	0	0	1	
5838	76932259	0	0	0	0	1	128	0	1	424	360	27	29	778	0	0	0	1	
5839	76932292	0	0	0	0	1	128	0	1	424	360	27	29	773	0	0	0	1	
5840	76932325	0	0	0	0	1	128	0	1	424	360	27	29	767	0	0	0	1	
5841	76932359	0	0	0	0	1	128	0	1	418	364	27	29	774	0	0	0	1	
5842	76932392	0	0	0	0	1	128	0	1	416	364	26	30	781	0	0	0	1	
5843	76932425	0	0	0	0	1	128	0	1	416	364	26	29	766	0	0	0	1	
5844	76932459	0	0	0	0	1	128	0	1	416	364	26	29	760	0	0	0	1	
5845	76932492	0	0	0	0	1	128	0	1	416	364	26	29	759	0	0	0	1	
5846	76932526	0	0	0	0	1	128	0	1	416	362	26	32	851	0	0	0	1	
5847	76932559	0	0	0	0	1	128	0	1	414	394	25	28	696	0	0	0	1	
5848	76932592	0	0	0	0	1	128	0	1	412	408	25	28	691	0	0	0	1	
5849	76932626	0	0	0	0	1	128	0	1	412	408	25	28	689	0	0	0	1	
5850	76932659	0	0	0	0	1	128	0	1	410	408	25	28	688	0	0	0	1	
5851	76932692	0	0	0	0	1	128	0	1	410	410	25	28	683	0	0	0	1	
5852	76932726	0	0	0	0	1	128	0	1	410	410	25	28	679	0	0	0	1	
5853	76932759	0	0	0	0	1	128	0	1	408	410	25	28	692	0	0	0	1	
5854	76932793	0	0	0	0	1	128	0	1	406	410	25	28	704	0	0	0	1	
5855	76932826	0	0	0	0	1	128	0	1	406	410	25	28	703	0	0	0	1	
5856	76932859	0	0	0	0	1	128	0	1	406	410	25	28	708	0	0	0	1	
5857	76932893	0	0	0	0	1	128	0	1	406	410	25	28	713	0	0	0	1	
5858	76932926	0	0	0	0	1	128	0	1	402	400	30	37	1133	0	0	0	1	
5859	76932959	0	0	0	0	1	128	0	1	442	388	23	29	670	0	0	0	1	
5860	76932993	0	0	0	0	1	128	0	1	448	386	23	28	661	0	0	0	1	
5861	76933026	0	0	0	0	1	128	0	1	448	384	24	28	661	0	0	0	1	
5862	76933059	0	0	0	0	1	128	0	1	448	384	24	29	680	0	0	0	1	
5863	76933093	0	0	0	0	1	128	0	1	448	384	24	29	689	0	0	0	1	
5864	76933126	0	0	0	0	1	128	0	1	448	384	24	29	699	0	0	0	1	
5865	76933160	0	0	0	0	1	128	0	1	448	384	24	29	708	0	0	0	1	
5866	76933193	0	0	0	0	1	128	0	1	448	384	24	29	718	0	0	0	1	
5867	76933226	0	0	0	0	1	128	0	1	458	374	23	30	683	0	0	0	1	
5868	76933260	0	0	0	0	1	128	0	1	458	374	23	30	695	0	0	0	1	
5869	76933293	0	0	0	0	1	128	0	1	458	374	24	30	703	0	0	0	1	
5870	76933326	0	0	0	0	1	128	0	1	458	374	24	30	716	0	0	0	1	
5871	76933360	0	0	0	0	1	128	0	1	458	374	24	30	722	0	0	0	1	
5872	76933393	0	0	0	0	1	128	0	1	458	374	24	30	726	0	0	0	1	
5873	76933427	0	0	0	0	1	128	0	1	458	374	24	30	734	0	0	0	1	
5874	76933460	0	0	0	0	1	128	0	1	458	372	25	31	750	0	0	0	1	
5875	76933493	0	0	0	0	1	128	0	1	460	372	25	31	752	0	0	0	1	
5876	76933527	0	0	0	0	1	128	0	1	460	372	25	31	762	0	0	0	1	
5877	76933560	0	0	0	0	1	128	0	1	460	372	25	31	763	0	0	0	1	
5878	76933593	0	0	0	0	1	128	0	1	458	372	25	31	777	0	0	0	1	
5879	76933627	0	0	0	0	1	128	0	1	460	372	25	31	782	0	0	0	1	
5880	76933660	0	0	0	0	1	128	0	1	458	372	25	32	784	0	0	0	1	
5881	76933693	0	0	0	0	1	128	0	1	460	372	25	32	798	0	0	0	1	
5882	76933727	0	0	0	0	1	128	0	1	458	372	25	32	796	0	0	0	1	
5883	76933760	0	0	0	0	1	128	0	1	450	376	53	85	4518	0	0	0	1	
5884	76933794	0	0	0	0	1	128	0	1	434	324	28	33	943	0	0	0	1	
5885	76933827	0	0	0	0	1	128	0	1	428	318	29	32	938	0	0	0	1	
5886	76933860	0	0	0	0	1	128	0	1	426	318	29	32	928	0	0	0	1	
5887	76933894	0	0	0	0	1	128	0	1	426	318	29	32	933	0	0	0	1	
5888	76933927	0	0	0	0	1	128	0	1	426	318	29	32	949	0	0	0	1	
5889	76933960	0	0	0	0	1	128	0	1	426	320	29	32	945	0	0	0	1	
5890	76933994	0	0	0	0	1	128	0	1	426	320	29	33	956	0	0	0	1	
5891	76934027	0	0	0	0	1	128	0	1	426	320	29	32	946	0	0	0	1	
5892	76934061	0	0	0	0	1	128	0	1	426	320	29	33	948	0	0	0	1	
5893	76934094	0	0	0	0	1	128	0	1	428	320	29	32	914	0	0	0	1	
5894	76934127	0	0	0	0	1	128	0	1	428	318	28	32	903	0	0	0	1	
5895	76934161	0	0	0	0	1	128	0	1	428	318	28	32	889	0	0	0	1	
5896	76934194	0	0	0	0	1	128	0	1	428	320	28	32	879	0	0	0	1	
5897	76934227	0	0	0	0	1	128	0	1	430	318	28	31	878	0	0	0	1	
5898	76934261	0	0	0	0	1	128	0	1	430	318	28	31	866	0	0	0	1	
5899	76934294	0	0	0	0	1	128	0	1	418	332	26	30	782	0	0	0	1	
5900	76934327	0	0	0	0	1	128	0	1	386	346	31	31	959	0	0	0	1	
5901	76934361	0	0	0	0	1	128	0	1	380	350	30	31	929	0	0	0	1	
5902	76934394	0	0	0	0	1	128	0	1	380	350	30	31	919	0	0	0	1	
5903	76934427	0	0	0	0	1	128	0	1	380	350	29	31	889	0	0	0	1	
5904	76934461	0	0	0	0	1	128	0	1	380	350	30	31	914	0	0	0	1	
5905	76934494	0	0	0	0	1	128	0	1	378	350	30	31	937	0	0	0	1	
5906	76934528	0	0	0	0	1	128	0	1	378	350	30	31	944	0	0	0	1	
5907	76934561	0	0	0	0	1	128	0	1	378	352	29	31	900	0	0	0	1	
5908	76934594	0	0	0	0	1	128	0	1	376	352	30	31	943	0	0	0	1	
5909	76934628	0	0	0	0	1	128	0	1	376	352	30	31	924	0	0	0	1	
5910	76934661	0	0	0	0	1	128	0	1	378	352	29	31	904	0	0	0	1	
5911	76934695	0	0	0	0	1	128	0	1	378	352	29	31	897	0	0	0	1	
5912	76934728	0	0	0	0	1	128	0	1	376	352	30	31	927	0	0	0	1	
5913	76934761	0	0	0	0	1	128	0	1	378	352	29	30	895	0	0	0	1	
5914	76934795	0	0	0	0	1	128	0	1	392	374	29	30	854	0	0	0	1	
5915	76934828	0	0	0	0	1	128	0	1	404	394	27	29	797	0	0	0	1	
5916	76934861	0	0	0	0	1	128	0	1	408	404	27	29	771	0	0	0	1	
5917	76934895	0	0	0	0	1	128	0	1	406	404	27	29	791	0	0	0	1	
5918	76934928	0	0	0	0	1	128	0	1	408	406	25	29	725	0	0	0	1	
5919	76934961	0	0	0	0	1	128	0	1	406	406	27	29	765	0	0	0	1	
5920	76934995	0	0	0	0	1	128	0	1	408	406	26	29	754	0	0	0	1	
5921	76935028	0	0	0	0	1	128	0	1	408	406	27	29	762	0	0	0	1	
5922	76935062	0	0	0	0	1	128	0	1	406	406	26	29	751	0	0	0	1	
5923	76935095	0	0	0	0	1	128	0	1	406	406	26	29	751	0	0	0	1	
5924	76935128	0	0	0	0	1	128	0	1	404	408	27	29	778	0	0	0	1	
5925	76935162	0	0	0	0	1	128	0	1	404	408	27	29	777	0	0	0	1	
5926	76935195	0	0	0	0	1	128	0	1	404	408	27	29	790	0	0	0	1	
5927	76935228	0	0	0	0	1	128	0	1	404	408	27	29	782	0	0	0	1	
5928	76935262	0	0	0	0	1	128	0	1	404	408	27	29	806	0	0	0	1	
5929	76935295	0	0	0	0	1	128	0	1	404	408	27	29	791	0	0	0	1	
5930	76935329	0	0	0	0	1	128	0	1	404	408	28	29	811	0	0	0	1	
5931	76935362	0	0	0	0	1	128	0	1	404	408	27	30	809	0	0	0	1	
5932	76935395	0	0	0	0	1	128	0	1	404	408	28	30	823	0	0	0	1	
5933	76935429	0	0	0	0	1	128	0	1	404	408	28	30	820	0	0	0	1	
5934	76935462	0	0	0	0	1	128	0	1	406	410	25	30	746	0	0	0	1	
5935	76935495	0	0	0	0	1	128	0	1	404	408	28	30	833	0	0	0	1	
5936	76935529	0	0	0	0	1	128	0	1	404	408	28	30	839	0	0	0	1	
5937	76935562	0	0	0	0	1	128	0	1	404	408	28	31	865	0	0	0	1	
5938	76935595	0	0	0	0	1	128	0	1	404	408	29	31	888	0	0	0	1	
5939	76935629	0	0	0	0	1	128	0	1	404	408	28	31	868	0	0	0	1	
5940	76935662	0	0	0	0	1	128	0	1	404	408	29	31	878	0	0	0	1	
5941	76935696	0	0	0	0	1	128	0	1	406	412	26	30	784	0	0	0	1	
5942	76935729	0	0	0	0	1	128	0	1	404	410	28	31	865	0	0	0	1	
5943	76935762	0	0	0	0	1	128	0	1	404	410	28	31	867	0	0	0	1	
5944	76935796	0	0	0	0	1	128	0	1	406	410	26	30	788	0	0	0	1	
5945	76935829	0	0	0	0	1	128	0	1	404	410	28	31	877	0	0	0	1	
5946	76935862	0	0	0	0	1	128	0	1	406	408	28	31	875	0	0	0	1	
5947	76935896	0	0	0	0	1	128	0	1	436	390	25	33	833	0	0	0	1	
5948	76935929	0	0	0	0	1	128	0	1	454	378	24	30	730	0	0	0	1	
5949	76935962	0	0	0	0	1	128	0	1	454	378	24	30	731	0	0	0	1	
5950	76935996	0	0	0	0	1	128	0	1	454	378	24	30	727	0	0	0	1	
5951	76936029	0	0	0	0	1	128	0	1	454	378	24	30	728	0	0	0	1	
5952	76936063	0	0	0	0	1	128	0	1	454	378	24	30	728	0	0	0	1	
5953	76936096	0	0	0	0	1	128	0	1	458	372	24	30	721	0	0	0	1	
5954	76936129	0	0	0	0	1	128	0	1	458	370	24	30	718	0	0	0	1	
5955	76936163	0	0	0	0	1	128	0	1	458	370	24	30	719	0	0	0	1	
5956	76936196	0	0	0	0	1	128	0	1	458	370	24	30	721	0	0	0	1	
5957	76936229	0	0	0	0	1	128	0	1	458	370	24	30	727	0	0	0	1	
5958	76936263	0	0	0	0	1	128	0	1	458	368	24	31	740	0	0	0	1	
5959	76936296	0	0	0	0	1	128	0	1	442	330	73	108	7847	0	0	0	1	
5960	76936330	0	0	0	0	1	128	0	1	430	316	27	31	838	0	0	0	1	
5961	76936363	0	0	0	0	1	128	0	1	426	312	27	31	846	0	0	0	1	
5962	76936396	0	0	0	0	1	128	0	1	426	312	27	31	855	0	0	0	1	
5963	76936430	0	0	0	0	1	128	0	1	426	312	27	31	857	0	0	0	1	
5964	76936463	0	0	0	0	1	128	0	1	426	314	28	32	873	0	0	0	1	
5965	76936496	0	0	0	0	1	128	0	1	426	314	28	32	874	0	0	0	1	
5966	76936530	0	0	0	0	1	128	0	1	426	314	28	32	882	0	0	0	1	
5967	76936563	0	0	0	0	1	128	0	1	426	316	28	32	895	0	0	0	1	
5968	76936597	0	0	0	0	1	128	0	1	426	316	28	32	897	0	0	0	1	
5969	76936630	0	0	0	0	1	128	0	1	426	316	28	32	886	0	0	0	1	
5970	76936663	0	0	0	0	1	128	0	1	426	316	28	32	881	0	0	0	1	
5971	76936697	0	0	0	0	1	128	0	1	412	334	25	29	720	0	0	0	1	
5972	76936730	0	0	0	0	1	128	0	1	380	352	29	31	893	0	0	0	1	
5973	76936763	0	0	0	0	1	128	0	1	374	352	30	31	950	0	0	0	1	
5974	76936797	0	0	0	0	1	128	0	1	374	352	31	31	963	0	0	0	1	
5975	76936830	0	0	0	0	1	128	0	1	374	352	31	32	976	0	0	0	1	
5976	76936863	0	0	0	0	1	128	0	1	374	352	30	31	945	0	0	0	1	
5977	76936897	0	0	0	0	1	128	0	1	374	352	31	31	952	0	0	0	1	
5978	76936930	0	0	0	0	1	128	0	1	374	352	30	31	933	0	0	0	1	
5979	76936964	0	0	0	0	1	128	0	1	372	352	31	32	999	0	0	0	1	
5980	76936997	0	0	0	0	1	128	0	1	376	352	30	31	938	0	0	0	1	
5981	76937030	0	0	0	0	1	128	0	1	376	352	30	31	936	0	0	0	1	
5982	76937064	0	0	0	0	1	128	0	1	376	354	29	30	893	0	0	0	1	
5983	76937097	0	0	0	0	1	128	0	1	376	352	30	31	918	0	0	0	1	
5984	76937130	0	0	0	0	1	128	0	1	376	352	30	30	899	0	0	0	1	
5985	76937164	0	0	0	0	1	128	0	1	376	352	30	30	886	0	0	0	1	
5986	76937197	0	0	0	0	1	128	0	1	376	352	30	31	924	0	0	0	1	
5987	76937231	0	0	0	0	1	128	0	1	376	352	30	30	909	0	0	0	1	
5988	76937264	0	0	0	0	1	128	0	1	376	352	30	30	895	0	0	0	1	
5989	76937297	0	0	0	0	1	128	0	1	372	354	29	36	1043	0	0	0	1	
5990	76937331	0	0	0	0	1	128	0	1	376	352	30	30	910	0	0	0	1	
5991	76937364	0	0	0	0	1	128	0	1	378	352	29	30	881	0	0	0	1	
5992	76937397	0	0	0	0	1	128	0	1	366	364	79	137	10736	0	0	0	1	
5993	76937431	0	0	0	0	1	128	0	1	412	358	28	29	813	0	0	0	1	
5994	76937464	0	0	0	0	1	128	0	1	412	358	28	29	811	0	0	0	1	
5995	76937497	0	0	0	0	1	128	0	1	412	358	28	29	802	0	0	0	1	
5996	76937531	0	0	0	0	1	128	0	1	418	362	27	30	801	0	0	0	1	
5997	76937564	0	0	0	0	1	128	0	1	422	364	26	29	776	0	0	0	1	
5998	76937597	0	0	0	0	1	128	0	1	422	364	26	30	783	0	0	0	1	
5999	76937631	0	0	0	0	1	128	0	1	422	364	26	29	775	0	0	0	1	
6000	76937664	0	0	0	0	1	128	0	1	422	364	26	30	781	0	0	0	1	
6001	76937698	0	0	0	0	1	128	0	1	422	364	26	30	786	0	0	0	1	
6002	76937731	0	0	0	0	1	128	0	1	422	364	27	30	783	0	0	0	1	
6003	76937764	0	0	0	0	1	128	0	1	422	364	27	30	793	0	0	0	1	
6004	76937798	0	0	0	0	1	128	0	1	420	364	27	30	787	0	0	0	1	
6005	76937831	0	0	0	0	1	128	0	1	420	364	26	29	773	0	0	0	1	
6006	76937865	0	0	0	0	1	128	0	1	420	362	27	29	792	0	0	0	1	
6007	76937898	0	0	0	0	1	128	0	1	420	364	26	29	775	0	0	0	1	
6008	76937931	0	0	0	0	1	128	0	1	420	362	26	30	789	0	0	0	1	
6009	76937965	0	0	0	0	1	128	0	1	420	364	27	30	796	0	0	0	1	
6010	76937998	0	0	0	0	1	128	0	1	420	362	27	31	829	0	0	0	1	
6011	76938031	0	0	0	0	1	128	0	1	420	364	26	30	799	0	0	0	1	
6012	76938065	0	0	0	0	1	128	0	1	420	364	27	30	817	0	0	0	1	
6013	76938098	0	0	0	0	1	128	0	1	422	364	26	30	768	0	0	0	1	
6014	76938131	0	0	0	0	1	128	0	1	420	364	27	30	817	0	0	0	1	
6015	76938165	0	0	0	0	1	128	0	1	420	364	27	30	816	0	0	0	1	
6016	76938198	0	0	0	0	1	128	0	1	422	364	25	30	763	0	0	0	1	
6017	76938231	0	0	0	0	1	128	0	1	420	364	27	30	801	0	0	0	1	
6018	76938265	0	0	0	0	1	128	0	1	420	364	27	30	808	0	0	0	1	
6019	76938298	0	0	0	0	1	128	0	1	420	362	27	31	831	0	0	0	1	
6020	76938332	0	0	0	0	1	128	0	1	420	364	27	30	808	0	0	0	1	
6021	76938365	0	0	0	0	1	128	0	1	420	362	27	30	828	0	0	0	1	
6022	76938398	0	0	0	0	1	128	0	1	420	362	27	31	834	0	0	0	1	
6023	76938432	0	0	0	0	1	128	0	1	420	364	27	30	817	0	0	0	1	
6024	76938465	0	0	0	0	1	128	0	1	420	362	27	31	835	0	0	0	1	
6025	76938498	0	0	0	0	1	128	0	1	420	364	27	30	821	0	0	0	1	
6026	76938532	0	0	0	0	1	128	0	1	420	364	27	30	804	0	0	0	1	
6027	76938565	0	0	0	0	1	128	0	1	420	362	27	30	814	0	0	0	1	
6028	76938599	0	0	0	0	1	128	0	1	420	362	27	30	818	0	0	0	1	
6029	76938632	0	0	0	0	1	128	0	1	420	362	27	30	800	0	0	0	1	
6030	76938665	0	0	0	0	1	128	0	1	420	362	27	29	786	0	0	0	1	
6031	76938699	0	0	0	0	1	128	0	1	420	362	27	30	791	0	0	0	1	
6032	76938732	0	0	0	0	1	128	0	1	420	362	27	29	782	0	0	0	1	
6033	76938765	0	0	0	0	1	128	0	1	420	364	26	29	765	0	0	0	1	
6034	76938799	0	0	0	0	1	128	0	1	420	362	27	30	801	0	0	0	1	
6035	76938832	0	0	0	0	1	128	0	1	420	362	27	30	788	0	0	0	1	
6036	76938865	0	0	0	0	1	128	0	1	420	362	27	29	791	0	0	0	1	
6037	76938899	0	0	0	0	1	128	0	1	420	364	26	29	766	0	0	0	1	
6038	76938932	0	0	0	0	1	128	0	1	420	362	27	29	787	0	0	0	1	
6039	76938966	0	0	0	0	1	128	0	1	420	364	26	29	769	0	0	0	1	
6040	76938999	0	0	0	0	1	128	0	1	420	364	26	29	768	0	0	0	1	
6041	76939032	0	0	0	0	1	128	0	1	420	364	26	29	769	0	0	0	1	
6042	76939066	0	0	0	0	1	128	0	1	420	362	27	29	784	0	0	0	1	
6043	76939099	0	0	0	0	1	128	0	1	420	362	26	29	770	0	0	0	1	
6044	76939132	0	0	0	0	1	128	0	1	420	362	27	29	788	0	0	0	1	
6045	76939166	0	0	0	0	1	128	0	1	420	362	26	30	784	0	0	0	1	
6046	76939199	0	0	0	0	1	128	0	1	420	364	26	29	772	0	0	0	1	
6047	76939233	0	0	0	0	1	128	0	1	420	362	27	30	814	0	0	0	1	
6048	76939266	0	0	0	0	1	128	0	1	420	362	27	31	831	0	0	0	1	
6049	76939299	0	0	0	0	1	128	0	1	420	362	27	30	809	0	0	0	1	
6050	76939333	0	0	0	0	1	128	0	1	420	364	27	30	811	0	0	0	1	
6051	76939366	0	0	0	0	1	128	0	1	420	362	28	31	839	0	0	0	1	
6052	76939399	0	0	0	0	1	128	0	1	420	364	27	30	828	0	0	0	1	
6053	76939433	0	0	0	0	1	128	0	1	420	364	27	30	825	0	0	0	1	
6054	76939466	0	0	0	0	1	128	0	1	420	362	28	30	835	0	0	0	1	
6055	76939500	0	0	0	0	1	128	0	1	420	362	27	30	821	0	0	0	1	
6056	76939533	0	0	0	0	1	128	0	1	428	350	27	31	838	0	0	0	1	
6057	76939566	0	0	0	0	1	128	0	1	430	338	27	30	807	0	0	0	1	
6058	76939600	0	0	0	0	1	128	0	1	430	338	27	30	813	0	0	0	1	
6059	76939633	0	0	0	0	1	128	0	1	430	338	27	30	808	0	0	0	1	
6060	76939666	0	0	0	0	1	128	0	1	430	338	27	30	809	0	0	0	1	
6061	76939700	0	0	0	0	1	128	0	1	430	338	27	30	813	0	0	0	1	
6062	76939733	0	0	0	0	1	128	0	1	430	338	27	30	810	0	0	0	1	
6063	76939766	0	0	0	0	1	128	0	1	430	334	27	30	805	0	0	0	1	
6064	76939800	0	0	0	0	1	128	0	1	430	334	27	31	816	0	0	0	1	
6065	76939833	0	0	0	0	1	128	0	1	430	334	27	31	822	0	0	0	1	
6066	76939867	0	0	0	0	1	128	0	1	432	336	26	29	753	0	0	0	1	
6067	76939900	0	0	0	0	1	128	0	1	432	336	26	29	753	0	0	0	1	
6068	76939933	0	0	0	0	1	128	0	1	430	334	27	31	837	0	0	0	1	
6069	76939967	0	0	0	0	1	128	0	1	430	334	27	31	832	0	0	0	1	
6070	76940000	0	0	0	0	1	128	0	1	430	334	27	31	840	0	0	0	1	
6071	76940033	0	0	0	0	1	128	0	1	430	334	27	31	838	0	0	0	1	
6072	76940067	0	0	0	0	1	128	0	1	430	334	27	31	831	0	0	0	1	
6073	76940100	0	0	0	0	1	128	0	1	430	334	27	30	811	0	0	0	1	
6074	76940133	0	0	0	0	1	128	0	1	430	334	27	30	814	0	0	0	1	
6075	76940167	0	0	0	0	1	128	0	1	430	334	27	30	800	0	0	0	1	
6076	76940200	0	0	0	0	1	128	0	1	430	342	27	30	801	0	0	0	1	
6077	76940234	0	0	0	0	1	128	0	1	428	346	27	30	816	0	0	0	1	
6078	76940267	0	0	0	0	1	128	0	1	430	348	27	30	813	0	0	0	1	
6079	76940300	0	0	0	0	1	128	0	1	430	348	27	30	809	0	0	0	1	
6080	76940334	0	0	0	0	1	128	0	1	430	348	27	30	811	0	0	0	1	
6081	76940367	0	0	0	0	1	128	0	1	428	348	27	30	811	0	0	0	1	
6082	76940400	0	0	0	0	1	128	0	1	430	348	27	30	807	0	0	0	1	
6083	76940434	0	0	0	0	1	128	0	1	428	348	27	30	799	0	0	0	1	
6084	76940467	0	0	0	0	1	128	0	1	430	348	27	30	792	0	0	0	1	
6085	76940501	0	0	0	0	1	128	0	1	428	348	27	29	782	0	0	0	1	
6086	76940534	0	0	0	0	1	128	0	1	428	346	27	29	779	0	0	0	1	
6087	76940567	0	0	0	0	1	128	0	1	428	348	27	30	788	0	0	0	1	
6088	76940601	0	0	0	0	1	128	0	1	428	348	26	29	770	0	0	0	1	
6089	76940634	0	0	0	0	1	128	0	1	428	348	26	30	788	0	0	0	1	
6090	76940667	0	0	0	0	1	128	0	1	428	346	27	29	776	0	0	0	1	
6091	76940701	0	0	0	0	1	128	0	1	428	348	27	29	789	0	0	0	1	
6092	76940734	0	0	0	0	1	128	0	1	428	348	27	30	790	0	0	0	1	
6093	76940767	0	0	0	0	1	128	0	1	428	348	27	30	805	0	0	0	1	
6094	76940801	0	0	0	0	1	128	0	1	428	348	27	30	810	0	0	0	1	
6095	76940834	0	0	0	0	1	128	0	1	428	348	27	30	825	0	0	0	1	
6096	76940868	0	0	0	0	1	128	0	1	428	348	27	30	820	0	0	0	1	
6097	76940901	0	0	0	0	1	128	0	1	428	348	27	30	824	0	0	0	1	
6098	76940934	0	0	0	0	1	128	0	1	428	360	27	30	824	0	0	0	1	
6099	76940968	0	0	0	0	1	128	0	1	428	360	27	30	826	0	0	0	1	
6100	76941001	0	0	0	0	1	128	0	1	428	362	27	30	819	0	0	0	1	
6101	76941034	0	0	0	0	1	128	0	1	428	362	27	30	820	0	0	0	1	
6102	76941068	0	0	0	0	1	128	0	1	428	360	27	30	818	0	0	0	1	
6103	76941101	0	0	0	0	1	128	0	1	428	360	27	30	814	0	0	0	1	
6104	76941135	0	0	0	0	1	128	0	1	428	362	27	30	807	0	0	0	1	
6105	76941168	0	0	0	0	1	128	0	1	428	362	27	30	806	0	0	0	1	
6106	76941201	0	0	0	0	1	128	0	1	428	362	27	30	796	0	0	0	1	
6107	76941235	0	0	0	0	1	128	0	1	428	362	27	30	804	0	0	0	1	
6108	76941268	0	0	0	0	1	128	0	1	428	362	27	30	797	0	0	0	1	
6109	76941301	0	0	0	0	1	128	0	1	428	362	26	30	792	0	0	0	1	
6110	76941335	0	0	0	0	1	128	0	1	428	362	27	30	798	0	0	0	1	
6111	76941368	0	0	0	0	1	128	0	1	428	362	27	30	798	0	0	0	1	
6112	76941402	0	0	0	0	1	128	0	1	428	362	27	30	802	0	0	0	1	
6113	76941435	0	0	0	0	1	128	0	1	428	362	27	30	811	0	0	0	1	
6114	76941468	0	0	0	0	1	128	0	1	428	362	27	30	814	0	0	0	1	
6115	76941502	0	0	0	0	1	128	0	1	428	362	27	30	824	0	0	0	1	
6116	76941535	0	0	0	0	1	128	0	1	428	362	27	31	831	0	0	0	1	
6117	76941568	0	0	0	0	1	128	0	1	428	362	27	31	836	0	0	0	1	
6118	76941602	0	0	0	0	1	128	0	1	428	362	27	31	847	0	0	0	1	
6119	76941635	0	0	0	0	1	128	0	1	428	362	28	31	853	0	0	0	1	
6120	76941668	0	0	0	0	1	128	0	1	428	362	28	31	852	0	0	0	1	
6121	76941702	0	0	0	0	1	128	0	1	412	384	29	31	881	0	0	0	1	
6122	76941735	0	0	0	0	1	128	0	1	410	388	29	31	893	0	0	0	1	
6123	76941769	0	0	0	0	1	128	0	1	410	388	29	31	902	0	0	0	1	
6124	76941802	0	0	0	0	1	128	0	1	410	388	30	31	927	0	0	0	1	
6125	76941835	0	0	0	0	1	128	0	1	410	388	30	32	941	0	0	0	1	
6126	76941869	0	0	0	0	1	128	0	1	410	388	30	32	946	0	0	0	1	
6127	76941902	0	0	0	0	1	128	0	1	410	388	29	32	932	0	0	0	1	
6128	76941935	0	0	0	0	1	128	0	1	410	388	29	32	929	0	0	0	1	
6129	76941969	0	0	0	0	1	128	0	1	410	388	29	31	892	0	0	0	1	
6130	76942002	0	0	0	0	1	128	0	1	410	388	29	31	885	0	0	0	1	
6131	76942036	0	0	0	0	1	128	0	1	410	388	28	31	864	0	0	0	1	
6132	76942069	0	0	0	0	1	128	0	1	410	388	28	31	862	0	0	0	1	
6133	76942102	0	0	0	0	1	128	0	1	410	388	28	30	845	0	0	0	1	
6134	76942136	0	0	0	0	1	128	0	1	410	388	29	30	870	0	0	0	1	
6135	76942169	0	0	0	0	1	128	0	1	410	388	28	30	854	0	0	0	1	
6136	76942202	0	0	0	0	1	128	0	1	410	388	29	31	885	0	0	0	1	
6137	76942236	0	0	0	0	1	128	0	1	410	388	29	31	877	0	0	0	1	
6138	76942269	0	0	0	0	1	128	0	1	410	388	29	31	875	0	0	0	1	
6139	76942302	0	0	0	0	1	128	0	1	410	388	29	31	901	0	0	0	1	
6140	76942336	0	0	0	0	1	128	0	1	410	388	29	31	907	0	0	0	1	
6141	76942369	0	0	0	0	1	128	0	1	410	386	29	31	919	0	0	0	1	
6142	76942403	0	0	0	0	1	128	0	1	410	386	29	32	930	0	0	0	1	
6143	76942436	0	0	0	0	1	128	0	1	410	386	30	32	933	0	0	0	1	
6144	76942469	0	0	0	0	1	128	0	1	402	364	32	35	1114	0	0	0	1	
6145	76942503	0	0	0	0	1	128	0	1	398	350	29	32	925	0	0	0	1	
6146	76942536	0	0	0	0	1	128	0	1	396	350	30	32	962	0	0	0	1	
6147	76942569	0	0	0	0	1	128	0	1	396	350	30	32	961	0	0	0	1	
6148	76942603	0	0	0	0	1	128	0	1	396	352	30	32	965	0	0	0	1	
6149	76942636	0	0	0	0	1	128	0	1	398	352	31	32	979	0	0	0	1	
6150	76942669	0	0	0	0	1	128	0	1	400	356	31	33	1009	0	0	0	1	
6151	76942703	0	0	0	0	1	128	0	1	400	356	31	33	1004	0	0	0	1	
6152	76942736	0	0	0	0	1	128	0	1	400	356	31	33	1010	0	0	0	1	
6153	76942770	0	0	0	0	1	128	0	1	400	356	31	33	1030	0	0	0	1	
6154	76942803	0	0	0	0	1	128	0	1	400	356	31	33	1011	0	0	0	1	
6155	76942836	0	0	0	0	1	128	0	1	400	358	30	32	977	0	0	0	1	
6156	76942870	0	0	0	0	1	128	0	1	400	356	31	32	973	0	0	0	1	
6157	76942903	0	0	0	0	1	128	0	1	400	356	30	31	925	0	0	0	1	
6158	76942936	0	0	0	0	1	128	0	1	400	356	30	31	943	0	0	0	1	
6159	76942970	0	0	0	0	1	128	0	1	406	350	29	31	901	0	0	0	1	
6160	76943003	0	0	0	0	1	128	0	1	408	350	28	31	862	0	0	0	1	
6161	76943037	0	0	0	0	1	128	0	1	408	350	28	31	854	0	0	0	1	
6162	76943070	0	0	0	0	1	128	0	1	408	350	28	31	862	0	0	0	1	
6163	76943103	0	0	0	0	1	128	0	1	408	348	29	31	925	0	0	0	1	
6164	76943137	0	0	0	0	1	128	0	1	406	348	30	32	958	0	0	0	1	
6165	76943170	0	0	0	0	1	128	0	1	408	350	29	31	905	0	0	0	1	
6166	76943203	0	0	0	0	1	128	0	0	0	0	0	0	0	0	0	0	1	
6167	76943237	0	0	0	0	1	128	0	1	428	348	28	31	881	0	0	0	1	
6168	76943270	0	0	0	0	1	128	0	1	430	348	28	31	886	0	0	0	1	
6169	76943304	0	0	0	0	1	128	0	1	430	348	28	31	871	0	0	0	1	
6170	76943337	0	0	0	0	1	128	0	1	430	348	28	31	864	0	0	0	1	
6171	76943370	0	0	0	0	1	128	0	1	430	348	28	31	857	0	0	0	1	
6172	76943404	0	0	0	0	1	128	0	1	430	348	28	31	853	0	0	0	1	
6173	76943437	0	0	0	0	1	128	0	1	430	348	28	31	846	0	0	0	1	
6174	76943470	0	0	0	0	1	128	0	1	430	348	28	30	838	0	0	0	1	
6175	76943504	0	0	0	0	1	128	0	1	430	348	28	30	832	0	0	0	1	
6176	76943537	0	0	0	0	1	128	0	1	430	348	27	30	824	0	0	0	1	
6177	76943570	0	0	0	0	1	128	0	1	430	348	27	30	809	0	0	0	1	
6178	76943604	0	0	0	0	1	128	0	1	430	348	27	30	816	0	0	0	1	
6179	76943637	0	0	0	0	1	128	0	1	430	348	27	30	813	0	0	0	1	
6180	76943671	0	0	0	0	1	128	0	1	430	348	27	30	812	0	0	0	1	
6181	76943704	0	0	0	0	1	128	0	1	430	348	27	30	820	0	0	0	1	
6182	76943737	0	0	0	0	1	128	0	1	430	348	27	30	828	0	0	0	1	
6183	76943771	0	0	0	0	1	128	0	1	430	348	28	30	830	0	0	0	1	
6184	76943804	0	0	0	0	1	128	0	1	430	348	28	30	842	0	0	0	1	
6185	76943837	0	0	0	0	1	128	0	1	430	348	28	30	834	0	0	0	1	
6186	76943871	0	0	0	0	1	128	0	1	430	348	28	31	845	0	0	0	1	
6187	76943904	0	0	0	0	1	128	0	1	430	348	28	31	850	0	0	0	1	
6188	76943938	0	0	0	0	1	128	0	1	430	348	28	30	839	0	0	0	1	
6189	76943971	0	0	0	0	1	128	0	1	430	348	28	31	843	0	0	0	1	
6190	76944004	0	0	0	0	1	128	0	1	430	348	28	31	847	0	0	0	1	
6191	76944038	0	0	0	0	1	128	0	1	422	350	27	30	812	0	0	0	1	
6192	76944071	0	0	0	0	1	128	0	1	402	350	29	31	883	0	0	0	1	
6193	76944104	0	0	0	0	1	128	0	1	400	350	29	30	873	0	0	0	1	
6194	76944138	0	0	0	0	1	128	0	1	400	350	29	31	876	0	0	0	1	
6195	76944171	0	0	0	0	1	128	0	1	400	350	29	31	887	0	0	0	1	
6196	76944204	0	0	0	0	1	128	0	1	400	350	29	31	912	0	0	0	1	
6197	76944238	0	0	0	0	1	128	0	1	400	348	30	31	924	0	0	0	1	
6198	76944271	0	0	0	0	1	128	0	1	400	350	29	31	927	0	0	0	1	
6199	76944304	0	0	0	0	1	128	0	1	400	348	30	31	941	0	0	0	1	
6200	76944338	0	0	0	0	1	128	0	1	400	350	30	31	919	0	0	0	1	
6201	76944371	0	0	0	0	1	128	0	1	400	350	30	32	943	0	0	0	1	
6202	76944405	0	0	0	0	1	128	0	1	400	350	28	31	877	0	0	0	1	
6203	76944438	0	0	0	0	1	128	0	1	400	348	31	31	964	0	0	0	1	
6204	76944471	0	0	0	0	1	128	0	1	400	350	30	31	951	0	0	0	1	
6205	76944505	0	0	0	0	1	128	0	1	400	350	29	32	926	0	0	0	1	
6206	76944538	0	0	0	0	1	128	0	1	400	350	29	31	902	0	0	0	1	
6207	76944571	0	0	0	0	1	128	0	1	400	350	30	31	931	0	0	0	1	
6208	76944605	0	0	0	0	1	128	0	1	400	350	30	31	939	0	0	0	1	
6209	76944638	0	0	0	0	1	128	0	1	400	350	29	31	913	0	0	0	1	
6210	76944672	0	0	0	0	1	128	0	1	400	350	29	31	895	0	0	0	1	
6211	76944705	0	0	0	0	1	128	0	1	400	358	26	29	759	0	0	0	1	
6212	76944738	0	0	0	0	1	128	0	1	394	374	30	32	967	0	0	0	1	
6213	76944772	0	0	0	0	1	128	0	1	394	374	31	32	979	0	0	0	1	
6214	76944805	0	0	0	0	1	128	0	1	394	374	31	32	979	0	0	0	1	
6215	76944838	0	0	0	0	1	128	0	1	394	374	30	32	960	0	0	0	1	
6216	76944872	0	0	0	0	1	128	0	1	394	374	31	32	978	0	0	0	1	
6217	76944905	0	0	0	0	1	128	0	1	394	374	30	32	965	0	0	0	1	
6218	76944939	0	0	0	0	1	128	0	1	394	374	30	32	963	0	0	0	1	
6219	76944972	0	0	0	0	1	128	0	1	394	374	30	32	942	0	0	0	1	
6220	76945005	0	0	0	0	1	128	0	1	394	374	30	32	945	0	0	0	1	
6221	76945039	0	0	0	0	1	128	0	1	394	374	30	32	954	0	0	0	1	
6222	76945072	0	0	0	0	1	128	0	1	394	374	30	32	949	0	0	0	1	
6223	76945105	0	0	0	0	1	128	0	1	396	374	30	31	933	0	0	0	1	
6224	76945139	0	0	0	0	1	128	0	1	402	374	30	32	950	0	0	0	1	
6225	76945172	0	0	0	0	1	128	0	1	402	374	30	32	953	0	0	0	1	
6226	76945206	0	0	0	0	1	128	0	1	402	374	30	32	960	0	0	0	1	
6227	76945239	0	0	0	0	1	128	0	1	402	374	30	31	941	0	0	0	1	
6228	76945272	0	0	0	0	1	128	0	1	402	374	31	32	984	0	0	0	1	
6229	76945306	0	0	0	0	1	128	0	1	402	374	30	32	975	0	0	0	1	
6230	76945339	0	0	0	0	1	128	0	1	402	374	30	32	977	0	0	0	1	
6231	76945372	0	0	0	0	1	128	0	1	402	374	30	33	985	0	0	0	1	
6232	76945406	0	0	0	0	1	128	0	1	402	374	31	32	1008	0	0	0	1	
6233	76945439	0	0	0	0	1	128	0	1	404	374	31	33	1001	0	0	0	1	
6234	76945472	0	0	0	0	1	128	0	1	422	374	30	32	957	0	0	0	1	
6235	76945506	0	0	0	0	1	128	0	1	422	374	30	33	982	0	0	0	1	
6236	76945539	0	0	0	0	1	128	0	1	424	376	29	33	949	0	0	0	1	
6237	76945573	0	0	0	0	1	128	0	1	424	374	29	33	965	0	0	0	1	
6238	76945606	0	0	0	0	1	128	0	1	424	376	29	33	959	0	0	0	1	
6239	76945639	0	0	0	0	1	128	0	1	424	376	29	33	947	0	0	0	1	
6240	76945673	0	0	0	0	1	128	0	1	424	376	29	33	952	0	0	0	1	
6241	76945706	0	0	0	0	1	128	0	1	424	376	29	33	950	0	0	0	1	
6242	76945739	0	0	0	0	1	128	0	1	424	374	29	32	943	0	0	0	1	
6243	76945773	0	0	0	0	1	128	0	1	424	374	29	32	940	0	0	0	1	
6244	76945806	0	0	0	0	1	128	0	1	424	374	29	33	946	0	0	0	1	
6245	76945839	0	0	0	0	1	128	0	1	426	362	29	34	974	0	0	0	1	
6246	76945873	0	0	0	0	1	128	0	1	424	348	29	32	913	0	0	0	1	
6247	76945906	0	0	0	0	1	128	0	1	422	346	30	33	976	0	0	0	1	
6248	76945940	0	0	0	0	1	128	0	1	422	348	29	32	932	0	0	0	1	
6249	76945973	0	0	0	0	1	128	0	1	424	348	29	32	938	0	0	0	1	
6250	76946006	0	0	0	0	1	128	0	1	424	348	29	32	939	0	0	0	1	
6251	76946040	0	0	0	0	1	128	0	1	424	348	29	33	958	0	0	0	1	
6252	76946073	0	0	0	0	1	128	0	1	424	348	29	33	960	0	0	0	1	
6253	76946106	0	0	0	0	1	128	0	1	422	346	30	33	994	0	0	0	1	
6254	76946140	0	0	0	0	1	128	0	1	422	348	30	33	994	0	0	0	1	
6255	76946173	0	0	0	0	1	128	0	1	424	348	29	33	966	0	0	0	1	
6256	76946207	0	0	0	0	1	128	0	1	422	348	30	33	987	0	0	0	1	
6257	76946240	0	0	0	0	1	128	0	0	0	0	0	0	0	0	0	0	1	
6258	76946273	0	0	0	0	1	128	0	1	396	364	31	34	1041	0	0	0	1	
6259	76946307	0	0	0	0	1	128	0	1	396	364	32	34	1072	0	0	0	1	
6260	76946340	0	0	0	0	1	128	0	1	396	364	32	33	1083	0	0	0	1	
6261	76946373	0	0	0	0	1	128	0	1	396	364	32	34	1082	0	0	0	1	
6262	76946407	0	0	0	0	1	128	0	1	396	364	32	33	1074	0	0	0	1	
6263	76946440	0	0	0	0	1	128	0	1	396	364	32	34	1083	0	0	0	1	
6264	76946473	0	0	0	0	1	128	0	1	396	364	32	33	1076	0	0	0	1	
6265	76946507	0	0	0	0	1	128	0	1	396	364	32	33	1053	0	0	0	1	
6266	76946540	0	0	0	0	1	128	0	1	396	364	32	33	1056	0	0	0	1	
6267	76946574	0	0	0	0	1	128	0	1	396	364	31	33	1017	0	0	0	1	
6268	76946607	0	0	0	0	1	128	0	1	396	364	31	33	1040	0	0	0	1	
6269	76946640	0	0	0	0	1	128	0	1	400	362	30	33	972	0	0	0	1	
6270	76946674	0	0	0	0	1	128	0	1	404	352	30	32	943	0	0	0	1	
6271	76946707	0	0	0	0	1	128	0	1	404	350	30	32	964	0	0	0	1	
6272	76946740	0	0	0	0	1	128	0	1	406	350	29	32	934	0	0	0	1	
6273	76946774	0	0	0	0	1	128	0	1	406	350	29	32	933	0	0	0	1	
6274	76946807	0	0	0	0	1	128	0	1	404	350	30	33	987	0	0	0	1	
6275	76946841	0	0	0	0	1	128	0	1	406	350	29	32	923	0	0	0	1	
6276	76946874	0	0	0	0	1	128	0	1	406	350	30	32	947	0	0	0	1	
6277	76946907	0	0	0	0	1	128	0	1	406	350	30	33	971	0	0	0	1	
6278	76946941	0	0	0	0	1	128	0	1	406	350	30	32	956	0	0	0	1	
6279	76946974	0	0	0	0	1	128	0	1	406	350	29	32	956	0	0	0	1	
6280	76947007	0	0	0	0	1	128	0	1	402	346	31	37	1164	0	0	0	1	
6281	76947041	0	0	0	0	1	128	0	1	406	350	30	32	969	0	0	0	1	
6282	76947074	0	0	0	0	1	128	0	1	404	348	31	33	1024	0	0	0	1	
6283	76947107	0	0	0	0	1	128	0	1	406	350	30	33	998	0	0	0	1	
6284	76947141	0	0	0	0	1	128	0	1	406	350	30	33	1010	0	0	0	1	
6285	76947174	0	0	0	0	1	128	0	1	408	350	31	33	1010	0	0	0	1	
6286	76947208	0	0	0	0	1	128	0	1	408	350	31	33	1007	0	0	0	1	
6287	76947241	0	0	0	0	1	128	0	1	406	350	31	33	1014	0	0	0	1	
6288	76947274	0	0	0	0	1	128	0	1	416	352	30	32	974	0	0	0	1	
6289	76947308	0	0	0	0	1	128	0	1	422	354	30	33	970	0	0	0	1	
6290	76947341	0	0	0	0	1	128	0	1	422	354	30	33	965	0	0	0	1	
6291	76947374	0	0	0	0	1	128	0	1	422	354	30	32	941	0	0	0	1	
6292	76947408	0	0	0	0	1	128	0	1	422	354	29	32	948	0	0	0	1	
6293	76947441	0	0	0	0	1	128	0	1	422	354	29	32	922	0	0	0	1	
6294	76947474	0	0	0	0	1	128	0	1	422	354	29	32	935	0	0	0	1	
6295	76947508	0	0	0	0	1	128	0	1	424	356	28	31	857	0	0	0	1	
6296	76947541	0	0	0	0	1	128	0	1	422	354	29	32	939	0	0	0	1	
6297	76947575	0	0	0	0	1	128	0	1	422	354	29	33	957	0	0	0	1	
6298	76947608	0	0	0	0	1	128	0	1	424	356	29	31	908	0	0	0	1	
6299	76947641	0	0	0	0	1	128	0	1	422	354	30	33	968	0	0	0	1	
6300	76947675	0	0	0	0	1	128	0	1	422	354	29	32	942	0	0	0	1	
6301	76947708	0	0	0	0	1	128	0	1	424	358	29	32	915	0	0	0	1	
6302	76947741	0	0	0	0	1	128	0	1	424	374	29	33	943	0	0	0	1	
6303	76947775	0	0	0	0	1	128	0	1	424	374	29	33	954	0	0	0	1	
6304	76947808	0	0	0	0	1	128	0	1	422	374	29	33	970	0	0	0	1	
6305	76947842	0	0	0	0	1	128	0	1	424	374	29	33	965	0	0	0	1	
6306	76947875	0	0	0	0	1	128	0	1	422	374	29	33	979	0	0	0	1	
6307	76947908	0	0	0	0	1	128	0	1	424	374	29	33	962	0	0	0	1	
6308	76947942	0	0	0	0	1	128	0	1	424	374	29	33	967	0	0	0	1	
6309	76947975	0	0	0	0	1	128	0	1	422	374	29	33	955	0	0	0	1	
6310	76948008	0	0	0	0	1	128	0	1	422	374	30	33	964	0	0	0	1	
6311	76948042	0	0	0	0	1	128	0	1	422	374	29	33	957	0	0	0	1	
6312	76948075	0	0	0	0	1	128	0	1	422	374	29	33	939	0	0	0	1	
6313	76948108	0	0	0	0	1	128	0	1	422	374	29	33	951	0	0	0	1	
6314	76948142	0	0	0	0	1	128	0	1	422	374	29	32	915	0	0	0	1	
6315	76948175	0	0	0	0	1	128	0	1	426	366	29	32	925	0	0	0	1	
6316	76948209	0	0	0	0	1	128	0	1	424	356	29	32	908	0	0	0	1	
6317	76948242	0	0	0	0	1	128	0	1	424	356	29	32	920	0	0	0	1	
6318	76948275	0	0	0	0	1	128	0	1	424	356	29	32	929	0	0	0	1	
6319	76948309	0	0	0	0	1	128	0	1	424	356	29	32	940	0	0	0	1	
6320	76948342	0	0	0	0	1	128	0	1	424	356	29	32	939	0	0	0	1	
6321	76948375	0	0	0	0	1	128	0	1	424	354	30	33	978	0	0	0	1	
6322	76948409	0	0	0	0	1	128	0	1	424	356	30	32	955	0	0	0	1	
6323	76948442	0	0	0	0	1	128	0	1	424	356	30	33	974	0	0	0	1	
6324	76948476	0	0	0	0	1	128	0	1	424	356	30	33	971	0	0	0	1	
6325	76948509	0	0	0	0	1	128	0	1	374	366	84	125	10530	0	0	0	1	
6326	76948542	0	0	0	0	1	128	0	1	408	390	31	33	1024	0	0	0	1	
6327	76948576	0	0	0	0	1	128	0	1	406	390	33	34	1134	0	0	0	1	
6328	76948609	0	0	0	0	1	128	0	1	408	390	31	33	1040	0	0	0	1	
6329	76948642	0	0	0	0	1	128	0	1	408	390	31	33	1037	0	0	0	1	
6330	76948676	0	0	0	0	1	128	0	1	408	390	31	33	1039	0	0	0	1	
6331	76948709	0	0	0	0	1	128	0	1	408	392	31	33	1043	0	0	0	1	
6332	76948742	0	0	0	0	1	128	0	1	408	392	31	33	1029	0	0	0	1	
6333	76948776	0	0	0	0	1	128	0	1	408	392	31	33	1028	0	0	0	1	
6334	76948809	0	0	0	0	1	128	0	1	404	392	31	34	1062	0	0	0	1	
6335	76948843	0	0	0	0	1	128	0	1	406	392	31	33	1015	0	0	0	1	
6336	76948876	0	0	0	0	1	128	0	1	406	392	31	33	996	0	0	0	1	
6337	76948909	0	0	0	0	1	128	0	1	406	392	30	32	981	0	0	0	1	
6338	76948943	0	0	0	0	1	128	0	1	406	392	31	33	999	0	0	0	1	
6339	76948976	0	0	0	0	1	128	0	1	406	392	30	32	972	0	0	0	1	
6340	76949009	0	0	0	0	1	128	0	1	406	392	30	33	995	0	0	0	1	
6341	76949043	0	0	0	0	1	128	0	1	406	392	30	33	996	0	0	0	1	
6342	76949076	0	0	0	0	1	128	0	1	404	392	30	33	996	0	0	0	1	
6343	76949110	0	0	0	0	1	128	0	1	406	394	29	33	943	0	0	0	1	
6344	76949143	0	0	0	0	1	128	0	1	406	392	29	33	955	0	0	0	1	
6345	76949176	0	0	0	0	1	128	0	1	404	392	31	34	1048	0	0	0	1	
6346	76949210	0	0	0	0	1	128	0	1	404	392	31	34	1054	0	0	0	1	
6347	76949243	0	0	0	0	1	128	0	1	402	404	30	33	982	0	0	0	1	
6348	76949276	0	0	0	0	1	128	0	1	402	404	31	33	1021	0	0	0	1	
6349	76949310	0	0	0	0	1	128	0	1	402	404	31	35	1096	0	0	0	1	
6350	76949343	0	0	0	0	1	128	0	1	402	406	31	33	1022	0	0	0	1	
6351	76949377	0	0	0	0	1	128	0	1	402	404	32	34	1085	0	0	0	1	
6352	76949410	0	0	0	0	1	128	0	1	402	406	31	33	1032	0	0	0	1	
6353	76949443	0	0	0	0	1	128	0	1	404	408	29	33	940	0	0	0	1	
6354	76949477	0	0	0	0	1	128	0	1	402	406	31	33	1025	0	0	0	1	
6355	76949510	0	0	0	0	1	128	0	1	402	406	31	33	1022	0	0	0	1	
6356	76949543	0	0	0	0	1	128	0	1	402	406	31	33	1013	0	0	0	1	
6357	76949577	0	0	0	0	1	128	0	1	402	406	31	33	1008	0	0	0	1	
6358	76949610	0	0	0	0	1	128	0	1	402	406	31	33	1010	0	0	0	1	
6359	76949643	0	0	0	0	1	128	0	1	402	406	31	33	1016	0	0	0	1	
6360	76949677	0	0	0	0	1	128	0	1	402	406	31	33	1030	0	0	0	1	
6361	76949710	0	0	0	0	1	128	0	1	402	406	31	33	1026	0	0	0	1	
6362	76949744	0	0	0	0	1	128	0	1	402	406	31	33	1024	0	0	0	1	
6363	76949777	0	0	0	0	1	128	0	1	402	406	30	32	978	0	0	0	1	
6364	76949810	0	0	0	0	1	128	0	1	402	406	31	33	995	0	0	0	1	
6365	76949844	0	0	0	0	1	128	0	1	402	408	29	34	987	0	0	0	1	
6366	76949877	0	0	0	0	1	128	0	1	402	406	31	33	1020	0	0	0	1	
6367	76949910	0	0	0	0	1	128	0	1	402	406	31	33	1029	0	0	0	1	
6368	76949944	0	0	0	0	1	128	0	1	402	406	30	33	990	0	0	0	1	
6369	76949977	0	0	0	0	1	128	0	1	402	406	31	33	1039	0	0	0	1	
6370	76950010	0	0	0	0	1	128	0	1	410	388	31	35	1081	0	0	0	1	
6371	76950044	0	0	0	0	1	128	0	1	414	358	31	34	1053	0	0	0	1	
6372	76950077	0	0	0	0	1	128	0	1	414	358	31	34	1053	0	0	0	1	
6373	76950111	0	0	0	0	1	128	0	1	414	358	31	35	1084	0	0	0	1	
6374	76950144	0	0	0	0	1	128	0	1	412	356	32	35	1125	0	0	0	1	
6375	76950177	0	0	0	0	1	128	0	1	416	360	31	34	1041	0	0	0	1	
6376	76950211	0	0	0	0	1	128	0	1	418	362	32	34	1058	0	0	0	1	
6377	76950244	0	0	0	0	1	128	0	1	420	362	31	34	1061	0	0	0	1	
6378	76950277	0	0	0	0	1	128	0	1	420	360	31	34	1061	0	0	0	1	
6379	76950311	0	0	0	0	1	128	0	1	420	360	31	34	1054	0	0	0	1	
6380	76950344	0	0	0	0	1	128	0	1	420	360	31	34	1060	0	0	0	1	
6381	76950378	0	0	0	0	1	128	0	1	420	360	31	34	1036	0	0	0	1	
6382	76950411	0	0	0	0	1	128	0	1	420	360	31	34	1050	0	0	0	1	
6383	76950444	0	0	0	0	1	128	0	1	420	360	31	34	1047	0	0	0	1	
6384	76950478	0	0	0	0	1	128	0	1	420	360	31	33	1037	0	0	0	1	
6385	76950511	0	0	0	0	1	128	0	1	420	360	31	33	1035	0	0	0	1	
6386	76950544	0	0	0	0	1	128	0	1	420	360	31	33	1027	0	0	0	1	
6387	76950578	0	0	0	0	1	128	0	1	420	360	31	33	1019	0	0	0	1	
6388	76950611	0	0	0	0	1	128	0	1	420	360	31	33	1023	0	0	0	1	
6389	76950644	0	0	0	0	1	128	0	1	420	360	30	33	1009	0	0	0	1	
6390	76950678	0	0	0	0	1	128	0	1	420	360	30	33	1016	0	0	0	1	
6391	76950711	0	0	0	0	1	128	0	1	420	360	30	33	1008	0	0	0	1	
6392	76950745	0	0	0	0	1	128	0	1	420	360	30	33	1010	0	0	0	1	
6393	76950778	0	0	0	0	1	128	0	1	422	340	30	33	985	0	0	0	1	
6394	76950811	0	0	0	0	1	128	0	1	422	338	30	33	990	0	0	0	1	
6395	76950845	0	0	0	0	1	128	0	1	422	338	30	33	1003	0	0	0	1	
6396	76950878	0	0	0	0	1	128	0	1	420	338	31	33	1028	0	0	0	1	
6397	76950911	0	0	0	0	1	128	0	1	422	338	30	33	983	0	0	0	1	
6398	76950945	0	0	0	0	1	128	0	1	422	338	30	33	1009	0	0	0	1	
6399	76950978	0	0	0	0	1	128	0	1	422	338	31	33	1020	0	0	0	1	
6400	76951012	0	0	0	0	1	128	0	1	422	338	31	33	1017	0	0	0	1	
6401	76951045	0	0	0	0	1	128	0	1	422	338	31	33	1011	0	0	0	1	
6402	76951078	0	0	0	0	1	128	0	1	422	338	31	33	1017	0	0	0	1	
6403	76951112	0	0	0	0	1	128	0	1	422	338	30	32	973	0	0	0	1	
6404	76951145	0	0	0	0	1	128	0	1	422	338	30	33	964	0	0	0	1	
6405	76951178	0	0	0	0	1	128	0	1	422	340	29	31	904	0	0	0	1	
6406	76951212	0	0	0	0	1	128	0	1	422	338	30	33	969	0	0	0	1	
6407	76951245	0	0	0	0	1	128	0	1	420	336	30	34	1001	0	0	0	1	
6408	76951278	0	0	0	0	1	128	0	1	422	338	29	32	947	0	0	0	1	
6409	76951312	0	0	0	0	1	128	0	1	422	338	29	32	925	0	0	0	1	
6410	76951345	0	0	0	0	1	128	0	1	422	338	29	31	912	0	0	0	1	
6411	76951379	0	0	0	0	1	128	0	1	422	338	29	32	928	0	0	0	1	
6412	76951412	0	0	0	0	1	128	0	1	422	338	28	32	897	0	0	0	1	
6413	76951445	0	0	0	0	1	128	0	1	414	352	30	31	957	0	0	0	1	
6414	76951479	0	0	0	0	1	128	0	1	406	368	30	32	965	0	0	0	1	
6415	76951512	0	0	0	0	1	128	0	1	406	368	30	32	959	0	0	0	1	
6416	76951545	0	0	0	0	1	128	0	1	406	368	30	32	961	0	0	0	1	
6417	76951579	0	0	0	0	1	128	0	1	406	368	29	32	929	0	0	0	1	
6418	76951612	0	0	0	0	1	128	0	1	406	368	30	32	942	0	0	0	1	
6419	76951646	0	0	0	0	1	128	0	1	406	368	30	31	932	0	0	0	1	
6420	76951679	0	0	0	0	1	128	0	1	406	368	30	32	953	0	0	0	1	
6421	76951712	0	0	0	0	1	128	0	1	408	366	30	32	961	0	0	0	1	
6422	76951746	0	0	0	0	1	128	0	1	408	366	30	31	927	0	0	0	1	
6423	76951779	0	0	0	0	1	128	0	1	408	366	29	31	915	0	0	0	1	
6424	76951812	0	0	0	0	1	128	0	1	408	366	30	31	928	0	0	0	1	
6425	76951846	0	0	0	0	1	128	0	1	408	366	30	31	925	0	0	0	1	
6426	76951879	0	0	0	0	1	128	0	1	408	366	30	31	921	0	0	0	1	
6427	76951913	0	0	0	0	1	128	0	1	408	368	30	30	903	0	0	0	1	
6428	76951946	0	0	0	0	1	128	0	1	408	366	30	32	955	0	0	0	1	
6429	76951979	0	0	0	0	1	128	0	1	408	366	30	32	954	0	0	0	1	
6430	76952013	0	0	0	0	1	128	0	1	408	368	30	31	907	0	0	0	1	
6431	76952046	0	0	0	0	1	128	0	1	408	366	30	31	942	0	0	0	1	
6432	76952079	0	0	0	0	1	128	0	1	408	368	30	31	914	0	0	0	1	
6433	76952113	0	0	0	0	1	128	0	1	408	368	30	31	907	0	0	0	1	
6434	76952146	0	0	0	0	1	128	0	1	408	366	30	32	960	0	0	0	1	
6435	76952179	0	0	0	0	1	128	0	1	408	366	30	32	966	0	0	0	1	
6436	76952213	0	0	0	0	1	128	0	1	408	366	30	32	955	0	0	0	1	
6437	76952246	0	0	0	0	1	128	0	1	408	366	31	32	988	0	0	0	1	
6438	76952280	0	0	0	0	1	128	0	1	408	366	30	32	974	0	0	0	1	
6439	76952313	0	0	0	0	1	128	0	1	406	358	30	32	959	0	0	0	1	
6440	76952346	0	0	0	0	1	128	0	1	404	352	31	33	1012	0	0	0	1	
6441	76952380	0	0	0	0	1	128	0	1	404	354	30	32	956	0	0	0	1	
6442	76952413	0	0	0	0	1	128	0	1	404	352	30	31	959	0	0	0	1	
6443	76952446	0	0	0	0	1	128	0	1	404	354	30	31	949	0	0	0	1	
6444	76952480	0	0	0	0	1	128	0	1	404	352	30	32	983	0	0	0	1	
6445	76952513	0	0	0	0	1	128	0	1	404	352	31	32	986	0	0	0	1	
6446	76952546	0	0	0	0	1	128	0	1	404	352	31	33	1020	0	0	0	1	
6447	76952580	0	0	0	0	1	128	0	1	404	354	30	32	988	0	0	0	1	
6448	76952613	0	0	0	0	1	128	0	1	404	354	30	33	992	0	0	0	1	
6449	76952647	0	0	0	0	1	128	0	1	404	352	30	33	1007	0	0	0	1	
6450	76952680	0	0	0	0	1	128	0	1	404	354	30	32	971	0	0	0	1	
6451	76952713	0	0	0	0	1	128	0	1	404	352	31	32	991	0	0	0	1	
6452	76952747	0	0	0	0	1	128	0	1	404	354	30	32	964	0	0	0	1	
6453	76952780	0	0	0	0	1	128	0	1	404	354	30	32	972	0	0	0	1	
6454	76952813	0	0	0	0	1	128	0	1	404	354	30	32	955	0	0	0	1	
6455	76952847	0	0	0	0	1	128	0	1	404	354	30	32	943	0	0	0	1	
6456	76952880	0	0	0	0	1	128	0	1	404	354	30	33	989	0	0	0	1	
6457	76952914	0	0	0	0	1	128	0	1	404	354	29	31	917	0	0	0	1	
6458	76952947	0	0	0	0	1	128	0	1	404	354	30	31	919	0	0	0	1	
6459	76952980	0	0	0	0	1	128	0	1	406	354	29	31	910	0	0	0	1	
6460	76953014	0	0	0	0	1	128	0	1	414	338	27	30	815	0	0	0	1	
6461	76953047	0	0	0	0	1	128	0	1	412	332	28	30	850	0	0	0	1	
6462	76953080	0	0	0	0	1	128	0	1	412	332	28	31	881	0	0	0	1	
6463	76953114	0	0	0	0	1	128	0	1	412	332	28	31	852	0	0	0	1	
6464	76953147	0	0	0	0	1	128	0	1	412	332	28	31	864	0	0	0	1	
6465	76953180	0	0	0	0	1	128	0	1	412	332	28	31	880	0	0	0	1	
6466	76953214	0	0	0	0	1	128	0	1	412	332	28	31	880	0	0	0	1	
6467	76953247	0	0	0	0	1	128	0	1	412	332	28	31	874	0	0	0	1	
6468	76953281	0	0	0	0	1	128	0	1	414	332	28	31	859	0	0	0	1	
6469	76953314	0	0	0	0	1	128	0	1	416	334	28	30	848	0	0	0	1	
6470	76953347	0	0	0	0	1	128	0	1	416	334	28	30	849	0	0	0	1	
6471	76953381	0	0	0	0	1	128	0	1	416	334	28	30	847	0	0	0	1	
6472	76953414	0	0	0	0	1	128	0	1	416	334	28	30	848	0	0	0	1	
6473	76953447	0	0	0	0	1	128	0	1	416	334	28	31	843	0	0	0	1	
6474	76953481	0	0	0	0	1	128	0	1	416	334	28	30	837	0	0	0	1	
6475	76953514	0	0	0	0	1	128	0	1	416	334	27	30	810	0	0	0	1	
6476	76953548	0	0	0	0	1	128	0	1	416	334	27	29	806	0	0	0	1	
6477	76953581	0	0	0	0	1	128	0	1	416	334	28	30	829	0	0	0	1	
6478	76953614	0	0	0	0	1	128	0	1	416	334	27	30	826	0	0	0	1	
6479	76953648	0	0	0	0	1	128	0	1	416	334	27	29	799	0	0	0	1	
6480	76953681	0	0	0	0	1	128	0	1	416	334	27	30	820	0	0	0	1	
6481	76953714	0	0	0	0	1	128	0	1	420	334	28	29	812	0	0	0	1	
6482	76953748	0	0	0	0	1	128	0	1	438	336	26	29	755	0	0	0	1	
6483	76953781	0	0	0	0	1	128	0	1	438	336	26	30	764	0	0	0	1	
6484	76953814	0	0	0	0	1	128	0	1	438	336	26	30	768	0	0	0	1	
6485	76953848	0	0	0	0	1	128	0	1	438	336	26	30	770	0	0	0	1	
6486	76953881	0	0	0	0	1	128	0	1	438	336	26	30	778	0	0	0	1	
6487	76953915	0	0	0	0	1	128	0	1	438	336	26	30	775	0	0	0	1	
6488	76953948	0	0	0	0	1	128	0	1	438	336	26	30	773	0	0	0	1	
6489	76953981	0	0	0	0	1	128	0	1	438	336	26	30	779	0	0	0	1	
6490	76954015	0	0	0	0	1	128	0	1	438	336	26	30	773	0	0	0	1	
6491	76954048	0	0	0	0	1	128	0	1	438	336	26	30	771	0	0	0	1	
6492	76954081	0	0	0	0	1	128	0	1	438	336	26	30	766	0	0	0	1	
6493	76954115	0	0	0	0	1	128	0	1	438	336	26	30	759	0	0	0	1	
6494	76954148	0	0	0	0	1	128	0	1	438	336	26	29	752	0	0	0	1	
6495	76954182	0	0	0	0	1	128	0	1	438	336	26	30	771	0	0	0	1	
6496	76954215	0	0	0	0	1	128	0	1	438	336	26	30	774	0	0	0	1	
6497	76954248	0	0	0	0	1	128	0	1	438	338	26	30	780	0	0	0	1	
6498	76954282	0	0	0	0	1	128	0	1	438	338	26	30	782	0	0	0	1	
6499	76954315	0	0	0	0	1	128	0	1	438	338	26	30	797	0	0	0	1	
6500	76954348	0	0	0	0	1	128	0	1	438	338	26	30	793	0	0	0	1	
6501	76954382	0	0	0	0	1	128	0	1	438	338	26	31	806	0	0	0	1	
6502	76954415	0	0	0	0	1	128	0	1	438	338	27	31	811	0	0	0	1	
6503	76954448	0	0	0	0	1	128	0	1	438	338	27	30	812	0	0	0	1	
6504	76954482	0	0	0	0	1	128	0	1	426	358	26	30	762	0	0	0	1	
6505	76954515	0	0	0	0	1	128	0	1	418	362	28	31	846	0	0	0	1	
6506	76954549	0	0	0	0	1	128	0	1	418	362	28	31	858	0	0	0	1	
6507	76954582	0	0	0	0	1	128	0	1	418	362	28	31	845	0	0	0	1	
6508	76954615	0	0	0	0	1	128	0	1	420	364	27	30	808	0	0	0	1	
6509	76954649	0	0	0	0	1	128	0	1	418	362	28	31	854	0	0	0	1	
6510	76954682	0	0	0	0	1	128	0	1	418	362	28	31	864	0	0	0	1	
6511	76954715	0	0	0	0	1	128	0	1	420	362	28	30	850	0	0	0	1	
6512	76954749	0	0	0	0	1	128	0	1	418	362	28	31	876	0	0	0	1	
6513	76954782	0	0	0	0	1	128	0	1	420	362	27	31	822	0	0	0	1	
6514	76954815	0	0	0	0	1	128	0	1	420	362	27	30	822	0	0	0	1	
6515	76954849	0	0	0	0	1	128	0	1	420	362	27	30	820	0	0	0	1	
6516	76954882	0	0	0	0	1	128	0	0	0	0	0	0	0	0	0	0	1	
6517	76954916	0	0	0	0	1	128	0	1	424	364	27	30	808	0	0	0	1	
6518	76954949	0	0	0	0	1	128	0	1	422	364	27	30	818	0	0	0	1	
6519	76954982	0	0	0	0	1	128	0	1	422	364	28	30	833	0	0	0	1	
6520	76955016	0	0	0	0	1	128	0	1	424	364	27	30	811	0	0	0	1	
6521	76955049	0	0	0	0	1	128	0	1	422	362	28	31	858	0	0	0	1	
6522	76955082	0	0	0	0	1	128	0	1	424	364	27	31	843	0	0	0	1	
6523	76955116	0	0	0	0	1	128	0	1	424	364	26	31	802	0	0	0	1	
6524	76955149	0	0	0	0	1	128	0	1	424	364	28	31	847	0	0	0	1	
6525	76955183	0	0	0	0	1	128	0	1	424	362	28	31	858	0	0	0	1	
6526	76955216	0	0	0	0	1	128	0	1	424	364	28	31	865	0	0	0	1	
6527	76955249	0	0	0	0	1	128	0	1	428	374	27	31	852	0	0	0	1	
6528	76955283	0	0	0	0	1	128	0	1	426	374	28	31	863	0	0	0	1	
6529	76955316	0	0	0	0	1	128	0	1	426	374	28	31	863	0	0	0	1	
6530	76955349	0	0	0	0	1	128	0	1	426	374	28	31	874	0	0	0	1	
6531	76955383	0	0	0	0	1	128	0	1	426	374	28	31	878	0	0	0	1	
6532	76955416	0	0	0	0	1	128	0	1	426	374	28	31	880	0	0	0	1	
6533	76955450	0	0	0	0	1	128	0	1	426	374	28	31	879	0	0	0	1	
6534	76955483	0	0	0	0	1	128	0	1	426	374	28	31	870	0	0	0	1	
6535	76955516	0	0	0	0	1	128	0	1	426	374	28	31	857	0	0	0	1	
6536	76955550	0	0	0	0	1	128	0	1	428	374	27	31	848	0	0	0	1	
6537	76955583	0	0	0	0	1	128	0	1	428	374	27	31	838	0	0	0	1	
6538	76955616	0	0	0	0	1	128	0	1	428	374	27	30	831	0	0	0	1	
6539	76955650	0	0	0	0	1	128	0	1	428	374	27	30	831	0	0	0	1	
6540	76955683	0	0	0	0	1	128	0	1	428	374	27	31	829	0	0	0	1	
6541	76955716	0	0	0	0	1	128	0	1	428	374	27	30	831	0	0	0	1	
6542	76955750	0	0	0	0	1	128	0	1	428	374	27	31	834	0	0	0	1	
6543	76955783	0	0	0	0	1	128	0	1	428	374	27	31	839	0	0	0	1	
6544	76955817	0	0	0	0	1	128	0	1	428	374	27	31	846	0	0	0	1	
6545	76955850	0	0	0	0	1	128	0	1	428	374	28	31	857	0	0	0	1	
6546	76955883	0	0	0	0	1	128	0	1	428	374	27	31	852	0	0	0	1	
6547	76955917	0	0	0	0	1	128	0	1	428	374	28	31	863	0	0	0	1	
6548	76955950	0	0	0	0	1	128	0	1	428	374	28	31	864	0	0	0	1	
6549	76955983	0	0	0	0	1	128	0	1	428	374	28	31	873	0	0	0	1	
6550	76956017	0	0	0	0	1	128	0	1	428	374	28	31	881	0	0	0	1	
6551	76956050	0	0	0	0	1	128	0	1	428	374	28	31	881	0	0	0	1	
6552	76956083	0	0	0	0	1	128	0	1	428	374	28	31	887	0	0	0	1	
6553	76956117	0	0	0	0	1	128	0	1	428	374	28	31	889	0	0	0	1	
6554	76956150	0	0	0	0	1	128	0	1	428	374	28	32	895	0	0	0	1	
6555	76956184	0	0	0	0	1	128	0	1	428	374	28	31	890	0	0	0	1	
6556	76956217	0	0	0	0	1	128	0	1	426	374	29	31	897	0	0	0	1	
6557	76956250	0	0	0	0	1	128	0	1	426	374	29	32	904	0	0	0	1	
6558	76956284	0	0	0	0	1	128	0	1	426	374	29	32	916	0	0	0	1	
6559	76956317	0	0	0	0	1	128	0	1	426	374	28	32	911	0	0	0	1	
6560	76956350	0	0	0	0	1	128	0	1	426	374	29	32	922	0	0	0	1	
6561	76956384	0	0	0	0	1	128	0	1	426	374	28	32	919	0	0	0	1	
6562	76956417	0	0	0	0	1	128	0	1	426	374	29	32	934	0	0	0	1	
6563	76956451	0	0	0	0	1	128	0	1	426	374	29	32	945	0	0	0	1	
6564	76956484	0	0	0	0	1	128	0	1	426	374	29	33	947	0	0	0	1	
6565	76956517	0	0	0	0	1	128	0	1	426	374	29	33	951	0	0	0	1	
6566	76956551	0	0	0	0	1	128	0	1	426	374	29	33	963	0	0	0	1	
6567	76956584	0	0	0	0	1	128	0	1	426	374	29	33	962	0	0	0	1	
6568	76956617	0	0	0	0	1	128	0	1	426	374	29	33	966	0	0	0	1	
6569	76956651	0	0	0	0	1	128	0	1	426	374	29	33	962	0	0	0	1	
6570	76956684	0	0	0	0	1	128	0	1	426	372	30	33	975	0	0	0	1	
6571	76956718	0	0	0	0	1	128	0	1	426	372	29	33	964	0	0	0	1	
6572	76956751	0	0	0	0	1	128	0	1	426	372	29	33	959	0	0	0	1	
6573	76956784	0	0	0	0	1	128	0	1	426	372	29	33	966	0	0	0	1	
6574	76956818	0	0	0	0	1	128	0	1	426	372	29	33	960	0	0	0	1	
6575	76956851	0	0	0	0	1	128	0	1	426	372	29	33	956	0	0	0	1	
6576	76956884	0	0	0	0	1	128	0	1	426	372	29	33	953	0	0	0	1	
6577	76956918	0	0	0	0	1	128	0	1	426	372	29	32	933	0	0	0	1	
6578	76956951	0	0	0	0	1	128	0	1	426	374	29	32	925	0	0	0	1	
6579	76956984	0	0	0	0	1	128	0	1	426	374	29	32	930	0	0	0	1	
6580	76957018	0	0	0	0	1	128	0	1	426	374	29	32	920	0	0	0	1	
6581	76957051	0	0	0	0	1	128	0	1	426	374	29	32	915	0	0	0	1	
6582	76957085	0	0	0	0	1	128	0	1	426	374	28	32	909	0	0	0	1	
6583	76957118	0	0	0	0	1	128	0	1	426	374	28	32	904	0	0	0	1	
6584	76957151	0	0	0	0	1	128	0	1	426	374	28	32	901	0	0	0	1	
6585	76957185	0	0	0	0	1	128	0	1	426	374	28	32	889	0	0	0	1	
6586	76957218	0	0	0	0	1	128	0	1	426	374	28	31	884	0	0	0	1	
6587	76957251	0	0	0	0	1	128	0	1	426	372	28	31	885	0	0	0	1	
6588	76957285	0	0	0	0	1	128	0	1	426	372	28	31	877	0	0	0	1	
6589	76957318	0	0	0	0	1	128	0	1	426	372	28	31	877	0	0	0	1	
6590	76957352	0	0	0	0	1	128	0	1	426	372	28	31	871	0	0	0	1	
6591	76957385	0	0	0	0	1	128	0	1	426	374	28	31	872	0	0	0	1	
6592	76957418	0	0	0	0	1	128	0	1	426	374	28	31	877	0	0	0	1	
6593	76957452	0	0	0	0	1	128	0	1	426	374	28	31	864	0	0	0	1	
6594	76957485	0	0	0	0	1	128	0	1	426	374	28	31	865	0	0	0	1	
6595	76957518	0	0	0	0	1	128	0	1	426	372	28	31	870	0	0	0	1	
6596	76957552	0	0	0	0	1	128	0	1	426	374	28	31	878	0	0	0	1	
6597	76957585	0	0	0	0	1	128	0	1	426	374	28	31	865	0	0	0	1	
6598	76957618	0	0	0	0	1	128	0	1	426	372	28	31	874	0	0	0	1	
6599	76957652	0	0	0	0	1	128	0	1	426	372	28	31	876	0	0	0	1	
6600	76957685	0	0	0	0	1	128	0	1	426	372	28	31	876	0	0	0	1	
6601	76957719	0	0	0	0	1	128	0	1	426	372	28	31	876	0	0	0	1	
6602	76957752	0	0	0	0	1	128	0	1	426	372	28	31	886	0	0	0	1	
6603	76957785	0	0	0	0	1	128	0	1	426	372	28	31	877	0	0	0	1	
6604	76957819	0	0	0	0	1	128	0	1	426	372	28	32	884	0	0	0	1	
6605	76957852	0	0	0	0	1	128	0	1	426	372	28	31	880	0	0	0	1	
6606	76957885	0	0	0	0	1	128	0	1	426	372	28	32	879	0	0	0	1	
6607	76957919	0	0	0	0	1	128	0	1	426	372	28	31	880	0	0	0	1	
6608	76957952	0	0	0	0	1	128	0	1	426	372	28	32	898	0	0	0	1	
6609	76957986	0	0	0	0	1	128	0	1	426	372	28	32	892	0	0	0	1	
6610	76958019	0	0	0	0	1	128	0	1	426	372	28	32	897	0	0	0	1	
6611	76958052	0	0	0	0	1	128	0	1	426	372	28	32	906	0	0	0	1	
6612	76958086	0	0	0	0	1	128	0	1	416	366	30	32	945	0	0	0	1	
6613	76958119	0	0	0	0	1	128	0	1	416	364	29	32	937	0	0	0	1	
6614	76958152	0	0	0	0	1	128	0	1	416	364	30	32	950	0	0	0	1	
6615	76958186	0	0	0	0	1	128	0	1	416	366	30	31	921	0	0	0	1	
6616	76958219	0	0	0	0	1	128	0	1	416	364	30	32	950	0	0	0	1	
6617	76958252	0	0	0	0	1	128	0	1	416	364	30	33	969	0	0	0	1	
6618	76958286	0	0	0	0	1	128	0	1	416	364	30	32	980	0	0	0	1	
6619	76958319	0	0	0	0	1	128	0	1	416	364	30	32	969	0	0	0	1	
6620	76958353	0	0	0	0	1	128	0	1	418	364	30	32	973	0	0	0	1	
6621	76958386	0	0	0	0	1	128	0	1	424	360	29	32	949	0	0	0	1	
6622	76958419	0	0	0	0	1	128	0	1	424	360	29	32	929	0	0	0	1	
6623	76958453	0	0	0	0	1	128	0	1	424	360	29	32	929	0	0	0	1	
6624	76958486	0	0	0	0	1	128	0	1	424	360	29	32	924	0	0	0	1	
6625	76958519	0	0	0	0	1	128	0	1	422	360	28	32	904	0	0	0	1	
6626	76958553	0	0	0	0	1	128	0	0	0	0	0	0	0	0	0	0	1	
6627	76958586	0	0	0	0	1	128	0	0	0	0	0	0	0	0	0	0	1	
6628	76958620	0	0	0	0	1	128	0	1	424	356	20	23	458	0	0	0	1	
6629	76958653	0	0	0	0	1	128	0	1	424	364	27	30	809	0	0	0	1	
6630	76958686	0	0	0	0	1	128	0	1	424	364	28	31	859	0	0	0	1	
6631	76958720	0	0	0	0	1	128	0	1	424	362	29	32	911	0	0	0	1	
6632	76958753	0	0	0	0	1	128	0	1	424	364	28	31	880	0	0	0	1	
6633	76958786	0	0	0	0	1	128	0	1	424	362	29	32	903	0	0	0	1	
6634	76958820	0	0	0	0	1	128	0	1	424	362	29	31	899	0	0	0	1	
6635	76958853	0	0	0	0	1	128	0	1	424	362	28	32	897	0	0	0	1	
6636	76958886	0	0	0	0	1	128	0	1	424	362	29	32	904	0	0	0	1	
6637	76958920	0	0	0	0	1	128	0	1	424	362	29	32	931	0	0	0	1	
6638	76958953	0	0	0	0	1	128	0	1	426	360	29	32	932	0	0	0	1	
6639	76958987	0	0	0	0	1	128	0	1	426	360	29	32	926	0	0	0	1	
6640	76959020	0	0	0	0	1	128	0	1	426	358	28	32	917	0	0	0	1	
6641	76959053	0	0	0	0	1	128	0	1	426	358	29	33	962	0	0	0	1	
6642	76959087	0	0	0	0	1	128	0	1	426	360	28	33	916	0	0	0	1	
6643	76959120	0	0	0	0	1	128	0	1	426	358	29	33	935	0	0	0	1	
6644	76959153	0	0	0	0	1	128	0	1	426	358	29	33	931	0	0	0	1	
6645	76959187	0	0	0	0	1	128	0	1	426	358	29	33	949	0	0	0	1	
6646	76959220	0	0	0	0	1	128	0	1	426	358	29	33	944	0	0	0	1	
6647	76959253	0	0	0	0	1	128	0	1	426	358	29	32	931	0	0	0	1	
6648	76959287	0	0	0	0	1	128	0	1	426	358	29	33	938	0	0	0	1	
6649	76959320	0	0	0	0	1	128	0	1	426	358	29	32	934	0	0	0	1	
6650	76959354	0	0	0	0	1	128	0	1	426	358	28	32	918	0	0	0	1	
6651	76959387	0	0	0	0	1	128	0	1	426	358	29	33	941	0	0	0	1	
