Version	1.08	gmtime	1441364364
index	timestamp	eyeroihoriz	eyeroivert	eyeroizoomx	eyeroizoomy	blendmode	blendfactor	onlinecalib	eye_valid	eye_x	eye_y	eye_w	eye_h	eye_a	field_x	field_y	displaymode	displayeyedetection	event
6755	76962857	0	0	0	0	1	128	0	1	424	360	28	30	836	0	0	0	1	
6756	76962891	0	0	0	0	1	128	0	1	424	360	27	31	839	0	0	0	1	
6757	76962924	0	0	0	0	1	128	0	1	424	360	27	31	853	0	0	0	1	
6758	76962957	0	0	0	0	1	128	0	1	424	360	28	31	845	0	0	0	1	
6759	76962991	0	0	0	0	1	128	0	1	426	362	26	31	785	0	0	0	1	
6760	76963024	0	0	0	0	1	128	0	1	424	360	28	31	845	0	0	0	1	
6761	76963057	0	0	0	0	1	128	0	1	424	360	28	31	857	0	0	0	1	
6762	76963091	0	0	0	0	1	128	0	1	424	360	27	31	853	0	0	0	1	
6763	76963124	0	0	0	0	1	128	0	1	424	360	28	31	852	0	0	0	1	
6764	76963158	0	0	0	0	1	128	0	1	424	358	28	32	914	0	0	0	1	
6765	76963191	0	0	0	0	1	128	0	1	424	360	27	31	854	0	0	0	1	
6766	76963224	0	0	0	0	1	128	0	1	424	360	28	31	868	0	0	0	1	
6767	76963258	0	0	0	0	1	128	0	1	424	360	28	31	864	0	0	0	1	
6768	76963291	0	0	0	0	1	128	0	1	424	360	28	31	863	0	0	0	1	
6769	76963324	0	0	0	0	1	128	0	1	416	364	29	32	919	0	0	0	1	
6770	76963358	0	0	0	0	1	128	0	1	414	366	29	31	920	0	0	0	1	
6771	76963391	0	0	0	0	1	128	0	1	414	364	30	32	944	0	0	0	1	
6772	76963425	0	0	0	0	1	128	0	1	416	366	29	31	920	0	0	0	1	
6773	76963458	0	0	0	0	1	128	0	1	416	364	30	32	939	0	0	0	1	
6774	76963491	0	0	0	0	1	128	0	1	416	364	29	32	929	0	0	0	1	
6775	76963525	0	0	0	0	1	128	0	1	416	364	30	32	945	0	0	0	1	
6776	76963558	0	0	0	0	1	128	0	1	416	366	30	32	932	0	0	0	1	
6777	76963591	0	0	0	0	1	128	0	1	416	366	29	32	926	0	0	0	1	
6778	76963625	0	0	0	0	1	128	0	1	416	366	29	31	914	0	0	0	1	
6779	76963658	0	0	0	0	1	128	0	1	416	366	30	31	929	0	0	0	1	
6780	76963691	0	0	0	0	1	128	0	1	416	364	29	32	923	0	0	0	1	
6781	76963725	0	0	0	0	1	128	0	1	416	364	29	32	929	0	0	0	1	
6782	76963758	0	0	0	0	1	128	0	1	416	364	29	32	922	0	0	0	1	
6783	76963792	0	0	0	0	1	128	0	0	0	0	0	0	0	0	0	0	1	
6784	76963825	0	0	0	0	1	128	0	0	0	0	0	0	0	0	0	0	1	
6785	76963858	0	0	0	0	1	128	0	0	0	0	0	0	0	0	0	0	1	
6786	76963892	0	0	0	0	1	128	0	0	0	0	0	0	0	0	0	0	1	
6787	76963925	0	0	0	0	1	128	0	0	0	0	0	0	0	0	0	0	1	
6788	76963958	0	0	0	0	1	128	0	0	0	0	0	0	0	0	0	0	1	
6789	76963992	0	0	0	0	1	128	0	0	0	0	0	0	0	0	0	0	1	
6790	76964025	0	0	0	0	1	128	0	0	0	0	0	0	0	0	0	0	1	
6791	76964059	0	0	0	0	1	128	0	0	0	0	0	0	0	0	0	0	1	
6792	76964092	0	0	0	0	1	128	0	1	422	364	28	31	861	0	0	0	1	
6793	76964125	0	0	0	0	1	128	0	1	422	364	28	31	859	0	0	0	1	
6794	76964159	0	0	0	0	1	128	0	1	422	364	28	31	872	0	0	0	1	
6795	76964192	0	0	0	0	1	128	0	1	422	364	28	31	876	0	0	0	1	
6796	76964225	0	0	0	0	1	128	0	1	424	364	28	31	860	0	0	0	1	
6797	76964259	0	0	0	0	1	128	0	1	422	364	28	31	868	0	0	0	1	
6798	76964292	0	0	0	0	1	128	0	1	424	364	28	31	877	0	0	0	1	
6799	76964325	0	0	0	0	1	128	0	1	422	364	28	32	895	0	0	0	1	
6800	76964359	0	0	0	0	1	128	0	1	424	364	28	31	867	0	0	0	1	
6801	76964392	0	0	0	0	1	128	0	1	424	364	28	30	848	0	0	0	1	
6802	76964426	0	0	0	0	1	128	0	1	424	364	27	30	831	0	0	0	1	
6803	76964459	0	0	0	0	1	128	0	1	426	364	27	30	815	0	0	0	1	
6804	76964492	0	0	0	0	1	128	0	1	428	370	27	29	780	0	0	0	1	
6805	76964526	0	0	0	0	1	128	0	1	434	374	26	29	768	0	0	0	1	
6806	76964559	0	0	0	0	1	128	0	1	434	372	26	29	758	0	0	0	1	
6807	76964592	0	0	0	0	1	128	0	1	432	372	26	29	752	0	0	0	1	
6808	76964626	0	0	0	0	1	128	0	1	434	372	26	29	741	0	0	0	1	
6809	76964659	0	0	0	0	1	128	0	1	434	372	26	29	735	0	0	0	1	
6810	76964693	0	0	0	0	1	128	0	1	434	372	26	28	725	0	0	0	1	
6811	76964726	0	0	0	0	1	128	0	1	436	370	25	29	724	0	0	0	1	
6812	76964759	0	0	0	0	1	128	0	1	436	370	25	28	717	0	0	0	1	
6813	76964793	0	0	0	0	1	128	0	1	436	370	25	28	718	0	0	0	1	
6814	76964826	0	0	0	0	1	128	0	1	436	370	25	28	713	0	0	0	1	
6815	76964859	0	0	0	0	1	128	0	1	440	376	23	27	624	0	0	0	1	
6816	76964893	0	0	0	0	1	128	0	1	438	374	25	28	708	0	0	0	1	
6817	76964926	0	0	0	0	1	128	0	1	438	374	25	28	705	0	0	0	1	
6818	76964959	0	0	0	0	1	128	0	1	438	372	25	29	712	0	0	0	1	
6819	76964993	0	0	0	0	1	128	0	1	438	374	25	29	712	0	0	0	1	
6820	76965026	0	0	0	0	1	128	0	1	438	372	25	29	719	0	0	0	1	
6821	76965060	0	0	0	0	1	128	0	1	438	374	25	29	729	0	0	0	1	
6822	76965093	0	0	0	0	1	128	0	1	424	366	27	30	798	0	0	0	1	
6823	76965126	0	0	0	0	1	128	0	1	422	364	27	30	804	0	0	0	1	
6824	76965160	0	0	0	0	1	128	0	1	422	364	27	30	808	0	0	0	1	
6825	76965193	0	0	0	0	1	128	0	1	422	364	27	30	831	0	0	0	1	
6826	76965226	0	0	0	0	1	128	0	1	422	364	27	30	818	0	0	0	1	
6827	76965260	0	0	0	0	1	128	0	1	422	364	28	30	837	0	0	0	1	
6828	76965293	0	0	0	0	1	128	0	1	422	364	28	31	846	0	0	0	1	
6829	76965327	0	0	0	0	1	128	0	1	392	376	83	111	9235	0	0	0	1	
6830	76965360	0	0	0	0	1	128	0	1	414	404	27	30	817	0	0	0	1	
6831	76965393	0	0	0	0	1	128	0	1	412	406	27	30	818	0	0	0	1	
6832	76965427	0	0	0	0	1	128	0	1	412	406	27	30	812	0	0	0	1	
6833	76965460	0	0	0	0	1	128	0	1	412	406	27	30	810	0	0	0	1	
6834	76965493	0	0	0	0	1	128	0	1	412	406	27	30	811	0	0	0	1	
6835	76965527	0	0	0	0	1	128	0	1	412	406	27	30	808	0	0	0	1	
6836	76965560	0	0	0	0	1	128	0	1	404	408	28	30	820	0	0	0	1	
6837	76965593	0	0	0	0	1	128	0	1	404	408	27	30	807	0	0	0	1	
6838	76965627	0	0	0	0	1	128	0	1	404	410	27	29	788	0	0	0	1	
6839	76965660	0	0	0	0	1	128	0	1	404	408	27	29	796	0	0	0	1	
6840	76965694	0	0	0	0	1	128	0	1	404	408	27	29	795	0	0	0	1	
6841	76965727	0	0	0	0	1	128	0	1	404	410	27	29	791	0	0	0	1	
6842	76965760	0	0	0	0	1	128	0	1	404	410	27	29	788	0	0	0	1	
6843	76965794	0	0	0	0	1	128	0	1	404	408	27	29	798	0	0	0	1	
6844	76965827	0	0	0	0	1	128	0	1	404	408	28	29	812	0	0	0	1	
6845	76965860	0	0	0	0	1	128	0	1	404	410	27	29	804	0	0	0	1	
6846	76965894	0	0	0	0	1	128	0	1	406	408	27	29	809	0	0	0	1	
6847	76965927	0	0	0	0	1	128	0	0	0	0	0	0	0	0	0	0	1	
6848	76965960	0	0	0	0	1	128	0	1	452	380	24	30	720	0	0	0	1	
6849	76965994	0	0	0	0	1	128	0	1	452	380	24	29	716	0	0	0	1	
6850	76966027	0	0	0	0	1	128	0	1	452	380	24	29	720	0	0	0	1	
6851	76966061	0	0	0	0	1	128	0	1	452	380	24	29	718	0	0	0	1	
6852	76966094	0	0	0	0	1	128	0	1	452	380	24	29	709	0	0	0	1	
6853	76966127	0	0	0	0	1	128	0	1	452	380	25	30	726	0	0	0	1	
6854	76966161	0	0	0	0	1	128	0	1	452	380	24	30	716	0	0	0	1	
6855	76966194	0	0	0	0	1	128	0	1	452	378	25	29	721	0	0	0	1	
6856	76966227	0	0	0	0	1	128	0	1	452	378	24	30	720	0	0	0	1	
6857	76966261	0	0	0	0	1	128	0	1	452	380	24	30	721	0	0	0	1	
6858	76966294	0	0	0	0	1	128	0	1	454	376	24	30	730	0	0	0	1	
6859	76966328	0	0	0	0	1	128	0	1	458	372	24	29	696	0	0	0	1	
6860	76966361	0	0	0	0	1	128	0	1	460	372	24	30	712	0	0	0	1	
6861	76966394	0	0	0	0	1	128	0	1	458	372	24	30	712	0	0	0	1	
6862	76966428	0	0	0	0	1	128	0	1	458	372	24	30	718	0	0	0	1	
6863	76966461	0	0	0	0	1	128	0	1	458	372	24	30	731	0	0	0	1	
6864	76966494	0	0	0	0	1	128	0	1	458	372	24	30	730	0	0	0	1	
6865	76966528	0	0	0	0	1	128	0	1	458	372	24	30	736	0	0	0	1	
6866	76966561	0	0	0	0	1	128	0	1	458	372	25	30	751	0	0	0	1	
6867	76966595	0	0	0	0	1	128	0	1	458	372	25	31	752	0	0	0	1	
6868	76966628	0	0	0	0	1	128	0	1	458	372	25	31	753	0	0	0	1	
6869	76966661	0	0	0	0	1	128	0	1	458	372	25	31	753	0	0	0	1	
6870	76966695	0	0	0	0	1	128	0	1	452	360	27	35	958	0	0	0	1	
6871	76966728	0	0	0	0	1	128	0	1	440	330	26	32	840	0	0	0	1	
6872	76966761	0	0	0	0	1	128	0	1	432	318	27	32	856	0	0	0	1	
6873	76966795	0	0	0	0	1	128	0	1	430	316	27	31	860	0	0	0	1	
6874	76966828	0	0	0	0	1	128	0	1	428	316	27	32	858	0	0	0	1	
6875	76966861	0	0	0	0	1	128	0	1	428	318	27	32	867	0	0	0	1	
6876	76966895	0	0	0	0	1	128	0	1	428	318	28	31	865	0	0	0	1	
6877	76966928	0	0	0	0	1	128	0	1	428	318	28	32	869	0	0	0	1	
6878	76966962	0	0	0	0	1	128	0	1	428	318	28	32	870	0	0	0	1	
6879	76966995	0	0	0	0	1	128	0	1	430	320	27	29	788	0	0	0	1	
6880	76967028	0	0	0	0	1	128	0	1	428	318	28	31	861	0	0	0	1	
6881	76967062	0	0	0	0	1	128	0	1	428	318	27	31	841	0	0	0	1	
6882	76967095	0	0	0	0	1	128	0	1	428	318	27	31	824	0	0	0	1	
6883	76967128	0	0	0	0	1	128	0	1	428	318	27	30	809	0	0	0	1	
6884	76967162	0	0	0	0	1	128	0	1	428	318	27	30	793	0	0	0	1	
6885	76967195	0	0	0	0	1	128	0	1	428	318	26	30	786	0	0	0	1	
6886	76967229	0	0	0	0	1	128	0	1	430	318	26	30	775	0	0	0	1	
6887	76967262	0	0	0	0	1	128	0	0	0	0	0	0	0	0	0	0	1	
6888	76967295	0	0	0	0	1	128	0	1	392	346	27	28	766	0	0	0	1	
6889	76967329	0	0	0	0	1	128	0	1	380	352	30	30	896	0	0	0	1	
6890	76967362	0	0	0	0	1	128	0	1	382	354	26	28	734	0	0	0	1	
6891	76967395	0	0	0	0	1	128	0	1	380	352	29	30	872	0	0	0	1	
6892	76967429	0	0	0	0	1	128	0	1	380	352	29	30	863	0	0	0	1	
6893	76967462	0	0	0	0	1	128	0	1	382	352	29	30	851	0	0	0	1	
6894	76967495	0	0	0	0	1	128	0	1	382	352	29	30	856	0	0	0	1	
6895	76967529	0	0	0	0	1	128	0	1	376	354	29	30	874	0	0	0	1	
6896	76967562	0	0	0	0	1	128	0	1	374	352	30	34	1011	0	0	0	1	
6897	76967596	0	0	0	0	1	128	0	1	374	352	30	33	997	0	0	0	1	
6898	76967629	0	0	0	0	1	128	0	1	376	354	29	30	871	0	0	0	1	
6899	76967662	0	0	0	0	1	128	0	1	376	354	29	30	867	0	0	0	1	
6900	76967696	0	0	0	0	1	128	0	1	376	354	28	30	841	0	0	0	1	
6901	76967729	0	0	0	0	1	128	0	1	376	354	29	30	848	0	0	0	1	
6902	76967762	0	0	0	0	1	128	0	1	376	354	28	30	848	0	0	0	1	
6903	76967796	0	0	0	0	1	128	0	1	378	358	28	29	818	0	0	0	1	
6904	76967829	0	0	0	0	1	128	0	1	388	382	28	30	848	0	0	0	1	
6905	76967862	0	0	0	0	1	128	0	1	398	400	28	30	848	0	0	0	1	
6906	76967896	0	0	0	0	1	128	0	1	404	410	26	28	749	0	0	0	1	
6907	76967929	0	0	0	0	1	128	0	1	404	410	26	28	738	0	0	0	1	
6908	76967963	0	0	0	0	1	128	0	1	404	408	26	29	758	0	0	0	1	
6909	76967996	0	0	0	0	1	128	0	1	404	408	26	28	743	0	0	0	1	
6910	76968029	0	0	0	0	1	128	0	1	404	406	26	28	746	0	0	0	1	
6911	76968063	0	0	0	0	1	128	0	1	404	406	26	28	721	0	0	0	1	
6912	76968096	0	0	0	0	1	128	0	1	406	408	25	28	696	0	0	0	1	
6913	76968129	0	0	0	0	1	128	0	1	404	406	26	28	734	0	0	0	1	
6914	76968163	0	0	0	0	1	128	0	1	404	406	26	28	721	0	0	0	1	
6915	76968196	0	0	0	0	1	128	0	1	406	406	26	28	722	0	0	0	1	
6916	76968230	0	0	0	0	1	128	0	1	414	394	25	28	710	0	0	0	1	
6917	76968263	0	0	0	0	1	128	0	1	418	374	26	29	742	0	0	0	1	
6918	76968296	0	0	0	0	1	128	0	1	418	362	26	30	791	0	0	0	1	
6919	76968330	0	0	0	0	1	128	0	1	418	364	26	29	738	0	0	0	1	
6920	76968363	0	0	0	0	1	128	0	1	418	364	26	29	758	0	0	0	1	
6921	76968396	0	0	0	0	1	128	0	1	420	364	26	29	766	0	0	0	1	
6922	76968430	0	0	0	0	1	128	0	1	420	364	26	29	779	0	0	0	1	
6923	76968463	0	0	0	0	1	128	0	1	420	364	27	29	783	0	0	0	1	
6924	76968496	0	0	0	0	1	128	0	1	420	366	26	29	765	0	0	0	1	
6925	76968530	0	0	0	0	1	128	0	1	420	364	27	30	798	0	0	0	1	
6926	76968563	0	0	0	0	1	128	0	1	420	364	26	30	776	0	0	0	1	
6927	76968597	0	0	0	0	1	128	0	1	420	364	27	30	802	0	0	0	1	
6928	76968630	0	0	0	0	1	128	0	1	420	364	27	30	809	0	0	0	1	
6929	76968663	0	0	0	0	1	128	0	1	420	364	26	30	777	0	0	0	1	
6930	76968697	0	0	0	0	1	128	0	1	420	364	27	30	805	0	0	0	1	
6931	76968730	0	0	0	0	1	128	0	1	420	364	27	30	794	0	0	0	1	
6932	76968763	0	0	0	0	1	128	0	1	420	364	27	30	794	0	0	0	1	
6933	76968797	0	0	0	0	1	128	0	1	420	364	27	29	780	0	0	0	1	
6934	76968830	0	0	0	0	1	128	0	1	420	364	27	30	789	0	0	0	1	
6935	76968863	0	0	0	0	1	128	0	1	420	364	26	29	762	0	0	0	1	
6936	76968897	0	0	0	0	1	128	0	1	420	364	27	31	814	0	0	0	1	
6937	76968930	0	0	0	0	1	128	0	1	420	364	26	29	764	0	0	0	1	
6938	76968964	0	0	0	0	1	128	0	1	420	364	26	29	769	0	0	0	1	
6939	76968997	0	0	0	0	1	128	0	1	420	364	27	31	818	0	0	0	1	
6940	76969030	0	0	0	0	1	128	0	1	420	364	27	29	783	0	0	0	1	
6941	76969064	0	0	0	0	1	128	0	1	420	364	27	31	812	0	0	0	1	
6942	76969097	0	0	0	0	1	128	0	1	420	364	27	31	814	0	0	0	1	
6943	76969130	0	0	0	0	1	128	0	1	420	364	26	29	764	0	0	0	1	
6944	76969164	0	0	0	0	1	128	0	1	420	364	26	29	771	0	0	0	1	
6945	76969197	0	0	0	0	1	128	0	1	420	364	26	29	767	0	0	0	1	
6946	76969231	0	0	0	0	1	128	0	1	420	364	27	30	789	0	0	0	1	
6947	76969264	0	0	0	0	1	128	0	1	420	364	27	30	789	0	0	0	1	
6948	76969297	0	0	0	0	1	128	0	1	420	364	26	29	775	0	0	0	1	
6949	76969331	0	0	0	0	1	128	0	1	420	364	27	30	794	0	0	0	1	
6950	76969364	0	0	0	0	1	128	0	1	420	364	26	30	781	0	0	0	1	
6951	76969397	0	0	0	0	1	128	0	1	420	364	27	30	785	0	0	0	1	
6952	76969431	0	0	0	0	1	128	0	1	420	364	27	30	787	0	0	0	1	
6953	76969464	0	0	0	0	1	128	0	1	420	364	26	30	783	0	0	0	1	
6954	76969497	0	0	0	0	1	128	0	1	420	364	27	30	801	0	0	0	1	
6955	76969531	0	0	0	0	1	128	0	1	420	364	27	30	793	0	0	0	1	
6956	76969564	0	0	0	0	1	128	0	1	420	364	27	30	798	0	0	0	1	
6957	76969598	0	0	0	0	1	128	0	1	422	364	27	30	815	0	0	0	1	
6958	76969631	0	0	0	0	1	128	0	1	426	364	27	30	798	0	0	0	1	
6959	76969664	0	0	0	0	1	128	0	1	426	362	27	29	789	0	0	0	1	
6960	76969698	0	0	0	0	1	128	0	1	426	362	27	29	789	0	0	0	1	
6961	76969731	0	0	0	0	1	128	0	1	426	362	27	29	784	0	0	0	1	
6962	76969764	0	0	0	0	1	128	0	1	426	362	27	29	782	0	0	0	1	
6963	76969798	0	0	0	0	1	128	0	1	426	362	26	29	766	0	0	0	1	
6964	76969831	0	0	0	0	1	128	0	1	426	362	27	29	776	0	0	0	1	
6965	76969865	0	0	0	0	1	128	0	1	426	362	27	29	772	0	0	0	1	
6966	76969898	0	0	0	0	1	128	0	1	426	362	27	29	772	0	0	0	1	
6967	76969931	0	0	0	0	1	128	0	1	426	362	26	29	762	0	0	0	1	
6968	76969965	0	0	0	0	1	128	0	1	426	362	27	29	768	0	0	0	1	
6969	76969998	0	0	0	0	1	128	0	1	426	362	27	29	765	0	0	0	1	
6970	76970031	0	0	0	0	1	128	0	1	426	362	27	29	777	0	0	0	1	
6971	76970065	0	0	0	0	1	128	0	1	426	362	27	29	777	0	0	0	1	
6972	76970098	0	0	0	0	1	128	0	1	426	362	27	29	781	0	0	0	1	
6973	76970131	0	0	0	0	1	128	0	1	426	362	27	29	788	0	0	0	1	
6974	76970165	0	0	0	0	1	128	0	1	426	362	27	29	788	0	0	0	1	
6975	76970198	0	0	0	0	1	128	0	1	426	362	27	29	789	0	0	0	1	
6976	76970232	0	0	0	0	1	128	0	1	426	362	27	29	800	0	0	0	1	
6977	76970265	0	0	0	0	1	128	0	1	426	362	27	29	802	0	0	0	1	
6978	76970298	0	0	0	0	1	128	0	1	426	362	27	30	804	0	0	0	1	
6979	76970332	0	0	0	0	1	128	0	1	420	364	27	30	819	0	0	0	1	
6980	76970365	0	0	0	0	1	128	0	1	420	364	27	30	796	0	0	0	1	
6981	76970398	0	0	0	0	1	128	0	1	420	364	27	30	802	0	0	0	1	
6982	76970432	0	0	0	0	1	128	0	1	420	362	27	30	802	0	0	0	1	
6983	76970465	0	0	0	0	1	128	0	1	420	364	27	29	796	0	0	0	1	
6984	76970499	0	0	0	0	1	128	0	1	420	364	26	29	751	0	0	0	1	
6985	76970532	0	0	0	0	1	128	0	1	420	362	27	30	807	0	0	0	1	
6986	76970565	0	0	0	0	1	128	0	1	418	362	28	30	819	0	0	0	1	
6987	76970599	0	0	0	0	1	128	0	1	420	364	27	30	791	0	0	0	1	
6988	76970632	0	0	0	0	1	128	0	1	420	362	27	29	802	0	0	0	1	
6989	76970665	0	0	0	0	1	128	0	1	420	362	27	30	805	0	0	0	1	
6990	76970699	0	0	0	0	1	128	0	1	418	362	27	29	795	0	0	0	1	
6991	76970732	0	0	0	0	1	128	0	1	418	362	27	30	796	0	0	0	1	
6992	76970766	0	0	0	0	1	128	0	1	420	364	25	29	738	0	0	0	1	
6993	76970799	0	0	0	0	1	128	0	1	418	362	27	29	795	0	0	0	1	
6994	76970832	0	0	0	0	1	128	0	1	418	358	28	35	993	0	0	0	1	
6995	76970866	0	0	0	0	1	128	0	1	420	364	25	29	722	0	0	0	1	
6996	76970899	0	0	0	0	1	128	0	1	418	362	27	29	786	0	0	0	1	
6997	76970932	0	0	0	0	1	128	0	1	420	362	27	29	778	0	0	0	1	
6998	76970966	0	0	0	0	1	128	0	1	420	364	26	29	750	0	0	0	1	
6999	76970999	0	0	0	0	1	128	0	1	418	362	27	30	796	0	0	0	1	
7000	76971032	0	0	0	0	1	128	0	1	418	362	26	29	779	0	0	0	1	
7001	76971066	0	0	0	0	1	128	0	1	418	362	26	29	769	0	0	0	1	
7002	76971099	0	0	0	0	1	128	0	1	418	360	27	32	858	0	0	0	1	
7003	76971133	0	0	0	0	1	128	0	1	420	364	26	29	733	0	0	0	1	
7004	76971166	0	0	0	0	1	128	0	1	418	362	26	29	754	0	0	0	1	
7005	76971199	0	0	0	0	1	128	0	1	418	360	27	32	849	0	0	0	1	
7006	76971233	0	0	0	0	1	128	0	1	418	362	26	29	759	0	0	0	1	
7007	76971266	0	0	0	0	1	128	0	1	418	362	26	29	751	0	0	0	1	
7008	76971299	0	0	0	0	1	128	0	1	418	362	26	29	747	0	0	0	1	
7009	76971333	0	0	0	0	1	128	0	1	418	362	26	29	744	0	0	0	1	
7010	76971366	0	0	0	0	1	128	0	1	418	362	26	29	744	0	0	0	1	
7011	76971399	0	0	0	0	1	128	0	1	418	362	26	29	763	0	0	0	1	
7012	76971433	0	0	0	0	1	128	0	1	418	362	26	29	743	0	0	0	1	
7013	76971466	0	0	0	0	1	128	0	1	418	362	26	29	750	0	0	0	1	
7014	76971500	0	0	0	0	1	128	0	1	418	362	26	29	758	0	0	0	1	
7015	76971533	0	0	0	0	1	128	0	1	418	362	26	29	758	0	0	0	1	
7016	76971566	0	0	0	0	1	128	0	1	418	362	26	29	762	0	0	0	1	
7017	76971600	0	0	0	0	1	128	0	1	418	364	26	29	752	0	0	0	1	
7018	76971633	0	0	0	0	1	128	0	1	418	362	26	29	777	0	0	0	1	
7019	76971666	0	0	0	0	1	128	0	1	418	362	26	30	780	0	0	0	1	
7020	76971700	0	0	0	0	1	128	0	1	418	362	26	30	785	0	0	0	1	
7021	76971733	0	0	0	0	1	128	0	1	418	362	27	29	778	0	0	0	1	
7022	76971767	0	0	0	0	1	128	0	1	418	362	26	30	787	0	0	0	1	
7023	76971800	0	0	0	0	1	128	0	1	420	362	27	29	780	0	0	0	1	
7024	76971833	0	0	0	0	1	128	0	1	418	362	27	29	780	0	0	0	1	
7025	76971867	0	0	0	0	1	128	0	1	420	362	27	29	782	0	0	0	1	
7026	76971900	0	0	0	0	1	128	0	1	418	362	27	31	821	0	0	0	1	
7027	76971933	0	0	0	0	1	128	0	1	418	362	27	29	783	0	0	0	1	
7028	76971967	0	0	0	0	1	128	0	1	418	362	27	29	781	0	0	0	1	
7029	76972000	0	0	0	0	1	128	0	1	418	362	27	29	781	0	0	0	1	
7030	76972034	0	0	0	0	1	128	0	1	418	362	26	30	778	0	0	0	1	
7031	76972067	0	0	0	0	1	128	0	1	418	362	27	30	817	0	0	0	1	
7032	76972100	0	0	0	0	1	128	0	1	418	362	26	29	779	0	0	0	1	
7033	76972134	0	0	0	0	1	128	0	1	418	362	27	29	793	0	0	0	1	
7034	76972167	0	0	0	0	1	128	0	1	418	362	27	29	789	0	0	0	1	
7035	76972200	0	0	0	0	1	128	0	1	418	360	27	32	880	0	0	0	1	
7036	76972234	0	0	0	0	1	128	0	1	418	362	27	30	793	0	0	0	1	
7037	76972267	0	0	0	0	1	128	0	1	418	360	27	31	847	0	0	0	1	
7038	76972300	0	0	0	0	1	128	0	1	418	362	27	30	802	0	0	0	1	
7039	76972334	0	0	0	0	1	128	0	1	414	376	27	30	812	0	0	0	1	
7040	76972367	0	0	0	0	1	128	0	1	414	376	28	30	824	0	0	0	1	
7041	76972401	0	0	0	0	1	128	0	1	414	376	27	30	805	0	0	0	1	
7042	76972434	0	0	0	0	1	128	0	1	414	376	27	30	789	0	0	0	1	
7043	76972467	0	0	0	0	1	128	0	1	414	376	26	30	783	0	0	0	1	
7044	76972501	0	0	0	0	1	128	0	1	414	376	27	30	808	0	0	0	1	
7045	76972534	0	0	0	0	1	128	0	1	414	376	27	30	805	0	0	0	1	
7046	76972567	0	0	0	0	1	128	0	1	414	376	27	30	791	0	0	0	1	
7047	76972601	0	0	0	0	1	128	0	1	414	376	26	30	775	0	0	0	1	
7048	76972634	0	0	0	0	1	128	0	1	414	376	27	30	796	0	0	0	1	
7049	76972668	0	0	0	0	1	128	0	1	414	376	26	29	777	0	0	0	1	
7050	76972701	0	0	0	0	1	128	0	1	414	376	27	30	798	0	0	0	1	
7051	76972734	0	0	0	0	1	128	0	1	414	376	27	29	788	0	0	0	1	
7052	76972768	0	0	0	0	1	128	0	1	414	376	27	30	804	0	0	0	1	
7053	76972801	0	0	0	0	1	128	0	1	414	376	27	30	820	0	0	0	1	
7054	76972834	0	0	0	0	1	128	0	1	414	376	27	30	819	0	0	0	1	
7055	76972868	0	0	0	0	1	128	0	1	414	376	27	30	815	0	0	0	1	
7056	76972901	0	0	0	0	1	128	0	1	414	376	28	30	836	0	0	0	1	
7057	76972934	0	0	0	0	1	128	0	1	414	376	28	30	840	0	0	0	1	
7058	76972968	0	0	0	0	1	128	0	1	414	376	27	30	835	0	0	0	1	
7059	76973001	0	0	0	0	1	128	0	0	0	0	0	0	0	0	0	0	1	
7060	76973035	0	0	0	0	1	128	0	1	430	350	28	30	851	0	0	0	1	
7061	76973068	0	0	0	0	1	128	0	1	430	350	27	30	829	0	0	0	1	
7062	76973101	0	0	0	0	1	128	0	1	430	350	27	30	833	0	0	0	1	
7063	76973135	0	0	0	0	1	128	0	1	430	350	27	30	834	0	0	0	1	
7064	76973168	0	0	0	0	1	128	0	1	430	350	28	30	834	0	0	0	1	
7065	76973201	0	0	0	0	1	128	0	1	430	350	28	31	847	0	0	0	1	
7066	76973235	0	0	0	0	1	128	0	1	430	350	28	31	849	0	0	0	1	
7067	76973268	0	0	0	0	1	128	0	1	430	350	27	31	841	0	0	0	1	
7068	76973301	0	0	0	0	1	128	0	1	430	350	28	31	847	0	0	0	1	
7069	76973335	0	0	0	0	1	128	0	1	430	350	27	31	838	0	0	0	1	
7070	76973368	0	0	0	0	1	128	0	1	430	350	27	31	839	0	0	0	1	
7071	76973402	0	0	0	0	1	128	0	1	430	350	27	30	828	0	0	0	1	
7072	76973435	0	0	0	0	1	128	0	1	430	350	27	31	827	0	0	0	1	
7073	76973468	0	0	0	0	1	128	0	1	430	350	27	30	823	0	0	0	1	
7074	76973502	0	0	0	0	1	128	0	1	430	350	27	30	823	0	0	0	1	
7075	76973535	0	0	0	0	1	128	0	1	430	350	27	30	816	0	0	0	1	
7076	76973568	0	0	0	0	1	128	0	1	430	350	27	30	830	0	0	0	1	
7077	76973602	0	0	0	0	1	128	0	1	430	350	27	30	826	0	0	0	1	
7078	76973635	0	0	0	0	1	128	0	1	430	350	27	30	827	0	0	0	1	
7079	76973669	0	0	0	0	1	128	0	1	430	350	27	30	820	0	0	0	1	
7080	76973702	0	0	0	0	1	128	0	1	430	350	27	30	822	0	0	0	1	
7081	76973735	0	0	0	0	1	128	0	1	438	374	47	82	3820	0	0	0	1	
7082	76973769	0	0	0	0	1	128	0	1	444	374	26	30	769	0	0	0	1	
7083	76973802	0	0	0	0	1	128	0	1	444	376	24	30	704	0	0	0	1	
7084	76973835	0	0	0	0	1	128	0	1	444	374	25	30	765	0	0	0	1	
7085	76973869	0	0	0	0	1	128	0	1	444	376	25	30	756	0	0	0	1	
7086	76973902	0	0	0	0	1	128	0	1	444	376	25	30	753	0	0	0	1	
7087	76973935	0	0	0	0	1	128	0	1	444	376	25	30	742	0	0	0	1	
7088	76973969	0	0	0	0	1	128	0	1	444	376	25	30	734	0	0	0	1	
7089	76974002	0	0	0	0	1	128	0	1	444	376	25	29	718	0	0	0	1	
7090	76974036	0	0	0	0	1	128	0	1	444	376	25	29	711	0	0	0	1	
7091	76974069	0	0	0	0	1	128	0	1	444	374	24	29	707	0	0	0	1	
7092	76974102	0	0	0	0	1	128	0	1	444	374	24	29	697	0	0	0	1	
7093	76974136	0	0	0	0	1	128	0	1	444	376	25	29	711	0	0	0	1	
7094	76974169	0	0	0	0	1	128	0	1	444	374	24	29	718	0	0	0	1	
7095	76974202	0	0	0	0	1	128	0	1	444	374	24	29	716	0	0	0	1	
7096	76974236	0	0	0	0	1	128	0	1	402	366	88	113	9915	0	0	0	1	
7097	76974269	0	0	0	0	1	128	0	1	444	374	25	29	728	0	0	0	1	
7098	76974303	0	0	0	0	1	128	0	1	444	374	25	30	742	0	0	0	1	
7099	76974336	0	0	0	0	1	128	0	1	444	376	25	30	744	0	0	0	1	
7100	76974369	0	0	0	0	1	128	0	1	444	376	25	30	761	0	0	0	1	
7101	76974403	0	0	0	0	1	128	0	1	444	374	25	31	778	0	0	0	1	
7102	76974436	0	0	0	0	1	128	0	1	444	374	26	30	782	0	0	0	1	
7103	76974469	0	0	0	0	1	128	0	1	444	376	26	31	789	0	0	0	1	
7104	76974503	0	0	0	0	1	128	0	1	436	372	27	31	841	0	0	0	1	
7105	76974536	0	0	0	0	1	128	0	1	426	366	28	31	858	0	0	0	1	
7106	76974570	0	0	0	0	1	128	0	1	426	364	28	31	891	0	0	0	1	
7107	76974603	0	0	0	0	1	128	0	1	426	364	29	31	894	0	0	0	1	
7108	76974636	0	0	0	0	1	128	0	1	426	364	28	31	885	0	0	0	1	
7109	76974670	0	0	0	0	1	128	0	1	426	364	29	32	902	0	0	0	1	
7110	76974703	0	0	0	0	1	128	0	1	426	364	29	31	899	0	0	0	1	
7111	76974736	0	0	0	0	1	128	0	1	426	364	29	32	906	0	0	0	1	
7112	76974770	0	0	0	0	1	128	0	1	426	364	29	32	903	0	0	0	1	
7113	76974803	0	0	0	0	1	128	0	1	426	364	29	31	901	0	0	0	1	
7114	76974836	0	0	0	0	1	128	0	1	426	366	28	32	900	0	0	0	1	
7115	76974870	0	0	0	0	1	128	0	1	426	364	29	31	895	0	0	0	1	
7116	76974903	0	0	0	0	1	128	0	1	426	364	28	31	887	0	0	0	1	
7117	76974936	0	0	0	0	1	128	0	1	426	364	28	31	887	0	0	0	1	
7118	76974970	0	0	0	0	1	128	0	1	426	364	28	31	877	0	0	0	1	
7119	76975003	0	0	0	0	1	128	0	1	426	364	28	31	876	0	0	0	1	
7120	76975037	0	0	0	0	1	128	0	1	426	366	28	31	877	0	0	0	1	
7121	76975070	0	0	0	0	1	128	0	1	426	364	28	31	874	0	0	0	1	
7122	76975103	0	0	0	0	1	128	0	1	426	364	28	31	877	0	0	0	1	
7123	76975137	0	0	0	0	1	128	0	1	426	366	28	31	868	0	0	0	1	
7124	76975170	0	0	0	0	1	128	0	1	426	366	28	31	863	0	0	0	1	
7125	76975203	0	0	0	0	1	128	0	1	426	364	28	31	869	0	0	0	1	
7126	76975237	0	0	0	0	1	128	0	1	436	364	27	31	839	0	0	0	1	
7127	76975270	0	0	0	0	1	128	0	1	436	364	27	31	836	0	0	0	1	
7128	76975304	0	0	0	0	1	128	0	1	436	364	27	31	837	0	0	0	1	
7129	76975337	0	0	0	0	1	128	0	1	436	364	27	31	837	0	0	0	1	
7130	76975370	0	0	0	0	1	128	0	1	436	364	27	31	826	0	0	0	1	
7131	76975404	0	0	0	0	1	128	0	1	436	364	27	31	832	0	0	0	1	
7132	76975437	0	0	0	0	1	128	0	1	436	364	27	31	827	0	0	0	1	
7133	76975470	0	0	0	0	1	128	0	1	436	364	27	31	819	0	0	0	1	
7134	76975504	0	0	0	0	1	128	0	1	436	362	27	31	820	0	0	0	1	
7135	76975537	0	0	0	0	1	128	0	1	436	362	27	31	815	0	0	0	1	
7136	76975571	0	0	0	0	1	128	0	1	436	362	26	31	814	0	0	0	1	
7137	76975604	0	0	0	0	1	128	0	1	436	362	26	31	817	0	0	0	1	
7138	76975637	0	0	0	0	1	128	0	1	436	362	26	31	820	0	0	0	1	
7139	76975671	0	0	0	0	1	128	0	1	434	364	27	31	833	0	0	0	1	
7140	76975704	0	0	0	0	1	128	0	1	434	368	27	31	845	0	0	0	1	
7141	76975737	0	0	0	0	1	128	0	1	434	368	27	31	847	0	0	0	1	
7142	76975771	0	0	0	0	1	128	0	1	434	368	27	31	843	0	0	0	1	
7143	76975804	0	0	0	0	1	128	0	1	432	368	27	31	855	0	0	0	1	
7144	76975837	0	0	0	0	1	128	0	1	434	368	27	31	850	0	0	0	1	
7145	76975871	0	0	0	0	1	128	0	1	434	368	27	31	859	0	0	0	1	
7146	76975904	0	0	0	0	1	128	0	1	432	368	27	32	863	0	0	0	1	
7147	76975938	0	0	0	0	1	128	0	1	432	368	27	32	866	0	0	0	1	
7148	76975971	0	0	0	0	1	128	0	1	432	370	27	32	865	0	0	0	1	
7149	76976004	0	0	0	0	1	128	0	1	432	370	27	32	869	0	0	0	1	
7150	76976038	0	0	0	0	1	128	0	1	434	368	27	32	882	0	0	0	1	
7151	76976071	0	0	0	0	1	128	0	1	436	372	27	32	869	0	0	0	1	
7152	76976104	0	0	0	0	1	128	0	1	436	372	28	32	868	0	0	0	1	
7153	76976138	0	0	0	0	1	128	0	1	436	372	27	30	819	0	0	0	1	
7154	76976171	0	0	0	0	1	128	0	1	436	374	28	32	886	0	0	0	1	
7155	76976205	0	0	0	0	1	128	0	1	436	376	28	32	886	0	0	0	1	
7156	76976238	0	0	0	0	1	128	0	1	436	376	28	32	901	0	0	0	1	
7157	76976271	0	0	0	0	1	128	0	1	432	382	28	33	922	0	0	0	1	
7158	76976305	0	0	0	0	1	128	0	1	430	382	28	33	921	0	0	0	1	
7159	76976338	0	0	0	0	1	128	0	1	430	382	28	33	922	0	0	0	1	
7160	76976371	0	0	0	0	1	128	0	1	428	382	29	33	937	0	0	0	1	
7161	76976405	0	0	0	0	1	128	0	1	428	384	28	33	929	0	0	0	1	
7162	76976438	0	0	0	0	1	128	0	1	426	384	29	33	944	0	0	0	1	
7163	76976471	0	0	0	0	1	128	0	1	426	384	29	33	949	0	0	0	1	
7164	76976505	0	0	0	0	1	128	0	1	424	384	29	33	949	0	0	0	1	
7165	76976538	0	0	0	0	1	128	0	1	424	384	29	33	953	0	0	0	1	
7166	76976572	0	0	0	0	1	128	0	1	422	384	29	33	973	0	0	0	1	
7167	76976605	0	0	0	0	1	128	0	1	422	384	29	33	962	0	0	0	1	
7168	76976638	0	0	0	0	1	128	0	1	420	382	29	33	972	0	0	0	1	
7169	76976672	0	0	0	0	1	128	0	1	416	380	30	34	1011	0	0	0	1	
7170	76976705	0	0	0	0	1	128	0	1	416	378	31	33	1020	0	0	0	1	
7171	76976738	0	0	0	0	1	128	0	1	414	378	31	33	1022	0	0	0	1	
7172	76976772	0	0	0	0	1	128	0	1	414	378	30	33	1003	0	0	0	1	
7173	76976805	0	0	0	0	1	128	0	1	414	376	31	33	1025	0	0	0	1	
7174	76976838	0	0	0	0	1	128	0	1	412	376	31	33	1033	0	0	0	1	
7175	76976872	0	0	0	0	1	128	0	1	412	374	31	34	1039	0	0	0	1	
7176	76976905	0	0	0	0	1	128	0	1	412	372	32	34	1069	0	0	0	1	
7177	76976939	0	0	0	0	1	128	0	1	412	372	31	34	1053	0	0	0	1	
7178	76976972	0	0	0	0	1	128	0	1	412	370	31	35	1063	0	0	0	1	
7179	76977005	0	0	0	0	1	128	0	1	414	370	30	34	1031	0	0	0	1	
7180	76977039	0	0	0	0	1	128	0	1	414	368	31	34	1056	0	0	0	1	
7181	76977072	0	0	0	0	1	128	0	1	416	366	31	33	1029	0	0	0	1	
7182	76977105	0	0	0	0	1	128	0	1	416	364	31	34	1054	0	0	0	1	
7183	76977139	0	0	0	0	1	128	0	1	416	364	31	33	1047	0	0	0	1	
7184	76977172	0	0	0	0	1	128	0	1	418	362	31	34	1023	0	0	0	1	
7185	76977206	0	0	0	0	1	128	0	1	418	360	31	34	1047	0	0	0	1	
7186	76977239	0	0	0	0	1	128	0	1	420	360	30	34	1022	0	0	0	1	
7187	76977272	0	0	0	0	1	128	0	1	420	360	30	34	1017	0	0	0	1	
7188	76977306	0	0	0	0	1	128	0	1	422	358	30	34	1023	0	0	0	1	
7189	76977339	0	0	0	0	1	128	0	1	422	356	30	35	1069	0	0	0	1	
7190	76977372	0	0	0	0	1	128	0	1	424	356	30	33	994	0	0	0	1	
7191	76977406	0	0	0	0	1	128	0	1	426	356	28	33	940	0	0	0	1	
7192	76977439	0	0	0	0	1	128	0	1	426	356	30	34	1006	0	0	0	1	
7193	76977472	0	0	0	0	1	128	0	1	428	352	31	36	1086	0	0	0	1	
7194	76977506	0	0	0	0	1	128	0	1	428	354	30	34	1015	0	0	0	1	
7195	76977539	0	0	0	0	1	128	0	1	430	354	30	34	1013	0	0	0	1	
7196	76977573	0	0	0	0	1	128	0	1	432	354	30	34	1000	0	0	0	1	
7197	76977606	0	0	0	0	1	128	0	1	432	356	29	34	989	0	0	0	1	
7198	76977639	0	0	0	0	1	128	0	1	434	356	30	34	990	0	0	0	1	
7199	76977673	0	0	0	0	1	128	0	1	434	356	29	33	973	0	0	0	1	
7200	76977706	0	0	0	0	1	128	0	1	434	358	29	33	974	0	0	0	1	
7201	76977739	0	0	0	0	1	128	0	1	436	362	29	33	963	0	0	0	1	
7202	76977773	0	0	0	0	1	128	0	1	436	364	29	33	936	0	0	0	1	
7203	76977806	0	0	0	0	1	128	0	1	436	364	29	33	949	0	0	0	1	
7204	76977840	0	0	0	0	1	128	0	1	438	364	29	33	944	0	0	0	1	
7205	76977873	0	0	0	0	1	128	0	1	438	366	29	33	947	0	0	0	1	
7206	76977906	0	0	0	0	1	128	0	1	438	366	29	33	947	0	0	0	1	
7207	76977940	0	0	0	0	1	128	0	1	438	366	29	33	942	0	0	0	1	
7208	76977973	0	0	0	0	1	128	0	1	438	368	29	33	946	0	0	0	1	
7209	76978006	0	0	0	0	1	128	0	1	438	366	29	33	949	0	0	0	1	
7210	76978040	0	0	0	0	1	128	0	1	438	366	29	33	959	0	0	0	1	
7211	76978073	0	0	0	0	1	128	0	1	438	368	29	34	969	0	0	0	1	
7212	76978106	0	0	0	0	1	128	0	1	438	366	29	33	970	0	0	0	1	
7213	76978140	0	0	0	0	1	128	0	1	438	366	29	33	974	0	0	0	1	
7214	76978173	0	0	0	0	1	128	0	1	436	364	29	33	982	0	0	0	1	
7215	76978207	0	0	0	0	1	128	0	1	436	364	29	33	984	0	0	0	1	
7216	76978240	0	0	0	0	1	128	0	1	436	364	30	34	1008	0	0	0	1	
7217	76978273	0	0	0	0	1	128	0	1	436	362	30	34	1004	0	0	0	1	
7218	76978307	0	0	0	0	1	128	0	1	436	364	30	34	1024	0	0	0	1	
7219	76978340	0	0	0	0	1	128	0	1	436	364	30	34	1025	0	0	0	1	
7220	76978373	0	0	0	0	1	128	0	1	436	364	30	34	1026	0	0	0	1	
7221	76978407	0	0	0	0	1	128	0	1	436	364	30	35	1043	0	0	0	1	
7222	76978440	0	0	0	0	1	128	0	1	436	362	30	34	1042	0	0	0	1	
7223	76978474	0	0	0	0	1	128	0	1	436	364	30	34	1044	0	0	0	1	
7224	76978507	0	0	0	0	1	128	0	1	436	362	30	35	1044	0	0	0	1	
7225	76978540	0	0	0	0	1	128	0	1	436	364	30	34	1038	0	0	0	1	
7226	76978574	0	0	0	0	1	128	0	1	436	364	30	34	1033	0	0	0	1	
7227	76978607	0	0	0	0	1	128	0	1	436	364	30	34	1027	0	0	0	1	
7228	76978640	0	0	0	0	1	128	0	1	436	364	30	34	1019	0	0	0	1	
7229	76978674	0	0	0	0	1	128	0	1	436	364	30	34	1013	0	0	0	1	
7230	76978707	0	0	0	0	1	128	0	1	436	364	30	34	1005	0	0	0	1	
7231	76978741	0	0	0	0	1	128	0	1	436	364	30	34	1008	0	0	0	1	
7232	76978774	0	0	0	0	1	128	0	1	436	364	30	34	1008	0	0	0	1	
7233	76978807	0	0	0	0	1	128	0	1	436	364	30	33	989	0	0	0	1	
7234	76978841	0	0	0	0	1	128	0	1	436	364	29	34	1003	0	0	0	1	
7235	76978874	0	0	0	0	1	128	0	1	436	364	30	34	1015	0	0	0	1	
7236	76978907	0	0	0	0	1	128	0	1	436	364	30	34	1018	0	0	0	1	
7237	76978941	0	0	0	0	1	128	0	1	436	364	30	34	1018	0	0	0	1	
7238	76978974	0	0	0	0	1	128	0	1	436	364	30	34	1016	0	0	0	1	
7239	76979007	0	0	0	0	1	128	0	1	442	370	29	34	974	0	0	0	1	
7240	76979041	0	0	0	0	1	128	0	1	446	372	28	34	968	0	0	0	1	
7241	76979074	0	0	0	0	1	128	0	1	446	372	28	34	965	0	0	0	1	
7242	76979108	0	0	0	0	1	128	0	1	446	372	28	34	961	0	0	0	1	
7243	76979141	0	0	0	0	1	128	0	1	446	372	28	34	956	0	0	0	1	
7244	76979174	0	0	0	0	1	128	0	1	446	372	28	34	950	0	0	0	1	
7245	76979208	0	0	0	0	1	128	0	1	446	372	28	34	940	0	0	0	1	
7246	76979241	0	0	0	0	1	128	0	1	446	372	28	33	921	0	0	0	1	
7247	76979274	0	0	0	0	1	128	0	1	446	372	28	33	921	0	0	0	1	
7248	76979308	0	0	0	0	1	128	0	1	446	372	28	33	924	0	0	0	1	
7249	76979341	0	0	0	0	1	128	0	1	446	372	27	34	918	0	0	0	1	
7250	76979375	0	0	0	0	1	128	0	1	446	372	28	33	926	0	0	0	1	
7251	76979408	0	0	0	0	1	128	0	1	446	372	28	33	928	0	0	0	1	
7252	76979441	0	0	0	0	1	128	0	1	446	372	28	33	919	0	0	0	1	
7253	76979475	0	0	0	0	1	128	0	1	446	372	28	33	924	0	0	0	1	
7254	76979508	0	0	0	0	1	128	0	1	446	372	28	33	927	0	0	0	1	
7255	76979541	0	0	0	0	1	128	0	1	446	372	28	34	943	0	0	0	1	
7256	76979575	0	0	0	0	1	128	0	1	446	372	28	34	950	0	0	0	1	
7257	76979608	0	0	0	0	1	128	0	1	446	372	28	34	950	0	0	0	1	
7258	76979641	0	0	0	0	1	128	0	1	446	372	28	34	958	0	0	0	1	
7259	76979675	0	0	0	0	1	128	0	1	446	372	28	34	968	0	0	0	1	
7260	76979708	0	0	0	0	1	128	0	1	446	372	28	34	969	0	0	0	1	
7261	76979742	0	0	0	0	1	128	0	1	446	372	28	34	960	0	0	0	1	
7262	76979775	0	0	0	0	1	128	0	1	444	372	29	35	1002	0	0	0	1	
7263	76979808	0	0	0	0	1	128	0	1	442	356	29	35	1014	0	0	0	1	
7264	76979842	0	0	0	0	1	128	0	1	438	348	30	35	1038	0	0	0	1	
7265	76979875	0	0	0	0	1	128	0	1	436	348	30	35	1043	0	0	0	1	
7266	76979908	0	0	0	0	1	128	0	1	436	348	30	35	1039	0	0	0	1	
7267	76979942	0	0	0	0	1	128	0	1	436	348	30	35	1050	0	0	0	1	
7268	76979975	0	0	0	0	1	128	0	1	436	348	30	35	1058	0	0	0	1	
7269	76980009	0	0	0	0	1	128	0	1	436	348	30	35	1056	0	0	0	1	
7270	76980042	0	0	0	0	1	128	0	1	436	348	30	35	1060	0	0	0	1	
7271	76980075	0	0	0	0	1	128	0	1	436	348	30	35	1055	0	0	0	1	
7272	76980109	0	0	0	0	1	128	0	1	436	348	30	35	1045	0	0	0	1	
7273	76980142	0	0	0	0	1	128	0	1	436	348	30	34	1019	0	0	0	1	
7274	76980175	0	0	0	0	1	128	0	1	436	348	29	34	994	0	0	0	1	
7275	76980209	0	0	0	0	1	128	0	1	422	360	30	33	982	0	0	0	1	
7276	76980242	0	0	0	0	1	128	0	1	422	360	30	33	1006	0	0	0	1	
7277	76980275	0	0	0	0	1	128	0	1	420	358	30	35	1055	0	0	0	1	
7278	76980309	0	0	0	0	1	128	0	1	420	358	30	35	1054	0	0	0	1	
7279	76980342	0	0	0	0	1	128	0	1	422	360	30	32	959	0	0	0	1	
7280	76980376	0	0	0	0	1	128	0	1	422	360	29	33	962	0	0	0	1	
7281	76980409	0	0	0	0	1	128	0	1	420	358	30	34	1022	0	0	0	1	
7282	76980442	0	0	0	0	1	128	0	1	422	358	29	33	957	0	0	0	1	
7283	76980476	0	0	0	0	1	128	0	1	422	360	28	32	905	0	0	0	1	
7284	76980509	0	0	0	0	1	128	0	1	422	360	28	32	895	0	0	0	1	
7285	76980542	0	0	0	0	1	128	0	1	422	360	29	32	919	0	0	0	1	
7286	76980576	0	0	0	0	1	128	0	1	422	336	28	33	944	0	0	0	1	
7287	76980609	0	0	0	0	1	128	0	1	420	328	29	32	929	0	0	0	1	
7288	76980642	0	0	0	0	1	128	0	1	418	328	29	32	916	0	0	0	1	
7289	76980676	0	0	0	0	1	128	0	1	418	328	29	32	931	0	0	0	1	
7290	76980709	0	0	0	0	1	128	0	1	420	328	29	31	891	0	0	0	1	
7291	76980743	0	0	0	0	1	128	0	1	418	328	29	32	925	0	0	0	1	
7292	76980776	0	0	0	0	1	128	0	1	418	328	29	32	928	0	0	0	1	
7293	76980809	0	0	0	0	1	128	0	1	418	328	29	32	939	0	0	0	1	
7294	76980843	0	0	0	0	1	128	0	1	418	328	29	32	938	0	0	0	1	
7295	76980876	0	0	0	0	1	128	0	1	418	328	29	31	907	0	0	0	1	
7296	76980909	0	0	0	0	1	128	0	1	418	328	29	32	931	0	0	0	1	
7297	76980943	0	0	0	0	1	128	0	1	418	328	29	32	924	0	0	0	1	
7298	76980976	0	0	0	0	1	128	0	1	418	330	29	31	885	0	0	0	1	
7299	76981010	0	0	0	0	1	128	0	1	408	340	28	31	869	0	0	0	1	
7300	76981043	0	0	0	0	1	128	0	1	408	338	28	31	862	0	0	0	1	
7301	76981076	0	0	0	0	1	128	0	1	408	340	27	30	825	0	0	0	1	
7302	76981110	0	0	0	0	1	128	0	1	408	338	29	31	875	0	0	0	1	
7303	76981143	0	0	0	0	1	128	0	1	408	338	28	31	871	0	0	0	1	
7304	76981176	0	0	0	0	1	128	0	1	408	338	28	31	857	0	0	0	1	
7305	76981210	0	0	0	0	1	128	0	1	408	338	28	31	862	0	0	0	1	
7306	76981243	0	0	0	0	1	128	0	1	408	338	28	31	878	0	0	0	1	
7307	76981277	0	0	0	0	1	128	0	1	410	340	28	30	842	0	0	0	1	
7308	76981310	0	0	0	0	1	128	0	1	420	344	28	31	883	0	0	0	1	
7309	76981343	0	0	0	0	1	128	0	1	422	344	28	31	883	0	0	0	1	
7310	76981377	0	0	0	0	1	128	0	1	422	344	29	31	892	0	0	0	1	
7311	76981410	0	0	0	0	1	128	0	1	420	342	29	33	944	0	0	0	1	
7312	76981443	0	0	0	0	1	128	0	1	422	344	29	31	890	0	0	0	1	
7313	76981477	0	0	0	0	1	128	0	1	420	344	29	31	893	0	0	0	1	
7314	76981510	0	0	0	0	1	128	0	1	422	346	28	31	863	0	0	0	1	
7315	76981543	0	0	0	0	1	128	0	1	422	344	28	31	880	0	0	0	1	
7316	76981577	0	0	0	0	1	128	0	1	420	344	29	31	896	0	0	0	1	
7317	76981610	0	0	0	0	1	128	0	1	420	344	28	31	875	0	0	0	1	
7318	76981644	0	0	0	0	1	128	0	0	0	0	0	0	0	0	0	0	1	
7319	76981677	0	0	0	0	1	128	0	1	422	346	28	31	845	0	0	0	1	
7320	76981710	0	0	0	0	1	128	0	1	422	344	28	31	857	0	0	0	1	
7321	76981744	0	0	0	0	1	128	0	1	420	344	28	31	871	0	0	0	1	
7322	76981777	0	0	0	0	1	128	0	1	420	344	28	31	867	0	0	0	1	
7323	76981810	0	0	0	0	1	128	0	1	422	346	28	30	854	0	0	0	1	
7324	76981844	0	0	0	0	1	128	0	1	422	346	27	31	836	0	0	0	1	
7325	76981877	0	0	0	0	1	128	0	1	422	346	28	31	862	0	0	0	1	
7326	76981911	0	0	0	0	1	128	0	1	422	346	28	31	872	0	0	0	1	
7327	76981944	0	0	0	0	1	128	0	1	420	342	29	35	1022	0	0	0	1	
7328	76981977	0	0	0	0	1	128	0	1	422	346	28	31	855	0	0	0	1	
7329	76982011	0	0	0	0	1	128	0	1	420	344	28	32	922	0	0	0	1	
7330	76982044	0	0	0	0	1	128	0	1	420	346	28	31	878	0	0	0	1	
7331	76982077	0	0	0	0	1	128	0	1	420	346	29	32	929	0	0	0	1	
7332	76982111	0	0	0	0	1	128	0	1	420	346	29	32	906	0	0	0	1	
7333	76982144	0	0	0	0	1	128	0	1	418	346	28	32	909	0	0	0	1	
7334	76982177	0	0	0	0	1	128	0	1	400	354	30	32	972	0	0	0	1	
7335	76982211	0	0	0	0	1	128	0	1	400	354	31	32	988	0	0	0	1	
7336	76982244	0	0	0	0	1	128	0	1	400	352	31	32	990	0	0	0	1	
7337	76982278	0	0	0	0	1	128	0	1	400	352	31	32	996	0	0	0	1	
7338	76982311	0	0	0	0	1	128	0	1	400	354	31	32	977	0	0	0	1	
7339	76982344	0	0	0	0	1	128	0	1	400	354	31	32	976	0	0	0	1	
7340	76982378	0	0	0	0	1	128	0	1	400	354	31	32	986	0	0	0	1	
7341	76982411	0	0	0	0	1	128	0	1	400	354	31	32	977	0	0	0	1	
7342	76982444	0	0	0	0	1	128	0	1	402	354	31	32	980	0	0	0	1	
7343	76982478	0	0	0	0	1	128	0	1	402	356	29	31	887	0	0	0	1	
7344	76982511	0	0	0	0	1	128	0	1	402	354	30	32	971	0	0	0	1	
7345	76982545	0	0	0	0	1	128	0	1	400	354	31	33	1023	0	0	0	1	
7346	76982578	0	0	0	0	1	128	0	1	402	354	31	32	998	0	0	0	1	
7347	76982611	0	0	0	0	1	128	0	1	402	354	31	32	996	0	0	0	1	
7348	76982645	0	0	0	0	1	128	0	1	400	354	31	33	1017	0	0	0	1	
7349	76982678	0	0	0	0	1	128	0	1	402	354	30	32	960	0	0	0	1	
7350	76982711	0	0	0	0	1	128	0	1	402	356	30	32	965	0	0	0	1	
7351	76982745	0	0	0	0	1	128	0	1	402	356	31	32	984	0	0	0	1	
7352	76982778	0	0	0	0	1	128	0	1	418	364	29	31	917	0	0	0	1	
7353	76982811	0	0	0	0	1	128	0	1	418	364	29	32	933	0	0	0	1	
7354	76982845	0	0	0	0	1	128	0	1	418	364	29	32	924	0	0	0	1	
7355	76982878	0	0	0	0	1	128	0	1	418	364	29	32	924	0	0	0	1	
7356	76982911	0	0	0	0	1	128	0	1	418	364	29	31	920	0	0	0	1	
7357	76982945	0	0	0	0	1	128	0	1	418	362	30	32	935	0	0	0	1	
7358	76982978	0	0	0	0	1	128	0	1	420	364	28	31	878	0	0	0	1	
7359	76983012	0	0	0	0	1	128	0	1	418	362	29	32	926	0	0	0	1	
7360	76983045	0	0	0	0	1	128	0	1	420	364	29	31	896	0	0	0	1	
7361	76983078	0	0	0	0	1	128	0	1	418	364	28	31	884	0	0	0	1	
7362	76983112	0	0	0	0	1	128	0	1	418	364	29	31	900	0	0	0	1	
7363	76983145	0	0	0	0	1	128	0	1	418	362	29	32	913	0	0	0	1	
7364	76983179	0	0	0	0	1	128	0	1	418	362	29	32	951	0	0	0	1	
7365	76983212	0	0	0	0	1	128	0	1	418	362	30	32	950	0	0	0	1	
7366	76983245	0	0	0	0	1	128	0	1	418	362	30	32	942	0	0	0	1	
7367	76983279	0	0	0	0	1	128	0	1	418	362	29	32	930	0	0	0	1	
7368	76983312	0	0	0	0	1	128	0	1	418	364	29	32	921	0	0	0	1	
7369	76983345	0	0	0	0	1	128	0	1	418	364	29	32	929	0	0	0	1	
7370	76983379	0	0	0	0	1	128	0	1	418	364	29	32	935	0	0	0	1	
7371	76983412	0	0	0	0	1	128	0	1	418	364	30	32	950	0	0	0	1	
7372	76983445	0	0	0	0	1	128	0	1	418	364	29	32	947	0	0	0	1	
7373	76983479	0	0	0	0	1	128	0	1	418	364	29	32	942	0	0	0	1	
7374	76983512	0	0	0	0	1	128	0	1	418	364	29	32	944	0	0	0	1	
7375	76983546	0	0	0	0	1	128	0	1	418	362	29	32	929	0	0	0	1	
7376	76983579	0	0	0	0	1	128	0	1	418	362	29	32	936	0	0	0	1	
7377	76983612	0	0	0	0	1	128	0	1	412	358	29	32	942	0	0	0	1	
7378	76983646	0	0	0	0	1	128	0	1	402	350	31	34	1060	0	0	0	1	
7379	76983679	0	0	0	0	1	128	0	1	404	352	31	32	981	0	0	0	1	
7380	76983712	0	0	0	0	1	128	0	1	404	352	30	32	974	0	0	0	1	
7381	76983746	0	0	0	0	1	128	0	1	402	352	31	32	995	0	0	0	1	
7382	76983779	0	0	0	0	1	128	0	1	402	352	31	32	979	0	0	0	1	
7383	76983813	0	0	0	0	1	128	0	1	402	354	31	32	979	0	0	0	1	
7384	76983846	0	0	0	0	1	128	0	1	400	354	31	32	1016	0	0	0	1	
7385	76983879	0	0	0	0	1	128	0	1	396	362	32	34	1068	0	0	0	1	
7386	76983913	0	0	0	0	1	128	0	1	394	372	31	33	1010	0	0	0	1	
7387	76983946	0	0	0	0	1	128	0	1	394	372	30	33	988	0	0	0	1	
7388	76983979	0	0	0	0	1	128	0	1	394	374	30	32	987	0	0	0	1	
7389	76984013	0	0	0	0	1	128	0	1	394	374	30	32	982	0	0	0	1	
7390	76984046	0	0	0	0	1	128	0	1	394	376	31	32	994	0	0	0	1	
7391	76984079	0	0	0	0	1	128	0	1	394	376	31	32	983	0	0	0	1	
7392	76984113	0	0	0	0	1	128	0	1	394	378	30	32	960	0	0	0	1	
7393	76984146	0	0	0	0	1	128	0	1	392	378	31	32	985	0	0	0	1	
7394	76984180	0	0	0	0	1	128	0	1	394	380	30	32	962	0	0	0	1	
7395	76984213	0	0	0	0	1	128	0	1	394	382	30	32	938	0	0	0	1	
7396	76984246	0	0	0	0	1	128	0	1	394	384	29	32	932	0	0	0	1	
7397	76984280	0	0	0	0	1	128	0	1	394	384	30	32	951	0	0	0	1	
7398	76984313	0	0	0	0	1	128	0	1	390	386	31	32	992	0	0	0	1	
7399	76984346	0	0	0	0	1	128	0	1	388	386	30	32	960	0	0	0	1	
7400	76984380	0	0	0	0	1	128	0	1	390	388	30	32	968	0	0	0	1	
7401	76984413	0	0	0	0	1	128	0	1	390	388	31	32	982	0	0	0	1	
7402	76984446	0	0	0	0	1	128	0	1	392	390	30	32	978	0	0	0	1	
7403	76984480	0	0	0	0	1	128	0	1	392	392	31	32	987	0	0	0	1	
7404	76984513	0	0	0	0	1	128	0	1	394	394	30	32	967	0	0	0	1	
7405	76984547	0	0	0	0	1	128	0	1	396	392	31	34	1054	0	0	0	1	
7406	76984580	0	0	0	0	1	128	0	1	398	396	30	32	967	0	0	0	1	
7407	76984613	0	0	0	0	1	128	0	1	400	396	30	32	975	0	0	0	1	
7408	76984647	0	0	0	0	1	128	0	1	400	394	31	33	1003	0	0	0	1	
7409	76984680	0	0	0	0	1	128	0	1	402	394	30	33	997	0	0	0	1	
7410	76984713	0	0	0	0	1	128	0	1	404	388	31	33	1006	0	0	0	1	
7411	76984747	0	0	0	0	1	128	0	1	406	388	31	32	990	0	0	0	1	
7412	76984780	0	0	0	0	1	128	0	1	408	388	30	32	982	0	0	0	1	
7413	76984814	0	0	0	0	1	128	0	1	408	388	30	32	979	0	0	0	1	
7414	76984847	0	0	0	0	1	128	0	1	410	386	31	33	1018	0	0	0	1	
7415	76984880	0	0	0	0	1	128	0	1	412	386	30	33	995	0	0	0	1	
7416	76984914	0	0	0	0	1	128	0	1	414	386	30	33	1005	0	0	0	1	
7417	76984947	0	0	0	0	1	128	0	1	414	384	30	33	990	0	0	0	1	
7418	76984980	0	0	0	0	1	128	0	1	418	386	27	33	873	0	0	0	1	
7419	76985014	0	0	0	0	1	128	0	1	416	382	30	34	1004	0	0	0	1	
7420	76985047	0	0	0	0	1	128	0	1	418	376	31	33	1023	0	0	0	1	
7421	76985080	0	0	0	0	1	128	0	1	418	372	31	34	1040	0	0	0	1	
7422	76985114	0	0	0	0	1	128	0	1	418	372	30	34	1020	0	0	0	1	
7423	76985147	0	0	0	0	1	128	0	1	418	370	31	34	1036	0	0	0	1	
7424	76985181	0	0	0	0	1	128	0	1	418	370	31	34	1030	0	0	0	1	
7425	76985214	0	0	0	0	1	128	0	1	418	368	31	34	1042	0	0	0	1	
7426	76985247	0	0	0	0	1	128	0	1	420	368	31	34	1045	0	0	0	1	
7427	76985281	0	0	0	0	1	128	0	1	420	368	30	34	1032	0	0	0	1	
7428	76985314	0	0	0	0	1	128	0	1	420	366	31	33	1032	0	0	0	1	
7429	76985347	0	0	0	0	1	128	0	1	418	366	31	34	1039	0	0	0	1	
7430	76985381	0	0	0	0	1	128	0	1	418	366	31	34	1034	0	0	0	1	
7431	76985414	0	0	0	0	1	128	0	1	418	366	31	34	1037	0	0	0	1	
7432	76985447	0	0	0	0	1	128	0	1	418	364	31	34	1062	0	0	0	1	
7433	76985481	0	0	0	0	1	128	0	1	418	360	31	34	1039	0	0	0	1	
7434	76985514	0	0	0	0	1	128	0	1	418	360	31	34	1032	0	0	0	1	
7435	76985548	0	0	0	0	1	128	0	1	418	360	31	34	1042	0	0	0	1	
7436	76985581	0	0	0	0	1	128	0	1	418	360	30	34	1027	0	0	0	1	
7437	76985614	0	0	0	0	1	128	0	1	418	360	31	34	1028	0	0	0	1	
7438	76985648	0	0	0	0	1	128	0	1	418	360	30	34	1020	0	0	0	1	
7439	76985681	0	0	0	0	1	128	0	1	418	360	31	34	1034	0	0	0	1	
7440	76985714	0	0	0	0	1	128	0	1	418	360	30	34	1018	0	0	0	1	
7441	76985748	0	0	0	0	1	128	0	1	418	360	30	34	1015	0	0	0	1	
7442	76985781	0	0	0	0	1	128	0	1	418	362	30	33	1002	0	0	0	1	
7443	76985815	0	0	0	0	1	128	0	1	418	362	30	33	969	0	0	0	1	
7444	76985848	0	0	0	0	1	128	0	1	418	362	29	33	956	0	0	0	1	
7445	76985881	0	0	0	0	1	128	0	1	418	362	29	33	975	0	0	0	1	
7446	76985915	0	0	0	0	1	128	0	1	418	362	29	32	949	0	0	0	1	
7447	76985948	0	0	0	0	1	128	0	1	418	362	29	32	942	0	0	0	1	
7448	76985981	0	0	0	0	1	128	0	1	418	360	29	34	984	0	0	0	1	
7449	76986015	0	0	0	0	1	128	0	1	418	362	28	32	910	0	0	0	1	
7450	76986048	0	0	0	0	1	128	0	1	418	362	28	32	897	0	0	0	1	
7451	76986081	0	0	0	0	1	128	0	1	418	362	28	31	879	0	0	0	1	
7452	76986115	0	0	0	0	1	128	0	1	420	362	26	31	821	0	0	0	1	
7453	76986148	0	0	0	0	1	128	0	1	418	362	28	31	881	0	0	0	1	
7454	76986182	0	0	0	0	1	128	0	1	418	362	28	31	863	0	0	0	1	
7455	76986215	0	0	0	0	1	128	0	1	418	362	28	31	858	0	0	0	1	
7456	76986248	0	0	0	0	1	128	0	1	420	362	26	31	806	0	0	0	1	
7457	76986282	0	0	0	0	1	128	0	1	418	362	28	31	861	0	0	0	1	
7458	76986315	0	0	0	0	1	128	0	1	418	362	28	32	903	0	0	0	1	
7459	76986348	0	0	0	0	1	128	0	1	418	362	28	31	869	0	0	0	1	
7460	76986382	0	0	0	0	1	128	0	1	418	362	28	32	884	0	0	0	1	
7461	76986415	0	0	0	0	1	128	0	1	418	362	28	32	900	0	0	0	1	
7462	76986449	0	0	0	0	1	128	0	1	418	362	28	32	899	0	0	0	1	
7463	76986482	0	0	0	0	1	128	0	1	418	362	28	32	886	0	0	0	1	
7464	76986515	0	0	0	0	1	128	0	1	418	362	29	32	921	0	0	0	1	
7465	76986549	0	0	0	0	1	128	0	1	412	360	29	32	920	0	0	0	1	
7466	76986582	0	0	0	0	1	128	0	1	408	354	30	32	964	0	0	0	1	
7467	76986615	0	0	0	0	1	128	0	1	408	354	30	32	957	0	0	0	1	
7468	76986649	0	0	0	0	1	128	0	1	408	354	30	32	948	0	0	0	1	
7469	76986682	0	0	0	0	1	128	0	1	408	354	30	32	951	0	0	0	1	
7470	76986715	0	0	0	0	1	128	0	1	408	354	30	31	943	0	0	0	1	
7471	76986749	0	0	0	0	1	128	0	1	408	354	30	32	972	0	0	0	1	
7472	76986782	0	0	0	0	1	128	0	1	408	354	30	32	957	0	0	0	1	
7473	76986816	0	0	0	0	1	128	0	1	408	354	30	32	956	0	0	0	1	
7474	76986849	0	0	0	0	1	128	0	1	408	354	30	32	967	0	0	0	1	
7475	76986882	0	0	0	0	1	128	0	1	408	354	30	32	963	0	0	0	1	
7476	76986916	0	0	0	0	1	128	0	1	408	354	30	32	954	0	0	0	1	
7477	76986949	0	0	0	0	1	128	0	1	408	354	30	32	939	0	0	0	1	
7478	76986982	0	0	0	0	1	128	0	1	408	354	30	32	964	0	0	0	1	
7479	76987016	0	0	0	0	1	128	0	1	408	356	30	31	911	0	0	0	1	
7480	76987049	0	0	0	0	1	128	0	1	408	354	30	31	933	0	0	0	1	
7481	76987083	0	0	0	0	1	128	0	1	408	354	30	32	946	0	0	0	1	
7482	76987116	0	0	0	0	1	128	0	1	408	354	30	32	936	0	0	0	1	
7483	76987149	0	0	0	0	1	128	0	1	408	354	30	32	954	0	0	0	1	
7484	76987183	0	0	0	0	1	128	0	1	408	354	30	32	936	0	0	0	1	
7485	76987216	0	0	0	0	1	128	0	1	408	354	30	32	935	0	0	0	1	
7486	76987249	0	0	0	0	1	128	0	1	408	354	30	32	935	0	0	0	1	
7487	76987283	0	0	0	0	1	128	0	1	410	374	29	32	914	0	0	0	1	
7488	76987316	0	0	0	0	1	128	0	1	412	382	29	31	893	0	0	0	1	
7489	76987350	0	0	0	0	1	128	0	1	412	380	29	33	950	0	0	0	1	
7490	76987383	0	0	0	0	1	128	0	1	412	380	29	31	924	0	0	0	1	
7491	76987416	0	0	0	0	1	128	0	1	410	380	29	32	948	0	0	0	1	
7492	76987450	0	0	0	0	1	128	0	1	412	382	29	31	901	0	0	0	1	
7493	76987483	0	0	0	0	1	128	0	1	412	382	29	31	911	0	0	0	1	
7494	76987516	0	0	0	0	1	128	0	1	412	380	29	34	994	0	0	0	1	
7495	76987550	0	0	0	0	1	128	0	1	412	382	28	31	876	0	0	0	1	
7496	76987583	0	0	0	0	1	128	0	1	412	384	28	31	874	0	0	0	1	
7497	76987616	0	0	0	0	1	128	0	1	412	382	28	31	856	0	0	0	1	
7498	76987650	0	0	0	0	1	128	0	1	412	382	28	30	861	0	0	0	1	
7499	76987683	0	0	0	0	1	128	0	1	412	382	28	31	866	0	0	0	1	
7500	76987717	0	0	0	0	1	128	0	1	412	382	28	31	859	0	0	0	1	
7501	76987750	0	0	0	0	1	128	0	1	418	380	28	31	855	0	0	0	1	
7502	76987783	0	0	0	0	1	128	0	1	418	378	28	31	871	0	0	0	1	
7503	76987817	0	0	0	0	1	128	0	1	418	378	28	31	876	0	0	0	1	
7504	76987850	0	0	0	0	1	128	0	1	418	378	28	31	875	0	0	0	1	
7505	76987883	0	0	0	0	1	128	0	1	418	378	29	31	877	0	0	0	1	
7506	76987917	0	0	0	0	1	128	0	1	418	378	28	31	875	0	0	0	1	
7507	76987950	0	0	0	0	1	128	0	1	418	378	28	31	888	0	0	0	1	
7508	76987984	0	0	0	0	1	128	0	1	418	378	29	31	887	0	0	0	1	
7509	76988017	0	0	0	0	1	128	0	1	418	378	28	31	884	0	0	0	1	
7510	76988050	0	0	0	0	1	128	0	1	418	376	29	31	910	0	0	0	1	
7511	76988084	0	0	0	0	1	128	0	1	418	378	29	31	906	0	0	0	1	
7512	76988117	0	0	0	0	1	128	0	1	418	376	29	32	915	0	0	0	1	
7513	76988150	0	0	0	0	1	128	0	1	416	372	29	32	935	0	0	0	1	
7514	76988184	0	0	0	0	1	128	0	1	416	372	29	32	932	0	0	0	1	
7515	76988217	0	0	0	0	1	128	0	1	416	372	29	32	929	0	0	0	1	
7516	76988250	0	0	0	0	1	128	0	1	416	372	29	32	933	0	0	0	1	
7517	76988284	0	0	0	0	1	128	0	1	416	372	29	32	936	0	0	0	1	
7518	76988317	0	0	0	0	1	128	0	1	416	372	30	32	947	0	0	0	1	
7519	76988351	0	0	0	0	1	128	0	1	416	372	29	32	948	0	0	0	1	
7520	76988384	0	0	0	0	1	128	0	1	416	372	30	32	959	0	0	0	1	
7521	76988417	0	0	0	0	1	128	0	1	416	372	29	32	950	0	0	0	1	
7522	76988451	0	0	0	0	1	128	0	1	416	372	30	33	981	0	0	0	1	
7523	76988484	0	0	0	0	1	128	0	1	416	372	30	32	955	0	0	0	1	
7524	76988517	0	0	0	0	1	128	0	1	416	372	30	33	964	0	0	0	1	
7525	76988551	0	0	0	0	1	128	0	1	416	372	30	32	967	0	0	0	1	
7526	76988584	0	0	0	0	1	128	0	1	416	372	30	32	957	0	0	0	1	
7527	76988618	0	0	0	0	1	128	0	1	416	372	30	32	961	0	0	0	1	
7528	76988651	0	0	0	0	1	128	0	1	416	372	30	32	968	0	0	0	1	
7529	76988684	0	0	0	0	1	128	0	1	416	372	30	32	954	0	0	0	1	
7530	76988718	0	0	0	0	1	128	0	1	416	370	30	33	990	0	0	0	1	
7531	76988751	0	0	0	0	1	128	0	1	416	372	30	32	971	0	0	0	1	
7532	76988784	0	0	0	0	1	128	0	1	424	364	30	33	974	0	0	0	1	
7533	76988818	0	0	0	0	1	128	0	1	426	364	29	32	940	0	0	0	1	
7534	76988851	0	0	0	0	1	128	0	1	426	364	29	32	942	0	0	0	1	
7535	76988884	0	0	0	0	1	128	0	1	426	364	29	32	926	0	0	0	1	
7536	76988918	0	0	0	0	1	128	0	1	426	362	29	32	935	0	0	0	1	
7537	76988951	0	0	0	0	1	128	0	1	426	362	29	32	936	0	0	0	1	
7538	76988984	0	0	0	0	1	128	0	1	426	362	29	32	932	0	0	0	1	
7539	76989018	0	0	0	0	1	128	0	1	426	362	29	32	929	0	0	0	1	
7540	76989051	0	0	0	0	1	128	0	1	426	362	29	32	926	0	0	0	1	
7541	76989085	0	0	0	0	1	128	0	1	426	362	29	32	913	0	0	0	1	
7542	76989118	0	0	0	0	1	128	0	1	426	362	29	32	899	0	0	0	1	
7543	76989151	0	0	0	0	1	128	0	1	426	362	29	31	901	0	0	0	1	
7544	76989185	0	0	0	0	1	128	0	1	426	362	28	32	894	0	0	0	1	
7545	76989218	0	0	0	0	1	128	0	1	426	362	28	31	892	0	0	0	1	
7546	76989252	0	0	0	0	1	128	0	1	426	362	29	32	902	0	0	0	1	
7547	76989285	0	0	0	0	1	128	0	1	426	362	29	32	909	0	0	0	1	
7548	76989318	0	0	0	0	1	128	0	1	426	362	29	32	904	0	0	0	1	
7549	76989352	0	0	0	0	1	128	0	1	426	362	29	32	919	0	0	0	1	
7550	76989385	0	0	0	0	1	128	0	1	426	362	29	32	915	0	0	0	1	
7551	76989418	0	0	0	0	1	128	0	1	426	362	29	32	918	0	0	0	1	
7552	76989452	0	0	0	0	1	128	0	1	426	362	29	32	919	0	0	0	1	
7553	76989485	0	0	0	0	1	128	0	1	426	362	29	32	921	0	0	0	1	
7554	76989518	0	0	0	0	1	128	0	1	426	362	29	32	922	0	0	0	1	
7555	76989552	0	0	0	0	1	128	0	1	424	384	29	32	909	0	0	0	1	
7556	76989585	0	0	0	0	1	128	0	1	424	388	29	32	920	0	0	0	1	
7557	76989619	0	0	0	0	1	128	0	1	424	386	28	32	905	0	0	0	1	
7558	76989652	0	0	0	0	1	128	0	1	426	386	28	32	905	0	0	0	1	
7559	76989685	0	0	0	0	1	128	0	1	426	388	28	32	911	0	0	0	1	
7560	76989719	0	0	0	0	1	128	0	1	426	388	28	32	899	0	0	0	1	
7561	76989752	0	0	0	0	1	128	0	1	426	388	28	32	901	0	0	0	1	
7562	76989785	0	0	0	0	1	128	0	1	426	388	28	32	886	0	0	0	1	
7563	76989819	0	0	0	0	1	128	0	1	426	388	28	31	867	0	0	0	1	
7564	76989852	0	0	0	0	1	128	0	1	426	388	28	31	861	0	0	0	1	
7565	76989885	0	0	0	0	1	128	0	1	426	388	28	31	856	0	0	0	1	
7566	76989919	0	0	0	0	1	128	0	1	426	388	28	31	868	0	0	0	1	
7567	76989952	0	0	0	0	1	128	0	1	426	388	28	32	886	0	0	0	1	
7568	76989986	0	0	0	0	1	128	0	1	426	386	28	31	869	0	0	0	1	
7569	76990019	0	0	0	0	1	128	0	1	426	386	28	32	879	0	0	0	1	
7570	76990052	0	0	0	0	1	128	0	1	424	386	28	32	886	0	0	0	1	
7571	76990086	0	0	0	0	1	128	0	1	424	386	28	32	904	0	0	0	1	
7572	76990119	0	0	0	0	1	128	0	1	424	386	28	32	909	0	0	0	1	
7573	76990152	0	0	0	0	1	128	0	1	424	386	28	32	908	0	0	0	1	
7574	76990186	0	0	0	0	1	128	0	1	424	386	29	33	930	0	0	0	1	
7575	76990219	0	0	0	0	1	128	0	1	424	386	29	32	931	0	0	0	1	
7576	76990253	0	0	0	0	1	128	0	1	424	386	29	33	942	0	0	0	1	
7577	76990286	0	0	0	0	1	128	0	1	424	386	29	33	966	0	0	0	1	
7578	76990319	0	0	0	0	1	128	0	1	424	386	29	33	973	0	0	0	1	
7579	76990353	0	0	0	0	1	128	0	1	406	366	38	46	1732	0	0	0	1	
7580	76990386	0	0	0	0	1	128	0	1	418	360	30	34	1011	0	0	0	1	
7581	76990419	0	0	0	0	1	128	0	1	418	360	30	33	1008	0	0	0	1	
7582	76990453	0	0	0	0	1	128	0	1	418	362	29	33	962	0	0	0	1	
7583	76990486	0	0	0	0	1	128	0	1	418	360	31	34	1030	0	0	0	1	
7584	76990519	0	0	0	0	1	128	0	1	418	360	31	34	1052	0	0	0	1	
7585	76990553	0	0	0	0	1	128	0	1	418	360	31	34	1062	0	0	0	1	
7586	76990586	0	0	0	0	1	128	0	1	418	360	31	33	1021	0	0	0	1	
7587	76990620	0	0	0	0	1	128	0	1	418	360	31	34	1045	0	0	0	1	
7588	76990653	0	0	0	0	1	128	0	1	418	360	31	34	1052	0	0	0	1	
7589	76990686	0	0	0	0	1	128	0	1	418	360	31	34	1039	0	0	0	1	
7590	76990720	0	0	0	0	1	128	0	1	420	362	28	31	870	0	0	0	1	
7591	76990753	0	0	0	0	1	128	0	1	418	360	30	33	1010	0	0	0	1	
7592	76990786	0	0	0	0	1	128	0	1	418	360	30	33	998	0	0	0	1	
7593	76990820	0	0	0	0	1	128	0	1	418	360	29	33	969	0	0	0	1	
7594	76990853	0	0	0	0	1	128	0	1	418	360	30	33	973	0	0	0	1	
7595	76990887	0	0	0	0	1	128	0	1	418	360	30	33	969	0	0	0	1	
7596	76990920	0	0	0	0	1	128	0	1	418	360	30	33	973	0	0	0	1	
7597	76990953	0	0	0	0	1	128	0	1	418	360	29	33	966	0	0	0	1	
7598	76990987	0	0	0	0	1	128	0	1	418	360	30	32	957	0	0	0	1	
7599	76991020	0	0	0	0	1	128	0	1	416	360	30	32	959	0	0	0	1	
7600	76991053	0	0	0	0	1	128	0	1	416	360	29	32	952	0	0	0	1	
7601	76991087	0	0	0	0	1	128	0	1	416	360	29	32	944	0	0	0	1	
7602	76991120	0	0	0	0	1	128	0	1	416	358	29	32	949	0	0	0	1	
7603	76991153	0	0	0	0	1	128	0	1	402	346	30	32	960	0	0	0	1	
7604	76991187	0	0	0	0	1	128	0	1	398	342	30	32	959	0	0	0	1	
7605	76991220	0	0	0	0	1	128	0	1	396	342	30	32	959	0	0	0	1	
7606	76991254	0	0	0	0	1	128	0	1	396	342	31	33	1008	0	0	0	1	
7607	76991287	0	0	0	0	1	128	0	1	394	342	31	32	987	0	0	0	1	
7608	76991320	0	0	0	0	1	128	0	1	394	344	30	32	975	0	0	0	1	
7609	76991354	0	0	0	0	1	128	0	1	382	352	30	31	954	0	0	0	1	
7610	76991387	0	0	0	0	1	128	0	1	378	354	31	32	1001	0	0	0	1	
7611	76991420	0	0	0	0	1	128	0	1	378	356	32	32	1023	0	0	0	1	
7612	76991454	0	0	0	0	1	128	0	1	378	358	30	33	983	0	0	0	1	
7613	76991487	0	0	0	0	1	128	0	1	378	358	31	33	1021	0	0	0	1	
7614	76991521	0	0	0	0	1	128	0	1	374	362	32	35	1114	0	0	0	1	
7615	76991554	0	0	0	0	1	128	0	1	378	362	31	32	980	0	0	0	1	
7616	76991587	0	0	0	0	1	128	0	1	370	374	31	31	981	0	0	0	1	
7617	76991621	0	0	0	0	1	128	0	1	366	378	31	32	976	0	0	0	1	
7618	76991654	0	0	0	0	1	128	0	1	366	380	31	32	988	0	0	0	1	
7619	76991687	0	0	0	0	1	128	0	1	366	382	31	32	974	0	0	0	1	
7620	76991721	0	0	0	0	1	128	0	1	366	382	31	34	1034	0	0	0	1	
7621	76991754	0	0	0	0	1	128	0	1	368	386	31	31	971	0	0	0	1	
7622	76991787	0	0	0	0	1	128	0	1	368	388	31	31	958	0	0	0	1	
7623	76991821	0	0	0	0	1	128	0	1	368	390	31	32	986	0	0	0	1	
7624	76991854	0	0	0	0	1	128	0	1	370	392	30	31	951	0	0	0	1	
7625	76991888	0	0	0	0	1	128	0	1	368	394	30	35	1057	0	0	0	1	
7626	76991921	0	0	0	0	1	128	0	1	372	398	30	31	941	0	0	0	1	
7627	76991954	0	0	0	0	1	128	0	1	374	400	30	31	937	0	0	0	1	
7628	76991988	0	0	0	0	1	128	0	1	376	402	30	31	932	0	0	0	1	
7629	76992021	0	0	0	0	1	128	0	1	378	404	30	31	916	0	0	0	1	
7630	76992054	0	0	0	0	1	128	0	1	376	408	30	31	921	0	0	0	1	
7631	76992088	0	0	0	0	1	128	0	1	378	408	30	31	929	0	0	0	1	
7632	76992121	0	0	0	0	1	128	0	1	382	408	30	31	943	0	0	0	1	
7633	76992155	0	0	0	0	1	128	0	1	386	410	29	31	912	0	0	0	1	
7634	76992188	0	0	0	0	1	128	0	1	388	410	30	31	918	0	0	0	1	
7635	76992221	0	0	0	0	1	128	0	1	390	410	30	31	925	0	0	0	1	
7636	76992255	0	0	0	0	1	128	0	1	394	410	29	31	904	0	0	0	1	
7637	76992288	0	0	0	0	1	128	0	1	396	408	29	31	904	0	0	0	1	
7638	76992321	0	0	0	0	1	128	0	1	398	408	28	31	887	0	0	0	1	
7639	76992355	0	0	0	0	1	128	0	1	402	408	29	31	885	0	0	0	1	
7640	76992388	0	0	0	0	1	128	0	1	404	406	29	31	896	0	0	0	1	
7641	76992421	0	0	0	0	1	128	0	1	408	404	28	31	883	0	0	0	1	
7642	76992455	0	0	0	0	1	128	0	1	410	396	29	31	924	0	0	0	1	
7643	76992488	0	0	0	0	1	128	0	1	412	394	29	31	918	0	0	0	1	
7644	76992522	0	0	0	0	1	128	0	1	414	392	29	32	914	0	0	0	1	
7645	76992555	0	0	0	0	1	128	0	1	416	390	29	32	909	0	0	0	1	
7646	76992588	0	0	0	0	1	128	0	1	416	388	28	32	908	0	0	0	1	
7647	76992622	0	0	0	0	1	128	0	1	418	386	29	32	939	0	0	0	1	
7648	76992655	0	0	0	0	1	128	0	1	418	386	29	32	936	0	0	0	1	
7649	76992688	0	0	0	0	1	128	0	1	418	382	29	33	979	0	0	0	1	
7650	76992722	0	0	0	0	1	128	0	1	420	382	29	32	933	0	0	0	1	
7651	76992755	0	0	0	0	1	128	0	1	422	380	28	32	902	0	0	0	1	
7652	76992788	0	0	0	0	1	128	0	1	420	378	29	33	964	0	0	0	1	
7653	76992822	0	0	0	0	1	128	0	1	420	378	29	32	941	0	0	0	1	
7654	76992855	0	0	0	0	1	128	0	1	420	368	29	33	963	0	0	0	1	
7655	76992889	0	0	0	0	1	128	0	1	418	364	30	32	964	0	0	0	1	
7656	76992922	0	0	0	0	1	128	0	1	418	364	30	32	975	0	0	0	1	
7657	76992955	0	0	0	0	1	128	0	1	418	364	29	32	947	0	0	0	1	
7658	76992989	0	0	0	0	1	128	0	1	418	364	29	32	944	0	0	0	1	
7659	76993022	0	0	0	0	1	128	0	1	418	362	30	32	956	0	0	0	1	
7660	76993055	0	0	0	0	1	128	0	1	418	362	30	32	948	0	0	0	1	
7661	76993089	0	0	0	0	1	128	0	1	418	362	30	32	945	0	0	0	1	
7662	76993122	0	0	0	0	1	128	0	1	418	364	29	32	924	0	0	0	1	
7663	76993156	0	0	0	0	1	128	0	1	418	362	30	32	960	0	0	0	1	
7664	76993189	0	0	0	0	1	128	0	1	418	362	29	32	932	0	0	0	1	
7665	76993222	0	0	0	0	1	128	0	1	418	360	29	32	931	0	0	0	1	
7666	76993256	0	0	0	0	1	128	0	1	418	360	29	32	926	0	0	0	1	
7667	76993289	0	0	0	0	1	128	0	1	418	360	29	32	921	0	0	0	1	
7668	76993322	0	0	0	0	1	128	0	1	418	360	29	32	930	0	0	0	1	
7669	76993356	0	0	0	0	1	128	0	1	418	360	29	31	901	0	0	0	1	
7670	76993389	0	0	0	0	1	128	0	1	418	360	28	31	892	0	0	0	1	
7671	76993423	0	0	0	0	1	128	0	1	418	360	29	32	904	0	0	0	1	
7672	76993456	0	0	0	0	1	128	0	1	418	360	29	32	911	0	0	0	1	
7673	76993489	0	0	0	0	1	128	0	1	418	360	29	31	895	0	0	0	1	
7674	76993523	0	0	0	0	1	128	0	1	418	360	29	31	900	0	0	0	1	
7675	76993556	0	0	0	0	1	128	0	1	418	360	28	31	888	0	0	0	1	
7676	76993589	0	0	0	0	1	128	0	1	418	360	29	31	892	0	0	0	1	
7677	76993623	0	0	0	0	1	128	0	1	418	360	28	31	863	0	0	0	1	
7678	76993656	0	0	0	0	1	128	0	1	418	360	28	31	855	0	0	0	1	
7679	76993689	0	0	0	0	1	128	0	1	418	360	28	31	866	0	0	0	1	
7680	76993723	0	0	0	0	1	128	0	1	418	360	28	30	863	0	0	0	1	
7681	76993756	0	0	0	0	1	128	0	1	418	360	28	31	862	0	0	0	1	
7682	76993790	0	0	0	0	1	128	0	1	418	360	28	31	872	0	0	0	1	
7683	76993823	0	0	0	0	1	128	0	1	418	360	28	31	860	0	0	0	1	
7684	76993856	0	0	0	0	1	128	0	1	418	360	28	31	865	0	0	0	1	
7685	76993890	0	0	0	0	1	128	0	1	418	360	28	31	860	0	0	0	1	
7686	76993923	0	0	0	0	1	128	0	1	418	360	28	31	863	0	0	0	1	
7687	76993956	0	0	0	0	1	128	0	1	416	362	28	31	858	0	0	0	1	
7688	76993990	0	0	0	0	1	128	0	1	416	360	29	33	946	0	0	0	1	
7689	76994023	0	0	0	0	1	128	0	1	416	360	29	31	895	0	0	0	1	
7690	76994057	0	0	0	0	1	128	0	1	416	362	28	31	879	0	0	0	1	
7691	76994090	0	0	0	0	1	128	0	1	416	360	28	31	888	0	0	0	1	
7692	76994123	0	0	0	0	1	128	0	1	416	362	28	31	875	0	0	0	1	
7693	76994157	0	0	0	0	1	128	0	1	416	362	28	32	888	0	0	0	1	
7694	76994190	0	0	0	0	1	128	0	1	416	362	28	31	872	0	0	0	1	
7695	76994223	0	0	0	0	1	128	0	1	418	362	28	31	877	0	0	0	1	
7696	76994257	0	0	0	0	1	128	0	1	416	362	28	31	874	0	0	0	1	
7697	76994290	0	0	0	0	1	128	0	1	418	362	29	31	894	0	0	0	1	
7698	76994323	0	0	0	0	1	128	0	1	418	362	28	31	887	0	0	0	1	
7699	76994357	0	0	0	0	1	128	0	1	418	362	29	31	889	0	0	0	1	
7700	76994390	0	0	0	0	1	128	0	1	418	360	29	31	894	0	0	0	1	
7701	76994423	0	0	0	0	1	128	0	1	418	362	28	31	876	0	0	0	1	
7702	76994457	0	0	0	0	1	128	0	1	418	362	28	31	871	0	0	0	1	
7703	76994490	0	0	0	0	1	128	0	1	418	362	28	31	866	0	0	0	1	
7704	76994524	0	0	0	0	1	128	0	1	418	360	29	31	888	0	0	0	1	
7705	76994557	0	0	0	0	1	128	0	1	418	362	28	31	883	0	0	0	1	
7706	76994590	0	0	0	0	1	128	0	1	418	362	29	31	894	0	0	0	1	
7707	76994624	0	0	0	0	1	128	0	1	420	362	26	31	820	0	0	0	1	
7708	76994657	0	0	0	0	1	128	0	1	418	362	29	31	889	0	0	0	1	
7709	76994691	0	0	0	0	1	128	0	1	418	362	29	31	907	0	0	0	1	
7710	76994724	0	0	0	0	1	128	0	1	418	360	29	31	911	0	0	0	1	
7711	76994757	0	0	0	0	1	128	0	1	416	360	29	31	913	0	0	0	1	
7712	76994791	0	0	0	0	1	128	0	1	418	362	28	31	883	0	0	0	1	
7713	76994824	0	0	0	0	1	128	0	1	418	362	29	31	895	0	0	0	1	
7714	76994857	0	0	0	0	1	128	0	1	418	362	27	31	848	0	0	0	1	
7715	76994891	0	0	0	0	1	128	0	1	418	360	29	31	889	0	0	0	1	
7716	76994924	0	0	0	0	1	128	0	1	418	362	29	31	887	0	0	0	1	
7717	76994957	0	0	0	0	1	128	0	1	418	360	29	31	897	0	0	0	1	
7718	76994991	0	0	0	0	1	128	0	1	418	362	28	31	864	0	0	0	1	
7719	76995024	0	0	0	0	1	128	0	1	418	362	28	31	856	0	0	0	1	
7720	76995058	0	0	0	0	1	128	0	1	418	360	28	31	887	0	0	0	1	
7721	76995091	0	0	0	0	1	128	0	1	418	360	28	31	870	0	0	0	1	
7722	76995124	0	0	0	0	1	128	0	1	418	360	28	31	851	0	0	0	1	
7723	76995158	0	0	0	0	1	128	0	1	416	360	28	32	898	0	0	0	1	
7724	76995191	0	0	0	0	1	128	0	1	416	360	28	32	905	0	0	0	1	
7725	76995224	0	0	0	0	1	128	0	1	416	358	28	33	922	0	0	0	1	
7726	76995258	0	0	0	0	1	128	0	1	418	360	27	31	830	0	0	0	1	
7727	76995291	0	0	0	0	1	128	0	1	418	360	28	31	849	0	0	0	1	
7728	76995325	0	0	0	0	1	128	0	1	418	360	28	31	863	0	0	0	1	
7729	76995358	0	0	0	0	1	128	0	1	418	360	28	30	850	0	0	0	1	
7730	76995391	0	0	0	0	1	128	0	1	418	360	27	31	844	0	0	0	1	
7731	76995425	0	0	0	0	1	128	0	1	418	360	28	30	833	0	0	0	1	
7732	76995458	0	0	0	0	1	128	0	1	416	360	28	30	841	0	0	0	1	
7733	76995491	0	0	0	0	1	128	0	1	418	360	27	30	831	0	0	0	1	
7734	76995525	0	0	0	0	1	128	0	1	418	362	27	30	827	0	0	0	1	
7735	76995558	0	0	0	0	1	128	0	1	418	362	27	30	825	0	0	0	1	
7736	76995591	0	0	0	0	1	128	0	1	418	360	28	30	841	0	0	0	1	
7737	76995625	0	0	0	0	1	128	0	1	418	360	28	30	840	0	0	0	1	
7738	76995658	0	0	0	0	1	128	0	1	416	358	28	32	903	0	0	0	1	
7739	76995692	0	0	0	0	1	128	0	1	418	360	28	30	851	0	0	0	1	
7740	76995725	0	0	0	0	1	128	0	1	418	360	28	30	840	0	0	0	1	
7741	76995758	0	0	0	0	1	128	0	1	418	360	28	30	849	0	0	0	1	
7742	76995792	0	0	0	0	1	128	0	1	418	360	27	30	831	0	0	0	1	
7743	76995825	0	0	0	0	1	128	0	1	418	360	28	30	840	0	0	0	1	
7744	76995858	0	0	0	0	1	128	0	1	418	360	27	30	823	0	0	0	1	
7745	76995892	0	0	0	0	1	128	0	1	418	358	28	32	895	0	0	0	1	
7746	76995925	0	0	0	0	1	128	0	1	418	360	28	30	837	0	0	0	1	
7747	76995958	0	0	0	0	1	128	0	1	418	360	28	31	851	0	0	0	1	
7748	76995992	0	0	0	0	1	128	0	1	418	360	28	31	854	0	0	0	1	
7749	76996025	0	0	0	0	1	128	0	1	418	360	26	30	791	0	0	0	1	
7750	76996059	0	0	0	0	1	128	0	1	416	360	28	31	857	0	0	0	1	
7751	76996092	0	0	0	0	1	128	0	1	418	360	27	31	834	0	0	0	1	
7752	76996125	0	0	0	0	1	128	0	1	418	360	28	30	842	0	0	0	1	
7753	76996159	0	0	0	0	1	128	0	1	418	360	26	30	795	0	0	0	1	
7754	76996192	0	0	0	0	1	128	0	1	418	360	28	30	829	0	0	0	1	
7755	76996225	0	0	0	0	1	128	0	1	422	358	27	30	826	0	0	0	1	
7756	76996259	0	0	0	0	1	128	0	1	422	358	28	30	844	0	0	0	1	
7757	76996292	0	0	0	0	1	128	0	1	422	358	27	30	826	0	0	0	1	
7758	76996326	0	0	0	0	1	128	0	1	424	358	26	30	794	0	0	0	1	
7759	76996359	0	0	0	0	1	128	0	1	422	358	28	30	831	0	0	0	1	
7760	76996392	0	0	0	0	1	128	0	1	422	356	27	30	818	0	0	0	1	
7761	76996426	0	0	0	0	1	128	0	1	424	360	27	28	752	0	0	0	1	
7762	76996459	0	0	0	0	1	128	0	0	0	0	0	0	0	0	0	0	1	
7763	76996492	0	0	0	0	1	128	0	0	0	0	0	0	0	0	0	0	1	
7764	76996526	0	0	0	0	1	128	0	0	0	0	0	0	0	0	0	0	1	
7765	76996559	0	0	0	0	1	128	0	0	0	0	0	0	0	0	0	0	1	
7766	76996592	0	0	0	0	1	128	0	1	426	364	27	30	805	0	0	0	1	
7767	76996626	0	0	0	0	1	128	0	1	426	362	27	30	817	0	0	0	1	
7768	76996659	0	0	0	0	1	128	0	1	426	362	27	30	819	0	0	0	1	
7769	76996693	0	0	0	0	1	128	0	1	426	362	27	30	823	0	0	0	1	
7770	76996726	0	0	0	0	1	128	0	1	426	362	27	30	826	0	0	0	1	
7771	76996759	0	0	0	0	1	128	0	1	426	362	27	30	827	0	0	0	1	
7772	76996793	0	0	0	0	1	128	0	1	426	360	27	30	826	0	0	0	1	
7773	76996826	0	0	0	0	1	128	0	1	426	360	27	30	824	0	0	0	1	
7774	76996859	0	0	0	0	1	128	0	1	420	362	27	31	833	0	0	0	1	
7775	76996893	0	0	0	0	1	128	0	1	416	362	28	32	904	0	0	0	1	
7776	76996926	0	0	0	0	1	128	0	1	418	362	28	31	852	0	0	0	1	
