Version	1.08	gmtime	1440675019
index	timestamp	eyeroihoriz	eyeroivert	eyeroizoomx	eyeroizoomy	blendmode	blendfactor	onlinecalib	eye_valid	eye_x	eye_y	eye_w	eye_h	eye_a	field_x	field_y	displaymode	displayeyedetection	event
5338	10472581	0	0	0	0	1	128	0	1	390	260	64	65	4166	0	0	0	1	
5339	10472615	0	0	0	0	1	128	0	1	390	258	64	66	4222	0	0	0	1	
5340	10472648	0	0	0	0	1	128	0	1	392	258	64	66	4262	0	0	0	1	
5341	10472681	0	0	0	0	1	128	0	1	392	258	64	67	4281	0	0	0	1	
5342	10472715	0	0	0	0	1	128	0	1	392	256	64	67	4282	0	0	0	1	
5343	10472748	0	0	0	0	1	128	0	1	392	256	64	66	4256	0	0	0	1	
5344	10472782	0	0	0	0	1	128	0	1	392	256	63	66	4178	0	0	0	1	
5345	10472815	0	0	0	0	1	128	0	1	392	256	63	65	4112	0	0	0	1	
5346	10472848	0	0	0	0	1	128	0	1	392	256	62	65	4035	0	0	0	1	
5347	10472882	0	0	0	0	1	128	0	1	392	256	62	64	3990	0	0	0	1	
5348	10472915	0	0	0	0	1	128	0	1	392	256	62	64	3949	0	0	0	1	
5349	10472948	0	0	0	0	1	128	0	1	392	256	62	64	3921	0	0	0	1	
5350	10472982	0	0	0	0	1	128	0	1	394	256	61	64	3895	0	0	0	1	
5351	10473015	0	0	0	0	1	128	0	1	394	256	61	63	3872	0	0	0	1	
5352	10473048	0	0	0	0	1	128	0	1	394	256	61	63	3859	0	0	0	1	
5353	10473082	0	0	0	0	1	128	0	1	394	256	61	63	3846	0	0	0	1	
5354	10473115	0	0	0	0	1	128	0	1	394	256	61	63	3830	0	0	0	1	
5355	10473149	0	0	0	0	1	128	0	1	394	256	61	63	3827	0	0	0	1	
5356	10473182	0	0	0	0	1	128	0	1	394	256	61	63	3826	0	0	0	1	
5357	10473215	0	0	0	0	1	128	0	1	394	254	61	63	3818	0	0	0	1	
5358	10473249	0	0	0	0	1	128	0	1	394	254	61	63	3820	0	0	0	1	
5359	10473282	0	0	0	0	1	128	0	1	394	254	61	63	3814	0	0	0	1	
5360	10473315	0	0	0	0	1	128	0	1	394	254	61	63	3820	0	0	0	1	
5361	10473349	0	0	0	0	1	128	0	1	394	254	61	63	3813	0	0	0	1	
5362	10473382	0	0	0	0	1	128	0	1	394	254	61	63	3797	0	0	0	1	
5363	10473415	0	0	0	0	1	128	0	1	394	254	61	62	3779	0	0	0	1	
5364	10473449	0	0	0	0	1	128	0	1	394	254	60	62	3755	0	0	0	1	
5365	10473482	0	0	0	0	1	128	0	1	392	254	60	62	3740	0	0	0	1	
5366	10473516	0	0	0	0	1	128	0	1	392	254	60	62	3738	0	0	0	1	
5367	10473549	0	0	0	0	1	128	0	1	392	254	60	62	3742	0	0	0	1	
5368	10473582	0	0	0	0	1	128	0	1	392	254	60	62	3735	0	0	0	1	
5369	10473616	0	0	0	0	1	128	0	1	388	254	61	62	3754	0	0	0	1	
5370	10473649	0	0	0	0	1	128	0	1	388	254	61	62	3758	0	0	0	1	
5371	10473682	0	0	0	0	1	128	0	1	388	254	60	62	3739	0	0	0	1	
5372	10473716	0	0	0	0	1	128	0	1	388	254	60	62	3726	0	0	0	1	
5373	10473749	0	0	0	0	1	128	0	1	388	254	61	62	3743	0	0	0	1	
5374	10473783	0	0	0	0	1	128	0	1	388	254	60	62	3734	0	0	0	1	
5375	10473816	0	0	0	0	1	128	0	1	388	254	60	62	3727	0	0	0	1	
5376	10473849	0	0	0	0	1	128	0	1	388	254	60	62	3726	0	0	0	1	
5377	10473883	0	0	0	0	1	128	0	1	390	252	60	62	3743	0	0	0	1	
5378	10473916	0	0	0	0	1	128	0	1	398	250	60	62	3724	0	0	0	1	
5379	10473949	0	0	0	0	1	128	0	1	398	250	60	62	3728	0	0	0	1	
5380	10473983	0	0	0	0	1	128	0	1	398	250	60	62	3744	0	0	0	1	
5381	10474016	0	0	0	0	1	128	0	1	398	250	60	62	3768	0	0	0	1	
5382	10474050	0	0	0	0	1	128	0	1	310	248	148	226	33451	0	0	0	1	
5383	10474083	0	0	0	0	1	128	0	1	326	328	54	78	4199	0	0	0	1	
5384	10474116	0	0	0	0	1	128	0	1	328	338	53	61	3190	0	0	0	1	
5385	10474150	0	0	0	0	1	128	0	1	328	338	51	60	3111	0	0	0	1	
5386	10474183	0	0	0	0	1	128	0	1	328	338	51	60	3081	0	0	0	1	
5387	10474216	0	0	0	0	1	128	0	1	328	340	51	60	3068	0	0	0	1	
5388	10474250	0	0	0	0	1	128	0	1	324	332	52	60	3139	0	0	0	1	
5389	10474283	0	0	0	0	1	128	0	1	322	332	52	60	3128	0	0	0	1	
5390	10474316	0	0	0	0	1	128	0	1	322	332	52	60	3149	0	0	0	1	
5391	10474350	0	0	0	0	1	128	0	1	322	334	52	60	3169	0	0	0	1	
5392	10474383	0	0	0	0	1	128	0	1	322	334	53	61	3190	0	0	0	1	
5393	10474417	0	0	0	0	1	128	0	1	322	334	53	61	3204	0	0	0	1	
5394	10474450	0	0	0	0	1	128	0	1	322	334	53	61	3231	0	0	0	1	
5395	10474483	0	0	0	0	1	128	0	1	322	332	53	61	3254	0	0	0	1	
5396	10474517	0	0	0	0	1	128	0	1	322	332	53	62	3276	0	0	0	1	
5397	10474550	0	0	0	0	1	128	0	1	322	332	53	62	3287	0	0	0	1	
5398	10474583	0	0	0	0	1	128	0	1	322	334	53	62	3290	0	0	0	1	
5399	10474617	0	0	0	0	1	128	0	1	322	334	53	62	3286	0	0	0	1	
5400	10474650	0	0	0	0	1	128	0	1	322	334	53	62	3264	0	0	0	1	
5401	10474684	0	0	0	0	1	128	0	1	322	334	53	62	3250	0	0	0	1	
5402	10474717	0	0	0	0	1	128	0	1	326	334	53	61	3202	0	0	0	1	
5403	10474750	0	0	0	0	1	128	0	0	0	0	0	0	0	0	0	0	1	
5404	10474784	0	0	0	0	1	128	0	1	462	300	46	58	2690	0	0	0	1	
5405	10474817	0	0	0	0	1	128	0	1	468	298	45	59	2664	0	0	0	1	
5406	10474850	0	0	0	0	1	128	0	1	468	298	45	58	2624	0	0	0	1	
5407	10474884	0	0	0	0	1	128	0	1	468	298	45	58	2651	0	0	0	1	
5408	10474917	0	0	0	0	1	128	0	1	468	298	46	59	2673	0	0	0	1	
5409	10474950	0	0	0	0	1	128	0	1	470	296	46	59	2703	0	0	0	1	
5410	10474984	0	0	0	0	1	128	0	1	472	292	46	59	2704	0	0	0	1	
5411	10475017	0	0	0	0	1	128	0	1	472	292	46	59	2740	0	0	0	1	
5412	10475051	0	0	0	0	1	128	0	1	472	294	46	60	2776	0	0	0	1	
5413	10475084	0	0	0	0	1	128	0	1	472	294	47	60	2803	0	0	0	1	
5414	10475117	0	0	0	0	1	128	0	1	472	294	47	61	2834	0	0	0	1	
5415	10475151	0	0	0	0	1	128	0	1	472	292	48	61	2906	0	0	0	1	
5416	10475184	0	0	0	0	1	128	0	0	0	0	0	0	0	0	0	0	1	
5417	10475217	0	0	0	0	1	128	0	1	460	198	52	62	3198	0	0	0	1	
5418	10475251	0	0	0	0	1	128	0	1	450	180	55	64	3547	0	0	0	1	
5419	10475284	0	0	0	0	1	128	0	1	448	180	56	64	3592	0	0	0	1	
5420	10475318	0	0	0	0	1	128	0	1	446	180	56	64	3601	0	0	0	1	
5421	10475351	0	0	0	0	1	128	0	1	446	180	56	65	3627	0	0	0	1	
5422	10475384	0	0	0	0	1	128	0	1	446	180	56	65	3620	0	0	0	1	
5423	10475418	0	0	0	0	1	128	0	1	448	172	55	65	3588	0	0	0	1	
5424	10475451	0	0	0	0	1	128	0	1	446	172	55	64	3561	0	0	0	1	
5425	10475484	0	0	0	0	1	128	0	1	446	172	55	64	3535	0	0	0	1	
5426	10475518	0	0	0	0	1	128	0	1	446	172	55	64	3499	0	0	0	1	
5427	10475551	0	0	0	0	1	128	0	1	446	172	55	64	3473	0	0	0	1	
5428	10475584	0	0	0	0	1	128	0	1	446	172	54	64	3461	0	0	0	1	
5429	10475618	0	0	0	0	1	128	0	1	446	172	54	64	3450	0	0	0	1	
5430	10475651	0	0	0	0	1	128	0	1	446	172	54	64	3457	0	0	0	1	
5431	10475685	0	0	0	0	1	128	0	1	446	172	54	64	3457	0	0	0	1	
5432	10475718	0	0	0	0	1	128	0	1	446	172	54	64	3468	0	0	0	1	
5433	10475751	0	0	0	0	1	128	0	1	446	172	54	64	3475	0	0	0	1	
5434	10475785	0	0	0	0	1	128	0	1	446	172	54	64	3472	0	0	0	1	
5435	10475818	0	0	0	0	1	128	0	1	446	172	55	64	3484	0	0	0	1	
5436	10475851	0	0	0	0	1	128	0	1	446	172	55	64	3494	0	0	0	1	
5437	10475885	0	0	0	0	1	128	0	1	446	172	55	64	3490	0	0	0	1	
5438	10475918	0	0	0	0	1	128	0	1	446	172	55	64	3483	0	0	0	1	
5439	10475952	0	0	0	0	1	128	0	1	422	192	55	61	3393	0	0	0	1	
5440	10475985	0	0	0	0	1	128	0	1	406	232	52	57	2957	0	0	0	1	
5441	10476018	0	0	0	0	1	128	0	1	390	282	54	75	4036	0	0	0	1	
5442	10476052	0	0	0	0	1	128	0	0	0	0	0	0	0	0	0	0	1	
5443	10476085	0	0	0	0	1	128	0	0	0	0	0	0	0	0	0	0	1	
5444	10476118	0	0	0	0	1	128	0	1	328	332	50	60	2974	0	0	0	1	
5445	10476152	0	0	0	0	1	128	0	1	334	330	54	61	3270	0	0	0	1	
5446	10476185	0	0	0	0	1	128	0	1	334	328	54	61	3318	0	0	0	1	
5447	10476218	0	0	0	0	1	128	0	1	334	328	54	62	3347	0	0	0	1	
5448	10476252	0	0	0	0	1	128	0	1	332	328	54	62	3358	0	0	0	1	
5449	10476285	0	0	0	0	1	128	0	1	320	332	53	62	3299	0	0	0	1	
5450	10476319	0	0	0	0	1	128	0	1	322	332	54	62	3326	0	0	0	1	
5451	10476352	0	0	0	0	1	128	0	1	322	334	54	62	3332	0	0	0	1	
5452	10476385	0	0	0	0	1	128	0	1	322	334	54	62	3331	0	0	0	1	
5453	10476419	0	0	0	0	1	128	0	1	322	334	54	62	3330	0	0	0	1	
5454	10476452	0	0	0	0	1	128	0	1	322	334	54	62	3314	0	0	0	1	
5455	10476485	0	0	0	0	1	128	0	1	322	334	53	61	3286	0	0	0	1	
5456	10476519	0	0	0	0	1	128	0	1	322	334	53	61	3246	0	0	0	1	
5457	10476552	0	0	0	0	1	128	0	1	322	334	53	60	3197	0	0	0	1	
5458	10476586	0	0	0	0	1	128	0	1	322	334	52	60	3149	0	0	0	1	
5459	10476619	0	0	0	0	1	128	0	1	322	334	52	59	3101	0	0	0	1	
5460	10476652	0	0	0	0	1	128	0	0	0	0	0	0	0	0	0	0	1	
5461	10476686	0	0	0	0	1	128	0	1	432	320	39	50	1953	0	0	0	1	
5462	10476719	0	0	0	0	1	128	0	1	464	298	45	56	2543	0	0	0	1	
5463	10476752	0	0	0	0	1	128	0	1	464	300	45	57	2532	0	0	0	1	
5464	10476786	0	0	0	0	1	128	0	1	466	300	45	56	2520	0	0	0	1	
5465	10476819	0	0	0	0	1	128	0	1	466	300	45	56	2502	0	0	0	1	
5466	10476852	0	0	0	0	1	128	0	1	476	292	44	56	2454	0	0	0	1	
5467	10476886	0	0	0	0	1	128	0	1	476	292	44	56	2456	0	0	0	1	
5468	10476919	0	0	0	0	1	128	0	1	476	292	44	56	2452	0	0	0	1	
5469	10476953	0	0	0	0	1	128	0	1	476	292	44	56	2465	0	0	0	1	
5470	10476986	0	0	0	0	1	128	0	1	476	292	44	56	2479	0	0	0	1	
5471	10477019	0	0	0	0	1	128	0	1	476	292	44	56	2492	0	0	0	1	
5472	10477053	0	0	0	0	1	128	0	1	476	292	45	57	2519	0	0	0	1	
5473	10477086	0	0	0	0	1	128	0	1	476	292	45	57	2531	0	0	0	1	
5474	10477119	0	0	0	0	1	128	0	1	474	292	45	57	2566	0	0	0	1	
5475	10477153	0	0	0	0	1	128	0	1	474	292	45	57	2602	0	0	0	1	
5476	10477186	0	0	0	0	1	128	0	1	474	292	45	58	2628	0	0	0	1	
5477	10477220	0	0	0	0	1	128	0	1	472	294	46	58	2689	0	0	0	1	
5478	10477253	0	0	0	0	1	128	0	1	472	294	47	58	2707	0	0	0	1	
5479	10477286	0	0	0	0	1	128	0	1	476	290	46	58	2693	0	0	0	1	
5480	10477320	0	0	0	0	1	128	0	1	474	292	47	58	2724	0	0	0	1	
5481	10477353	0	0	0	0	1	128	0	1	470	294	47	59	2754	0	0	0	1	
5482	10477386	0	0	0	0	1	128	0	1	470	294	47	59	2766	0	0	0	1	
5483	10477420	0	0	0	0	1	128	0	1	468	294	47	59	2777	0	0	0	1	
5484	10477453	0	0	0	0	1	128	0	1	446	280	50	61	3019	0	0	0	1	
5485	10477486	0	0	0	0	1	128	0	1	412	208	66	106	7022	0	0	0	1	
5486	10477520	0	0	0	0	1	128	0	1	336	222	59	61	3639	0	0	0	1	
5487	10477553	0	0	0	0	1	128	0	1	320	212	60	64	3830	0	0	0	1	
5488	10477587	0	0	0	0	1	128	0	1	318	212	60	64	3875	0	0	0	1	
5489	10477620	0	0	0	0	1	128	0	1	316	214	61	65	3909	0	0	0	1	
5490	10477653	0	0	0	0	1	128	0	1	316	214	61	65	3933	0	0	0	1	
5491	10477687	0	0	0	0	1	128	0	1	310	212	61	65	3951	0	0	0	1	
5492	10477720	0	0	0	0	1	128	0	1	298	200	61	64	3908	0	0	0	1	
5493	10477753	0	0	0	0	1	128	0	1	296	200	61	64	3907	0	0	0	1	
5494	10477787	0	0	0	0	1	128	0	1	296	200	61	64	3874	0	0	0	1	
5495	10477820	0	0	0	0	1	128	0	1	296	200	61	63	3845	0	0	0	1	
5496	10477854	0	0	0	0	1	128	0	1	298	204	60	63	3764	0	0	0	1	
5497	10477887	0	0	0	0	1	128	0	1	298	204	60	63	3778	0	0	0	1	
5498	10477920	0	0	0	0	1	128	0	1	298	204	60	63	3762	0	0	0	1	
5499	10477954	0	0	0	0	1	128	0	1	298	204	60	62	3734	0	0	0	1	
5500	10477987	0	0	0	0	1	128	0	1	298	204	60	62	3723	0	0	0	1	
5501	10478020	0	0	0	0	1	128	0	1	296	206	59	62	3702	0	0	0	1	
5502	10478054	0	0	0	0	1	128	0	1	296	206	59	62	3676	0	0	0	1	
5503	10478087	0	0	0	0	1	128	0	1	296	206	59	62	3658	0	0	0	1	
5504	10478120	0	0	0	0	1	128	0	1	296	206	59	62	3643	0	0	0	1	
5505	10478154	0	0	0	0	1	128	0	1	296	206	59	62	3628	0	0	0	1	
5506	10478187	0	0	0	0	1	128	0	1	296	206	59	61	3588	0	0	0	1	
5507	10478221	0	0	0	0	1	128	0	1	296	206	58	61	3566	0	0	0	1	
5508	10478254	0	0	0	0	1	128	0	1	296	206	58	61	3545	0	0	0	1	
5509	10478287	0	0	0	0	1	128	0	1	296	206	58	60	3517	0	0	0	1	
5510	10478321	0	0	0	0	1	128	0	1	296	206	58	60	3505	0	0	0	1	
5511	10478354	0	0	0	0	1	128	0	1	360	138	83	147	12282	0	0	0	1	
5512	10478387	0	0	0	0	1	128	0	0	0	0	0	0	0	0	0	0	1	
5513	10478421	0	0	0	0	1	128	0	1	422	268	48	60	2874	0	0	0	1	
5514	10478454	0	0	0	0	1	128	0	1	452	284	46	55	2559	0	0	0	1	
5515	10478487	0	0	0	0	1	128	0	1	462	288	45	55	2487	0	0	0	1	
5516	10478521	0	0	0	0	1	128	0	1	462	288	44	55	2463	0	0	0	1	
5517	10478554	0	0	0	0	1	128	0	1	462	288	45	55	2471	0	0	0	1	
5518	10478588	0	0	0	0	1	128	0	1	462	288	45	56	2474	0	0	0	1	
5519	10478621	0	0	0	0	1	128	0	1	474	294	42	55	2332	0	0	0	1	
5520	10478654	0	0	0	0	1	128	0	1	474	296	42	55	2352	0	0	0	1	
5521	10478688	0	0	0	0	1	128	0	1	474	296	42	56	2364	0	0	0	1	
5522	10478721	0	0	0	0	1	128	0	1	474	296	43	56	2382	0	0	0	1	
5523	10478754	0	0	0	0	1	128	0	1	474	296	43	56	2401	0	0	0	1	
5524	10478788	0	0	0	0	1	128	0	1	474	296	43	56	2416	0	0	0	1	
5525	10478821	0	0	0	0	1	128	0	1	474	296	44	57	2468	0	0	0	1	
5526	10478855	0	0	0	0	1	128	0	1	474	296	44	57	2506	0	0	0	1	
5527	10478888	0	0	0	0	1	128	0	1	474	296	44	58	2544	0	0	0	1	
5528	10478921	0	0	0	0	1	128	0	1	470	294	45	58	2601	0	0	0	1	
5529	10478955	0	0	0	0	1	128	0	1	414	260	56	59	3291	0	0	0	1	
5530	10478988	0	0	0	0	1	128	0	1	410	260	56	60	3339	0	0	0	1	
5531	10479021	0	0	0	0	1	128	0	1	408	262	57	60	3393	0	0	0	1	
5532	10479055	0	0	0	0	1	128	0	1	408	262	57	60	3452	0	0	0	1	
5533	10479088	0	0	0	0	1	128	0	1	406	262	57	61	3480	0	0	0	1	
5534	10479121	0	0	0	0	1	128	0	1	402	260	58	62	3593	0	0	0	1	
5535	10479155	0	0	0	0	1	128	0	1	394	248	60	62	3676	0	0	0	1	
5536	10479188	0	0	0	0	1	128	0	1	392	248	60	62	3691	0	0	0	1	
5537	10479222	0	0	0	0	1	128	0	1	392	248	60	62	3724	0	0	0	1	
5538	10479255	0	0	0	0	1	128	0	1	392	248	60	62	3746	0	0	0	1	
5539	10479288	0	0	0	0	1	128	0	1	392	248	60	62	3759	0	0	0	1	
5540	10479322	0	0	0	0	1	128	0	1	392	248	60	62	3766	0	0	0	1	
5541	10479355	0	0	0	0	1	128	0	1	392	250	60	62	3732	0	0	0	1	
5542	10479388	0	0	0	0	1	128	0	1	392	252	60	62	3747	0	0	0	1	
5543	10479422	0	0	0	0	1	128	0	1	392	252	60	62	3710	0	0	0	1	
5544	10479455	0	0	0	0	1	128	0	1	392	252	60	62	3676	0	0	0	1	
5545	10479489	0	0	0	0	1	128	0	1	392	252	59	61	3633	0	0	0	1	
5546	10479522	0	0	0	0	1	128	0	1	392	252	59	61	3570	0	0	0	1	
5547	10479555	0	0	0	0	1	128	0	1	392	252	58	61	3532	0	0	0	1	
5548	10479589	0	0	0	0	1	128	0	1	392	252	58	60	3508	0	0	0	1	
5549	10479622	0	0	0	0	1	128	0	1	392	252	58	60	3486	0	0	0	1	
5550	10479655	0	0	0	0	1	128	0	1	392	252	58	60	3473	0	0	0	1	
5551	10479689	0	0	0	0	1	128	0	1	392	252	58	60	3455	0	0	0	1	
5552	10479722	0	0	0	0	1	128	0	1	392	254	58	60	3445	0	0	0	1	
5553	10479755	0	0	0	0	1	128	0	1	392	252	58	60	3439	0	0	0	1	
5554	10479789	0	0	0	0	1	128	0	1	392	254	58	60	3430	0	0	0	1	
5555	10479822	0	0	0	0	1	128	0	1	392	254	58	59	3423	0	0	0	1	
5556	10479856	0	0	0	0	1	128	0	1	392	254	58	59	3421	0	0	0	1	
5557	10479889	0	0	0	0	1	128	0	1	392	254	57	59	3412	0	0	0	1	
5558	10479922	0	0	0	0	1	128	0	1	392	254	57	59	3411	0	0	0	1	
5559	10479956	0	0	0	0	1	128	0	1	392	252	57	59	3407	0	0	0	1	
5560	10479989	0	0	0	0	1	128	0	1	392	252	57	59	3395	0	0	0	1	
5561	10480022	0	0	0	0	1	128	0	1	392	252	57	59	3390	0	0	0	1	
5562	10480056	0	0	0	0	1	128	0	1	392	252	57	59	3385	0	0	0	1	
5563	10480089	0	0	0	0	1	128	0	1	392	252	57	59	3385	0	0	0	1	
5564	10480123	0	0	0	0	1	128	0	1	392	252	57	59	3377	0	0	0	1	
5565	10480156	0	0	0	0	1	128	0	1	392	252	57	59	3369	0	0	0	1	
5566	10480189	0	0	0	0	1	128	0	1	392	252	57	59	3360	0	0	0	1	
5567	10480223	0	0	0	0	1	128	0	1	392	252	57	59	3353	0	0	0	1	
5568	10480256	0	0	0	0	1	128	0	1	392	252	57	59	3335	0	0	0	1	
5569	10480289	0	0	0	0	1	128	0	1	392	252	56	59	3320	0	0	0	1	
5570	10480323	0	0	0	0	1	128	0	1	394	252	57	59	3321	0	0	0	1	
5571	10480356	0	0	0	0	1	128	0	1	394	252	57	59	3312	0	0	0	1	
5572	10480389	0	0	0	0	1	128	0	1	392	252	57	59	3315	0	0	0	1	
5573	10480423	0	0	0	0	1	128	0	1	392	252	57	58	3311	0	0	0	1	
5574	10480456	0	0	0	0	1	128	0	1	392	252	57	58	3314	0	0	0	1	
5575	10480490	0	0	0	0	1	128	0	1	392	252	57	58	3305	0	0	0	1	
5576	10480523	0	0	0	0	1	128	0	1	392	252	57	58	3302	0	0	0	1	
5577	10480556	0	0	0	0	1	128	0	1	392	252	57	58	3295	0	0	0	1	
5578	10480590	0	0	0	0	1	128	0	1	392	252	57	58	3298	0	0	0	1	
5579	10480623	0	0	0	0	1	128	0	1	392	252	57	58	3296	0	0	0	1	
5580	10480656	0	0	0	0	1	128	0	1	392	252	57	58	3300	0	0	0	1	
5581	10480690	0	0	0	0	1	128	0	1	392	252	57	58	3302	0	0	0	1	
5582	10480723	0	0	0	0	1	128	0	1	392	252	57	58	3310	0	0	0	1	
5583	10480757	0	0	0	0	1	128	0	1	392	252	57	58	3307	0	0	0	1	
5584	10480790	0	0	0	0	1	128	0	1	392	252	57	58	3308	0	0	0	1	
5585	10480823	0	0	0	0	1	128	0	1	392	252	57	58	3314	0	0	0	1	
5586	10480857	0	0	0	0	1	128	0	1	392	252	57	58	3324	0	0	0	1	
5587	10480890	0	0	0	0	1	128	0	1	392	252	57	58	3323	0	0	0	1	
5588	10480923	0	0	0	0	1	128	0	1	392	252	57	58	3311	0	0	0	1	
5589	10480957	0	0	0	0	1	128	0	1	392	252	57	58	3307	0	0	0	1	
5590	10480990	0	0	0	0	1	128	0	1	392	252	57	58	3279	0	0	0	1	
5591	10481023	0	0	0	0	1	128	0	1	376	298	50	57	2846	0	0	0	1	
5592	10481057	0	0	0	0	1	128	0	1	374	308	53	57	3014	0	0	0	1	
5593	10481090	0	0	0	0	1	128	0	1	374	308	53	58	3047	0	0	0	1	
5594	10481124	0	0	0	0	1	128	0	1	374	308	53	58	3069	0	0	0	1	
5595	10481157	0	0	0	0	1	128	0	1	372	310	53	58	3106	0	0	0	1	
5596	10481190	0	0	0	0	1	128	0	1	372	310	54	59	3133	0	0	0	1	
5597	10481224	0	0	0	0	1	128	0	1	372	310	54	59	3155	0	0	0	1	
5598	10481257	0	0	0	0	1	128	0	1	372	310	54	59	3191	0	0	0	1	
5599	10481290	0	0	0	0	1	128	0	1	372	310	54	59	3227	0	0	0	1	
5600	10481324	0	0	0	0	1	128	0	1	372	310	55	60	3254	0	0	0	1	
5601	10481357	0	0	0	0	1	128	0	1	372	310	55	60	3274	0	0	0	1	
5602	10481390	0	0	0	0	1	128	0	1	372	310	55	60	3301	0	0	0	1	
5603	10481424	0	0	0	0	1	128	0	1	372	310	55	60	3325	0	0	0	1	
5604	10481457	0	0	0	0	1	128	0	1	370	310	55	61	3361	0	0	0	1	
5605	10481491	0	0	0	0	1	128	0	1	370	310	56	61	3385	0	0	0	1	
5606	10481524	0	0	0	0	1	128	0	1	370	310	56	61	3416	0	0	0	1	
5607	10481557	0	0	0	0	1	128	0	1	370	310	56	61	3424	0	0	0	1	
5608	10481591	0	0	0	0	1	128	0	1	370	310	56	61	3422	0	0	0	1	
5609	10481624	0	0	0	0	1	128	0	1	370	310	56	61	3409	0	0	0	1	
5610	10481657	0	0	0	0	1	128	0	1	350	300	58	61	3533	0	0	0	1	
5611	10481691	0	0	0	0	1	128	0	1	342	298	58	62	3552	0	0	0	1	
5612	10481724	0	0	0	0	1	128	0	1	340	298	58	62	3555	0	0	0	1	
5613	10481758	0	0	0	0	1	128	0	1	340	298	58	62	3569	0	0	0	1	
5614	10481791	0	0	0	0	1	128	0	1	340	298	58	62	3580	0	0	0	1	
5615	10481824	0	0	0	0	1	128	0	1	340	298	58	62	3590	0	0	0	1	
5616	10481858	0	0	0	0	1	128	0	1	340	298	58	62	3614	0	0	0	1	
5617	10481891	0	0	0	0	1	128	0	1	336	300	58	62	3588	0	0	0	1	
5618	10481924	0	0	0	0	1	128	0	1	338	300	58	62	3592	0	0	0	1	
5619	10481958	0	0	0	0	1	128	0	1	338	300	58	62	3604	0	0	0	1	
5620	10481991	0	0	0	0	1	128	0	1	338	300	58	62	3599	0	0	0	1	
5621	10482025	0	0	0	0	1	128	0	1	338	300	58	62	3598	0	0	0	1	
5622	10482058	0	0	0	0	1	128	0	1	336	300	58	62	3591	0	0	0	1	
5623	10482091	0	0	0	0	1	128	0	1	338	302	57	62	3553	0	0	0	1	
5624	10482125	0	0	0	0	1	128	0	1	336	302	57	62	3537	0	0	0	1	
5625	10482158	0	0	0	0	1	128	0	1	336	302	57	62	3510	0	0	0	1	
5626	10482191	0	0	0	0	1	128	0	1	336	302	57	62	3492	0	0	0	1	
5627	10482225	0	0	0	0	1	128	0	1	336	302	57	61	3478	0	0	0	1	
5628	10482258	0	0	0	0	1	128	0	1	336	302	56	61	3460	0	0	0	1	
5629	10482291	0	0	0	0	1	128	0	1	336	302	56	61	3454	0	0	0	1	
5630	10482325	0	0	0	0	1	128	0	1	336	302	56	61	3443	0	0	0	1	
5631	10482358	0	0	0	0	1	128	0	1	336	302	56	61	3430	0	0	0	1	
5632	10482392	0	0	0	0	1	128	0	1	338	302	56	61	3426	0	0	0	1	
5633	10482425	0	0	0	0	1	128	0	1	382	308	51	64	3273	0	0	0	1	
5634	10482458	0	0	0	0	1	128	0	1	394	316	51	59	3047	0	0	0	1	
5635	10482492	0	0	0	0	1	128	0	1	394	316	51	59	3050	0	0	0	1	
5636	10482525	0	0	0	0	1	128	0	1	394	316	51	59	3036	0	0	0	1	
5637	10482558	0	0	0	0	1	128	0	1	396	316	51	59	3025	0	0	0	1	
5638	10482592	0	0	0	0	1	128	0	1	396	316	51	59	3015	0	0	0	1	
5639	10482625	0	0	0	0	1	128	0	1	396	318	51	59	2994	0	0	0	1	
5640	10482659	0	0	0	0	1	128	0	1	396	318	51	59	2969	0	0	0	1	
5641	10482692	0	0	0	0	1	128	0	1	396	318	51	59	2969	0	0	0	1	
5642	10482725	0	0	0	0	1	128	0	1	396	318	51	59	2977	0	0	0	1	
5643	10482759	0	0	0	0	1	128	0	1	396	318	51	59	2999	0	0	0	1	
5644	10482792	0	0	0	0	1	128	0	1	396	318	51	59	3008	0	0	0	1	
5645	10482825	0	0	0	0	1	128	0	1	396	318	52	59	3053	0	0	0	1	
5646	10482859	0	0	0	0	1	128	0	1	396	318	52	59	3075	0	0	0	1	
5647	10482892	0	0	0	0	1	128	0	1	396	318	52	60	3098	0	0	0	1	
5648	10482925	0	0	0	0	1	128	0	1	396	318	52	60	3125	0	0	0	1	
5649	10482959	0	0	0	0	1	128	0	1	394	318	52	60	3148	0	0	0	1	
5650	10482992	0	0	0	0	1	128	0	1	394	318	53	60	3168	0	0	0	1	
5651	10483025	0	0	0	0	1	128	0	1	394	318	53	60	3186	0	0	0	1	
5652	10483059	0	0	0	0	1	128	0	1	394	318	53	61	3202	0	0	0	1	
5653	10483092	0	0	0	0	1	128	0	1	394	318	53	61	3218	0	0	0	1	
5654	10483126	0	0	0	0	1	128	0	1	394	316	53	61	3245	0	0	0	1	
5655	10483159	0	0	0	0	1	128	0	1	402	272	59	61	3599	0	0	0	1	
5656	10483192	0	0	0	0	1	128	0	1	398	248	60	61	3654	0	0	0	1	
5657	10483226	0	0	0	0	1	128	0	1	396	248	60	62	3702	0	0	0	1	
5658	10483259	0	0	0	0	1	128	0	1	394	248	60	62	3709	0	0	0	1	
5659	10483293	0	0	0	0	1	128	0	1	394	248	61	61	3732	0	0	0	1	
5660	10483326	0	0	0	0	1	128	0	1	394	248	61	62	3753	0	0	0	1	
5661	10483359	0	0	0	0	1	128	0	1	394	248	61	62	3758	0	0	0	1	
5662	10483393	0	0	0	0	1	128	0	1	394	248	61	62	3759	0	0	0	1	
5663	10483426	0	0	0	0	1	128	0	1	390	250	60	62	3727	0	0	0	1	
5664	10483459	0	0	0	0	1	128	0	1	392	250	60	62	3714	0	0	0	1	
5665	10483493	0	0	0	0	1	128	0	1	392	252	60	61	3672	0	0	0	1	
5666	10483526	0	0	0	0	1	128	0	1	392	252	60	61	3628	0	0	0	1	
5667	10483559	0	0	0	0	1	128	0	1	392	252	59	61	3574	0	0	0	1	
5668	10483593	0	0	0	0	1	128	0	1	392	252	59	61	3552	0	0	0	1	
5669	10483626	0	0	0	0	1	128	0	1	392	252	58	60	3515	0	0	0	1	
5670	10483659	0	0	0	0	1	128	0	1	392	252	58	60	3487	0	0	0	1	
5671	10483693	0	0	0	0	1	128	0	1	392	252	58	60	3452	0	0	0	1	
5672	10483726	0	0	0	0	1	128	0	1	392	252	58	59	3422	0	0	0	1	
5673	10483760	0	0	0	0	1	128	0	1	392	252	57	59	3387	0	0	0	1	
5674	10483793	0	0	0	0	1	128	0	1	392	252	57	59	3364	0	0	0	1	
5675	10483826	0	0	0	0	1	128	0	1	392	252	57	59	3338	0	0	0	1	
5676	10483860	0	0	0	0	1	128	0	1	392	252	57	58	3313	0	0	0	1	
5677	10483893	0	0	0	0	1	128	0	1	390	252	56	58	3280	0	0	0	1	
5678	10483926	0	0	0	0	1	128	0	1	352	254	57	63	3585	0	0	0	1	
5679	10483960	0	0	0	0	1	128	0	1	354	254	57	60	3456	0	0	0	1	
5680	10483993	0	0	0	0	1	128	0	1	354	254	57	60	3457	0	0	0	1	
5681	10484027	0	0	0	0	1	128	0	1	354	254	57	61	3482	0	0	0	1	
5682	10484060	0	0	0	0	1	128	0	1	352	252	57	64	3635	0	0	0	1	
5683	10484093	0	0	0	0	1	128	0	1	352	252	57	64	3630	0	0	0	1	
5684	10484127	0	0	0	0	1	128	0	1	352	252	57	63	3619	0	0	0	1	
5685	10484160	0	0	0	0	1	128	0	1	352	252	57	63	3641	0	0	0	1	
5686	10484193	0	0	0	0	1	128	0	1	358	254	58	59	3385	0	0	0	1	
5687	10484227	0	0	0	0	1	128	0	1	358	254	58	59	3399	0	0	0	1	
5688	10484260	0	0	0	0	1	128	0	1	358	254	58	59	3406	0	0	0	1	
5689	10484294	0	0	0	0	1	128	0	1	358	254	58	59	3416	0	0	0	1	
5690	10484327	0	0	0	0	1	128	0	1	356	254	57	61	3504	0	0	0	1	
5691	10484360	0	0	0	0	1	128	0	1	356	254	58	61	3528	0	0	0	1	
5692	10484394	0	0	0	0	1	128	0	1	356	254	58	61	3536	0	0	0	1	
5693	10484427	0	0	0	0	1	128	0	1	356	254	58	61	3529	0	0	0	1	
5694	10484460	0	0	0	0	1	128	0	1	356	254	58	61	3518	0	0	0	1	
5695	10484494	0	0	0	0	1	128	0	1	356	254	57	61	3508	0	0	0	1	
5696	10484527	0	0	0	0	1	128	0	1	356	254	57	61	3494	0	0	0	1	
5697	10484561	0	0	0	0	1	128	0	1	356	254	57	61	3475	0	0	0	1	
5698	10484594	0	0	0	0	1	128	0	1	356	254	57	61	3467	0	0	0	1	
5699	10484627	0	0	0	0	1	128	0	1	356	254	57	61	3463	0	0	0	1	
5700	10484661	0	0	0	0	1	128	0	1	348	246	61	73	4502	0	0	0	1	
5701	10484694	0	0	0	0	1	128	0	1	412	230	55	58	3185	0	0	0	1	
5702	10484727	0	0	0	0	1	128	0	1	412	230	55	58	3195	0	0	0	1	
5703	10484761	0	0	0	0	1	128	0	1	410	230	55	58	3190	0	0	0	1	
5704	10484794	0	0	0	0	1	128	0	1	410	230	55	58	3176	0	0	0	1	
5705	10484827	0	0	0	0	1	128	0	1	410	230	55	58	3166	0	0	0	1	
5706	10484861	0	0	0	0	1	128	0	1	412	228	54	58	3155	0	0	0	1	
5707	10484894	0	0	0	0	1	128	0	1	414	226	54	58	3138	0	0	0	1	
5708	10484928	0	0	0	0	1	128	0	1	414	226	54	58	3130	0	0	0	1	
5709	10484961	0	0	0	0	1	128	0	1	414	226	54	58	3136	0	0	0	1	
5710	10484994	0	0	0	0	1	128	0	1	414	226	54	58	3141	0	0	0	1	
5711	10485028	0	0	0	0	1	128	0	1	414	224	54	58	3158	0	0	0	1	
5712	10485061	0	0	0	0	1	128	0	1	414	226	54	59	3179	0	0	0	1	
5713	10485094	0	0	0	0	1	128	0	1	414	226	55	59	3198	0	0	0	1	
5714	10485128	0	0	0	0	1	128	0	1	414	226	55	59	3210	0	0	0	1	
5715	10485161	0	0	0	0	1	128	0	1	414	226	55	59	3206	0	0	0	1	
5716	10485194	0	0	0	0	1	128	0	1	414	226	55	59	3212	0	0	0	1	
5717	10485228	0	0	0	0	1	128	0	1	414	226	55	59	3226	0	0	0	1	
5718	10485261	0	0	0	0	1	128	0	1	414	226	55	59	3224	0	0	0	1	
5719	10485295	0	0	0	0	1	128	0	1	414	226	55	59	3222	0	0	0	1	
5720	10485328	0	0	0	0	1	128	0	1	414	226	55	59	3216	0	0	0	1	
5721	10485361	0	0	0	0	1	128	0	1	414	226	55	59	3218	0	0	0	1	
5722	10485395	0	0	0	0	1	128	0	1	414	226	55	59	3215	0	0	0	1	
5723	10485428	0	0	0	0	1	128	0	1	414	226	55	59	3216	0	0	0	1	
5724	10485461	0	0	0	0	1	128	0	1	414	226	55	59	3215	0	0	0	1	
5725	10485495	0	0	0	0	1	128	0	1	414	226	55	59	3212	0	0	0	1	
5726	10485528	0	0	0	0	1	128	0	1	414	226	55	59	3200	0	0	0	1	
5727	10485562	0	0	0	0	1	128	0	1	414	226	55	59	3197	0	0	0	1	
5728	10485595	0	0	0	0	1	128	0	1	414	226	55	58	3186	0	0	0	1	
5729	10485628	0	0	0	0	1	128	0	1	414	226	54	58	3169	0	0	0	1	
5730	10485662	0	0	0	0	1	128	0	1	414	226	54	58	3149	0	0	0	1	
5731	10485695	0	0	0	0	1	128	0	1	414	226	54	58	3141	0	0	0	1	
5732	10485728	0	0	0	0	1	128	0	1	414	226	54	58	3151	0	0	0	1	
5733	10485762	0	0	0	0	1	128	0	1	414	226	54	58	3151	0	0	0	1	
5734	10485795	0	0	0	0	1	128	0	1	414	226	54	58	3156	0	0	0	1	
5735	10485829	0	0	0	0	1	128	0	1	414	226	54	58	3147	0	0	0	1	
5736	10485862	0	0	0	0	1	128	0	1	414	226	54	58	3143	0	0	0	1	
5737	10485895	0	0	0	0	1	128	0	1	414	226	54	58	3152	0	0	0	1	
5738	10485929	0	0	0	0	1	128	0	1	414	226	54	58	3160	0	0	0	1	
5739	10485962	0	0	0	0	1	128	0	1	414	226	54	58	3165	0	0	0	1	
5740	10485995	0	0	0	0	1	128	0	1	414	226	55	58	3185	0	0	0	1	
5741	10486029	0	0	0	0	1	128	0	1	414	226	55	59	3216	0	0	0	1	
5742	10486062	0	0	0	0	1	128	0	1	412	226	55	59	3237	0	0	0	1	
5743	10486095	0	0	0	0	1	128	0	1	412	226	55	59	3264	0	0	0	1	
5744	10486129	0	0	0	0	1	128	0	1	412	226	55	59	3293	0	0	0	1	
5745	10486162	0	0	0	0	1	128	0	1	412	226	56	60	3335	0	0	0	1	
5746	10486196	0	0	0	0	1	128	0	1	412	226	56	60	3365	0	0	0	1	
5747	10486229	0	0	0	0	1	128	0	1	412	226	56	60	3392	0	0	0	1	
5748	10486262	0	0	0	0	1	128	0	1	412	226	57	61	3424	0	0	0	1	
5749	10486296	0	0	0	0	1	128	0	1	412	226	57	61	3458	0	0	0	1	
5750	10486329	0	0	0	0	1	128	0	1	412	226	57	61	3486	0	0	0	1	
5751	10486362	0	0	0	0	1	128	0	1	412	226	57	61	3505	0	0	0	1	
5752	10486396	0	0	0	0	1	128	0	1	412	226	58	61	3522	0	0	0	1	
5753	10486429	0	0	0	0	1	128	0	1	412	226	57	61	3519	0	0	0	1	
5754	10486462	0	0	0	0	1	128	0	1	412	226	58	61	3525	0	0	0	1	
5755	10486496	0	0	0	0	1	128	0	1	412	228	58	61	3509	0	0	0	1	
5756	10486529	0	0	0	0	1	128	0	1	418	238	57	60	3425	0	0	0	1	
5757	10486563	0	0	0	0	1	128	0	1	418	238	57	60	3425	0	0	0	1	
5758	10486596	0	0	0	0	1	128	0	1	418	240	57	60	3405	0	0	0	1	
5759	10486629	0	0	0	0	1	128	0	1	418	242	56	60	3390	0	0	0	1	
5760	10486663	0	0	0	0	1	128	0	1	418	244	56	60	3377	0	0	0	1	
5761	10486696	0	0	0	0	1	128	0	1	418	246	56	60	3359	0	0	0	1	
5762	10486729	0	0	0	0	1	128	0	1	418	248	56	60	3376	0	0	0	1	
5763	10486763	0	0	0	0	1	128	0	1	420	250	56	60	3363	0	0	0	1	
5764	10486796	0	0	0	0	1	128	0	1	420	252	56	60	3358	0	0	0	1	
5765	10486830	0	0	0	0	1	128	0	1	420	252	56	60	3327	0	0	0	1	
5766	10486863	0	0	0	0	1	128	0	1	422	254	55	60	3308	0	0	0	1	
5767	10486896	0	0	0	0	1	128	0	1	422	256	55	60	3310	0	0	0	1	
5768	10486930	0	0	0	0	1	128	0	1	426	256	55	59	3266	0	0	0	1	
5769	10486963	0	0	0	0	1	128	0	1	428	256	55	59	3265	0	0	0	1	
5770	10486996	0	0	0	0	1	128	0	1	428	258	55	59	3273	0	0	0	1	
5771	10487030	0	0	0	0	1	128	0	1	428	258	55	60	3269	0	0	0	1	
5772	10487063	0	0	0	0	1	128	0	1	426	258	55	60	3312	0	0	0	1	
5773	10487096	0	0	0	0	1	128	0	1	424	258	56	60	3345	0	0	0	1	
5774	10487130	0	0	0	0	1	128	0	1	424	258	56	60	3361	0	0	0	1	
5775	10487163	0	0	0	0	1	128	0	1	424	258	56	60	3379	0	0	0	1	
5776	10487197	0	0	0	0	1	128	0	1	424	258	56	60	3399	0	0	0	1	
5777	10487230	0	0	0	0	1	128	0	1	424	258	56	61	3422	0	0	0	1	
5778	10487263	0	0	0	0	1	128	0	1	424	256	57	61	3445	0	0	0	1	
5779	10487297	0	0	0	0	1	128	0	1	424	256	57	61	3466	0	0	0	1	
5780	10487330	0	0	0	0	1	128	0	1	424	256	57	61	3475	0	0	0	1	
5781	10487363	0	0	0	0	1	128	0	1	424	256	57	61	3497	0	0	0	1	
5782	10487397	0	0	0	0	1	128	0	1	422	256	57	62	3513	0	0	0	1	
5783	10487430	0	0	0	0	1	128	0	1	422	256	57	62	3521	0	0	0	1	
5784	10487463	0	0	0	0	1	128	0	1	422	256	57	62	3529	0	0	0	1	
5785	10487497	0	0	0	0	1	128	0	1	422	256	57	62	3531	0	0	0	1	
5786	10487530	0	0	0	0	1	128	0	1	422	256	57	62	3521	0	0	0	1	
5787	10487564	0	0	0	0	1	128	0	1	424	256	57	62	3519	0	0	0	1	
5788	10487597	0	0	0	0	1	128	0	1	424	254	57	61	3490	0	0	0	1	
5789	10487630	0	0	0	0	1	128	0	1	424	254	57	61	3477	0	0	0	1	
5790	10487664	0	0	0	0	1	128	0	1	424	254	57	61	3476	0	0	0	1	
5791	10487697	0	0	0	0	1	128	0	1	424	254	57	61	3469	0	0	0	1	
5792	10487730	0	0	0	0	1	128	0	1	424	254	57	61	3470	0	0	0	1	
5793	10487764	0	0	0	0	1	128	0	1	424	254	57	61	3475	0	0	0	1	
5794	10487797	0	0	0	0	1	128	0	1	424	254	57	61	3476	0	0	0	1	
5795	10487831	0	0	0	0	1	128	0	1	424	254	57	61	3493	0	0	0	1	
5796	10487864	0	0	0	0	1	128	0	1	422	254	57	61	3487	0	0	0	1	
5797	10487897	0	0	0	0	1	128	0	1	424	254	57	61	3489	0	0	0	1	
5798	10487931	0	0	0	0	1	128	0	1	424	254	57	61	3481	0	0	0	1	
5799	10487964	0	0	0	0	1	128	0	1	424	254	57	61	3466	0	0	0	1	
5800	10487997	0	0	0	0	1	128	0	1	424	254	57	61	3453	0	0	0	1	
5801	10488031	0	0	0	0	1	128	0	1	424	254	57	61	3434	0	0	0	1	
5802	10488064	0	0	0	0	1	128	0	1	424	254	56	61	3419	0	0	0	1	
5803	10488098	0	0	0	0	1	128	0	1	422	254	56	60	3404	0	0	0	1	
5804	10488131	0	0	0	0	1	128	0	1	422	252	56	60	3382	0	0	0	1	
5805	10488164	0	0	0	0	1	128	0	1	420	250	56	60	3391	0	0	0	1	
5806	10488198	0	0	0	0	1	128	0	1	414	238	57	60	3429	0	0	0	1	
5807	10488231	0	0	0	0	1	128	0	1	414	238	57	60	3445	0	0	0	1	
5808	10488264	0	0	0	0	1	128	0	1	412	238	57	60	3462	0	0	0	1	
5809	10488298	0	0	0	0	1	128	0	1	412	236	58	60	3458	0	0	0	1	
5810	10488331	0	0	0	0	1	128	0	1	410	236	58	60	3451	0	0	0	1	
5811	10488364	0	0	0	0	1	128	0	1	410	236	57	60	3449	0	0	0	1	
5812	10488398	0	0	0	0	1	128	0	1	408	234	58	60	3444	0	0	0	1	
5813	10488431	0	0	0	0	1	128	0	1	408	234	58	60	3431	0	0	0	1	
5814	10488465	0	0	0	0	1	128	0	1	408	232	57	60	3406	0	0	0	1	
5815	10488498	0	0	0	0	1	128	0	1	406	232	57	59	3384	0	0	0	1	
5816	10488531	0	0	0	0	1	128	0	1	406	232	57	59	3374	0	0	0	1	
5817	10488565	0	0	0	0	1	128	0	1	406	232	57	59	3354	0	0	0	1	
5818	10488598	0	0	0	0	1	128	0	1	404	230	57	59	3331	0	0	0	1	
5819	10488631	0	0	0	0	1	128	0	1	404	230	57	59	3330	0	0	0	1	
5820	10488665	0	0	0	0	1	128	0	1	404	230	57	59	3331	0	0	0	1	
5821	10488698	0	0	0	0	1	128	0	1	398	228	57	59	3369	0	0	0	1	
5822	10488732	0	0	0	0	1	128	0	1	398	228	57	59	3362	0	0	0	1	
5823	10488765	0	0	0	0	1	128	0	1	398	226	57	59	3370	0	0	0	1	
5824	10488798	0	0	0	0	1	128	0	1	398	226	57	59	3373	0	0	0	1	
5825	10488832	0	0	0	0	1	128	0	1	396	226	57	59	3382	0	0	0	1	
5826	10488865	0	0	0	0	1	128	0	1	396	226	57	59	3385	0	0	0	1	
5827	10488898	0	0	0	0	1	128	0	1	396	226	57	59	3388	0	0	0	1	
5828	10488932	0	0	0	0	1	128	0	1	394	224	57	60	3406	0	0	0	1	
5829	10488965	0	0	0	0	1	128	0	1	392	216	58	59	3417	0	0	0	1	
5830	10488998	0	0	0	0	1	128	0	1	390	214	58	60	3448	0	0	0	1	
5831	10489032	0	0	0	0	1	128	0	1	390	214	58	60	3450	0	0	0	1	
5832	10489065	0	0	0	0	1	128	0	1	388	214	58	60	3471	0	0	0	1	
5833	10489099	0	0	0	0	1	128	0	1	388	214	58	60	3487	0	0	0	1	
5834	10489132	0	0	0	0	1	128	0	1	386	212	58	60	3490	0	0	0	1	
5835	10489165	0	0	0	0	1	128	0	1	386	212	58	60	3477	0	0	0	1	
5836	10489199	0	0	0	0	1	128	0	1	386	212	58	60	3468	0	0	0	1	
5837	10489232	0	0	0	0	1	128	0	1	384	210	58	60	3472	0	0	0	1	
5838	10489265	0	0	0	0	1	128	0	1	380	206	58	60	3434	0	0	0	1	
5839	10489299	0	0	0	0	1	128	0	1	380	206	57	60	3436	0	0	0	1	
5840	10489332	0	0	0	0	1	128	0	1	378	206	57	60	3420	0	0	0	1	
5841	10489366	0	0	0	0	1	128	0	1	384	210	57	59	3362	0	0	0	1	
5842	10489399	0	0	0	0	1	128	0	1	384	210	57	59	3367	0	0	0	1	
5843	10489432	0	0	0	0	1	128	0	1	384	210	57	59	3375	0	0	0	1	
5844	10489466	0	0	0	0	1	128	0	1	384	210	57	59	3367	0	0	0	1	
5845	10489499	0	0	0	0	1	128	0	1	384	210	57	59	3380	0	0	0	1	
5846	10489532	0	0	0	0	1	128	0	1	384	210	57	59	3393	0	0	0	1	
5847	10489566	0	0	0	0	1	128	0	1	384	212	58	59	3414	0	0	0	1	
5848	10489599	0	0	0	0	1	128	0	1	384	212	57	59	3413	0	0	0	1	
5849	10489632	0	0	0	0	1	128	0	1	384	210	57	59	3395	0	0	0	1	
5850	10489666	0	0	0	0	1	128	0	1	386	212	57	59	3378	0	0	0	1	
5851	10489699	0	0	0	0	1	128	0	1	386	212	57	59	3367	0	0	0	1	
5852	10489733	0	0	0	0	1	128	0	1	386	212	57	59	3372	0	0	0	1	
5853	10489766	0	0	0	0	1	128	0	1	386	212	57	59	3368	0	0	0	1	
5854	10489799	0	0	0	0	1	128	0	1	386	212	57	59	3367	0	0	0	1	
5855	10489833	0	0	0	0	1	128	0	1	386	212	57	59	3358	0	0	0	1	
5856	10489866	0	0	0	0	1	128	0	1	386	212	57	59	3353	0	0	0	1	
5857	10489899	0	0	0	0	1	128	0	1	386	212	57	59	3352	0	0	0	1	
5858	10489933	0	0	0	0	1	128	0	1	386	212	56	59	3332	0	0	0	1	
5859	10489966	0	0	0	0	1	128	0	1	386	212	56	59	3321	0	0	0	1	
5860	10490000	0	0	0	0	1	128	0	1	386	212	56	59	3320	0	0	0	1	
5861	10490033	0	0	0	0	1	128	0	1	386	212	56	59	3316	0	0	0	1	
5862	10490066	0	0	0	0	1	128	0	1	388	214	55	57	3112	0	0	0	1	
5863	10490100	0	0	0	0	1	128	0	1	386	214	56	59	3293	0	0	0	1	
5864	10490133	0	0	0	0	1	128	0	1	386	214	56	58	3278	0	0	0	1	
5865	10490166	0	0	0	0	1	128	0	1	386	214	56	58	3257	0	0	0	1	
5866	10490200	0	0	0	0	1	128	0	1	386	214	56	58	3241	0	0	0	1	
5867	10490233	0	0	0	0	1	128	0	1	386	216	56	58	3220	0	0	0	1	
5868	10490266	0	0	0	0	1	128	0	1	386	216	55	58	3201	0	0	0	1	
5869	10490300	0	0	0	0	1	128	0	1	386	216	55	58	3182	0	0	0	1	
5870	10490333	0	0	0	0	1	128	0	1	384	216	55	58	3184	0	0	0	1	
5871	10490367	0	0	0	0	1	128	0	1	336	216	52	58	3002	0	0	0	1	
5872	10490400	0	0	0	0	1	128	0	1	306	214	56	58	3269	0	0	0	1	
5873	10490433	0	0	0	0	1	128	0	1	306	216	56	59	3272	0	0	0	1	
5874	10490467	0	0	0	0	1	128	0	1	304	216	56	59	3284	0	0	0	1	
5875	10490500	0	0	0	0	1	128	0	1	304	216	56	59	3311	0	0	0	1	
5876	10490533	0	0	0	0	1	128	0	1	304	216	56	59	3335	0	0	0	1	
5877	10490567	0	0	0	0	1	128	0	1	302	216	56	60	3358	0	0	0	1	
5878	10490600	0	0	0	0	1	128	0	1	302	216	57	60	3385	0	0	0	1	
5879	10490633	0	0	0	0	1	128	0	1	302	216	57	60	3428	0	0	0	1	
5880	10490667	0	0	0	0	1	128	0	1	302	218	57	60	3449	0	0	0	1	
5881	10490700	0	0	0	0	1	128	0	1	302	218	57	60	3450	0	0	0	1	
5882	10490734	0	0	0	0	1	128	0	1	302	218	57	60	3451	0	0	0	1	
5883	10490767	0	0	0	0	1	128	0	1	302	218	57	61	3459	0	0	0	1	
5884	10490800	0	0	0	0	1	128	0	1	300	218	57	60	3435	0	0	0	1	
5885	10490834	0	0	0	0	1	128	0	1	300	218	57	60	3428	0	0	0	1	
5886	10490867	0	0	0	0	1	128	0	1	300	218	57	60	3428	0	0	0	1	
5887	10490900	0	0	0	0	1	128	0	1	300	218	57	60	3410	0	0	0	1	
5888	10490934	0	0	0	0	1	128	0	1	300	218	56	60	3396	0	0	0	1	
5889	10490967	0	0	0	0	1	128	0	1	300	218	56	60	3387	0	0	0	1	
5890	10491001	0	0	0	0	1	128	0	1	300	218	56	60	3380	0	0	0	1	
5891	10491034	0	0	0	0	1	128	0	1	300	220	56	60	3337	0	0	0	1	
5892	10491067	0	0	0	0	1	128	0	1	320	240	56	59	3310	0	0	0	1	
5893	10491101	0	0	0	0	1	128	0	1	318	240	56	59	3324	0	0	0	1	
5894	10491134	0	0	0	0	1	128	0	1	318	240	56	59	3297	0	0	0	1	
5895	10491167	0	0	0	0	1	128	0	1	318	240	56	59	3322	0	0	0	1	
5896	10491201	0	0	0	0	1	128	0	1	318	240	56	59	3313	0	0	0	1	
5897	10491234	0	0	0	0	1	128	0	1	318	240	56	59	3331	0	0	0	1	
5898	10491267	0	0	0	0	1	128	0	1	318	240	56	59	3337	0	0	0	1	
5899	10491301	0	0	0	0	1	128	0	1	318	240	56	60	3352	0	0	0	1	
5900	10491334	0	0	0	0	1	128	0	1	318	240	57	59	3355	0	0	0	1	
5901	10491368	0	0	0	0	1	128	0	1	318	240	57	60	3385	0	0	0	1	
5902	10491401	0	0	0	0	1	128	0	1	318	240	57	60	3428	0	0	0	1	
5903	10491434	0	0	0	0	1	128	0	1	318	240	57	61	3476	0	0	0	1	
5904	10491468	0	0	0	0	1	128	0	1	318	238	57	61	3508	0	0	0	1	
5905	10491501	0	0	0	0	1	128	0	1	318	240	58	61	3539	0	0	0	1	
5906	10491534	0	0	0	0	1	128	0	1	318	240	58	61	3546	0	0	0	1	
5907	10491568	0	0	0	0	1	128	0	1	318	240	58	61	3567	0	0	0	1	
5908	10491601	0	0	0	0	1	128	0	1	318	240	58	61	3550	0	0	0	1	
5909	10491634	0	0	0	0	1	128	0	1	318	240	58	61	3580	0	0	0	1	
5910	10491668	0	0	0	0	1	128	0	1	320	236	58	62	3585	0	0	0	1	
5911	10491701	0	0	0	0	1	128	0	1	320	238	58	61	3563	0	0	0	1	
5912	10491735	0	0	0	0	1	128	0	1	320	236	59	61	3585	0	0	0	1	
5913	10491768	0	0	0	0	1	128	0	1	320	236	59	62	3602	0	0	0	1	
5914	10491801	0	0	0	0	1	128	0	1	320	236	59	62	3669	0	0	0	1	
5915	10491835	0	0	0	0	1	128	0	1	400	214	58	73	4206	0	0	0	1	
5916	10491868	0	0	0	0	1	128	0	1	400	204	57	61	3448	0	0	0	1	
5917	10491901	0	0	0	0	1	128	0	1	400	204	57	61	3451	0	0	0	1	
5918	10491935	0	0	0	0	1	128	0	1	402	204	57	61	3467	0	0	0	1	
5919	10491968	0	0	0	0	1	128	0	1	402	204	57	61	3479	0	0	0	1	
5920	10492002	0	0	0	0	1	128	0	1	402	204	57	62	3528	0	0	0	1	
5921	10492035	0	0	0	0	1	128	0	1	402	204	57	62	3546	0	0	0	1	
5922	10492068	0	0	0	0	1	128	0	1	402	204	57	62	3565	0	0	0	1	
5923	10492102	0	0	0	0	1	128	0	1	400	208	58	62	3600	0	0	0	1	
5924	10492135	0	0	0	0	1	128	0	1	400	208	58	62	3618	0	0	0	1	
5925	10492168	0	0	0	0	1	128	0	1	400	208	58	63	3639	0	0	0	1	
5926	10492202	0	0	0	0	1	128	0	1	400	208	58	63	3655	0	0	0	1	
5927	10492235	0	0	0	0	1	128	0	1	400	208	58	63	3634	0	0	0	1	
5928	10492269	0	0	0	0	1	128	0	1	400	208	58	62	3607	0	0	0	1	
5929	10492302	0	0	0	0	1	128	0	1	400	208	58	62	3560	0	0	0	1	
5930	10492335	0	0	0	0	1	128	0	1	400	208	57	61	3510	0	0	0	1	
5931	10492369	0	0	0	0	1	128	0	1	400	208	57	61	3450	0	0	0	1	
5932	10492402	0	0	0	0	1	128	0	1	400	208	57	61	3419	0	0	0	1	
5933	10492435	0	0	0	0	1	128	0	1	400	208	56	60	3374	0	0	0	1	
5934	10492469	0	0	0	0	1	128	0	1	400	208	56	60	3353	0	0	0	1	
5935	10492502	0	0	0	0	1	128	0	1	400	208	56	60	3338	0	0	0	1	
5936	10492535	0	0	0	0	1	128	0	1	386	190	56	60	3368	0	0	0	1	
5937	10492569	0	0	0	0	1	128	0	1	384	190	56	60	3373	0	0	0	1	
5938	10492602	0	0	0	0	1	128	0	1	384	190	56	60	3353	0	0	0	1	
5939	10492636	0	0	0	0	1	128	0	1	384	190	56	60	3332	0	0	0	1	
5940	10492669	0	0	0	0	1	128	0	1	382	190	56	60	3318	0	0	0	1	
5941	10492702	0	0	0	0	1	128	0	1	382	190	56	59	3308	0	0	0	1	
5942	10492736	0	0	0	0	1	128	0	1	382	190	55	60	3304	0	0	0	1	
5943	10492769	0	0	0	0	1	128	0	1	378	192	56	59	3309	0	0	0	1	
5944	10492802	0	0	0	0	1	128	0	1	378	192	55	60	3305	0	0	0	1	
5945	10492836	0	0	0	0	1	128	0	1	378	190	56	60	3314	0	0	0	1	
5946	10492869	0	0	0	0	1	128	0	1	378	192	56	60	3323	0	0	0	1	
5947	10492902	0	0	0	0	1	128	0	1	378	192	56	60	3329	0	0	0	1	
5948	10492936	0	0	0	0	1	128	0	1	378	192	56	60	3343	0	0	0	1	
5949	10492969	0	0	0	0	1	128	0	1	378	192	56	60	3340	0	0	0	1	
5950	10493003	0	0	0	0	1	128	0	1	378	192	56	60	3333	0	0	0	1	
5951	10493036	0	0	0	0	1	128	0	1	378	192	56	60	3319	0	0	0	1	
5952	10493069	0	0	0	0	1	128	0	1	378	192	56	60	3320	0	0	0	1	
5953	10493103	0	0	0	0	1	128	0	1	378	192	56	60	3322	0	0	0	1	
5954	10493136	0	0	0	0	1	128	0	1	378	190	56	60	3338	0	0	0	1	
5955	10493169	0	0	0	0	1	128	0	1	378	190	56	60	3345	0	0	0	1	
5956	10493203	0	0	0	0	1	128	0	1	378	190	56	60	3353	0	0	0	1	
5957	10493236	0	0	0	0	1	128	0	1	378	190	56	60	3373	0	0	0	1	
5958	10493270	0	0	0	0	1	128	0	1	378	190	56	60	3402	0	0	0	1	
5959	10493303	0	0	0	0	1	128	0	0	0	0	0	0	0	0	0	0	1	
5960	10493336	0	0	0	0	1	128	0	1	414	240	55	58	3177	0	0	0	1	
5961	10493370	0	0	0	0	1	128	0	1	414	240	55	58	3231	0	0	0	1	
5962	10493403	0	0	0	0	1	128	0	1	412	240	56	59	3272	0	0	0	1	
5963	10493436	0	0	0	0	1	128	0	1	412	240	56	59	3302	0	0	0	1	
5964	10493470	0	0	0	0	1	128	0	1	412	240	56	59	3315	0	0	0	1	
5965	10493503	0	0	0	0	1	128	0	1	412	240	56	59	3317	0	0	0	1	
5966	10493537	0	0	0	0	1	128	0	1	412	242	56	59	3321	0	0	0	1	
5967	10493570	0	0	0	0	1	128	0	1	412	242	56	59	3324	0	0	0	1	
5968	10493603	0	0	0	0	1	128	0	1	412	242	56	59	3337	0	0	0	1	
5969	10493637	0	0	0	0	1	128	0	1	412	240	56	60	3355	0	0	0	1	
5970	10493670	0	0	0	0	1	128	0	1	412	230	56	60	3360	0	0	0	1	
5971	10493703	0	0	0	0	1	128	0	1	412	230	56	60	3396	0	0	0	1	
5972	10493737	0	0	0	0	1	128	0	1	412	230	57	60	3419	0	0	0	1	
5973	10493770	0	0	0	0	1	128	0	1	412	230	57	61	3442	0	0	0	1	
5974	10493803	0	0	0	0	1	128	0	1	412	230	57	61	3463	0	0	0	1	
5975	10493837	0	0	0	0	1	128	0	1	412	230	57	61	3463	0	0	0	1	
5976	10493870	0	0	0	0	1	128	0	1	412	230	57	61	3471	0	0	0	1	
5977	10493904	0	0	0	0	1	128	0	1	410	230	57	61	3466	0	0	0	1	
5978	10493937	0	0	0	0	1	128	0	1	410	230	57	61	3465	0	0	0	1	
5979	10493970	0	0	0	0	1	128	0	1	410	230	57	61	3466	0	0	0	1	
5980	10494004	0	0	0	0	1	128	0	1	410	230	57	61	3467	0	0	0	1	
5981	10494037	0	0	0	0	1	128	0	1	410	232	57	61	3475	0	0	0	1	
5982	10494070	0	0	0	0	1	128	0	1	410	232	57	61	3487	0	0	0	1	
5983	10494104	0	0	0	0	1	128	0	1	410	232	57	61	3483	0	0	0	1	
5984	10494137	0	0	0	0	1	128	0	1	410	232	57	61	3478	0	0	0	1	
5985	10494171	0	0	0	0	1	128	0	1	410	232	57	60	3458	0	0	0	1	
5986	10494204	0	0	0	0	1	128	0	1	410	232	57	60	3456	0	0	0	1	
5987	10494237	0	0	0	0	1	128	0	1	410	232	57	60	3440	0	0	0	1	
5988	10494271	0	0	0	0	1	128	0	1	410	232	57	60	3434	0	0	0	1	
5989	10494304	0	0	0	0	1	128	0	1	410	230	57	60	3433	0	0	0	1	
5990	10494337	0	0	0	0	1	128	0	1	410	230	57	60	3438	0	0	0	1	
5991	10494371	0	0	0	0	1	128	0	1	412	230	57	60	3424	0	0	0	1	
5992	10494404	0	0	0	0	1	128	0	1	412	230	57	60	3413	0	0	0	1	
5993	10494437	0	0	0	0	1	128	0	1	410	230	57	60	3402	0	0	0	1	
5994	10494471	0	0	0	0	1	128	0	1	410	230	57	60	3377	0	0	0	1	
5995	10494504	0	0	0	0	1	128	0	1	412	228	57	59	3359	0	0	0	1	
5996	10494538	0	0	0	0	1	128	0	1	412	228	56	59	3350	0	0	0	1	
5997	10494571	0	0	0	0	1	128	0	1	412	228	57	59	3351	0	0	0	1	
5998	10494604	0	0	0	0	1	128	0	1	410	230	56	59	3351	0	0	0	1	
5999	10494638	0	0	0	0	1	128	0	1	410	230	57	59	3358	0	0	0	1	
6000	10494671	0	0	0	0	1	128	0	1	410	230	57	60	3371	0	0	0	1	
6001	10494704	0	0	0	0	1	128	0	1	410	230	57	60	3378	0	0	0	1	
6002	10494738	0	0	0	0	1	128	0	1	410	230	57	60	3380	0	0	0	1	
6003	10494771	0	0	0	0	1	128	0	1	410	230	57	60	3389	0	0	0	1	
6004	10494805	0	0	0	0	1	128	0	1	410	228	57	60	3395	0	0	0	1	
6005	10494838	0	0	0	0	1	128	0	1	410	228	57	60	3410	0	0	0	1	
6006	10494871	0	0	0	0	1	128	0	1	410	228	57	60	3410	0	0	0	1	
6007	10494905	0	0	0	0	1	128	0	1	410	228	57	60	3435	0	0	0	1	
6008	10494938	0	0	0	0	1	128	0	1	410	228	57	60	3455	0	0	0	1	
6009	10494971	0	0	0	0	1	128	0	1	410	228	58	60	3471	0	0	0	1	
6010	10495005	0	0	0	0	1	128	0	1	410	228	58	60	3489	0	0	0	1	
6011	10495038	0	0	0	0	1	128	0	1	410	228	58	61	3514	0	0	0	1	
6012	10495071	0	0	0	0	1	128	0	1	410	230	58	61	3525	0	0	0	1	
6013	10495105	0	0	0	0	1	128	0	1	412	236	58	59	3409	0	0	0	1	
6014	10495138	0	0	0	0	1	128	0	1	414	246	57	60	3471	0	0	0	1	
6015	10495172	0	0	0	0	1	128	0	1	414	248	58	61	3496	0	0	0	1	
6016	10495205	0	0	0	0	1	128	0	1	414	248	58	61	3518	0	0	0	1	
6017	10495238	0	0	0	0	1	128	0	1	414	250	58	61	3530	0	0	0	1	
6018	10495272	0	0	0	0	1	128	0	1	416	258	57	60	3422	0	0	0	1	
6019	10495305	0	0	0	0	1	128	0	1	420	274	56	61	3394	0	0	0	1	
6020	10495338	0	0	0	0	1	128	0	1	418	276	56	61	3422	0	0	0	1	
6021	10495372	0	0	0	0	1	128	0	1	418	278	56	61	3403	0	0	0	1	
6022	10495405	0	0	0	0	1	128	0	1	418	280	56	61	3395	0	0	0	1	
6023	10495439	0	0	0	0	1	128	0	1	418	282	56	61	3391	0	0	0	1	
6024	10495472	0	0	0	0	1	128	0	1	418	284	55	61	3393	0	0	0	1	
6025	10495505	0	0	0	0	1	128	0	1	418	286	56	61	3407	0	0	0	1	
6026	10495539	0	0	0	0	1	128	0	1	418	286	55	62	3418	0	0	0	1	
6027	10495572	0	0	0	0	1	128	0	1	418	288	56	62	3422	0	0	0	1	
6028	10495605	0	0	0	0	1	128	0	1	418	290	55	62	3436	0	0	0	1	
6029	10495639	0	0	0	0	1	128	0	1	418	290	56	62	3446	0	0	0	1	
6030	10495672	0	0	0	0	1	128	0	1	418	290	56	62	3480	0	0	0	1	
6031	10495705	0	0	0	0	1	128	0	1	418	290	56	63	3495	0	0	0	1	
6032	10495739	0	0	0	0	1	128	0	1	418	288	56	63	3556	0	0	0	1	
6033	10495772	0	0	0	0	1	128	0	1	418	284	57	63	3594	0	0	0	1	
6034	10495806	0	0	0	0	1	128	0	1	418	284	57	63	3619	0	0	0	1	
6035	10495839	0	0	0	0	1	128	0	1	418	284	57	64	3634	0	0	0	1	
6036	10495872	0	0	0	0	1	128	0	1	418	284	57	64	3649	0	0	0	1	
6037	10495906	0	0	0	0	1	128	0	1	418	284	57	64	3664	0	0	0	1	
6038	10495939	0	0	0	0	1	128	0	1	418	284	57	64	3674	0	0	0	1	
6039	10495972	0	0	0	0	1	128	0	1	418	284	57	64	3679	0	0	0	1	
6040	10496006	0	0	0	0	1	128	0	1	418	284	58	64	3692	0	0	0	1	
6041	10496039	0	0	0	0	1	128	0	1	418	284	58	64	3692	0	0	0	1	
6042	10496073	0	0	0	0	1	128	0	1	418	284	57	64	3686	0	0	0	1	
6043	10496106	0	0	0	0	1	128	0	1	418	284	58	64	3685	0	0	0	1	
6044	10496139	0	0	0	0	1	128	0	1	418	284	58	64	3679	0	0	0	1	
6045	10496173	0	0	0	0	1	128	0	1	418	284	58	64	3683	0	0	0	1	
6046	10496206	0	0	0	0	1	128	0	1	418	284	58	64	3685	0	0	0	1	
6047	10496239	0	0	0	0	1	128	0	1	418	284	58	64	3692	0	0	0	1	
6048	10496273	0	0	0	0	1	128	0	1	418	284	58	64	3673	0	0	0	1	
6049	10496306	0	0	0	0	1	128	0	1	418	284	58	64	3675	0	0	0	1	
6050	10496339	0	0	0	0	1	128	0	1	418	284	58	63	3663	0	0	0	1	
6051	10496373	0	0	0	0	1	128	0	1	416	284	58	63	3668	0	0	0	1	
6052	10496406	0	0	0	0	1	128	0	1	416	284	57	64	3654	0	0	0	1	
6053	10496440	0	0	0	0	1	128	0	1	416	284	57	64	3652	0	0	0	1	
6054	10496473	0	0	0	0	1	128	0	1	416	284	58	63	3647	0	0	0	1	
6055	10496506	0	0	0	0	1	128	0	1	416	284	58	63	3659	0	0	0	1	
6056	10496540	0	0	0	0	1	128	0	1	416	284	58	64	3668	0	0	0	1	
6057	10496573	0	0	0	0	1	128	0	1	416	284	58	64	3668	0	0	0	1	
6058	10496606	0	0	0	0	1	128	0	1	418	284	58	64	3684	0	0	0	1	
6059	10496640	0	0	0	0	1	128	0	1	418	284	58	64	3698	0	0	0	1	
6060	10496673	0	0	0	0	1	128	0	1	416	284	58	64	3720	0	0	0	1	
6061	10496706	0	0	0	0	1	128	0	1	416	284	58	64	3725	0	0	0	1	
6062	10496740	0	0	0	0	1	128	0	1	406	268	48	57	2741	0	0	0	1	
6063	10496773	0	0	0	0	1	128	0	1	416	246	61	65	3971	0	0	0	1	
6064	10496807	0	0	0	0	1	128	0	1	414	244	62	65	4016	0	0	0	1	
6065	10496840	0	0	0	0	1	128	0	1	414	244	62	65	4049	0	0	0	1	
6066	10496873	0	0	0	0	1	128	0	1	412	242	62	66	4077	0	0	0	1	
6067	10496907	0	0	0	0	1	128	0	1	412	242	62	66	4094	0	0	0	1	
6068	10496940	0	0	0	0	1	128	0	1	412	240	62	66	4123	0	0	0	1	
6069	10496973	0	0	0	0	1	128	0	1	412	238	63	66	4129	0	0	0	1	
6070	10497007	0	0	0	0	1	128	0	1	410	238	62	66	4116	0	0	0	1	
6071	10497040	0	0	0	0	1	128	0	1	410	236	62	66	4080	0	0	0	1	
6072	10497074	0	0	0	0	1	128	0	1	410	234	62	65	4037	0	0	0	1	
6073	10497107	0	0	0	0	1	128	0	1	410	232	61	65	4000	0	0	0	1	
6074	10497140	0	0	0	0	1	128	0	1	410	232	61	65	3966	0	0	0	1	
6075	10497174	0	0	0	0	1	128	0	1	410	230	61	65	3930	0	0	0	1	
6076	10497207	0	0	0	0	1	128	0	1	410	228	61	64	3914	0	0	0	1	
6077	10497240	0	0	0	0	1	128	0	1	408	228	61	64	3900	0	0	0	1	
6078	10497274	0	0	0	0	1	128	0	1	410	220	60	65	3941	0	0	0	1	
6079	10497307	0	0	0	0	1	128	0	1	408	212	61	64	3891	0	0	0	1	
6080	10497340	0	0	0	0	1	128	0	1	408	210	60	65	3891	0	0	0	1	
6081	10497374	0	0	0	0	1	128	0	1	408	210	60	65	3890	0	0	0	1	
6082	10497407	0	0	0	0	1	128	0	1	408	210	60	65	3898	0	0	0	1	
6083	10497441	0	0	0	0	1	128	0	1	408	208	60	65	3910	0	0	0	1	
6084	10497474	0	0	0	0	1	128	0	1	408	208	60	65	3915	0	0	0	1	
6085	10497507	0	0	0	0	1	128	0	1	408	208	60	65	3935	0	0	0	1	
6086	10497541	0	0	0	0	1	128	0	1	406	208	60	65	3930	0	0	0	1	
6087	10497574	0	0	0	0	1	128	0	1	404	192	60	66	3988	0	0	0	1	
6088	10497607	0	0	0	0	1	128	0	1	404	192	60	66	3969	0	0	0	1	
6089	10497641	0	0	0	0	1	128	0	1	402	192	60	66	3990	0	0	0	1	
6090	10497674	0	0	0	0	1	128	0	1	402	192	61	66	3996	0	0	0	1	
6091	10497708	0	0	0	0	1	128	0	1	402	192	61	66	4009	0	0	0	1	
6092	10497741	0	0	0	0	1	128	0	1	402	192	61	66	4027	0	0	0	1	
6093	10497774	0	0	0	0	1	128	0	1	402	182	60	67	4025	0	0	0	1	
6094	10497808	0	0	0	0	1	128	0	1	402	184	61	67	4062	0	0	0	1	
6095	10497841	0	0	0	0	1	128	0	1	402	184	61	67	4076	0	0	0	1	
6096	10497874	0	0	0	0	1	128	0	1	402	182	61	67	4088	0	0	0	1	
6097	10497908	0	0	0	0	1	128	0	1	400	182	61	67	4095	0	0	0	1	
6098	10497941	0	0	0	0	1	128	0	1	400	182	61	67	4100	0	0	0	1	
6099	10497974	0	0	0	0	1	128	0	1	400	186	61	67	4095	0	0	0	1	
6100	10498008	0	0	0	0	1	128	0	1	400	186	61	67	4083	0	0	0	1	
6101	10498041	0	0	0	0	1	128	0	1	400	184	61	66	4059	0	0	0	1	
6102	10498075	0	0	0	0	1	128	0	1	400	186	61	66	4035	0	0	0	1	
6103	10498108	0	0	0	0	1	128	0	1	400	186	61	66	3996	0	0	0	1	
6104	10498141	0	0	0	0	1	128	0	1	400	186	61	65	3968	0	0	0	1	
6105	10498175	0	0	0	0	1	128	0	1	400	186	60	65	3944	0	0	0	1	
6106	10498208	0	0	0	0	1	128	0	1	400	186	60	65	3908	0	0	0	1	
6107	10498241	0	0	0	0	1	128	0	1	400	186	60	65	3871	0	0	0	1	
6108	10498275	0	0	0	0	1	128	0	1	400	186	60	64	3852	0	0	0	1	
6109	10498308	0	0	0	0	1	128	0	1	400	186	60	64	3832	0	0	0	1	
6110	10498342	0	0	0	0	1	128	0	1	400	186	60	64	3831	0	0	0	1	
6111	10498375	0	0	0	0	1	128	0	1	400	186	60	64	3816	0	0	0	1	
6112	10498408	0	0	0	0	1	128	0	1	400	186	59	64	3792	0	0	0	1	
6113	10498442	0	0	0	0	1	128	0	1	400	186	59	64	3760	0	0	0	1	
6114	10498475	0	0	0	0	1	128	0	1	400	188	59	64	3749	0	0	0	1	
6115	10498508	0	0	0	0	1	128	0	1	400	188	59	64	3737	0	0	0	1	
6116	10498542	0	0	0	0	1	128	0	1	400	188	59	63	3716	0	0	0	1	
6117	10498575	0	0	0	0	1	128	0	1	400	188	59	63	3710	0	0	0	1	
6118	10498608	0	0	0	0	1	128	0	1	400	188	59	63	3704	0	0	0	1	
6119	10498642	0	0	0	0	1	128	0	1	400	188	59	63	3699	0	0	0	1	
6120	10498675	0	0	0	0	1	128	0	1	400	188	59	63	3701	0	0	0	1	
6121	10498709	0	0	0	0	1	128	0	1	400	190	59	63	3702	0	0	0	1	
6122	10498742	0	0	0	0	1	128	0	1	400	190	59	63	3718	0	0	0	1	
6123	10498775	0	0	0	0	1	128	0	1	402	190	59	63	3723	0	0	0	1	
6124	10498809	0	0	0	0	1	128	0	1	398	192	58	64	3701	0	0	0	1	
6125	10498842	0	0	0	0	1	128	0	1	390	198	60	64	3814	0	0	0	1	
6126	10498875	0	0	0	0	1	128	0	1	388	200	60	64	3827	0	0	0	1	
6127	10498909	0	0	0	0	1	128	0	1	388	200	60	64	3834	0	0	0	1	
6128	10498942	0	0	0	0	1	128	0	1	386	202	60	64	3851	0	0	0	1	
6129	10498975	0	0	0	0	1	128	0	1	370	208	61	64	3926	0	0	0	1	
6130	10499009	0	0	0	0	1	128	0	1	370	210	61	64	3873	0	0	0	1	
6131	10499042	0	0	0	0	1	128	0	1	368	212	61	64	3919	0	0	0	1	
6132	10499076	0	0	0	0	1	128	0	1	364	212	61	67	4069	0	0	0	1	
6133	10499109	0	0	0	0	1	128	0	1	364	216	61	64	3941	0	0	0	1	
6134	10499142	0	0	0	0	1	128	0	1	362	218	61	64	3902	0	0	0	1	
6135	10499176	0	0	0	0	1	128	0	1	360	220	62	63	3895	0	0	0	1	
6136	10499209	0	0	0	0	1	128	0	1	358	220	62	64	3920	0	0	0	1	
6137	10499242	0	0	0	0	1	128	0	1	346	224	61	65	3946	0	0	0	1	
6138	10499276	0	0	0	0	1	128	0	1	346	226	61	64	3914	0	0	0	1	
6139	10499309	0	0	0	0	1	128	0	1	344	228	62	64	3990	0	0	0	1	
6140	10499343	0	0	0	0	1	128	0	1	342	228	62	64	3959	0	0	0	1	
6141	10499376	0	0	0	0	1	128	0	1	340	230	62	64	3970	0	0	0	1	
6142	10499409	0	0	0	0	1	128	0	1	338	232	62	64	3989	0	0	0	1	
6143	10499443	0	0	0	0	1	128	0	1	336	234	61	64	3949	0	0	0	1	
6144	10499476	0	0	0	0	1	128	0	1	332	238	62	64	3978	0	0	0	1	
6145	10499509	0	0	0	0	1	128	0	1	330	240	62	64	3985	0	0	0	1	
6146	10499543	0	0	0	0	1	128	0	1	328	240	62	65	4014	0	0	0	1	
6147	10499576	0	0	0	0	1	128	0	1	326	242	62	65	4047	0	0	0	1	
6148	10499610	0	0	0	0	1	128	0	1	326	242	62	65	4032	0	0	0	1	
6149	10499643	0	0	0	0	1	128	0	1	326	244	62	65	4026	0	0	0	1	
6150	10499676	0	0	0	0	1	128	0	1	324	244	62	65	4049	0	0	0	1	
6151	10499710	0	0	0	0	1	128	0	1	324	244	62	66	4070	0	0	0	1	
6152	10499743	0	0	0	0	1	128	0	1	320	246	60	65	3941	0	0	0	1	
6153	10499776	0	0	0	0	1	128	0	1	312	250	61	65	4000	0	0	0	1	
6154	10499810	0	0	0	0	1	128	0	1	312	250	61	65	4013	0	0	0	1	
6155	10499843	0	0	0	0	1	128	0	1	310	252	61	66	4023	0	0	0	1	
6156	10499876	0	0	0	0	1	128	0	1	310	254	61	66	4028	0	0	0	1	
6157	10499910	0	0	0	0	1	128	0	1	304	256	58	66	3849	0	0	0	1	
6158	10499943	0	0	0	0	1	128	0	1	298	264	61	66	3978	0	0	0	1	
6159	10499977	0	0	0	0	1	128	0	1	296	266	61	66	3998	0	0	0	1	
6160	10500010	0	0	0	0	1	128	0	1	296	266	61	66	4022	0	0	0	1	
6161	10500043	0	0	0	0	1	128	0	1	294	266	61	66	4029	0	0	0	1	
6162	10500077	0	0	0	0	1	128	0	1	294	268	61	66	4052	0	0	0	1	
6163	10500110	0	0	0	0	1	128	0	1	280	274	60	66	3921	0	0	0	1	
6164	10500143	0	0	0	0	1	128	0	1	280	276	60	66	3965	0	0	0	1	
6165	10500177	0	0	0	0	1	128	0	1	278	278	60	66	3965	0	0	0	1	
6166	10500210	0	0	0	0	1	128	0	1	278	278	60	66	3960	0	0	0	1	
6167	10500244	0	0	0	0	1	128	0	1	278	278	60	66	3958	0	0	0	1	
6168	10500277	0	0	0	0	1	128	0	1	278	278	60	66	3959	0	0	0	1	
6169	10500310	0	0	0	0	1	128	0	1	282	274	60	66	3954	0	0	0	1	
6170	10500344	0	0	0	0	1	128	0	1	282	274	60	65	3919	0	0	0	1	
6171	10500377	0	0	0	0	1	128	0	1	282	274	60	65	3867	0	0	0	1	
6172	10500410	0	0	0	0	1	128	0	1	282	274	59	65	3822	0	0	0	1	
6173	10500444	0	0	0	0	1	128	0	1	282	274	59	64	3776	0	0	0	1	
6174	10500477	0	0	0	0	1	128	0	1	282	274	59	64	3741	0	0	0	1	
6175	10500510	0	0	0	0	1	128	0	1	282	274	59	64	3726	0	0	0	1	
6176	10500544	0	0	0	0	1	128	0	1	282	274	58	64	3720	0	0	0	1	
6177	10500577	0	0	0	0	1	128	0	1	282	274	59	64	3722	0	0	0	1	
6178	10500611	0	0	0	0	1	128	0	1	282	274	58	64	3730	0	0	0	1	
6179	10500644	0	0	0	0	1	128	0	1	282	274	59	64	3743	0	0	0	1	
6180	10500677	0	0	0	0	1	128	0	1	282	274	59	64	3757	0	0	0	1	
6181	10500711	0	0	0	0	1	128	0	1	282	274	59	64	3771	0	0	0	1	
6182	10500744	0	0	0	0	1	128	0	1	282	274	59	64	3780	0	0	0	1	
6183	10500777	0	0	0	0	1	128	0	1	282	274	59	64	3785	0	0	0	1	
6184	10500811	0	0	0	0	1	128	0	1	282	274	59	64	3782	0	0	0	1	
6185	10500844	0	0	0	0	1	128	0	1	282	274	59	64	3787	0	0	0	1	
6186	10500877	0	0	0	0	1	128	0	1	282	274	59	64	3766	0	0	0	1	
6187	10500911	0	0	0	0	1	128	0	1	282	274	59	64	3747	0	0	0	1	
6188	10500944	0	0	0	0	1	128	0	1	282	274	59	64	3737	0	0	0	1	
6189	10500978	0	0	0	0	1	128	0	1	282	274	59	64	3729	0	0	0	1	
6190	10501011	0	0	0	0	1	128	0	1	282	274	59	64	3723	0	0	0	1	
6191	10501044	0	0	0	0	1	128	0	1	282	274	58	64	3725	0	0	0	1	
6192	10501078	0	0	0	0	1	128	0	1	282	274	58	64	3716	0	0	0	1	
6193	10501111	0	0	0	0	1	128	0	1	282	274	58	64	3718	0	0	0	1	
6194	10501144	0	0	0	0	1	128	0	1	282	274	58	64	3715	0	0	0	1	
6195	10501178	0	0	0	0	1	128	0	1	282	274	59	63	3713	0	0	0	1	
6196	10501211	0	0	0	0	1	128	0	1	282	274	58	63	3709	0	0	0	1	
6197	10501244	0	0	0	0	1	128	0	1	304	270	59	61	3612	0	0	0	1	
6198	10501278	0	0	0	0	1	128	0	1	304	270	60	63	3737	0	0	0	1	
6199	10501311	0	0	0	0	1	128	0	1	306	270	60	63	3757	0	0	0	1	
6200	10501345	0	0	0	0	1	128	0	1	308	268	60	63	3760	0	0	0	1	
6201	10501378	0	0	0	0	1	128	0	1	312	268	60	63	3739	0	0	0	1	
6202	10501411	0	0	0	0	1	128	0	1	316	268	60	62	3729	0	0	0	1	
6203	10501445	0	0	0	0	1	128	0	1	330	264	60	62	3752	0	0	0	1	
6204	10501478	0	0	0	0	1	128	0	1	334	264	60	62	3744	0	0	0	1	
6205	10501511	0	0	0	0	1	128	0	1	338	262	60	62	3750	0	0	0	1	
6206	10501545	0	0	0	0	1	128	0	1	342	262	60	62	3758	0	0	0	1	
6207	10501578	0	0	0	0	1	128	0	1	344	262	61	62	3760	0	0	0	1	
6208	10501612	0	0	0	0	1	128	0	1	348	260	61	62	3758	0	0	0	1	
6209	10501645	0	0	0	0	1	128	0	1	348	260	60	63	3758	0	0	0	1	
6210	10501678	0	0	0	0	1	128	0	1	350	260	61	62	3747	0	0	0	1	
6211	10501712	0	0	0	0	1	128	0	1	354	260	61	62	3746	0	0	0	1	
6212	10501745	0	0	0	0	1	128	0	1	354	256	60	66	3981	0	0	0	1	
6213	10501778	0	0	0	0	1	128	0	1	362	258	59	61	3606	0	0	0	1	
6214	10501812	0	0	0	0	1	128	0	1	364	256	61	62	3749	0	0	0	1	
6215	10501845	0	0	0	0	1	128	0	1	366	256	61	61	3735	0	0	0	1	
6216	10501878	0	0	0	0	1	128	0	1	370	256	61	62	3770	0	0	0	1	
6217	10501912	0	0	0	0	1	128	0	1	372	254	61	62	3775	0	0	0	1	
6218	10501945	0	0	0	0	1	128	0	1	376	254	61	62	3779	0	0	0	1	
6219	10501979	0	0	0	0	1	128	0	1	378	252	61	62	3774	0	0	0	1	
6220	10502012	0	0	0	0	1	128	0	1	388	252	60	62	3730	0	0	0	1	
6221	10502045	0	0	0	0	1	128	0	1	390	252	60	62	3739	0	0	0	1	
6222	10502079	0	0	0	0	1	128	0	1	392	250	60	62	3718	0	0	0	1	
6223	10502112	0	0	0	0	1	128	0	1	394	250	60	62	3714	0	0	0	1	
6224	10502145	0	0	0	0	1	128	0	1	398	248	60	62	3694	0	0	0	1	
6225	10502179	0	0	0	0	1	128	0	1	400	248	60	62	3684	0	0	0	1	
6226	10502212	0	0	0	0	1	128	0	1	410	246	58	62	3608	0	0	0	1	
6227	10502246	0	0	0	0	1	128	0	1	398	250	60	61	3659	0	0	0	1	
6228	10502279	0	0	0	0	1	128	0	1	398	250	59	62	3647	0	0	0	1	
6229	10502312	0	0	0	0	1	128	0	1	398	250	59	62	3657	0	0	0	1	
6230	10502346	0	0	0	0	1	128	0	1	398	250	59	62	3668	0	0	0	1	
6231	10502379	0	0	0	0	1	128	0	1	398	250	59	62	3685	0	0	0	1	
6232	10502412	0	0	0	0	1	128	0	1	396	252	59	62	3683	0	0	0	1	
6233	10502446	0	0	0	0	1	128	0	1	394	252	60	62	3719	0	0	0	1	
6234	10502479	0	0	0	0	1	128	0	1	392	252	60	63	3744	0	0	0	1	
6235	10502512	0	0	0	0	1	128	0	1	392	252	60	63	3766	0	0	0	1	
6236	10502546	0	0	0	0	1	128	0	1	392	252	60	62	3745	0	0	0	1	
6237	10502579	0	0	0	0	1	128	0	0	0	0	0	0	0	0	0	0	1	
6238	10502613	0	0	0	0	1	128	0	0	0	0	0	0	0	0	0	0	1	
6239	10502646	0	0	0	0	1	128	0	0	0	0	0	0	0	0	0	0	1	
6240	10502679	0	0	0	0	1	128	0	0	0	0	0	0	0	0	0	0	1	
6241	10502713	0	0	0	0	1	128	0	0	0	0	0	0	0	0	0	0	1	
6242	10502746	0	0	0	0	1	128	0	0	0	0	0	0	0	0	0	0	1	
6243	10502779	0	0	0	0	1	128	0	1	384	250	53	59	3142	0	0	0	1	
6244	10502813	0	0	0	0	1	128	0	1	386	252	58	60	3441	0	0	0	1	
6245	10502846	0	0	0	0	1	128	0	1	388	254	60	61	3668	0	0	0	1	
6246	10502880	0	0	0	0	1	128	0	1	388	254	60	62	3665	0	0	0	1	
6247	10502913	0	0	0	0	1	128	0	1	388	252	60	61	3654	0	0	0	1	
6248	10502946	0	0	0	0	1	128	0	1	388	252	60	61	3674	0	0	0	1	
6249	10502980	0	0	0	0	1	128	0	1	394	262	56	60	3362	0	0	0	1	
6250	10503013	0	0	0	0	1	128	0	1	400	270	59	60	3544	0	0	0	1	
6251	10503046	0	0	0	0	1	128	0	1	400	270	59	61	3588	0	0	0	1	
6252	10503080	0	0	0	0	1	128	0	1	400	270	59	61	3619	0	0	0	1	
6253	10503113	0	0	0	0	1	128	0	1	402	274	58	61	3493	0	0	0	1	
6254	10503146	0	0	0	0	1	128	0	1	408	280	58	61	3487	0	0	0	1	
6255	10503180	0	0	0	0	1	128	0	1	406	280	57	60	3425	0	0	0	1	
6256	10503213	0	0	0	0	1	128	0	1	406	280	56	60	3355	0	0	0	1	
6257	10503247	0	0	0	0	1	128	0	1	406	282	56	59	3309	0	0	0	1	
6258	10503280	0	0	0	0	1	128	0	1	406	282	55	59	3247	0	0	0	1	
6259	10503313	0	0	0	0	1	128	0	1	406	282	55	59	3220	0	0	0	1	
6260	10503347	0	0	0	0	1	128	0	1	406	282	55	58	3202	0	0	0	1	
6261	10503380	0	0	0	0	1	128	0	1	406	282	55	58	3198	0	0	0	1	
6262	10503413	0	0	0	0	1	128	0	1	406	282	55	58	3200	0	0	0	1	
6263	10503447	0	0	0	0	1	128	0	1	406	282	55	58	3204	0	0	0	1	
6264	10503480	0	0	0	0	1	128	0	1	406	282	55	59	3221	0	0	0	1	
6265	10503514	0	0	0	0	1	128	0	1	406	280	55	59	3254	0	0	0	1	
6266	10503547	0	0	0	0	1	128	0	1	406	280	56	59	3271	0	0	0	1	
6267	10503580	0	0	0	0	1	128	0	1	404	280	56	59	3286	0	0	0	1	
6268	10503614	0	0	0	0	1	128	0	1	404	280	56	59	3309	0	0	0	1	
6269	10503647	0	0	0	0	1	128	0	1	404	274	56	60	3369	0	0	0	1	
6270	10503680	0	0	0	0	1	128	0	1	404	274	57	60	3370	0	0	0	1	
6271	10503714	0	0	0	0	1	128	0	1	402	274	57	59	3360	0	0	0	1	
6272	10503747	0	0	0	0	1	128	0	1	402	272	57	60	3382	0	0	0	1	
6273	10503781	0	0	0	0	1	128	0	1	392	236	59	61	3553	0	0	0	1	
6274	10503814	0	0	0	0	1	128	0	1	392	236	59	60	3526	0	0	0	1	
6275	10503847	0	0	0	0	1	128	0	1	390	236	59	60	3532	0	0	0	1	
6276	10503881	0	0	0	0	1	128	0	1	390	242	58	59	3404	0	0	0	1	
6277	10503914	0	0	0	0	1	128	0	1	392	248	59	60	3494	0	0	0	1	
6278	10503947	0	0	0	0	1	128	0	1	392	248	59	60	3515	0	0	0	1	
6279	10503981	0	0	0	0	1	128	0	1	392	248	59	60	3527	0	0	0	1	
6280	10504014	0	0	0	0	1	128	0	1	392	250	59	60	3560	0	0	0	1	
6281	10504047	0	0	0	0	1	128	0	1	392	248	59	60	3587	0	0	0	1	
6282	10504081	0	0	0	0	1	128	0	1	392	250	59	61	3603	0	0	0	1	
6283	10504114	0	0	0	0	1	128	0	1	392	250	60	61	3616	0	0	0	1	
6284	10504148	0	0	0	0	1	128	0	1	392	250	60	61	3625	0	0	0	1	
6285	10504181	0	0	0	0	1	128	0	1	392	250	59	61	3623	0	0	0	1	
6286	10504214	0	0	0	0	1	128	0	1	394	254	59	60	3568	0	0	0	1	
6287	10504248	0	0	0	0	1	128	0	1	394	254	59	60	3583	0	0	0	1	
6288	10504281	0	0	0	0	1	128	0	1	394	254	59	61	3596	0	0	0	1	
6289	10504314	0	0	0	0	1	128	0	1	394	254	59	61	3598	0	0	0	1	
6290	10504348	0	0	0	0	1	128	0	1	394	254	59	61	3604	0	0	0	1	
6291	10504381	0	0	0	0	1	128	0	1	394	254	59	61	3606	0	0	0	1	
6292	10504414	0	0	0	0	1	128	0	1	392	254	59	61	3600	0	0	0	1	
6293	10504448	0	0	0	0	1	128	0	1	376	264	54	60	3242	0	0	0	1	
6294	10504481	0	0	0	0	1	128	0	1	372	276	59	60	3526	0	0	0	1	
6295	10504515	0	0	0	0	1	128	0	1	372	276	59	60	3533	0	0	0	1	
6296	10504548	0	0	0	0	1	128	0	1	370	276	59	60	3526	0	0	0	1	
6297	10504581	0	0	0	0	1	128	0	1	370	276	59	60	3533	0	0	0	1	
6298	10504615	0	0	0	0	1	128	0	1	370	276	59	60	3550	0	0	0	1	
6299	10504648	0	0	0	0	1	128	0	1	370	276	59	60	3554	0	0	0	1	
6300	10504681	0	0	0	0	1	128	0	1	368	274	60	60	3603	0	0	0	1	
6301	10504715	0	0	0	0	1	128	0	1	368	272	59	60	3575	0	0	0	1	
6302	10504748	0	0	0	0	1	128	0	1	368	272	60	60	3595	0	0	0	1	
6303	10504782	0	0	0	0	1	128	0	1	368	272	60	60	3589	0	0	0	1	
6304	10504815	0	0	0	0	1	128	0	1	368	272	60	60	3602	0	0	0	1	
6305	10504848	0	0	0	0	1	128	0	1	368	272	60	61	3623	0	0	0	1	
6306	10504882	0	0	0	0	1	128	0	1	368	272	60	61	3630	0	0	0	1	
6307	10504915	0	0	0	0	1	128	0	1	368	272	60	61	3665	0	0	0	1	
6308	10504948	0	0	0	0	1	128	0	1	368	272	60	61	3701	0	0	0	1	
6309	10504982	0	0	0	0	1	128	0	1	368	272	61	61	3720	0	0	0	1	
6310	10505015	0	0	0	0	1	128	0	1	368	272	61	62	3735	0	0	0	1	
6311	10505049	0	0	0	0	1	128	0	1	368	272	61	62	3733	0	0	0	1	
6312	10505082	0	0	0	0	1	128	0	1	368	272	61	62	3731	0	0	0	1	
6313	10505115	0	0	0	0	1	128	0	1	368	272	61	62	3726	0	0	0	1	
6314	10505149	0	0	0	0	1	128	0	1	368	272	60	62	3719	0	0	0	1	
6315	10505182	0	0	0	0	1	128	0	1	372	270	60	62	3684	0	0	0	1	
6316	10505215	0	0	0	0	1	128	0	1	432	270	53	60	3200	0	0	0	1	
6317	10505249	0	0	0	0	1	128	0	1	440	270	54	60	3256	0	0	0	1	
6318	10505282	0	0	0	0	1	128	0	1	440	270	54	60	3230	0	0	0	1	
6319	10505315	0	0	0	0	1	128	0	1	440	270	53	60	3228	0	0	0	1	
6320	10505349	0	0	0	0	1	128	0	1	440	270	53	60	3228	0	0	0	1	
6321	10505382	0	0	0	0	1	128	0	1	440	270	53	60	3216	0	0	0	1	
6322	10505416	0	0	0	0	1	128	0	1	440	270	53	60	3196	0	0	0	1	
6323	10505449	0	0	0	0	1	128	0	1	440	268	53	60	3173	0	0	0	1	
6324	10505482	0	0	0	0	1	128	0	1	440	268	53	60	3174	0	0	0	1	
6325	10505516	0	0	0	0	1	128	0	1	440	268	53	60	3170	0	0	0	1	
6326	10505549	0	0	0	0	1	128	0	1	440	268	53	60	3177	0	0	0	1	
6327	10505582	0	0	0	0	1	128	0	1	440	268	53	60	3188	0	0	0	1	
6328	10505616	0	0	0	0	1	128	0	1	440	268	53	60	3210	0	0	0	1	
6329	10505649	0	0	0	0	1	128	0	1	440	268	54	60	3237	0	0	0	1	
6330	10505683	0	0	0	0	1	128	0	1	440	268	54	61	3266	0	0	0	1	
6331	10505716	0	0	0	0	1	128	0	1	440	268	54	61	3296	0	0	0	1	
6332	10505749	0	0	0	0	1	128	0	1	440	268	54	61	3315	0	0	0	1	
6333	10505783	0	0	0	0	1	128	0	1	440	270	54	61	3331	0	0	0	1	
6334	10505816	0	0	0	0	1	128	0	1	440	270	54	61	3338	0	0	0	1	
6335	10505849	0	0	0	0	1	128	0	1	438	268	54	61	3335	0	0	0	1	
6336	10505883	0	0	0	0	1	128	0	1	438	268	54	61	3327	0	0	0	1	
6337	10505916	0	0	0	0	1	128	0	1	438	268	54	61	3322	0	0	0	1	
6338	10505949	0	0	0	0	1	128	0	1	392	242	60	63	3786	0	0	0	1	
6339	10505983	0	0	0	0	1	128	0	1	388	236	60	62	3740	0	0	0	1	
6340	10506016	0	0	0	0	1	128	0	1	388	236	60	62	3736	0	0	0	1	
6341	10506050	0	0	0	0	1	128	0	1	388	236	61	62	3777	0	0	0	1	
6342	10506083	0	0	0	0	1	128	0	1	386	236	61	62	3786	0	0	0	1	
6343	10506116	0	0	0	0	1	128	0	1	392	236	60	62	3705	0	0	0	1	
6344	10506150	0	0	0	0	1	128	0	1	394	236	60	62	3730	0	0	0	1	
6345	10506183	0	0	0	0	1	128	0	1	394	236	60	62	3728	0	0	0	1	
6346	10506216	0	0	0	0	1	128	0	1	394	236	60	62	3716	0	0	0	1	
6347	10506250	0	0	0	0	1	128	0	1	394	236	60	62	3694	0	0	0	1	
6348	10506283	0	0	0	0	1	128	0	1	394	236	59	61	3657	0	0	0	1	
6349	10506316	0	0	0	0	1	128	0	1	394	236	59	61	3627	0	0	0	1	
6350	10506350	0	0	0	0	1	128	0	1	396	238	59	61	3590	0	0	0	1	
6351	10506383	0	0	0	0	1	128	0	1	396	238	59	61	3559	0	0	0	1	
6352	10506417	0	0	0	0	1	128	0	1	394	238	58	60	3531	0	0	0	1	
6353	10506450	0	0	0	0	1	128	0	1	394	238	58	60	3489	0	0	0	1	
6354	10506483	0	0	0	0	1	128	0	1	394	238	58	60	3464	0	0	0	1	
6355	10506517	0	0	0	0	1	128	0	1	396	238	58	60	3448	0	0	0	1	
6356	10506550	0	0	0	0	1	128	0	1	396	238	57	60	3420	0	0	0	1	
6357	10506583	0	0	0	0	1	128	0	1	394	240	57	59	3394	0	0	0	1	
6358	10506617	0	0	0	0	1	128	0	1	394	240	57	59	3372	0	0	0	1	
6359	10506650	0	0	0	0	1	128	0	1	394	240	57	59	3342	0	0	0	1	
6360	10506684	0	0	0	0	1	128	0	1	394	240	57	59	3339	0	0	0	1	
6361	10506717	0	0	0	0	1	128	0	1	394	240	57	59	3340	0	0	0	1	
6362	10506750	0	0	0	0	1	128	0	1	394	240	57	59	3330	0	0	0	1	
6363	10506784	0	0	0	0	1	128	0	1	394	240	57	59	3333	0	0	0	1	
6364	10506817	0	0	0	0	1	128	0	1	394	240	57	59	3344	0	0	0	1	
6365	10506850	0	0	0	0	1	128	0	1	394	240	57	59	3354	0	0	0	1	
6366	10506884	0	0	0	0	1	128	0	1	396	242	56	58	3254	0	0	0	1	
6367	10506917	0	0	0	0	1	128	0	1	394	240	57	59	3356	0	0	0	1	
6368	10506951	0	0	0	0	1	128	0	1	394	240	57	59	3372	0	0	0	1	
6369	10506984	0	0	0	0	1	128	0	1	394	240	57	59	3380	0	0	0	1	
6370	10507017	0	0	0	0	1	128	0	1	394	240	57	60	3398	0	0	0	1	
6371	10507051	0	0	0	0	1	128	0	1	394	240	57	60	3408	0	0	0	1	
6372	10507084	0	0	0	0	1	128	0	1	394	240	57	60	3414	0	0	0	1	
6373	10507117	0	0	0	0	1	128	0	1	394	240	57	60	3413	0	0	0	1	
6374	10507151	0	0	0	0	1	128	0	1	394	240	57	60	3405	0	0	0	1	
6375	10507184	0	0	0	0	1	128	0	1	394	240	57	60	3412	0	0	0	1	
6376	10507217	0	0	0	0	1	128	0	1	394	240	57	60	3427	0	0	0	1	
6377	10507251	0	0	0	0	1	128	0	1	394	240	57	60	3432	0	0	0	1	
6378	10507284	0	0	0	0	1	128	0	1	394	240	57	60	3434	0	0	0	1	
6379	10507318	0	0	0	0	1	128	0	1	394	240	57	60	3436	0	0	0	1	
6380	10507351	0	0	0	0	1	128	0	1	394	240	57	60	3431	0	0	0	1	
6381	10507384	0	0	0	0	1	128	0	1	394	240	57	60	3428	0	0	0	1	
6382	10507418	0	0	0	0	1	128	0	1	394	240	57	60	3442	0	0	0	1	
6383	10507451	0	0	0	0	1	128	0	1	394	240	58	60	3441	0	0	0	1	
6384	10507484	0	0	0	0	1	128	0	1	394	240	58	60	3436	0	0	0	1	
6385	10507518	0	0	0	0	1	128	0	1	394	240	58	60	3430	0	0	0	1	
6386	10507551	0	0	0	0	1	128	0	1	394	240	58	60	3430	0	0	0	1	
6387	10507585	0	0	0	0	1	128	0	1	394	240	57	60	3427	0	0	0	1	
6388	10507618	0	0	0	0	1	128	0	1	394	240	58	60	3432	0	0	0	1	
6389	10507651	0	0	0	0	1	128	0	1	394	240	58	60	3452	0	0	0	1	
6390	10507685	0	0	0	0	1	128	0	1	394	240	58	60	3461	0	0	0	1	
6391	10507718	0	0	0	0	1	128	0	1	394	240	58	60	3478	0	0	0	1	
6392	10507751	0	0	0	0	1	128	0	1	394	240	58	60	3489	0	0	0	1	
6393	10507785	0	0	0	0	1	128	0	1	392	240	58	61	3518	0	0	0	1	
6394	10507818	0	0	0	0	1	128	0	1	374	220	59	62	3665	0	0	0	1	
6395	10507851	0	0	0	0	1	128	0	1	372	220	59	62	3685	0	0	0	1	
6396	10507885	0	0	0	0	1	128	0	1	370	220	59	63	3764	0	0	0	1	
6397	10507918	0	0	0	0	1	128	0	1	366	216	60	67	4018	0	0	0	1	
6398	10507952	0	0	0	0	1	128	0	1	350	210	60	62	3724	0	0	0	1	
6399	10507985	0	0	0	0	1	128	0	1	342	202	60	63	3782	0	0	0	1	
6400	10508018	0	0	0	0	1	128	0	1	340	202	60	64	3860	0	0	0	1	
6401	10508052	0	0	0	0	1	128	0	1	338	202	60	64	3858	0	0	0	1	
6402	10508085	0	0	0	0	1	128	0	1	336	202	61	64	3899	0	0	0	1	
6403	10508118	0	0	0	0	1	128	0	1	336	202	61	63	3859	0	0	0	1	
6404	10508152	0	0	0	0	1	128	0	1	334	200	61	63	3864	0	0	0	1	
6405	10508185	0	0	0	0	1	128	0	1	332	200	61	63	3868	0	0	0	1	
6406	10508218	0	0	0	0	1	128	0	1	330	200	61	64	3909	0	0	0	1	
6407	10508252	0	0	0	0	1	128	0	1	320	186	61	64	3890	0	0	0	1	
6408	10508285	0	0	0	0	1	128	0	1	320	186	61	63	3835	0	0	0	1	
6409	10508319	0	0	0	0	1	128	0	1	318	186	61	64	3924	0	0	0	1	
6410	10508352	0	0	0	0	1	128	0	1	316	186	61	64	3932	0	0	0	1	
6411	10508385	0	0	0	0	1	128	0	1	316	186	61	64	3938	0	0	0	1	
6412	10508419	0	0	0	0	1	128	0	1	314	186	61	64	3947	0	0	0	1	
6413	10508452	0	0	0	0	1	128	0	1	302	176	62	64	3955	0	0	0	1	
6414	10508485	0	0	0	0	1	128	0	1	302	176	62	64	3941	0	0	0	1	
6415	10508519	0	0	0	0	1	128	0	1	302	176	62	64	3954	0	0	0	1	
6416	10508552	0	0	0	0	1	128	0	1	302	176	62	64	3980	0	0	0	1	
6417	10508586	0	0	0	0	1	128	0	1	308	180	62	65	4006	0	0	0	1	
6418	10508619	0	0	0	0	1	128	0	1	306	178	62	65	4043	0	0	0	1	
6419	10508652	0	0	0	0	1	128	0	1	306	178	62	65	4073	0	0	0	1	
6420	10508686	0	0	0	0	1	128	0	1	306	178	62	66	4100	0	0	0	1	
6421	10508719	0	0	0	0	1	128	0	1	306	178	63	66	4107	0	0	0	1	
6422	10508752	0	0	0	0	1	128	0	1	306	178	63	65	4102	0	0	0	1	
6423	10508786	0	0	0	0	1	128	0	1	306	178	62	65	4072	0	0	0	1	
6424	10508819	0	0	0	0	1	128	0	1	306	178	62	65	4039	0	0	0	1	
6425	10508852	0	0	0	0	1	128	0	1	306	178	62	65	4001	0	0	0	1	
6426	10508886	0	0	0	0	1	128	0	1	310	182	58	61	3570	0	0	0	1	
6427	10508919	0	0	0	0	1	128	0	1	306	178	62	64	3961	0	0	0	1	
6428	10508953	0	0	0	0	1	128	0	1	306	178	61	64	3929	0	0	0	1	
6429	10508986	0	0	0	0	1	128	0	1	306	178	61	64	3935	0	0	0	1	
6430	10509019	0	0	0	0	1	128	0	1	306	178	61	64	3928	0	0	0	1	
6431	10509053	0	0	0	0	1	128	0	1	306	178	61	64	3937	0	0	0	1	
6432	10509086	0	0	0	0	1	128	0	1	306	178	61	64	3931	0	0	0	1	
6433	10509119	0	0	0	0	1	128	0	1	306	178	62	64	3961	0	0	0	1	
6434	10509153	0	0	0	0	1	128	0	1	304	180	62	64	3970	0	0	0	1	
6435	10509186	0	0	0	0	1	128	0	1	304	178	62	64	3964	0	0	0	1	
6436	10509219	0	0	0	0	1	128	0	1	304	178	61	64	3955	0	0	0	1	
6437	10509253	0	0	0	0	1	128	0	1	304	178	61	65	3939	0	0	0	1	
6438	10509286	0	0	0	0	1	128	0	1	304	178	61	64	3922	0	0	0	1	
6439	10509320	0	0	0	0	1	128	0	1	304	180	61	64	3936	0	0	0	1	
6440	10509353	0	0	0	0	1	128	0	1	304	180	61	64	3894	0	0	0	1	
6441	10509386	0	0	0	0	1	128	0	1	304	180	61	64	3876	0	0	0	1	
6442	10509420	0	0	0	0	1	128	0	1	304	180	61	64	3857	0	0	0	1	
6443	10509453	0	0	0	0	1	128	0	1	304	180	61	64	3852	0	0	0	1	
6444	10509486	0	0	0	0	1	128	0	1	302	180	60	64	3836	0	0	0	1	
6445	10509520	0	0	0	0	1	128	0	1	304	180	60	63	3801	0	0	0	1	
6446	10509553	0	0	0	0	1	128	0	1	308	182	59	62	3682	0	0	0	1	
6447	10509587	0	0	0	0	1	128	0	1	322	196	59	63	3714	0	0	0	1	
6448	10509620	0	0	0	0	1	128	0	1	322	198	59	62	3681	0	0	0	1	
6449	10509653	0	0	0	0	1	128	0	1	324	200	59	62	3677	0	0	0	1	
6450	10509687	0	0	0	0	1	128	0	1	324	202	59	63	3719	0	0	0	1	
6451	10509720	0	0	0	0	1	128	0	1	326	204	59	62	3662	0	0	0	1	
6452	10509753	0	0	0	0	1	128	0	1	328	206	59	62	3661	0	0	0	1	
6453	10509787	0	0	0	0	1	128	0	1	332	210	59	61	3615	0	0	0	1	
6454	10509820	0	0	0	0	1	128	0	1	334	212	59	61	3600	0	0	0	1	
6455	10509854	0	0	0	0	1	128	0	1	336	214	59	61	3617	0	0	0	1	
6456	10509887	0	0	0	0	1	128	0	1	338	216	59	62	3627	0	0	0	1	
6457	10509920	0	0	0	0	1	128	0	1	340	216	59	61	3623	0	0	0	1	
6458	10509954	0	0	0	0	1	128	0	1	342	220	59	61	3620	0	0	0	1	
6459	10509987	0	0	0	0	1	128	0	1	344	222	59	61	3630	0	0	0	1	
6460	10510020	0	0	0	0	1	128	0	1	346	222	59	62	3670	0	0	0	1	
6461	10510054	0	0	0	0	1	128	0	1	350	224	60	62	3668	0	0	0	1	
6462	10510087	0	0	0	0	1	128	0	1	352	226	60	61	3654	0	0	0	1	
6463	10510120	0	0	0	0	1	128	0	1	354	228	60	61	3647	0	0	0	1	
6464	10510154	0	0	0	0	1	128	0	1	360	230	60	61	3630	0	0	0	1	
6465	10510187	0	0	0	0	1	128	0	1	368	234	60	61	3657	0	0	0	1	
6466	10510221	0	0	0	0	1	128	0	1	370	236	60	61	3673	0	0	0	1	
6467	10510254	0	0	0	0	1	128	0	1	372	238	60	62	3751	0	0	0	1	
6468	10510287	0	0	0	0	1	128	0	1	374	238	60	61	3705	0	0	0	1	
6469	10510321	0	0	0	0	1	128	0	1	376	240	60	61	3696	0	0	0	1	
6470	10510354	0	0	0	0	1	128	0	1	378	240	60	62	3720	0	0	0	1	
6471	10510387	0	0	0	0	1	128	0	1	380	242	61	61	3720	0	0	0	1	
6472	10510421	0	0	0	0	1	128	0	1	382	244	61	62	3730	0	0	0	1	
6473	10510454	0	0	0	0	1	128	0	1	382	244	60	61	3711	0	0	0	1	
6474	10510487	0	0	0	0	1	128	0	1	384	246	60	61	3710	0	0	0	1	
6475	10510521	0	0	0	0	1	128	0	1	394	250	60	61	3634	0	0	0	1	
6476	10510554	0	0	0	0	1	128	0	1	394	252	60	61	3667	0	0	0	1	
6477	10510588	0	0	0	0	1	128	0	1	396	254	60	61	3662	0	0	0	1	
6478	10510621	0	0	0	0	1	128	0	1	396	256	60	61	3671	0	0	0	1	
6479	10510654	0	0	0	0	1	128	0	1	398	256	60	61	3663	0	0	0	1	
6480	10510688	0	0	0	0	1	128	0	1	398	256	60	62	3686	0	0	0	1	
6481	10510721	0	0	0	0	1	128	0	1	398	258	60	62	3698	0	0	0	1	
6482	10510754	0	0	0	0	1	128	0	1	398	258	60	62	3693	0	0	0	1	
6483	10510788	0	0	0	0	1	128	0	1	398	258	60	62	3710	0	0	0	1	
6484	10510821	0	0	0	0	1	128	0	1	392	256	61	62	3780	0	0	0	1	
6485	10510855	0	0	0	0	1	128	0	1	392	256	61	62	3797	0	0	0	1	
6486	10510888	0	0	0	0	1	128	0	1	392	256	61	62	3813	0	0	0	1	
6487	10510921	0	0	0	0	1	128	0	1	392	256	61	63	3828	0	0	0	1	
6488	10510955	0	0	0	0	1	128	0	1	392	256	61	63	3843	0	0	0	1	
6489	10510988	0	0	0	0	1	128	0	1	392	256	61	63	3865	0	0	0	1	
6490	10511021	0	0	0	0	1	128	0	1	392	256	61	63	3873	0	0	0	1	
6491	10511055	0	0	0	0	1	128	0	1	392	256	61	63	3872	0	0	0	1	
6492	10511088	0	0	0	0	1	128	0	1	392	256	61	63	3871	0	0	0	1	
6493	10511122	0	0	0	0	1	128	0	1	392	256	62	63	3877	0	0	0	1	
6494	10511155	0	0	0	0	1	128	0	1	392	256	62	63	3885	0	0	0	1	
6495	10511188	0	0	0	0	1	128	0	1	392	256	61	63	3873	0	0	0	1	
6496	10511222	0	0	0	0	1	128	0	1	392	256	61	63	3869	0	0	0	1	
6497	10511255	0	0	0	0	1	128	0	1	392	256	61	63	3873	0	0	0	1	
6498	10511288	0	0	0	0	1	128	0	1	392	256	61	63	3872	0	0	0	1	
6499	10511322	0	0	0	0	1	128	0	1	392	256	61	63	3865	0	0	0	1	
6500	10511355	0	0	0	0	1	128	0	1	392	256	61	63	3868	0	0	0	1	
6501	10511388	0	0	0	0	1	128	0	1	392	256	61	63	3865	0	0	0	1	
6502	10511422	0	0	0	0	1	128	0	1	392	256	61	63	3847	0	0	0	1	
6503	10511455	0	0	0	0	1	128	0	1	392	256	61	63	3832	0	0	0	1	
6504	10511489	0	0	0	0	1	128	0	1	392	256	61	63	3828	0	0	0	1	
6505	10511522	0	0	0	0	1	128	0	1	380	232	62	64	3978	0	0	0	1	
6506	10511555	0	0	0	0	1	128	0	1	368	220	62	65	3998	0	0	0	1	
6507	10511589	0	0	0	0	1	128	0	1	364	214	61	64	3952	0	0	0	1	
6508	10511622	0	0	0	0	1	128	0	1	362	214	61	64	3919	0	0	0	1	
6509	10511655	0	0	0	0	1	128	0	1	360	212	61	64	3925	0	0	0	1	
6510	10511689	0	0	0	0	1	128	0	1	358	212	61	64	3908	0	0	0	1	
6511	10511722	0	0	0	0	1	128	0	1	356	210	61	64	3947	0	0	0	1	
6512	10511755	0	0	0	0	1	128	0	1	354	210	61	64	3943	0	0	0	1	
6513	10511789	0	0	0	0	1	128	0	1	352	208	61	65	3962	0	0	0	1	
6514	10511822	0	0	0	0	1	128	0	1	350	208	61	65	3975	0	0	0	1	
6515	10511856	0	0	0	0	1	128	0	1	348	208	61	64	3879	0	0	0	1	
6516	10511889	0	0	0	0	1	128	0	1	334	192	62	66	4086	0	0	0	1	
6517	10511922	0	0	0	0	1	128	0	1	332	192	61	66	4042	0	0	0	1	
6518	10511956	0	0	0	0	1	128	0	1	330	192	62	65	4022	0	0	0	1	
6519	10511989	0	0	0	0	1	128	0	1	328	190	62	66	4091	0	0	0	1	
6520	10512022	0	0	0	0	1	128	0	1	328	190	62	66	4051	0	0	0	1	
6521	10512056	0	0	0	0	1	128	0	1	328	190	62	65	4032	0	0	0	1	
6522	10512089	0	0	0	0	1	128	0	1	328	190	62	65	4005	0	0	0	1	
6523	10512123	0	0	0	0	1	128	0	1	326	190	62	65	4062	0	0	0	1	
6524	10512156	0	0	0	0	1	128	0	1	340	176	45	60	2699	0	0	0	1	
6525	10512189	0	0	0	0	1	128	0	1	322	176	62	66	4079	0	0	0	1	
6526	10512223	0	0	0	0	1	128	0	1	322	176	62	64	3988	0	0	0	1	
6527	10512256	0	0	0	0	1	128	0	1	320	176	62	66	4087	0	0	0	1	
6528	10512289	0	0	0	0	1	128	0	1	320	176	62	66	4099	0	0	0	1	
6529	10512323	0	0	0	0	1	128	0	1	320	176	63	66	4109	0	0	0	1	
6530	10512356	0	0	0	0	1	128	0	1	320	176	62	65	4027	0	0	0	1	
6531	10512390	0	0	0	0	1	128	0	1	318	176	62	66	4086	0	0	0	1	
6532	10512423	0	0	0	0	1	128	0	1	310	164	62	65	4062	0	0	0	1	
6533	10512456	0	0	0	0	1	128	0	1	310	164	63	65	4067	0	0	0	1	
6534	10512490	0	0	0	0	1	128	0	1	310	164	63	65	4060	0	0	0	1	
6535	10512523	0	0	0	0	1	128	0	1	308	164	62	65	4047	0	0	0	1	
6536	10512556	0	0	0	0	1	128	0	1	308	164	62	65	4051	0	0	0	1	
6537	10512590	0	0	0	0	1	128	0	1	308	164	62	65	4060	0	0	0	1	
6538	10512623	0	0	0	0	1	128	0	1	308	164	62	65	4064	0	0	0	1	
6539	10512656	0	0	0	0	1	128	0	1	308	164	62	65	4059	0	0	0	1	
6540	10512690	0	0	0	0	1	128	0	1	308	164	63	65	4063	0	0	0	1	
6541	10512723	0	0	0	0	1	128	0	1	308	162	62	65	4049	0	0	0	1	
6542	10512757	0	0	0	0	1	128	0	1	308	162	62	65	4039	0	0	0	1	
6543	10512790	0	0	0	0	1	128	0	1	308	162	62	65	4037	0	0	0	1	
6544	10512823	0	0	0	0	1	128	0	1	308	162	62	64	4012	0	0	0	1	
6545	10512857	0	0	0	0	1	128	0	1	308	162	62	64	4006	0	0	0	1	
6546	10512890	0	0	0	0	1	128	0	1	308	162	62	64	3972	0	0	0	1	
6547	10512923	0	0	0	0	1	128	0	1	308	164	62	64	3980	0	0	0	1	
6548	10512957	0	0	0	0	1	128	0	1	308	164	61	64	3887	0	0	0	1	
6549	10512990	0	0	0	0	1	128	0	1	308	164	61	63	3838	0	0	0	1	
6550	10513023	0	0	0	0	1	128	0	1	310	164	60	63	3810	0	0	0	1	
6551	10513057	0	0	0	0	1	128	0	1	310	164	60	63	3764	0	0	0	1	
6552	10513090	0	0	0	0	1	128	0	1	310	166	60	62	3725	0	0	0	1	
6553	10513124	0	0	0	0	1	128	0	1	310	166	60	62	3688	0	0	0	1	
6554	10513157	0	0	0	0	1	128	0	1	310	166	59	62	3675	0	0	0	1	
6555	10513190	0	0	0	0	1	128	0	1	308	164	59	62	3643	0	0	0	1	
6556	10513224	0	0	0	0	1	128	0	1	308	164	59	62	3628	0	0	0	1	
6557	10513257	0	0	0	0	1	128	0	1	308	164	59	62	3628	0	0	0	1	
6558	10513290	0	0	0	0	1	128	0	1	308	164	59	62	3654	0	0	0	1	
6559	10513324	0	0	0	0	1	128	0	1	308	166	59	62	3702	0	0	0	1	
6560	10513357	0	0	0	0	1	128	0	1	308	166	59	62	3658	0	0	0	1	
6561	10513391	0	0	0	0	1	128	0	1	310	166	60	62	3716	0	0	0	1	
6562	10513424	0	0	0	0	1	128	0	1	310	166	60	62	3716	0	0	0	1	
6563	10513457	0	0	0	0	1	128	0	1	310	166	59	62	3675	0	0	0	1	
6564	10513491	0	0	0	0	1	128	0	1	308	166	60	64	3822	0	0	0	1	
6565	10513524	0	0	0	0	1	128	0	1	308	162	59	62	3630	0	0	0	1	
6566	10513557	0	0	0	0	1	128	0	1	308	162	59	62	3624	0	0	0	1	
6567	10513591	0	0	0	0	1	128	0	1	308	162	59	61	3609	0	0	0	1	
6568	10513624	0	0	0	0	1	128	0	1	308	162	59	61	3602	0	0	0	1	
6569	10513657	0	0	0	0	1	128	0	1	308	162	59	61	3598	0	0	0	1	
6570	10513691	0	0	0	0	1	128	0	1	306	162	59	63	3724	0	0	0	1	
6571	10513724	0	0	0	0	1	128	0	1	306	162	59	63	3729	0	0	0	1	
6572	10513758	0	0	0	0	1	128	0	1	308	162	58	61	3548	0	0	0	1	
6573	10513791	0	0	0	0	1	128	0	1	308	162	58	61	3502	0	0	0	1	
6574	10513824	0	0	0	0	1	128	0	1	306	162	58	64	3705	0	0	0	1	
6575	10513858	0	0	0	0	1	128	0	1	308	162	57	60	3451	0	0	0	1	
6576	10513891	0	0	0	0	1	128	0	1	306	162	58	63	3655	0	0	0	1	
6577	10513924	0	0	0	0	1	128	0	1	308	164	57	60	3455	0	0	0	1	
6578	10513958	0	0	0	0	1	128	0	1	306	162	58	62	3579	0	0	0	1	
6579	10513991	0	0	0	0	1	128	0	1	306	162	58	62	3590	0	0	0	1	
6580	10514025	0	0	0	0	1	128	0	1	302	160	57	63	3603	0	0	0	1	
6581	10514058	0	0	0	0	1	128	0	1	304	162	57	63	3587	0	0	0	1	
6582	10514091	0	0	0	0	1	128	0	1	304	162	57	61	3490	0	0	0	1	
6583	10514125	0	0	0	0	1	128	0	1	304	162	57	61	3496	0	0	0	1	
6584	10514158	0	0	0	0	1	128	0	1	304	162	57	62	3541	0	0	0	1	
6585	10514191	0	0	0	0	1	128	0	1	304	156	51	57	2917	0	0	0	1	
6586	10514225	0	0	0	0	1	128	0	1	306	164	57	60	3462	0	0	0	1	
6587	10514258	0	0	0	0	1	128	0	1	304	158	52	57	2940	0	0	0	1	
6588	10514291	0	0	0	0	1	128	0	1	304	162	57	62	3496	0	0	0	1	
6589	10514325	0	0	0	0	1	128	0	1	308	164	58	61	3524	0	0	0	1	
6590	10514358	0	0	0	0	1	128	0	1	332	158	33	51	1683	0	0	0	1	
6591	10514392	0	0	0	0	1	128	0	1	308	168	60	63	3769	0	0	0	1	
6592	10514425	0	0	0	0	1	128	0	1	308	166	59	63	3704	0	0	0	1	
6593	10514458	0	0	0	0	1	128	0	0	0	0	0	0	0	0	0	0	1	
6594	10514492	0	0	0	0	1	128	0	0	0	0	0	0	0	0	0	0	1	
6595	10514525	0	0	0	0	1	128	0	0	0	0	0	0	0	0	0	0	1	
6596	10514558	0	0	0	0	1	128	0	1	380	250	57	58	3326	0	0	0	1	
6597	10514592	0	0	0	0	1	128	0	1	378	250	57	58	3343	0	0	0	1	
6598	10514625	0	0	0	0	1	128	0	1	378	250	58	58	3344	0	0	0	1	
6599	10514659	0	0	0	0	1	128	0	1	378	250	58	58	3359	0	0	0	1	
6600	10514692	0	0	0	0	1	128	0	1	378	250	58	58	3369	0	0	0	1	
6601	10514725	0	0	0	0	1	128	0	1	378	250	58	58	3381	0	0	0	1	
6602	10514759	0	0	0	0	1	128	0	1	380	256	58	58	3354	0	0	0	1	
6603	10514792	0	0	0	0	1	128	0	1	380	256	58	58	3370	0	0	0	1	
6604	10514825	0	0	0	0	1	128	0	1	382	256	58	59	3383	0	0	0	1	
6605	10514859	0	0	0	0	1	128	0	1	382	256	58	59	3393	0	0	0	1	
6606	10514892	0	0	0	0	1	128	0	1	382	256	58	59	3406	0	0	0	1	
6607	10514926	0	0	0	0	1	128	0	1	382	256	58	59	3431	0	0	0	1	
6608	10514959	0	0	0	0	1	128	0	1	382	256	58	59	3442	0	0	0	1	
6609	10514992	0	0	0	0	1	128	0	1	382	256	58	59	3455	0	0	0	1	
6610	10515026	0	0	0	0	1	128	0	1	382	256	58	59	3463	0	0	0	1	
6611	10515059	0	0	0	0	1	128	0	1	400	252	58	59	3388	0	0	0	1	
6612	10515092	0	0	0	0	1	128	0	1	400	252	58	59	3387	0	0	0	1	
6613	10515126	0	0	0	0	1	128	0	1	400	252	58	59	3386	0	0	0	1	
6614	10515159	0	0	0	0	1	128	0	1	400	252	58	59	3378	0	0	0	1	
6615	10515192	0	0	0	0	1	128	0	1	400	254	58	58	3361	0	0	0	1	
6616	10515226	0	0	0	0	1	128	0	1	398	256	57	57	3226	0	0	0	1	
6617	10515259	0	0	0	0	1	128	0	0	0	0	0	0	0	0	0	0	1	
6618	10515293	0	0	0	0	1	128	0	0	0	0	0	0	0	0	0	0	1	
6619	10515326	0	0	0	0	1	128	0	0	0	0	0	0	0	0	0	0	1	
6620	10515359	0	0	0	0	1	128	0	0	0	0	0	0	0	0	0	0	1	
6621	10515393	0	0	0	0	1	128	0	0	0	0	0	0	0	0	0	0	1	
6622	10515426	0	0	0	0	1	128	0	1	580	138	43	64	2747	0	0	0	1	
6623	10515459	0	0	0	0	1	128	0	1	386	260	55	57	3120	0	0	0	1	
6624	10515493	0	0	0	0	1	128	0	1	382	256	52	57	2979	0	0	0	1	
6625	10515526	0	0	0	0	1	128	0	1	384	260	56	58	3247	0	0	0	1	
6626	10515559	0	0	0	0	1	128	0	1	386	258	56	59	3290	0	0	0	1	
6627	10515593	0	0	0	0	1	128	0	1	386	260	58	59	3449	0	0	0	1	
6628	10515626	0	0	0	0	1	128	0	1	386	258	59	59	3481	0	0	0	1	
6629	10515660	0	0	0	0	1	128	0	1	386	258	59	60	3547	0	0	0	1	
6630	10515693	0	0	0	0	1	128	0	1	390	260	60	60	3566	0	0	0	1	
6631	10515726	0	0	0	0	1	128	0	1	390	258	60	61	3643	0	0	0	1	
6632	10515760	0	0	0	0	1	128	0	1	390	258	60	61	3689	0	0	0	1	
6633	10515793	0	0	0	0	1	128	0	1	390	258	61	61	3719	0	0	0	1	
6634	10515826	0	0	0	0	1	128	0	1	390	258	60	61	3705	0	0	0	1	
6635	10515860	0	0	0	0	1	128	0	1	390	256	60	61	3660	0	0	0	1	
6636	10515893	0	0	0	0	1	128	0	1	390	256	59	60	3583	0	0	0	1	
