Version	1.08	gmtime	1441194972
index	timestamp	eyeroihoriz	eyeroivert	eyeroizoomx	eyeroizoomy	blendmode	blendfactor	onlinecalib	eye_valid	eye_x	eye_y	eye_w	eye_h	eye_a	field_x	field_y	displaymode	displayeyedetection	event
13179	17371391	0	0	0	0	1	128	0	1	486	340	48	52	2461	0	0	0	1	
13180	17371424	0	0	0	0	1	128	0	1	486	340	48	51	2464	0	0	0	1	
13181	17371458	0	0	0	0	1	128	0	1	486	340	48	51	2469	0	0	0	1	
13182	17371491	0	0	0	0	1	128	0	1	486	340	48	52	2472	0	0	0	1	
13183	17371525	0	0	0	0	1	128	0	1	486	340	48	52	2472	0	0	0	1	
13184	17371558	0	0	0	0	1	128	0	1	486	340	48	52	2478	0	0	0	1	
13185	17371591	0	0	0	0	1	128	0	1	486	340	48	52	2482	0	0	0	1	
13186	17371625	0	0	0	0	1	128	0	1	486	340	48	52	2483	0	0	0	1	
13187	17371658	0	0	0	0	1	128	0	1	486	340	48	52	2469	0	0	0	1	
13188	17371691	0	0	0	0	1	128	0	1	486	340	48	52	2474	0	0	0	1	
13189	17371725	0	0	0	0	1	128	0	1	486	340	48	52	2468	0	0	0	1	
13190	17371758	0	0	0	0	1	128	0	1	486	340	48	52	2476	0	0	0	1	
13191	17371791	0	0	0	0	1	128	0	1	486	340	48	52	2464	0	0	0	1	
13192	17371825	0	0	0	0	1	128	0	1	486	340	48	51	2465	0	0	0	1	
13193	17371858	0	0	0	0	1	128	0	1	486	340	48	52	2469	0	0	0	1	
13194	17371892	0	0	0	0	1	128	0	1	486	340	48	52	2469	0	0	0	1	
13195	17371925	0	0	0	0	1	128	0	1	488	342	46	49	2253	0	0	0	1	
13196	17371958	0	0	0	0	1	128	0	1	486	340	48	52	2468	0	0	0	1	
13197	17371992	0	0	0	0	1	128	0	1	486	340	48	52	2465	0	0	0	1	
13198	17372025	0	0	0	0	1	128	0	1	486	340	48	52	2467	0	0	0	1	
13199	17372058	0	0	0	0	1	128	0	1	496	332	46	51	2370	0	0	0	1	
13200	17372092	0	0	0	0	1	128	0	1	496	332	46	51	2361	0	0	0	1	
13201	17372125	0	0	0	0	1	128	0	1	496	332	46	51	2364	0	0	0	1	
13202	17372159	0	0	0	0	1	128	0	1	496	332	46	51	2365	0	0	0	1	
13203	17372192	0	0	0	0	1	128	0	1	496	332	46	51	2364	0	0	0	1	
13204	17372225	0	0	0	0	1	128	0	1	496	332	46	51	2359	0	0	0	1	
13205	17372259	0	0	0	0	1	128	0	1	496	332	46	51	2361	0	0	0	1	
13206	17372292	0	0	0	0	1	128	0	1	496	332	46	51	2354	0	0	0	1	
13207	17372325	0	0	0	0	1	128	0	1	494	334	46	51	2338	0	0	0	1	
13208	17372359	0	0	0	0	1	128	0	1	488	342	47	51	2435	0	0	0	1	
13209	17372392	0	0	0	0	1	128	0	1	488	340	47	52	2430	0	0	0	1	
13210	17372425	0	0	0	0	1	128	0	1	488	340	47	51	2436	0	0	0	1	
13211	17372459	0	0	0	0	1	128	0	1	488	340	47	52	2437	0	0	0	1	
13212	17372492	0	0	0	0	1	128	0	1	488	340	47	52	2453	0	0	0	1	
13213	17372526	0	0	0	0	1	128	0	1	488	340	48	52	2458	0	0	0	1	
13214	17372559	0	0	0	0	1	128	0	1	488	340	48	52	2459	0	0	0	1	
13215	17372592	0	0	0	0	1	128	0	1	488	340	48	52	2471	0	0	0	1	
13216	17372626	0	0	0	0	1	128	0	1	488	340	48	52	2480	0	0	0	1	
13217	17372659	0	0	0	0	1	128	0	1	488	340	48	52	2489	0	0	0	1	
13218	17372692	0	0	0	0	1	128	0	1	488	340	48	52	2499	0	0	0	1	
13219	17372726	0	0	0	0	1	128	0	1	488	340	48	52	2500	0	0	0	1	
13220	17372759	0	0	0	0	1	128	0	1	488	340	48	52	2512	0	0	0	1	
13221	17372793	0	0	0	0	1	128	0	1	488	340	48	52	2514	0	0	0	1	
13222	17372826	0	0	0	0	1	128	0	1	488	340	48	52	2513	0	0	0	1	
13223	17372859	0	0	0	0	1	128	0	1	488	340	48	52	2528	0	0	0	1	
13224	17372893	0	0	0	0	1	128	0	1	488	340	48	52	2521	0	0	0	1	
13225	17372926	0	0	0	0	1	128	0	1	488	340	48	52	2523	0	0	0	1	
13226	17372959	0	0	0	0	1	128	0	1	488	340	48	52	2515	0	0	0	1	
13227	17372993	0	0	0	0	1	128	0	1	488	340	48	52	2515	0	0	0	1	
13228	17373026	0	0	0	0	1	128	0	1	488	340	48	52	2515	0	0	0	1	
13229	17373059	0	0	0	0	1	128	0	1	488	340	48	52	2507	0	0	0	1	
13230	17373093	0	0	0	0	1	128	0	1	488	340	48	52	2515	0	0	0	1	
13231	17373126	0	0	0	0	1	128	0	1	488	340	48	52	2506	0	0	0	1	
13232	17373160	0	0	0	0	1	128	0	1	488	340	48	52	2509	0	0	0	1	
13233	17373193	0	0	0	0	1	128	0	1	488	340	48	52	2498	0	0	0	1	
13234	17373226	0	0	0	0	1	128	0	1	488	340	48	52	2505	0	0	0	1	
13235	17373260	0	0	0	0	1	128	0	1	488	340	48	52	2501	0	0	0	1	
13236	17373293	0	0	0	0	1	128	0	1	488	340	48	52	2504	0	0	0	1	
13237	17373326	0	0	0	0	1	128	0	1	488	340	48	52	2499	0	0	0	1	
13238	17373360	0	0	0	0	1	128	0	1	488	340	48	52	2511	0	0	0	1	
13239	17373393	0	0	0	0	1	128	0	1	488	340	48	52	2515	0	0	0	1	
13240	17373426	0	0	0	0	1	128	0	1	488	340	48	52	2520	0	0	0	1	
13241	17373460	0	0	0	0	1	128	0	1	488	340	48	52	2521	0	0	0	1	
13242	17373493	0	0	0	0	1	128	0	1	488	340	48	52	2531	0	0	0	1	
13243	17373527	0	0	0	0	1	128	0	0	0	0	0	0	0	0	0	0	1	
13244	17373560	0	0	0	0	1	128	0	1	478	402	47	52	2419	0	0	0	1	
13245	17373593	0	0	0	0	1	128	0	1	476	404	48	52	2505	0	0	0	1	
13246	17373627	0	0	0	0	1	128	0	1	478	404	47	52	2484	0	0	0	1	
13247	17373660	0	0	0	0	1	128	0	1	478	404	48	53	2502	0	0	0	1	
13248	17373693	0	0	0	0	1	128	0	1	478	406	47	52	2446	0	0	0	1	
13249	17373727	0	0	0	0	1	128	0	1	478	406	47	52	2444	0	0	0	1	
13250	17373760	0	0	0	0	1	128	0	1	478	406	47	52	2430	0	0	0	1	
13251	17373794	0	0	0	0	1	128	0	1	478	408	46	52	2416	0	0	0	1	
13252	17373827	0	0	0	0	1	128	0	1	478	408	46	52	2392	0	0	0	1	
13253	17373860	0	0	0	0	1	128	0	1	478	408	46	52	2378	0	0	0	1	
13254	17373894	0	0	0	0	1	128	0	1	478	408	46	51	2364	0	0	0	1	
13255	17373927	0	0	0	0	1	128	0	1	478	408	46	51	2351	0	0	0	1	
13256	17373960	0	0	0	0	1	128	0	1	478	408	45	51	2320	0	0	0	1	
13257	17373994	0	0	0	0	1	128	0	1	478	408	45	51	2309	0	0	0	1	
13258	17374027	0	0	0	0	1	128	0	1	478	408	45	51	2298	0	0	0	1	
13259	17374060	0	0	0	0	1	128	0	1	478	408	45	51	2274	0	0	0	1	
13260	17374094	0	0	0	0	1	128	0	1	478	410	45	50	2258	0	0	0	1	
13261	17374127	0	0	0	0	1	128	0	1	478	410	44	50	2244	0	0	0	1	
13262	17374161	0	0	0	0	1	128	0	1	478	410	45	50	2242	0	0	0	1	
13263	17374194	0	0	0	0	1	128	0	1	496	406	35	51	1746	0	0	0	1	
13264	17374227	0	0	0	0	1	128	0	1	522	354	44	53	2373	0	0	0	1	
13265	17374261	0	0	0	0	1	128	0	1	538	346	36	49	1774	0	0	0	1	
13266	17374294	0	0	0	0	1	128	0	1	540	344	36	49	1765	0	0	0	1	
13267	17374327	0	0	0	0	1	128	0	1	540	344	36	49	1769	0	0	0	1	
13268	17374361	0	0	0	0	1	128	0	1	546	336	35	48	1662	0	0	0	1	
13269	17374394	0	0	0	0	1	128	0	1	546	336	34	48	1652	0	0	0	1	
13270	17374427	0	0	0	0	1	128	0	1	546	336	34	48	1641	0	0	0	1	
13271	17374461	0	0	0	0	1	128	0	1	546	336	34	48	1628	0	0	0	1	
13272	17374494	0	0	0	0	1	128	0	1	546	336	34	48	1619	0	0	0	1	
13273	17374528	0	0	0	0	1	128	0	1	546	336	34	47	1595	0	0	0	1	
13274	17374561	0	0	0	0	1	128	0	1	546	336	34	47	1587	0	0	0	1	
13275	17374594	0	0	0	0	1	128	0	1	548	334	33	47	1561	0	0	0	1	
13276	17374628	0	0	0	0	1	128	0	1	546	334	33	47	1562	0	0	0	1	
13277	17374661	0	0	0	0	1	128	0	1	546	334	33	47	1558	0	0	0	1	
13278	17374695	0	0	0	0	1	128	0	1	548	334	33	47	1554	0	0	0	1	
13279	17374728	0	0	0	0	1	128	0	1	546	334	33	47	1562	0	0	0	1	
13280	17374761	0	0	0	0	1	128	0	1	540	322	34	48	1644	0	0	0	1	
13281	17374795	0	0	0	0	1	128	0	1	512	286	37	49	1804	0	0	0	1	
13282	17374828	0	0	0	0	1	128	0	1	492	270	38	51	1922	0	0	0	1	
13283	17374861	0	0	0	0	1	128	0	1	490	270	39	48	1857	0	0	0	1	
13284	17374895	0	0	0	0	1	128	0	1	490	270	39	49	1889	0	0	0	1	
13285	17374928	0	0	0	0	1	128	0	1	490	270	39	49	1904	0	0	0	1	
13286	17374962	0	0	0	0	1	128	0	1	490	270	39	49	1886	0	0	0	1	
13287	17374995	0	0	0	0	1	128	0	1	490	270	39	48	1878	0	0	0	1	
13288	17375028	0	0	0	0	1	128	0	1	490	272	39	48	1887	0	0	0	1	
13289	17375062	0	0	0	0	1	128	0	1	490	272	39	49	1892	0	0	0	1	
13290	17375095	0	0	0	0	1	128	0	1	490	272	39	48	1867	0	0	0	1	
13291	17375128	0	0	0	0	1	128	0	1	490	272	39	48	1865	0	0	0	1	
13292	17375162	0	0	0	0	1	128	0	1	490	272	39	48	1853	0	0	0	1	
13293	17375195	0	0	0	0	1	128	0	1	490	272	38	48	1838	0	0	0	1	
13294	17375228	0	0	0	0	1	128	0	1	490	272	38	48	1823	0	0	0	1	
13295	17375262	0	0	0	0	1	128	0	1	490	272	38	48	1810	0	0	0	1	
13296	17375295	0	0	0	0	1	128	0	1	490	272	38	47	1796	0	0	0	1	
13297	17375329	0	0	0	0	1	128	0	1	486	280	38	47	1775	0	0	0	1	
13298	17375362	0	0	0	0	1	128	0	1	420	310	48	83	3986	0	0	0	1	
13299	17375395	0	0	0	0	1	128	0	1	428	336	45	47	2138	0	0	0	1	
13300	17375429	0	0	0	0	1	128	0	1	428	336	45	46	2079	0	0	0	1	
13301	17375462	0	0	0	0	1	128	0	1	428	336	45	46	2041	0	0	0	1	
13302	17375495	0	0	0	0	1	128	0	1	428	336	45	46	2047	0	0	0	1	
13303	17375529	0	0	0	0	1	128	0	1	428	336	44	46	2034	0	0	0	1	
13304	17375562	0	0	0	0	1	128	0	1	428	336	44	46	2028	0	0	0	1	
13305	17375595	0	0	0	0	1	128	0	1	426	338	44	46	2034	0	0	0	1	
13306	17375629	0	0	0	0	1	128	0	1	426	338	44	46	2018	0	0	0	1	
13307	17375662	0	0	0	0	1	128	0	1	426	338	44	46	2022	0	0	0	1	
13308	17375696	0	0	0	0	1	128	0	1	426	338	44	46	2011	0	0	0	1	
13309	17375729	0	0	0	0	1	128	0	1	426	338	44	46	2019	0	0	0	1	
13310	17375762	0	0	0	0	1	128	0	1	426	338	44	46	2025	0	0	0	1	
13311	17375796	0	0	0	0	1	128	0	1	426	338	44	45	2012	0	0	0	1	
13312	17375829	0	0	0	0	1	128	0	1	426	338	44	46	2059	0	0	0	1	
13313	17375862	0	0	0	0	1	128	0	1	426	338	44	46	2028	0	0	0	1	
13314	17375896	0	0	0	0	1	128	0	1	424	338	44	46	2059	0	0	0	1	
13315	17375929	0	0	0	0	1	128	0	1	424	338	44	46	2054	0	0	0	1	
13316	17375962	0	0	0	0	1	128	0	1	424	338	44	47	2072	0	0	0	1	
13317	17375996	0	0	0	0	1	128	0	1	424	338	45	46	2056	0	0	0	1	
13318	17376029	0	0	0	0	1	128	0	1	424	338	45	47	2089	0	0	0	1	
13319	17376063	0	0	0	0	1	128	0	0	0	0	0	0	0	0	0	0	1	
13320	17376096	0	0	0	0	1	128	0	1	484	396	42	55	2317	0	0	0	1	
13321	17376129	0	0	0	0	1	128	0	1	482	404	41	45	1837	0	0	0	1	
13322	17376163	0	0	0	0	1	128	0	1	482	404	41	45	1843	0	0	0	1	
13323	17376196	0	0	0	0	1	128	0	1	482	404	40	46	1841	0	0	0	1	
13324	17376229	0	0	0	0	1	128	0	1	482	404	40	46	1839	0	0	0	1	
13325	17376263	0	0	0	0	1	128	0	1	480	408	40	46	1852	0	0	0	1	
13326	17376296	0	0	0	0	1	128	0	1	480	408	40	46	1846	0	0	0	1	
13327	17376329	0	0	0	0	1	128	0	1	480	408	40	45	1824	0	0	0	1	
13328	17376363	0	0	0	0	1	128	0	1	480	408	40	45	1812	0	0	0	1	
13329	17376396	0	0	0	0	1	128	0	1	480	408	40	45	1791	0	0	0	1	
13330	17376430	0	0	0	0	1	128	0	1	480	408	40	45	1770	0	0	0	1	
13331	17376463	0	0	0	0	1	128	0	1	480	408	39	44	1744	0	0	0	1	
13332	17376496	0	0	0	0	1	128	0	1	480	408	39	44	1733	0	0	0	1	
13333	17376530	0	0	0	0	1	128	0	1	480	408	39	44	1730	0	0	0	1	
13334	17376563	0	0	0	0	1	128	0	1	480	408	39	44	1714	0	0	0	1	
13335	17376596	0	0	0	0	1	128	0	1	480	410	38	44	1673	0	0	0	1	
13336	17376630	0	0	0	0	1	128	0	1	480	408	39	44	1730	0	0	0	1	
13337	17376663	0	0	0	0	1	128	0	1	480	408	40	44	1744	0	0	0	1	
13338	17376697	0	0	0	0	1	128	0	1	478	408	40	45	1765	0	0	0	1	
13339	17376730	0	0	0	0	1	128	0	1	478	408	40	45	1781	0	0	0	1	
13340	17376763	0	0	0	0	1	128	0	1	478	408	40	45	1799	0	0	0	1	
13341	17376797	0	0	0	0	1	128	0	0	0	0	0	0	0	0	0	0	1	
13342	17376830	0	0	0	0	1	128	0	1	514	332	50	68	3387	0	0	0	1	
13343	17376863	0	0	0	0	1	128	0	1	546	332	31	45	1391	0	0	0	1	
13344	17376897	0	0	0	0	1	128	0	1	548	332	31	45	1420	0	0	0	1	
13345	17376930	0	0	0	0	1	128	0	1	548	332	32	45	1427	0	0	0	1	
13346	17376963	0	0	0	0	1	128	0	1	548	332	32	46	1444	0	0	0	1	
13347	17376997	0	0	0	0	1	128	0	1	548	332	32	46	1451	0	0	0	1	
13348	17377030	0	0	0	0	1	128	0	1	548	332	32	46	1460	0	0	0	1	
13349	17377064	0	0	0	0	1	128	0	1	548	332	32	46	1467	0	0	0	1	
13350	17377097	0	0	0	0	1	128	0	1	548	332	32	46	1475	0	0	0	1	
13351	17377130	0	0	0	0	1	128	0	1	546	334	33	46	1500	0	0	0	1	
13352	17377164	0	0	0	0	1	128	0	1	546	334	32	46	1496	0	0	0	1	
13353	17377197	0	0	0	0	1	128	0	1	548	334	33	46	1499	0	0	0	1	
13354	17377230	0	0	0	0	1	128	0	1	546	334	33	46	1497	0	0	0	1	
13355	17377264	0	0	0	0	1	128	0	1	548	334	33	46	1511	0	0	0	1	
13356	17377297	0	0	0	0	1	128	0	1	548	334	33	46	1519	0	0	0	1	
13357	17377331	0	0	0	0	1	128	0	1	546	334	33	47	1529	0	0	0	1	
13358	17377364	0	0	0	0	1	128	0	1	546	334	33	47	1536	0	0	0	1	
13359	17377397	0	0	0	0	1	128	0	1	546	334	33	47	1548	0	0	0	1	
13360	17377431	0	0	0	0	1	128	0	1	546	334	33	47	1561	0	0	0	1	
13361	17377464	0	0	0	0	1	128	0	1	546	334	33	47	1583	0	0	0	1	
13362	17377497	0	0	0	0	1	128	0	1	544	328	34	49	1638	0	0	0	1	
13363	17377531	0	0	0	0	1	128	0	1	522	288	37	48	1773	0	0	0	1	
13364	17377564	0	0	0	0	1	128	0	1	496	278	40	49	1965	0	0	0	1	
13365	17377597	0	0	0	0	1	128	0	1	496	278	40	49	1955	0	0	0	1	
13366	17377631	0	0	0	0	1	128	0	1	496	278	40	49	1979	0	0	0	1	
13367	17377664	0	0	0	0	1	128	0	1	496	278	40	49	1984	0	0	0	1	
13368	17377698	0	0	0	0	1	128	0	1	492	270	40	50	2013	0	0	0	1	
13369	17377731	0	0	0	0	1	128	0	1	490	270	40	50	2005	0	0	0	1	
13370	17377764	0	0	0	0	1	128	0	1	490	270	41	50	2022	0	0	0	1	
13371	17377798	0	0	0	0	1	128	0	1	490	272	41	50	2031	0	0	0	1	
13372	17377831	0	0	0	0	1	128	0	1	490	272	41	50	2041	0	0	0	1	
13373	17377864	0	0	0	0	1	128	0	1	490	272	41	50	2049	0	0	0	1	
13374	17377898	0	0	0	0	1	128	0	1	490	272	41	50	2054	0	0	0	1	
13375	17377931	0	0	0	0	1	128	0	1	490	272	41	50	2063	0	0	0	1	
13376	17377965	0	0	0	0	1	128	0	1	490	272	41	50	2061	0	0	0	1	
13377	17377998	0	0	0	0	1	128	0	1	490	272	41	50	2049	0	0	0	1	
13378	17378031	0	0	0	0	1	128	0	1	490	272	41	50	2032	0	0	0	1	
13379	17378065	0	0	0	0	1	128	0	1	490	272	40	50	2019	0	0	0	1	
13380	17378098	0	0	0	0	1	128	0	1	490	272	40	49	1999	0	0	0	1	
13381	17378131	0	0	0	0	1	128	0	1	490	272	40	49	1964	0	0	0	1	
13382	17378165	0	0	0	0	1	128	0	1	490	272	40	49	1928	0	0	0	1	
13383	17378198	0	0	0	0	1	128	0	1	490	272	39	48	1911	0	0	0	1	
13384	17378232	0	0	0	0	1	128	0	0	0	0	0	0	0	0	0	0	1	
13385	17378265	0	0	0	0	1	128	0	1	434	330	43	53	2245	0	0	0	1	
13386	17378298	0	0	0	0	1	128	0	1	426	340	46	49	2255	0	0	0	1	
13387	17378332	0	0	0	0	1	128	0	1	426	340	46	49	2262	0	0	0	1	
13388	17378365	0	0	0	0	1	128	0	1	424	338	46	51	2333	0	0	0	1	
13389	17378398	0	0	0	0	1	128	0	1	426	338	46	50	2260	0	0	0	1	
13390	17378432	0	0	0	0	1	128	0	1	426	338	46	48	2185	0	0	0	1	
13391	17378465	0	0	0	0	1	128	0	1	426	338	46	48	2204	0	0	0	1	
13392	17378498	0	0	0	0	1	128	0	1	426	338	45	49	2204	0	0	0	1	
13393	17378532	0	0	0	0	1	128	0	1	426	338	45	49	2227	0	0	0	1	
13394	17378565	0	0	0	0	1	128	0	1	428	338	45	48	2187	0	0	0	1	
13395	17378599	0	0	0	0	1	128	0	1	482	304	83	98	8106	0	0	0	1	
13396	17378632	0	0	0	0	1	128	0	1	490	336	43	46	1993	0	0	0	1	
13397	17378665	0	0	0	0	1	128	0	1	490	336	43	46	1969	0	0	0	1	
13398	17378699	0	0	0	0	1	128	0	1	490	336	43	46	1980	0	0	0	1	
13399	17378732	0	0	0	0	1	128	0	1	490	336	43	46	2004	0	0	0	1	
13400	17378765	0	0	0	0	1	128	0	1	490	336	43	47	2013	0	0	0	1	
13401	17378799	0	0	0	0	1	128	0	1	490	336	43	47	2018	0	0	0	1	
13402	17378832	0	0	0	0	1	128	0	1	490	334	43	47	2039	0	0	0	1	
13403	17378866	0	0	0	0	1	128	0	1	490	334	43	47	2047	0	0	0	1	
13404	17378899	0	0	0	0	1	128	0	1	490	334	43	47	2058	0	0	0	1	
13405	17378932	0	0	0	0	1	128	0	1	490	334	44	48	2078	0	0	0	1	
13406	17378966	0	0	0	0	1	128	0	1	490	334	44	48	2080	0	0	0	1	
13407	17378999	0	0	0	0	1	128	0	1	490	334	44	48	2093	0	0	0	1	
13408	17379032	0	0	0	0	1	128	0	1	490	334	44	48	2106	0	0	0	1	
13409	17379066	0	0	0	0	1	128	0	1	490	336	44	48	2103	0	0	0	1	
13410	17379099	0	0	0	0	1	128	0	1	490	336	45	48	2133	0	0	0	1	
13411	17379132	0	0	0	0	1	128	0	1	490	336	45	48	2136	0	0	0	1	
13412	17379166	0	0	0	0	1	128	0	1	490	336	45	48	2152	0	0	0	1	
13413	17379199	0	0	0	0	1	128	0	1	490	336	45	48	2173	0	0	0	1	
13414	17379233	0	0	0	0	1	128	0	1	490	336	45	49	2199	0	0	0	1	
13415	17379266	0	0	0	0	1	128	0	1	490	336	45	49	2216	0	0	0	1	
13416	17379299	0	0	0	0	1	128	0	1	490	336	45	49	2223	0	0	0	1	
13417	17379333	0	0	0	0	1	128	0	1	490	336	46	49	2244	0	0	0	1	
13418	17379366	0	0	0	0	1	128	0	1	492	336	45	49	2230	0	0	0	1	
13419	17379399	0	0	0	0	1	128	0	1	492	336	46	49	2246	0	0	0	1	
13420	17379433	0	0	0	0	1	128	0	1	492	336	45	49	2243	0	0	0	1	
13421	17379466	0	0	0	0	1	128	0	1	492	336	46	49	2257	0	0	0	1	
13422	17379500	0	0	0	0	1	128	0	1	492	336	45	49	2239	0	0	0	1	
13423	17379533	0	0	0	0	1	128	0	1	490	336	46	49	2250	0	0	0	1	
13424	17379566	0	0	0	0	1	128	0	1	490	336	45	49	2226	0	0	0	1	
13425	17379600	0	0	0	0	1	128	0	1	490	336	45	49	2210	0	0	0	1	
13426	17379633	0	0	0	0	1	128	0	1	490	336	45	49	2182	0	0	0	1	
13427	17379666	0	0	0	0	1	128	0	1	490	336	45	48	2163	0	0	0	1	
13428	17379700	0	0	0	0	1	128	0	1	490	336	44	48	2139	0	0	0	1	
13429	17379733	0	0	0	0	1	128	0	1	490	336	44	49	2157	0	0	0	1	
13430	17379766	0	0	0	0	1	128	0	1	490	336	44	48	2120	0	0	0	1	
13431	17379800	0	0	0	0	1	128	0	1	490	336	44	48	2111	0	0	0	1	
13432	17379833	0	0	0	0	1	128	0	1	490	336	44	48	2106	0	0	0	1	
13433	17379867	0	0	0	0	1	128	0	1	490	336	44	48	2098	0	0	0	1	
13434	17379900	0	0	0	0	1	128	0	1	490	336	44	48	2104	0	0	0	1	
13435	17379933	0	0	0	0	1	128	0	1	490	336	44	48	2092	0	0	0	1	
13436	17379967	0	0	0	0	1	128	0	1	490	336	44	48	2092	0	0	0	1	
13437	17380000	0	0	0	0	1	128	0	1	490	336	44	48	2091	0	0	0	1	
13438	17380033	0	0	0	0	1	128	0	1	490	336	44	48	2089	0	0	0	1	
13439	17380067	0	0	0	0	1	128	0	1	490	336	44	48	2090	0	0	0	1	
13440	17380100	0	0	0	0	1	128	0	1	490	336	44	47	2099	0	0	0	1	
13441	17380134	0	0	0	0	1	128	0	1	490	336	44	48	2107	0	0	0	1	
13442	17380167	0	0	0	0	1	128	0	1	490	336	44	48	2110	0	0	0	1	
13443	17380200	0	0	0	0	1	128	0	1	490	336	44	48	2114	0	0	0	1	
13444	17380234	0	0	0	0	1	128	0	1	490	336	45	48	2132	0	0	0	1	
13445	17380267	0	0	0	0	1	128	0	1	490	336	45	48	2148	0	0	0	1	
13446	17380300	0	0	0	0	1	128	0	1	490	336	45	48	2156	0	0	0	1	
13447	17380334	0	0	0	0	1	128	0	1	490	336	45	48	2173	0	0	0	1	
13448	17380367	0	0	0	0	1	128	0	1	490	336	45	48	2182	0	0	0	1	
13449	17380400	0	0	0	0	1	128	0	1	490	336	45	49	2204	0	0	0	1	
13450	17380434	0	0	0	0	1	128	0	1	490	336	45	49	2221	0	0	0	1	
13451	17380467	0	0	0	0	1	128	0	1	490	336	46	49	2237	0	0	0	1	
13452	17380501	0	0	0	0	1	128	0	1	506	336	43	49	2108	0	0	0	1	
13453	17380534	0	0	0	0	1	128	0	1	506	336	44	49	2141	0	0	0	1	
13454	17380567	0	0	0	0	1	128	0	1	506	336	44	49	2158	0	0	0	1	
13455	17380601	0	0	0	0	1	128	0	1	506	336	44	49	2169	0	0	0	1	
13456	17380634	0	0	0	0	1	128	0	1	506	336	44	49	2180	0	0	0	1	
13457	17380667	0	0	0	0	1	128	0	1	508	336	44	50	2160	0	0	0	1	
13458	17380701	0	0	0	0	1	128	0	1	508	336	44	50	2179	0	0	0	1	
13459	17380734	0	0	0	0	1	128	0	1	508	336	44	50	2182	0	0	0	1	
13460	17380768	0	0	0	0	1	128	0	1	508	336	44	50	2192	0	0	0	1	
13461	17380801	0	0	0	0	1	128	0	1	508	336	44	50	2199	0	0	0	1	
13462	17380834	0	0	0	0	1	128	0	1	508	336	44	50	2198	0	0	0	1	
13463	17380868	0	0	0	0	1	128	0	1	508	336	44	50	2210	0	0	0	1	
13464	17380901	0	0	0	0	1	128	0	1	508	336	44	50	2207	0	0	0	1	
13465	17380934	0	0	0	0	1	128	0	1	508	336	44	50	2200	0	0	0	1	
13466	17380968	0	0	0	0	1	128	0	1	508	336	44	50	2188	0	0	0	1	
13467	17381001	0	0	0	0	1	128	0	1	508	336	44	50	2174	0	0	0	1	
13468	17381035	0	0	0	0	1	128	0	1	508	338	44	49	2172	0	0	0	1	
13469	17381068	0	0	0	0	1	128	0	1	508	338	44	49	2155	0	0	0	1	
13470	17381101	0	0	0	0	1	128	0	1	508	338	44	49	2152	0	0	0	1	
13471	17381135	0	0	0	0	1	128	0	1	508	338	44	49	2150	0	0	0	1	
13472	17381168	0	0	0	0	1	128	0	1	508	338	44	49	2158	0	0	0	1	
13473	17381201	0	0	0	0	1	128	0	1	508	336	43	49	2104	0	0	0	1	
13474	17381235	0	0	0	0	1	128	0	1	486	332	47	56	2647	0	0	0	1	
13475	17381268	0	0	0	0	1	128	0	1	478	332	48	50	2392	0	0	0	1	
13476	17381301	0	0	0	0	1	128	0	1	476	332	48	50	2389	0	0	0	1	
13477	17381335	0	0	0	0	1	128	0	1	476	332	48	50	2409	0	0	0	1	
13478	17381368	0	0	0	0	1	128	0	1	476	332	48	50	2427	0	0	0	1	
13479	17381402	0	0	0	0	1	128	0	1	478	332	49	50	2440	0	0	0	1	
13480	17381435	0	0	0	0	1	128	0	1	478	332	49	51	2450	0	0	0	1	
13481	17381468	0	0	0	0	1	128	0	1	476	332	49	51	2471	0	0	0	1	
13482	17381502	0	0	0	0	1	128	0	1	476	332	49	51	2502	0	0	0	1	
13483	17381535	0	0	0	0	1	128	0	1	476	332	49	51	2490	0	0	0	1	
13484	17381568	0	0	0	0	1	128	0	1	478	334	49	51	2480	0	0	0	1	
13485	17381602	0	0	0	0	1	128	0	1	486	340	48	51	2456	0	0	0	1	
13486	17381635	0	0	0	0	1	128	0	1	486	340	48	51	2455	0	0	0	1	
13487	17381668	0	0	0	0	1	128	0	1	486	340	48	51	2454	0	0	0	1	
13488	17381702	0	0	0	0	1	128	0	1	486	340	48	51	2441	0	0	0	1	
13489	17381735	0	0	0	0	1	128	0	1	486	340	48	51	2428	0	0	0	1	
13490	17381769	0	0	0	0	1	128	0	1	486	340	48	51	2420	0	0	0	1	
13491	17381802	0	0	0	0	1	128	0	1	486	340	47	51	2405	0	0	0	1	
13492	17381835	0	0	0	0	1	128	0	1	486	340	47	50	2388	0	0	0	1	
13493	17381869	0	0	0	0	1	128	0	1	486	340	47	50	2371	0	0	0	1	
13494	17381902	0	0	0	0	1	128	0	1	486	340	47	50	2363	0	0	0	1	
13495	17381935	0	0	0	0	1	128	0	1	486	340	47	50	2352	0	0	0	1	
13496	17381969	0	0	0	0	1	128	0	1	486	340	47	50	2351	0	0	0	1	
13497	17382002	0	0	0	0	1	128	0	1	454	342	49	54	2607	0	0	0	1	
13498	17382036	0	0	0	0	1	128	0	1	446	340	50	51	2544	0	0	0	1	
13499	17382069	0	0	0	0	1	128	0	1	446	340	50	52	2570	0	0	0	1	
13500	17382102	0	0	0	0	1	128	0	1	446	340	50	52	2579	0	0	0	1	
13501	17382136	0	0	0	0	1	128	0	1	446	340	50	52	2598	0	0	0	1	
13502	17382169	0	0	0	0	1	128	0	1	446	340	50	52	2628	0	0	0	1	
13503	17382202	0	0	0	0	1	128	0	1	446	338	50	52	2633	0	0	0	1	
13504	17382236	0	0	0	0	1	128	0	1	444	338	51	53	2667	0	0	0	1	
13505	17382269	0	0	0	0	1	128	0	1	444	338	51	53	2693	0	0	0	1	
13506	17382302	0	0	0	0	1	128	0	1	444	338	51	53	2697	0	0	0	1	
13507	17382336	0	0	0	0	1	128	0	1	444	338	51	53	2712	0	0	0	1	
13508	17382369	0	0	0	0	1	128	0	1	444	338	51	53	2728	0	0	0	1	
13509	17382403	0	0	0	0	1	128	0	1	444	338	51	54	2735	0	0	0	1	
13510	17382436	0	0	0	0	1	128	0	1	444	338	51	54	2733	0	0	0	1	
13511	17382469	0	0	0	0	1	128	0	1	446	338	51	53	2738	0	0	0	1	
13512	17382503	0	0	0	0	1	128	0	1	454	342	51	53	2688	0	0	0	1	
13513	17382536	0	0	0	0	1	128	0	1	456	342	51	52	2660	0	0	0	1	
13514	17382569	0	0	0	0	1	128	0	1	456	342	51	52	2674	0	0	0	1	
13515	17382603	0	0	0	0	1	128	0	1	456	342	51	53	2682	0	0	0	1	
13516	17382636	0	0	0	0	1	128	0	1	456	342	51	53	2686	0	0	0	1	
13517	17382670	0	0	0	0	1	128	0	1	456	342	51	53	2707	0	0	0	1	
13518	17382703	0	0	0	0	1	128	0	1	456	342	51	53	2709	0	0	0	1	
13519	17382736	0	0	0	0	1	128	0	1	456	352	51	53	2709	0	0	0	1	
13520	17382770	0	0	0	0	1	128	0	1	456	352	51	53	2743	0	0	0	1	
13521	17382803	0	0	0	0	1	128	0	1	456	352	52	53	2749	0	0	0	1	
13522	17382836	0	0	0	0	1	128	0	1	456	352	52	53	2760	0	0	0	1	
13523	17382870	0	0	0	0	1	128	0	1	456	352	52	54	2779	0	0	0	1	
13524	17382903	0	0	0	0	1	128	0	1	456	352	52	54	2792	0	0	0	1	
13525	17382936	0	0	0	0	1	128	0	1	456	352	52	54	2826	0	0	0	1	
13526	17382970	0	0	0	0	1	128	0	1	456	352	52	54	2811	0	0	0	1	
13527	17383003	0	0	0	0	1	128	0	1	456	352	52	54	2807	0	0	0	1	
13528	17383037	0	0	0	0	1	128	0	1	456	352	52	54	2836	0	0	0	1	
13529	17383070	0	0	0	0	1	128	0	1	456	352	53	54	2841	0	0	0	1	
13530	17383103	0	0	0	0	1	128	0	1	456	352	53	54	2837	0	0	0	1	
13531	17383137	0	0	0	0	1	128	0	1	456	352	53	54	2855	0	0	0	1	
13532	17383170	0	0	0	0	1	128	0	1	456	352	53	54	2858	0	0	0	1	
13533	17383203	0	0	0	0	1	128	0	1	456	352	53	54	2843	0	0	0	1	
13534	17383237	0	0	0	0	1	128	0	1	456	352	53	54	2843	0	0	0	1	
13535	17383270	0	0	0	0	1	128	0	1	456	352	53	54	2852	0	0	0	1	
13536	17383303	0	0	0	0	1	128	0	1	456	352	52	54	2826	0	0	0	1	
13537	17383337	0	0	0	0	1	128	0	1	456	352	52	54	2834	0	0	0	1	
13538	17383370	0	0	0	0	1	128	0	1	456	352	53	54	2833	0	0	0	1	
13539	17383404	0	0	0	0	1	128	0	1	456	352	52	54	2812	0	0	0	1	
13540	17383437	0	0	0	0	1	128	0	1	456	352	52	54	2818	0	0	0	1	
13541	17383470	0	0	0	0	1	128	0	1	456	352	52	54	2828	0	0	0	1	
13542	17383504	0	0	0	0	1	128	0	1	456	346	53	54	2837	0	0	0	1	
13543	17383537	0	0	0	0	1	128	0	1	452	334	52	54	2799	0	0	0	1	
13544	17383570	0	0	0	0	1	128	0	1	452	334	52	55	2861	0	0	0	1	
13545	17383604	0	0	0	0	1	128	0	1	452	336	51	54	2803	0	0	0	1	
13546	17383637	0	0	0	0	1	128	0	1	452	336	52	54	2816	0	0	0	1	
13547	17383671	0	0	0	0	1	128	0	1	452	334	52	54	2787	0	0	0	1	
13548	17383704	0	0	0	0	1	128	0	1	450	334	52	54	2798	0	0	0	1	
13549	17383737	0	0	0	0	1	128	0	1	450	334	52	54	2816	0	0	0	1	
13550	17383771	0	0	0	0	1	128	0	1	450	334	52	55	2825	0	0	0	1	
13551	17383804	0	0	0	0	1	128	0	1	450	334	52	55	2839	0	0	0	1	
13552	17383837	0	0	0	0	1	128	0	1	450	334	52	54	2821	0	0	0	1	
13553	17383871	0	0	0	0	1	128	0	1	450	334	52	55	2833	0	0	0	1	
13554	17383904	0	0	0	0	1	128	0	1	450	334	52	55	2864	0	0	0	1	
13555	17383937	0	0	0	0	1	128	0	1	450	334	52	55	2838	0	0	0	1	
13556	17383971	0	0	0	0	1	128	0	1	458	334	52	54	2797	0	0	0	1	
13557	17384004	0	0	0	0	1	128	0	1	458	334	52	54	2809	0	0	0	1	
13558	17384038	0	0	0	0	1	128	0	1	458	334	52	54	2793	0	0	0	1	
13559	17384071	0	0	0	0	1	128	0	1	458	334	52	54	2796	0	0	0	1	
13560	17384104	0	0	0	0	1	128	0	1	458	334	52	54	2789	0	0	0	1	
13561	17384138	0	0	0	0	1	128	0	1	458	334	52	54	2780	0	0	0	1	
13562	17384171	0	0	0	0	1	128	0	1	458	334	52	54	2775	0	0	0	1	
13563	17384204	0	0	0	0	1	128	0	1	458	334	52	54	2766	0	0	0	1	
13564	17384238	0	0	0	0	1	128	0	1	490	334	48	52	2502	0	0	0	1	
13565	17384271	0	0	0	0	1	128	0	1	492	334	48	52	2538	0	0	0	1	
13566	17384305	0	0	0	0	1	128	0	1	492	334	48	52	2517	0	0	0	1	
13567	17384338	0	0	0	0	1	128	0	1	490	334	48	53	2530	0	0	0	1	
13568	17384371	0	0	0	0	1	128	0	1	490	334	48	52	2524	0	0	0	1	
13569	17384405	0	0	0	0	1	128	0	1	490	334	48	53	2530	0	0	0	1	
13570	17384438	0	0	0	0	1	128	0	1	490	334	48	53	2542	0	0	0	1	
13571	17384471	0	0	0	0	1	128	0	1	490	334	48	53	2537	0	0	0	1	
13572	17384505	0	0	0	0	1	128	0	1	490	334	48	53	2547	0	0	0	1	
13573	17384538	0	0	0	0	1	128	0	1	490	334	48	53	2542	0	0	0	1	
13574	17384571	0	0	0	0	1	128	0	1	488	334	49	53	2571	0	0	0	1	
13575	17384605	0	0	0	0	1	128	0	1	488	334	49	53	2573	0	0	0	1	
13576	17384638	0	0	0	0	1	128	0	1	488	334	49	53	2580	0	0	0	1	
13577	17384672	0	0	0	0	1	128	0	1	488	334	49	53	2583	0	0	0	1	
13578	17384705	0	0	0	0	1	128	0	1	488	334	49	53	2583	0	0	0	1	
13579	17384738	0	0	0	0	1	128	0	1	488	334	49	53	2587	0	0	0	1	
13580	17384772	0	0	0	0	1	128	0	1	488	334	49	53	2594	0	0	0	1	
13581	17384805	0	0	0	0	1	128	0	1	488	334	49	53	2600	0	0	0	1	
13582	17384838	0	0	0	0	1	128	0	1	488	334	49	53	2606	0	0	0	1	
13583	17384872	0	0	0	0	1	128	0	1	488	334	49	53	2609	0	0	0	1	
13584	17384905	0	0	0	0	1	128	0	1	488	336	49	53	2615	0	0	0	1	
13585	17384939	0	0	0	0	1	128	0	1	488	334	49	53	2613	0	0	0	1	
13586	17384972	0	0	0	0	1	128	0	1	488	334	49	53	2616	0	0	0	1	
13587	17385005	0	0	0	0	1	128	0	1	488	336	49	53	2615	0	0	0	1	
13588	17385039	0	0	0	0	1	128	0	1	486	334	50	55	2802	0	0	0	1	
13589	17385072	0	0	0	0	1	128	0	1	496	344	48	53	2559	0	0	0	1	
13590	17385105	0	0	0	0	1	128	0	1	494	344	48	53	2569	0	0	0	1	
13591	17385139	0	0	0	0	1	128	0	1	496	344	48	53	2567	0	0	0	1	
13592	17385172	0	0	0	0	1	128	0	1	494	346	48	53	2567	0	0	0	1	
13593	17385206	0	0	0	0	1	128	0	1	494	354	48	53	2558	0	0	0	1	
13594	17385239	0	0	0	0	1	128	0	1	492	356	49	53	2595	0	0	0	1	
13595	17385272	0	0	0	0	1	128	0	1	492	358	49	53	2591	0	0	0	1	
13596	17385306	0	0	0	0	1	128	0	1	492	362	49	53	2611	0	0	0	1	
13597	17385339	0	0	0	0	1	128	0	1	490	362	49	53	2635	0	0	0	1	
13598	17385372	0	0	0	0	1	128	0	1	488	364	49	53	2637	0	0	0	1	
13599	17385406	0	0	0	0	1	128	0	1	486	364	49	53	2629	0	0	0	1	
13600	17385439	0	0	0	0	1	128	0	1	480	364	50	53	2680	0	0	0	1	
13601	17385472	0	0	0	0	1	128	0	1	478	364	50	53	2670	0	0	0	1	
13602	17385506	0	0	0	0	1	128	0	1	476	364	50	53	2662	0	0	0	1	
13603	17385539	0	0	0	0	1	128	0	1	474	364	51	53	2660	0	0	0	1	
13604	17385573	0	0	0	0	1	128	0	1	472	364	51	52	2658	0	0	0	1	
13605	17385606	0	0	0	0	1	128	0	1	470	364	51	52	2650	0	0	0	1	
13606	17385639	0	0	0	0	1	128	0	1	468	366	51	52	2643	0	0	0	1	
13607	17385673	0	0	0	0	1	128	0	1	466	364	51	53	2720	0	0	0	1	
13608	17385706	0	0	0	0	1	128	0	1	464	364	52	53	2707	0	0	0	1	
13609	17385739	0	0	0	0	1	128	0	1	462	364	52	53	2743	0	0	0	1	
13610	17385773	0	0	0	0	1	128	0	1	460	364	52	53	2765	0	0	0	1	
13611	17385806	0	0	0	0	1	128	0	1	460	362	52	53	2761	0	0	0	1	
13612	17385840	0	0	0	0	1	128	0	1	458	362	52	53	2770	0	0	0	1	
13613	17385873	0	0	0	0	1	128	0	1	458	360	52	53	2781	0	0	0	1	
13614	17385906	0	0	0	0	1	128	0	1	456	358	52	54	2812	0	0	0	1	
13615	17385940	0	0	0	0	1	128	0	1	454	356	52	53	2792	0	0	0	1	
13616	17385973	0	0	0	0	1	128	0	1	454	354	52	54	2796	0	0	0	1	
13617	17386006	0	0	0	0	1	128	0	1	454	352	52	53	2786	0	0	0	1	
13618	17386040	0	0	0	0	1	128	0	1	454	350	52	53	2769	0	0	0	1	
13619	17386073	0	0	0	0	1	128	0	1	454	348	52	53	2765	0	0	0	1	
13620	17386106	0	0	0	0	1	128	0	1	456	348	52	53	2732	0	0	0	1	
13621	17386140	0	0	0	0	1	128	0	1	456	346	51	53	2722	0	0	0	1	
13622	17386173	0	0	0	0	1	128	0	1	460	344	51	52	2672	0	0	0	1	
13623	17386207	0	0	0	0	1	128	0	1	460	344	51	52	2650	0	0	0	1	
13624	17386240	0	0	0	0	1	128	0	1	462	342	51	52	2619	0	0	0	1	
13625	17386273	0	0	0	0	1	128	0	1	464	340	50	52	2594	0	0	0	1	
13626	17386307	0	0	0	0	1	128	0	1	466	340	50	52	2563	0	0	0	1	
13627	17386340	0	0	0	0	1	128	0	1	466	338	49	52	2534	0	0	0	1	
13628	17386373	0	0	0	0	1	128	0	1	468	338	48	51	2439	0	0	0	1	
13629	17386407	0	0	0	0	1	128	0	1	470	336	48	50	2420	0	0	0	1	
13630	17386440	0	0	0	0	1	128	0	1	470	334	48	51	2419	0	0	0	1	
13631	17386474	0	0	0	0	1	128	0	1	472	334	47	49	2347	0	0	0	1	
13632	17386507	0	0	0	0	1	128	0	1	474	334	47	49	2316	0	0	0	1	
13633	17386540	0	0	0	0	1	128	0	1	476	332	46	50	2312	0	0	0	1	
13634	17386574	0	0	0	0	1	128	0	1	478	332	46	49	2245	0	0	0	1	
13635	17386607	0	0	0	0	1	128	0	1	480	332	45	48	2197	0	0	0	1	
13636	17386640	0	0	0	0	1	128	0	1	482	332	45	48	2180	0	0	0	1	
13637	17386674	0	0	0	0	1	128	0	1	484	332	45	48	2147	0	0	0	1	
13638	17386707	0	0	0	0	1	128	0	1	486	332	44	48	2123	0	0	0	1	
13639	17386740	0	0	0	0	1	128	0	1	488	334	44	48	2113	0	0	0	1	
13640	17386774	0	0	0	0	1	128	0	1	488	334	44	48	2090	0	0	0	1	
13641	17386807	0	0	0	0	1	128	0	1	490	334	43	48	2061	0	0	0	1	
13642	17386841	0	0	0	0	1	128	0	1	490	336	43	47	2046	0	0	0	1	
13643	17386874	0	0	0	0	1	128	0	1	492	336	43	47	2042	0	0	0	1	
13644	17386907	0	0	0	0	1	128	0	1	492	338	43	47	2037	0	0	0	1	
13645	17386941	0	0	0	0	1	128	0	1	494	340	43	47	2038	0	0	0	1	
13646	17386974	0	0	0	0	1	128	0	1	494	342	43	47	2048	0	0	0	1	
13647	17387007	0	0	0	0	1	128	0	1	494	342	43	48	2067	0	0	0	1	
13648	17387041	0	0	0	0	1	128	0	1	494	342	44	48	2098	0	0	0	1	
13649	17387074	0	0	0	0	1	128	0	1	492	334	44	49	2116	0	0	0	1	
13650	17387107	0	0	0	0	1	128	0	1	492	334	44	48	2134	0	0	0	1	
13651	17387141	0	0	0	0	1	128	0	1	492	334	44	49	2156	0	0	0	1	
13652	17387174	0	0	0	0	1	128	0	1	492	334	45	49	2177	0	0	0	1	
13653	17387208	0	0	0	0	1	128	0	1	492	334	45	49	2189	0	0	0	1	
13654	17387241	0	0	0	0	1	128	0	1	492	334	45	49	2204	0	0	0	1	
13655	17387274	0	0	0	0	1	128	0	1	490	334	45	49	2221	0	0	0	1	
13656	17387308	0	0	0	0	1	128	0	1	490	334	45	50	2249	0	0	0	1	
13657	17387341	0	0	0	0	1	128	0	1	490	334	46	50	2277	0	0	0	1	
13658	17387374	0	0	0	0	1	128	0	1	490	334	46	50	2282	0	0	0	1	
13659	17387408	0	0	0	0	1	128	0	1	490	334	46	50	2292	0	0	0	1	
13660	17387441	0	0	0	0	1	128	0	1	490	334	46	50	2297	0	0	0	1	
13661	17387475	0	0	0	0	1	128	0	1	490	334	46	50	2296	0	0	0	1	
13662	17387508	0	0	0	0	1	128	0	1	490	336	46	50	2287	0	0	0	1	
13663	17387541	0	0	0	0	1	128	0	1	490	336	46	50	2282	0	0	0	1	
13664	17387575	0	0	0	0	1	128	0	1	490	334	46	50	2269	0	0	0	1	
13665	17387608	0	0	0	0	1	128	0	1	490	336	46	49	2246	0	0	0	1	
13666	17387641	0	0	0	0	1	128	0	1	490	336	45	49	2210	0	0	0	1	
13667	17387675	0	0	0	0	1	128	0	1	490	336	45	49	2191	0	0	0	1	
13668	17387708	0	0	0	0	1	128	0	1	488	334	44	48	2135	0	0	0	1	
13669	17387741	0	0	0	0	1	128	0	1	490	336	44	48	2148	0	0	0	1	
13670	17387775	0	0	0	0	1	128	0	1	490	336	44	48	2123	0	0	0	1	
13671	17387808	0	0	0	0	1	128	0	1	490	336	44	48	2106	0	0	0	1	
13672	17387842	0	0	0	0	1	128	0	1	490	336	44	48	2087	0	0	0	1	
13673	17387875	0	0	0	0	1	128	0	1	490	336	44	48	2083	0	0	0	1	
13674	17387908	0	0	0	0	1	128	0	1	490	336	44	48	2084	0	0	0	1	
13675	17387942	0	0	0	0	1	128	0	1	490	336	43	48	2064	0	0	0	1	
13676	17387975	0	0	0	0	1	128	0	1	490	336	43	48	2059	0	0	0	1	
13677	17388008	0	0	0	0	1	128	0	1	490	336	43	48	2064	0	0	0	1	
13678	17388042	0	0	0	0	1	128	0	1	506	312	40	47	1867	0	0	0	1	
13679	17388075	0	0	0	0	1	128	0	1	506	310	40	47	1870	0	0	0	1	
13680	17388109	0	0	0	0	1	128	0	1	506	310	39	47	1862	0	0	0	1	
13681	17388142	0	0	0	0	1	128	0	1	506	310	39	47	1859	0	0	0	1	
13682	17388175	0	0	0	0	1	128	0	1	508	302	38	47	1796	0	0	0	1	
13683	17388209	0	0	0	0	1	128	0	1	508	302	39	47	1804	0	0	0	1	
13684	17388242	0	0	0	0	1	128	0	1	508	302	39	47	1816	0	0	0	1	
13685	17388275	0	0	0	0	1	128	0	1	508	302	39	47	1818	0	0	0	1	
13686	17388309	0	0	0	0	1	128	0	1	508	302	39	47	1831	0	0	0	1	
13687	17388342	0	0	0	0	1	128	0	1	508	302	39	47	1853	0	0	0	1	
13688	17388376	0	0	0	0	1	128	0	1	508	302	39	47	1860	0	0	0	1	
13689	17388409	0	0	0	0	1	128	0	1	508	302	40	47	1879	0	0	0	1	
13690	17388442	0	0	0	0	1	128	0	1	508	302	40	48	1898	0	0	0	1	
13691	17388476	0	0	0	0	1	128	0	1	508	302	40	48	1901	0	0	0	1	
13692	17388509	0	0	0	0	1	128	0	1	508	302	40	48	1943	0	0	0	1	
13693	17388542	0	0	0	0	1	128	0	1	508	302	41	48	1959	0	0	0	1	
13694	17388576	0	0	0	0	1	128	0	1	508	302	41	48	1967	0	0	0	1	
13695	17388609	0	0	0	0	1	128	0	1	508	302	41	49	1981	0	0	0	1	
13696	17388642	0	0	0	0	1	128	0	1	508	302	41	49	1995	0	0	0	1	
13697	17388676	0	0	0	0	1	128	0	1	508	302	41	49	2005	0	0	0	1	
13698	17388709	0	0	0	0	1	128	0	1	506	304	41	49	2006	0	0	0	1	
13699	17388743	0	0	0	0	1	128	0	1	488	342	46	49	2249	0	0	0	1	
13700	17388776	0	0	0	0	1	128	0	1	486	344	46	49	2237	0	0	0	1	
13701	17388809	0	0	0	0	1	128	0	1	488	344	46	49	2254	0	0	0	1	
13702	17388843	0	0	0	0	1	128	0	1	488	344	46	49	2258	0	0	0	1	
13703	17388876	0	0	0	0	1	128	0	1	488	344	46	49	2263	0	0	0	1	
13704	17388909	0	0	0	0	1	128	0	1	488	344	46	49	2267	0	0	0	1	
13705	17388943	0	0	0	0	1	128	0	1	488	344	46	50	2280	0	0	0	1	
13706	17388976	0	0	0	0	1	128	0	1	488	344	46	50	2296	0	0	0	1	
13707	17389010	0	0	0	0	1	128	0	1	488	344	46	50	2300	0	0	0	1	
13708	17389043	0	0	0	0	1	128	0	1	488	342	46	50	2300	0	0	0	1	
13709	17389076	0	0	0	0	1	128	0	1	488	342	46	50	2307	0	0	0	1	
13710	17389110	0	0	0	0	1	128	0	1	488	342	46	50	2303	0	0	0	1	
13711	17389143	0	0	0	0	1	128	0	1	490	342	46	50	2316	0	0	0	1	
13712	17389176	0	0	0	0	1	128	0	1	488	342	47	50	2326	0	0	0	1	
13713	17389210	0	0	0	0	1	128	0	1	488	342	46	50	2318	0	0	0	1	
13714	17389243	0	0	0	0	1	128	0	1	488	342	46	50	2322	0	0	0	1	
13715	17389276	0	0	0	0	1	128	0	1	488	342	47	50	2325	0	0	0	1	
13716	17389310	0	0	0	0	1	128	0	1	488	342	47	50	2333	0	0	0	1	
13717	17389343	0	0	0	0	1	128	0	1	488	342	47	50	2321	0	0	0	1	
13718	17389377	0	0	0	0	1	128	0	1	488	342	47	50	2325	0	0	0	1	
13719	17389410	0	0	0	0	1	128	0	1	488	342	47	50	2327	0	0	0	1	
13720	17389443	0	0	0	0	1	128	0	1	488	342	47	50	2339	0	0	0	1	
13721	17389477	0	0	0	0	1	128	0	1	486	344	47	50	2322	0	0	0	1	
13722	17389510	0	0	0	0	1	128	0	1	458	368	49	50	2491	0	0	0	1	
13723	17389543	0	0	0	0	1	128	0	1	458	368	50	50	2497	0	0	0	1	
13724	17389577	0	0	0	0	1	128	0	1	460	370	49	50	2481	0	0	0	1	
13725	17389610	0	0	0	0	1	128	0	1	460	368	50	51	2521	0	0	0	1	
13726	17389643	0	0	0	0	1	128	0	1	460	368	50	51	2532	0	0	0	1	
13727	17389677	0	0	0	0	1	128	0	1	460	368	50	51	2570	0	0	0	1	
13728	17389710	0	0	0	0	1	128	0	1	460	368	50	51	2562	0	0	0	1	
13729	17389744	0	0	0	0	1	128	0	1	460	368	50	51	2567	0	0	0	1	
13730	17389777	0	0	0	0	1	128	0	1	458	368	50	52	2608	0	0	0	1	
13731	17389810	0	0	0	0	1	128	0	1	460	368	50	52	2599	0	0	0	1	
13732	17389844	0	0	0	0	1	128	0	1	466	366	49	50	2486	0	0	0	1	
13733	17389877	0	0	0	0	1	128	0	1	466	366	50	50	2519	0	0	0	1	
13734	17389910	0	0	0	0	1	128	0	1	466	366	50	50	2489	0	0	0	1	
13735	17389944	0	0	0	0	1	128	0	1	466	366	50	50	2491	0	0	0	1	
13736	17389977	0	0	0	0	1	128	0	1	474	360	49	50	2437	0	0	0	1	
13737	17390011	0	0	0	0	1	128	0	1	474	360	49	50	2415	0	0	0	1	
13738	17390044	0	0	0	0	1	128	0	1	474	360	49	50	2416	0	0	0	1	
13739	17390077	0	0	0	0	1	128	0	1	474	360	49	50	2406	0	0	0	1	
13740	17390111	0	0	0	0	1	128	0	1	474	360	49	49	2407	0	0	0	1	
13741	17390144	0	0	0	0	1	128	0	1	474	360	48	50	2398	0	0	0	1	
13742	17390177	0	0	0	0	1	128	0	1	474	360	48	50	2403	0	0	0	1	
13743	17390211	0	0	0	0	1	128	0	1	474	360	49	49	2397	0	0	0	1	
13744	17390244	0	0	0	0	1	128	0	1	476	360	49	49	2405	0	0	0	1	
13745	17390277	0	0	0	0	1	128	0	1	492	360	46	49	2241	0	0	0	1	
13746	17390311	0	0	0	0	1	128	0	1	492	360	45	49	2246	0	0	0	1	
13747	17390344	0	0	0	0	1	128	0	1	492	360	45	50	2252	0	0	0	1	
13748	17390378	0	0	0	0	1	128	0	1	492	360	46	50	2262	0	0	0	1	
13749	17390411	0	0	0	0	1	128	0	1	492	360	46	50	2279	0	0	0	1	
13750	17390444	0	0	0	0	1	128	0	1	492	360	46	50	2296	0	0	0	1	
13751	17390478	0	0	0	0	1	128	0	1	494	360	46	50	2296	0	0	0	1	
13752	17390511	0	0	0	0	1	128	0	1	494	360	46	50	2295	0	0	0	1	
13753	17390544	0	0	0	0	1	128	0	1	494	360	46	50	2304	0	0	0	1	
13754	17390578	0	0	0	0	1	128	0	1	494	360	46	50	2313	0	0	0	1	
13755	17390611	0	0	0	0	1	128	0	1	494	360	46	50	2302	0	0	0	1	
13756	17390645	0	0	0	0	1	128	0	1	494	360	46	50	2309	0	0	0	1	
13757	17390678	0	0	0	0	1	128	0	1	494	360	46	50	2316	0	0	0	1	
13758	17390711	0	0	0	0	1	128	0	1	494	360	46	50	2335	0	0	0	1	
13759	17390745	0	0	0	0	1	128	0	1	494	360	46	50	2311	0	0	0	1	
13760	17390778	0	0	0	0	1	128	0	1	494	360	46	50	2316	0	0	0	1	
13761	17390811	0	0	0	0	1	128	0	1	494	360	46	50	2314	0	0	0	1	
13762	17390845	0	0	0	0	1	128	0	1	494	360	46	50	2314	0	0	0	1	
13763	17390878	0	0	0	0	1	128	0	1	494	360	46	50	2333	0	0	0	1	
13764	17390911	0	0	0	0	1	128	0	1	494	360	46	50	2333	0	0	0	1	
13765	17390945	0	0	0	0	1	128	0	1	494	360	47	50	2351	0	0	0	1	
13766	17390978	0	0	0	0	1	128	0	1	494	360	47	50	2344	0	0	0	1	
13767	17391012	0	0	0	0	1	128	0	1	500	328	45	52	2307	0	0	0	1	
13768	17391045	0	0	0	0	1	128	0	1	498	326	46	51	2303	0	0	0	1	
13769	17391078	0	0	0	0	1	128	0	1	498	326	46	51	2305	0	0	0	1	
13770	17391112	0	0	0	0	1	128	0	1	498	326	46	51	2315	0	0	0	1	
13771	17391145	0	0	0	0	1	128	0	1	498	326	46	51	2342	0	0	0	1	
13772	17391178	0	0	0	0	1	128	0	1	498	326	46	51	2349	0	0	0	1	
13773	17391212	0	0	0	0	1	128	0	1	498	326	46	51	2363	0	0	0	1	
13774	17391245	0	0	0	0	1	128	0	1	498	326	46	51	2357	0	0	0	1	
13775	17391279	0	0	0	0	1	128	0	1	498	326	46	51	2368	0	0	0	1	
13776	17391312	0	0	0	0	1	128	0	1	498	326	46	51	2376	0	0	0	1	
13777	17391345	0	0	0	0	1	128	0	1	498	326	46	51	2368	0	0	0	1	
13778	17391379	0	0	0	0	1	128	0	1	498	326	46	51	2356	0	0	0	1	
13779	17391412	0	0	0	0	1	128	0	1	498	326	46	51	2349	0	0	0	1	
13780	17391445	0	0	0	0	1	128	0	1	498	326	46	51	2343	0	0	0	1	
13781	17391479	0	0	0	0	1	128	0	1	498	326	46	51	2327	0	0	0	1	
13782	17391512	0	0	0	0	1	128	0	1	498	326	45	51	2319	0	0	0	1	
13783	17391545	0	0	0	0	1	128	0	1	498	326	45	51	2298	0	0	0	1	
13784	17391579	0	0	0	0	1	128	0	1	498	326	45	50	2277	0	0	0	1	
13785	17391612	0	0	0	0	1	128	0	1	498	324	45	50	2243	0	0	0	1	
13786	17391646	0	0	0	0	1	128	0	1	498	324	45	50	2233	0	0	0	1	
13787	17391679	0	0	0	0	1	128	0	1	498	324	44	50	2212	0	0	0	1	
13788	17391712	0	0	0	0	1	128	0	1	498	326	44	50	2207	0	0	0	1	
13789	17391746	0	0	0	0	1	128	0	1	498	326	44	50	2179	0	0	0	1	
13790	17391779	0	0	0	0	1	128	0	1	498	326	44	50	2187	0	0	0	1	
13791	17391812	0	0	0	0	1	128	0	1	496	326	44	50	2185	0	0	0	1	
13792	17391846	0	0	0	0	1	128	0	1	488	318	45	50	2243	0	0	0	1	
13793	17391879	0	0	0	0	1	128	0	1	486	318	45	50	2229	0	0	0	1	
13794	17391913	0	0	0	0	1	128	0	1	484	316	45	50	2253	0	0	0	1	
13795	17391946	0	0	0	0	1	128	0	1	484	318	45	50	2260	0	0	0	1	
13796	17391979	0	0	0	0	1	128	0	1	482	318	46	50	2274	0	0	0	1	
13797	17392013	0	0	0	0	1	128	0	1	472	322	47	50	2355	0	0	0	1	
13798	17392046	0	0	0	0	1	128	0	1	470	322	47	50	2347	0	0	0	1	
13799	17392079	0	0	0	0	1	128	0	1	466	324	47	51	2396	0	0	0	1	
13800	17392113	0	0	0	0	1	128	0	1	464	326	47	51	2398	0	0	0	1	
13801	17392146	0	0	0	0	1	128	0	1	462	328	47	50	2359	0	0	0	1	
13802	17392180	0	0	0	0	1	128	0	1	460	330	47	50	2378	0	0	0	1	
13803	17392213	0	0	0	0	1	128	0	1	460	334	48	50	2391	0	0	0	1	
13804	17392246	0	0	0	0	1	128	0	1	458	336	48	50	2389	0	0	0	1	
13805	17392280	0	0	0	0	1	128	0	1	458	340	47	50	2357	0	0	0	1	
13806	17392313	0	0	0	0	1	128	0	1	456	342	48	50	2364	0	0	0	1	
13807	17392346	0	0	0	0	1	128	0	1	456	346	47	48	2267	0	0	0	1	
13808	17392380	0	0	0	0	1	128	0	1	456	348	47	48	2258	0	0	0	1	
13809	17392413	0	0	0	0	1	128	0	1	454	350	47	49	2261	0	0	0	1	
13810	17392446	0	0	0	0	1	128	0	1	454	352	46	48	2231	0	0	0	1	
13811	17392480	0	0	0	0	1	128	0	1	454	354	46	47	2191	0	0	0	1	
13812	17392513	0	0	0	0	1	128	0	1	454	356	46	47	2190	0	0	0	1	
13813	17392547	0	0	0	0	1	128	0	1	456	360	46	47	2146	0	0	0	1	
13814	17392580	0	0	0	0	1	128	0	1	458	362	46	46	2082	0	0	0	1	
13815	17392613	0	0	0	0	1	128	0	1	462	366	45	46	2048	0	0	0	1	
13816	17392647	0	0	0	0	1	128	0	1	462	368	45	45	2023	0	0	0	1	
13817	17392680	0	0	0	0	1	128	0	1	464	368	45	45	2006	0	0	0	1	
13818	17392713	0	0	0	0	1	128	0	1	466	370	44	45	1967	0	0	0	1	
13819	17392747	0	0	0	0	1	128	0	1	468	372	44	45	1959	0	0	0	1	
13820	17392780	0	0	0	0	1	128	0	1	470	372	43	45	1935	0	0	0	1	
13821	17392813	0	0	0	0	1	128	0	1	472	374	43	45	1909	0	0	0	1	
13822	17392847	0	0	0	0	1	128	0	1	474	374	42	44	1874	0	0	0	1	
13823	17392880	0	0	0	0	1	128	0	1	478	374	42	44	1862	0	0	0	1	
13824	17392914	0	0	0	0	1	128	0	1	480	374	42	44	1851	0	0	0	1	
13825	17392947	0	0	0	0	1	128	0	1	482	372	41	44	1826	0	0	0	1	
13826	17392980	0	0	0	0	1	128	0	1	486	372	41	45	1809	0	0	0	1	
13827	17393014	0	0	0	0	1	128	0	1	488	370	41	44	1810	0	0	0	1	
13828	17393047	0	0	0	0	1	128	0	1	492	368	41	44	1810	0	0	0	1	
13829	17393080	0	0	0	0	1	128	0	1	494	366	41	44	1802	0	0	0	1	
13830	17393114	0	0	0	0	1	128	0	1	496	364	40	45	1796	0	0	0	1	
13831	17393147	0	0	0	0	1	128	0	1	498	362	40	45	1803	0	0	0	1	
13832	17393180	0	0	0	0	1	128	0	1	500	360	40	45	1813	0	0	0	1	
13833	17393214	0	0	0	0	1	128	0	1	502	358	41	45	1848	0	0	0	1	
13834	17393247	0	0	0	0	1	128	0	1	502	354	41	45	1842	0	0	0	1	
13835	17393281	0	0	0	0	1	128	0	1	504	352	41	45	1835	0	0	0	1	
13836	17393314	0	0	0	0	1	128	0	1	504	350	41	46	1880	0	0	0	1	
13837	17393347	0	0	0	0	1	128	0	1	506	346	41	46	1890	0	0	0	1	
13838	17393381	0	0	0	0	1	128	0	1	506	344	41	46	1889	0	0	0	1	
13839	17393414	0	0	0	0	1	128	0	1	506	342	41	46	1899	0	0	0	1	
13840	17393447	0	0	0	0	1	128	0	1	506	338	41	46	1901	0	0	0	1	
13841	17393481	0	0	0	0	1	128	0	1	504	336	41	47	1921	0	0	0	1	
13842	17393514	0	0	0	0	1	128	0	1	504	336	41	47	1934	0	0	0	1	
13843	17393548	0	0	0	0	1	128	0	1	504	334	41	47	1942	0	0	0	1	
13844	17393581	0	0	0	0	1	128	0	1	498	328	42	47	1972	0	0	0	1	
13845	17393614	0	0	0	0	1	128	0	1	498	326	42	47	1974	0	0	0	1	
13846	17393648	0	0	0	0	1	128	0	1	498	326	42	47	2001	0	0	0	1	
13847	17393681	0	0	0	0	1	128	0	1	496	324	43	47	2009	0	0	0	1	
13848	17393714	0	0	0	0	1	128	0	1	496	324	43	47	2028	0	0	0	1	
13849	17393748	0	0	0	0	1	128	0	1	496	324	43	48	2049	0	0	0	1	
13850	17393781	0	0	0	0	1	128	0	1	496	324	43	48	2053	0	0	0	1	
13851	17393815	0	0	0	0	1	128	0	1	496	324	43	48	2062	0	0	0	1	
13852	17393848	0	0	0	0	1	128	0	1	496	324	43	48	2075	0	0	0	1	
13853	17393881	0	0	0	0	1	128	0	1	498	326	43	48	2062	0	0	0	1	
13854	17393915	0	0	0	0	1	128	0	1	498	326	43	48	2058	0	0	0	1	
13855	17393948	0	0	0	0	1	128	0	1	498	326	43	48	2052	0	0	0	1	
13856	17393981	0	0	0	0	1	128	0	1	498	326	43	48	2038	0	0	0	1	
13857	17394015	0	0	0	0	1	128	0	1	498	326	43	47	2030	0	0	0	1	
13858	17394048	0	0	0	0	1	128	0	1	498	326	42	47	2004	0	0	0	1	
13859	17394082	0	0	0	0	1	128	0	1	498	326	42	47	1971	0	0	0	1	
13860	17394115	0	0	0	0	1	128	0	1	498	326	42	47	1948	0	0	0	1	
13861	17394148	0	0	0	0	1	128	0	1	498	326	41	46	1916	0	0	0	1	
13862	17394182	0	0	0	0	1	128	0	1	498	326	41	46	1896	0	0	0	1	
13863	17394215	0	0	0	0	1	128	0	1	498	326	41	46	1876	0	0	0	1	
13864	17394248	0	0	0	0	1	128	0	1	498	326	41	46	1863	0	0	0	1	
13865	17394282	0	0	0	0	1	128	0	1	498	326	41	45	1841	0	0	0	1	
13866	17394315	0	0	0	0	1	128	0	1	498	326	41	45	1820	0	0	0	1	
13867	17394348	0	0	0	0	1	128	0	1	498	326	40	45	1814	0	0	0	1	
13868	17394382	0	0	0	0	1	128	0	1	498	326	40	45	1802	0	0	0	1	
13869	17394415	0	0	0	0	1	128	0	1	498	326	40	45	1791	0	0	0	1	
13870	17394449	0	0	0	0	1	128	0	1	498	326	40	44	1785	0	0	0	1	
13871	17394482	0	0	0	0	1	128	0	1	498	326	40	44	1772	0	0	0	1	
13872	17394515	0	0	0	0	1	128	0	1	498	326	40	44	1773	0	0	0	1	
13873	17394549	0	0	0	0	1	128	0	1	498	326	40	44	1781	0	0	0	1	
13874	17394582	0	0	0	0	1	128	0	1	498	326	40	44	1769	0	0	0	1	
13875	17394615	0	0	0	0	1	128	0	1	498	326	40	44	1777	0	0	0	1	
13876	17394649	0	0	0	0	1	128	0	1	496	326	40	45	1779	0	0	0	1	
13877	17394682	0	0	0	0	1	128	0	1	496	326	40	45	1785	0	0	0	1	
13878	17394715	0	0	0	0	1	128	0	1	496	326	40	45	1805	0	0	0	1	
13879	17394749	0	0	0	0	1	128	0	1	496	326	40	45	1805	0	0	0	1	
13880	17394782	0	0	0	0	1	128	0	1	496	324	41	45	1835	0	0	0	1	
13881	17394816	0	0	0	0	1	128	0	1	484	308	41	46	1914	0	0	0	1	
13882	17394849	0	0	0	0	1	128	0	1	482	308	41	46	1910	0	0	0	1	
13883	17394882	0	0	0	0	1	128	0	1	482	308	42	46	1935	0	0	0	1	
13884	17394916	0	0	0	0	1	128	0	1	482	304	42	47	1961	0	0	0	1	
13885	17394949	0	0	0	0	1	128	0	1	480	302	42	47	1970	0	0	0	1	
13886	17394982	0	0	0	0	1	128	0	1	480	302	42	47	1996	0	0	0	1	
13887	17395016	0	0	0	0	1	128	0	1	480	302	42	48	2021	0	0	0	1	
13888	17395049	0	0	0	0	1	128	0	1	480	302	43	48	2041	0	0	0	1	
13889	17395083	0	0	0	0	1	128	0	1	480	302	43	48	2055	0	0	0	1	
13890	17395116	0	0	0	0	1	128	0	1	480	302	43	48	2059	0	0	0	1	
13891	17395149	0	0	0	0	1	128	0	1	480	302	43	48	2074	0	0	0	1	
13892	17395183	0	0	0	0	1	128	0	1	480	302	43	48	2080	0	0	0	1	
13893	17395216	0	0	0	0	1	128	0	1	480	302	43	48	2086	0	0	0	1	
13894	17395249	0	0	0	0	1	128	0	1	480	302	43	48	2076	0	0	0	1	
13895	17395283	0	0	0	0	1	128	0	1	480	310	44	48	2110	0	0	0	1	
13896	17395316	0	0	0	0	1	128	0	1	480	310	44	48	2091	0	0	0	1	
13897	17395349	0	0	0	0	1	128	0	1	482	312	44	48	2070	0	0	0	1	
13898	17395383	0	0	0	0	1	128	0	1	482	312	43	47	2051	0	0	0	1	
13899	17395416	0	0	0	0	1	128	0	1	482	312	43	47	2039	0	0	0	1	
13900	17395450	0	0	0	0	1	128	0	1	482	314	43	47	2027	0	0	0	1	
13901	17395483	0	0	0	0	1	128	0	1	482	314	43	46	1993	0	0	0	1	
13902	17395516	0	0	0	0	1	128	0	1	482	314	43	46	1989	0	0	0	1	
13903	17395550	0	0	0	0	1	128	0	1	484	314	43	46	1973	0	0	0	1	
13904	17395583	0	0	0	0	1	128	0	1	508	294	37	46	1690	0	0	0	1	
13905	17395616	0	0	0	0	1	128	0	1	510	294	37	46	1702	0	0	0	1	
13906	17395650	0	0	0	0	1	128	0	1	510	294	38	45	1705	0	0	0	1	
13907	17395683	0	0	0	0	1	128	0	1	510	294	38	45	1707	0	0	0	1	
13908	17395716	0	0	0	0	1	128	0	1	510	294	38	46	1718	0	0	0	1	
13909	17395750	0	0	0	0	1	128	0	1	510	294	38	46	1724	0	0	0	1	
13910	17395783	0	0	0	0	1	128	0	1	510	294	38	46	1737	0	0	0	1	
13911	17395817	0	0	0	0	1	128	0	1	510	294	38	46	1745	0	0	0	1	
13912	17395850	0	0	0	0	1	128	0	1	510	294	38	46	1755	0	0	0	1	
13913	17395883	0	0	0	0	1	128	0	1	510	294	38	46	1765	0	0	0	1	
13914	17395917	0	0	0	0	1	128	0	1	510	294	38	46	1778	0	0	0	1	
13915	17395950	0	0	0	0	1	128	0	1	510	294	38	46	1777	0	0	0	1	
13916	17395983	0	0	0	0	1	128	0	1	510	294	38	46	1782	0	0	0	1	
13917	17396017	0	0	0	0	1	128	0	1	510	294	39	46	1799	0	0	0	1	
13918	17396050	0	0	0	0	1	128	0	1	510	294	39	47	1815	0	0	0	1	
13919	17396084	0	0	0	0	1	128	0	1	510	294	39	47	1814	0	0	0	1	
13920	17396117	0	0	0	0	1	128	0	1	508	294	39	47	1822	0	0	0	1	
13921	17396150	0	0	0	0	1	128	0	1	508	294	39	47	1836	0	0	0	1	
13922	17396184	0	0	0	0	1	128	0	1	508	294	39	47	1848	0	0	0	1	
13923	17396217	0	0	0	0	1	128	0	1	508	294	39	47	1853	0	0	0	1	
13924	17396250	0	0	0	0	1	128	0	1	508	296	39	48	1868	0	0	0	1	
13925	17396284	0	0	0	0	1	128	0	1	498	314	43	48	2045	0	0	0	1	
13926	17396317	0	0	0	0	1	128	0	1	498	312	42	48	2020	0	0	0	1	
13927	17396351	0	0	0	0	1	128	0	1	498	312	42	48	2025	0	0	0	1	
13928	17396384	0	0	0	0	1	128	0	1	498	312	42	48	2039	0	0	0	1	
13929	17396417	0	0	0	0	1	128	0	1	498	312	43	48	2044	0	0	0	1	
13930	17396451	0	0	0	0	1	128	0	1	498	312	42	48	2051	0	0	0	1	
13931	17396484	0	0	0	0	1	128	0	1	500	312	42	49	2060	0	0	0	1	
13932	17396517	0	0	0	0	1	128	0	1	500	310	42	49	2058	0	0	0	1	
13933	17396551	0	0	0	0	1	128	0	1	500	312	42	49	2054	0	0	0	1	
13934	17396584	0	0	0	0	1	128	0	1	500	312	42	49	2064	0	0	0	1	
13935	17396617	0	0	0	0	1	128	0	1	500	310	42	49	2065	0	0	0	1	
13936	17396651	0	0	0	0	1	128	0	1	500	310	42	49	2071	0	0	0	1	
13937	17396684	0	0	0	0	1	128	0	1	500	310	43	49	2082	0	0	0	1	
13938	17396718	0	0	0	0	1	128	0	1	500	310	43	49	2091	0	0	0	1	
13939	17396751	0	0	0	0	1	128	0	1	500	312	43	49	2091	0	0	0	1	
13940	17396784	0	0	0	0	1	128	0	1	500	310	43	49	2099	0	0	0	1	
13941	17396818	0	0	0	0	1	128	0	1	500	312	43	49	2105	0	0	0	1	
13942	17396851	0	0	0	0	1	128	0	1	500	312	43	49	2102	0	0	0	1	
13943	17396884	0	0	0	0	1	128	0	1	500	312	43	49	2113	0	0	0	1	
13944	17396918	0	0	0	0	1	128	0	1	500	312	43	49	2130	0	0	0	1	
13945	17396951	0	0	0	0	1	128	0	1	500	312	43	49	2127	0	0	0	1	
13946	17396985	0	0	0	0	1	128	0	1	500	312	43	49	2138	0	0	0	1	
13947	17397018	0	0	0	0	1	128	0	0	0	0	0	0	0	0	0	0	1	
13948	17397051	0	0	0	0	1	128	0	1	488	352	46	50	2298	0	0	0	1	
13949	17397085	0	0	0	0	1	128	0	1	488	350	46	49	2284	0	0	0	1	
13950	17397118	0	0	0	0	1	128	0	1	488	350	47	49	2306	0	0	0	1	
13951	17397151	0	0	0	0	1	128	0	1	488	350	47	50	2316	0	0	0	1	
13952	17397185	0	0	0	0	1	128	0	1	488	350	47	50	2320	0	0	0	1	
13953	17397218	0	0	0	0	1	128	0	1	488	350	47	50	2328	0	0	0	1	
13954	17397251	0	0	0	0	1	128	0	1	488	350	47	50	2337	0	0	0	1	
13955	17397285	0	0	0	0	1	128	0	1	488	350	47	50	2354	0	0	0	1	
13956	17397318	0	0	0	0	1	128	0	1	486	352	47	50	2366	0	0	0	1	
13957	17397352	0	0	0	0	1	128	0	1	486	352	47	50	2365	0	0	0	1	
13958	17397385	0	0	0	0	1	128	0	1	488	352	47	50	2359	0	0	0	1	
13959	17397418	0	0	0	0	1	128	0	1	488	352	47	50	2354	0	0	0	1	
13960	17397452	0	0	0	0	1	128	0	1	486	352	47	50	2337	0	0	0	1	
13961	17397485	0	0	0	0	1	128	0	1	488	348	47	50	2331	0	0	0	1	
13962	17397518	0	0	0	0	1	128	0	1	488	348	47	50	2351	0	0	0	1	
13963	17397552	0	0	0	0	1	128	0	1	488	348	47	50	2355	0	0	0	1	
13964	17397585	0	0	0	0	1	128	0	1	488	348	47	50	2364	0	0	0	1	
13965	17397619	0	0	0	0	1	128	0	1	488	348	47	50	2375	0	0	0	1	
13966	17397652	0	0	0	0	1	128	0	1	488	348	48	50	2380	0	0	0	1	
13967	17397685	0	0	0	0	1	128	0	1	488	348	48	50	2388	0	0	0	1	
13968	17397719	0	0	0	0	1	128	0	1	488	348	48	50	2409	0	0	0	1	
13969	17397752	0	0	0	0	1	128	0	1	488	348	48	51	2417	0	0	0	1	
13970	17397785	0	0	0	0	1	128	0	1	486	346	48	51	2434	0	0	0	1	
13971	17397819	0	0	0	0	1	128	0	1	476	334	49	51	2506	0	0	0	1	
13972	17397852	0	0	0	0	1	128	0	1	476	336	49	51	2519	0	0	0	1	
13973	17397885	0	0	0	0	1	128	0	1	476	338	49	52	2544	0	0	0	1	
13974	17397919	0	0	0	0	1	128	0	1	476	336	49	52	2584	0	0	0	1	
13975	17397952	0	0	0	0	1	128	0	1	476	336	49	52	2553	0	0	0	1	
13976	17397986	0	0	0	0	1	128	0	1	476	336	50	53	2603	0	0	0	1	
13977	17398019	0	0	0	0	1	128	0	1	476	336	50	52	2575	0	0	0	1	
13978	17398052	0	0	0	0	1	128	0	1	476	336	50	52	2557	0	0	0	1	
13979	17398086	0	0	0	0	1	128	0	1	476	336	50	52	2575	0	0	0	1	
13980	17398119	0	0	0	0	1	128	0	1	476	336	50	52	2580	0	0	0	1	
13981	17398152	0	0	0	0	1	128	0	1	476	336	50	52	2573	0	0	0	1	
13982	17398186	0	0	0	0	1	128	0	1	476	336	50	52	2576	0	0	0	1	
13983	17398219	0	0	0	0	1	128	0	1	476	334	50	52	2604	0	0	0	1	
13984	17398253	0	0	0	0	1	128	0	1	482	334	49	51	2501	0	0	0	1	
13985	17398286	0	0	0	0	1	128	0	1	482	334	49	51	2503	0	0	0	1	
13986	17398319	0	0	0	0	1	128	0	1	482	334	49	51	2490	0	0	0	1	
13987	17398353	0	0	0	0	1	128	0	1	482	334	48	51	2468	0	0	0	1	
13988	17398386	0	0	0	0	1	128	0	1	482	334	48	51	2455	0	0	0	1	
13989	17398419	0	0	0	0	1	128	0	1	482	334	48	51	2433	0	0	0	1	
13990	17398453	0	0	0	0	1	128	0	1	482	334	48	50	2421	0	0	0	1	
13991	17398486	0	0	0	0	1	128	0	1	482	334	48	50	2392	0	0	0	1	
13992	17398519	0	0	0	0	1	128	0	1	486	336	48	50	2360	0	0	0	1	
13993	17398553	0	0	0	0	1	128	0	1	490	336	46	49	2281	0	0	0	1	
13994	17398586	0	0	0	0	1	128	0	1	490	336	46	49	2268	0	0	0	1	
13995	17398620	0	0	0	0	1	128	0	1	490	334	46	49	2256	0	0	0	1	
13996	17398653	0	0	0	0	1	128	0	1	490	334	46	49	2246	0	0	0	1	
13997	17398686	0	0	0	0	1	128	0	1	490	334	46	49	2251	0	0	0	1	
13998	17398720	0	0	0	0	1	128	0	1	490	334	46	49	2245	0	0	0	1	
13999	17398753	0	0	0	0	1	128	0	1	490	334	46	49	2248	0	0	0	1	
14000	17398786	0	0	0	0	1	128	0	1	490	334	46	49	2247	0	0	0	1	
14001	17398820	0	0	0	0	1	128	0	1	490	334	46	49	2251	0	0	0	1	
14002	17398853	0	0	0	0	1	128	0	1	488	334	46	49	2274	0	0	0	1	
14003	17398887	0	0	0	0	1	128	0	1	488	334	47	49	2290	0	0	0	1	
14004	17398920	0	0	0	0	1	128	0	1	488	334	47	49	2299	0	0	0	1	
14005	17398953	0	0	0	0	1	128	0	1	488	334	47	49	2302	0	0	0	1	
14006	17398987	0	0	0	0	1	128	0	1	488	334	47	49	2298	0	0	0	1	
14007	17399020	0	0	0	0	1	128	0	1	488	334	47	49	2293	0	0	0	1	
14008	17399053	0	0	0	0	1	128	0	1	488	334	47	49	2305	0	0	0	1	
14009	17399087	0	0	0	0	1	128	0	1	488	334	47	49	2306	0	0	0	1	
14010	17399120	0	0	0	0	1	128	0	1	488	334	46	50	2305	0	0	0	1	
14011	17399153	0	0	0	0	1	128	0	1	488	334	46	49	2282	0	0	0	1	
14012	17399187	0	0	0	0	1	128	0	1	488	334	46	49	2280	0	0	0	1	
14013	17399220	0	0	0	0	1	128	0	1	488	334	46	49	2286	0	0	0	1	
14014	17399254	0	0	0	0	1	128	0	1	488	334	46	49	2283	0	0	0	1	
14015	17399287	0	0	0	0	1	128	0	1	488	334	46	50	2294	0	0	0	1	
14016	17399320	0	0	0	0	1	128	0	1	490	336	47	49	2286	0	0	0	1	
14017	17399354	0	0	0	0	1	128	0	1	500	352	45	49	2226	0	0	0	1	
14018	17399387	0	0	0	0	1	128	0	1	500	352	45	49	2237	0	0	0	1	
14019	17399420	0	0	0	0	1	128	0	1	500	354	45	49	2242	0	0	0	1	
14020	17399454	0	0	0	0	1	128	0	1	500	356	46	49	2243	0	0	0	1	
14021	17399487	0	0	0	0	1	128	0	1	496	372	45	50	2267	0	0	0	1	
14022	17399521	0	0	0	0	1	128	0	1	494	374	46	50	2278	0	0	0	1	
14023	17399554	0	0	0	0	1	128	0	1	488	384	46	49	2237	0	0	0	1	
14024	17399587	0	0	0	0	1	128	0	1	484	390	46	51	2306	0	0	0	1	
14025	17399621	0	0	0	0	1	128	0	1	482	392	46	51	2334	0	0	0	1	
14026	17399654	0	0	0	0	1	128	0	1	478	396	47	51	2353	0	0	0	1	
14027	17399687	0	0	0	0	1	128	0	1	474	398	47	51	2374	0	0	0	1	
14028	17399721	0	0	0	0	1	128	0	1	470	400	47	51	2370	0	0	0	1	
14029	17399754	0	0	0	0	1	128	0	1	464	404	47	51	2416	0	0	0	1	
14030	17399787	0	0	0	0	1	128	0	1	460	406	48	51	2444	0	0	0	1	
14031	17399821	0	0	0	0	1	128	0	1	456	406	48	51	2453	0	0	0	1	
14032	17399854	0	0	0	0	1	128	0	1	452	408	48	52	2478	0	0	0	1	
14033	17399888	0	0	0	0	1	128	0	1	448	408	48	52	2496	0	0	0	1	
14034	17399921	0	0	0	0	1	128	0	1	444	406	49	52	2533	0	0	0	1	
14035	17399954	0	0	0	0	1	128	0	1	438	408	48	52	2542	0	0	0	1	
14036	17399988	0	0	0	0	1	128	0	1	430	408	49	53	2590	0	0	0	1	
14037	17400021	0	0	0	0	1	128	0	1	426	406	49	53	2599	0	0	0	1	
14038	17400054	0	0	0	0	1	128	0	1	424	404	50	53	2649	0	0	0	1	
14039	17400088	0	0	0	0	1	128	0	1	422	402	49	53	2643	0	0	0	1	
14040	17400121	0	0	0	0	1	128	0	1	420	400	50	54	2655	0	0	0	1	
14041	17400154	0	0	0	0	1	128	0	1	418	398	50	53	2656	0	0	0	1	
14042	17400188	0	0	0	0	1	128	0	1	416	396	50	54	2664	0	0	0	1	
14043	17400221	0	0	0	0	1	128	0	1	414	392	50	54	2691	0	0	0	1	
14044	17400255	0	0	0	0	1	128	0	1	412	386	49	54	2638	0	0	0	1	
14045	17400288	0	0	0	0	1	128	0	1	410	382	50	53	2640	0	0	0	1	
14046	17400321	0	0	0	0	1	128	0	1	410	378	50	53	2637	0	0	0	1	
14047	17400355	0	0	0	0	1	128	0	1	412	374	50	53	2640	0	0	0	1	
14048	17400388	0	0	0	0	1	128	0	1	412	370	50	53	2630	0	0	0	1	
14049	17400422	0	0	0	0	1	128	0	1	414	366	50	53	2627	0	0	0	1	
14050	17400455	0	0	0	0	1	128	0	1	414	362	50	53	2618	0	0	0	1	
14051	17400488	0	0	0	0	1	128	0	1	416	358	50	53	2635	0	0	0	1	
14052	17400522	0	0	0	0	1	128	0	1	418	354	50	53	2627	0	0	0	1	
14053	17400555	0	0	0	0	1	128	0	1	420	350	50	53	2626	0	0	0	1	
14054	17400588	0	0	0	0	1	128	0	1	424	346	50	53	2636	0	0	0	1	
14055	17400622	0	0	0	0	1	128	0	1	428	342	49	53	2614	0	0	0	1	
14056	17400655	0	0	0	0	1	128	0	1	432	340	50	52	2602	0	0	0	1	
14057	17400688	0	0	0	0	1	128	0	1	436	336	49	53	2634	0	0	0	1	
14058	17400722	0	0	0	0	1	128	0	1	440	334	50	52	2597	0	0	0	1	
14059	17400755	0	0	0	0	1	128	0	1	444	330	49	52	2566	0	0	0	1	
14060	17400789	0	0	0	0	1	128	0	1	450	328	49	51	2525	0	0	0	1	
14061	17400822	0	0	0	0	1	128	0	1	454	326	49	52	2572	0	0	0	1	
14062	17400855	0	0	0	0	1	128	0	1	458	324	49	53	2560	0	0	0	1	
14063	17400889	0	0	0	0	1	128	0	1	462	324	49	52	2519	0	0	0	1	
14064	17400922	0	0	0	0	1	128	0	1	466	322	48	52	2507	0	0	0	1	
14065	17400955	0	0	0	0	1	128	0	1	470	322	48	51	2460	0	0	0	1	
14066	17400989	0	0	0	0	1	128	0	1	474	322	48	51	2428	0	0	0	1	
14067	17401022	0	0	0	0	1	128	0	1	478	322	48	51	2408	0	0	0	1	
14068	17401055	0	0	0	0	1	128	0	1	480	324	47	51	2390	0	0	0	1	
14069	17401089	0	0	0	0	1	128	0	1	482	324	47	50	2373	0	0	0	1	
14070	17401122	0	0	0	0	1	128	0	1	484	326	47	50	2371	0	0	0	1	
14071	17401156	0	0	0	0	1	128	0	1	488	328	47	50	2336	0	0	0	1	
14072	17401189	0	0	0	0	1	128	0	1	490	332	46	50	2304	0	0	0	1	
14073	17401222	0	0	0	0	1	128	0	1	492	334	46	50	2282	0	0	0	1	
14074	17401256	0	0	0	0	1	128	0	1	494	336	46	50	2291	0	0	0	1	
14075	17401289	0	0	0	0	1	128	0	1	494	336	46	50	2295	0	0	0	1	
14076	17401322	0	0	0	0	1	128	0	1	494	336	46	50	2308	0	0	0	1	
14077	17401356	0	0	0	0	1	128	0	1	494	336	46	50	2310	0	0	0	1	
14078	17401389	0	0	0	0	1	128	0	1	494	336	46	50	2308	0	0	0	1	
14079	17401423	0	0	0	0	1	128	0	1	494	336	46	50	2318	0	0	0	1	
14080	17401456	0	0	0	0	1	128	0	1	494	336	46	50	2312	0	0	0	1	
14081	17401489	0	0	0	0	1	128	0	1	492	336	46	50	2326	0	0	0	1	
14082	17401523	0	0	0	0	1	128	0	1	490	334	47	50	2357	0	0	0	1	
14083	17401556	0	0	0	0	1	128	0	1	490	334	47	50	2377	0	0	0	1	
14084	17401589	0	0	0	0	1	128	0	1	490	334	47	51	2387	0	0	0	1	
14085	17401623	0	0	0	0	1	128	0	1	490	334	47	50	2384	0	0	0	1	
14086	17401656	0	0	0	0	1	128	0	1	490	334	47	51	2391	0	0	0	1	
14087	17401689	0	0	0	0	1	128	0	1	490	334	47	51	2397	0	0	0	1	
14088	17401723	0	0	0	0	1	128	0	1	490	334	47	51	2393	0	0	0	1	
14089	17401756	0	0	0	0	1	128	0	1	490	334	47	51	2399	0	0	0	1	
14090	17401790	0	0	0	0	1	128	0	1	490	334	47	51	2401	0	0	0	1	
14091	17401823	0	0	0	0	1	128	0	1	490	334	47	51	2391	0	0	0	1	
14092	17401856	0	0	0	0	1	128	0	1	490	334	47	51	2391	0	0	0	1	
14093	17401890	0	0	0	0	1	128	0	1	490	334	47	50	2386	0	0	0	1	
14094	17401923	0	0	0	0	1	128	0	1	490	334	47	50	2385	0	0	0	1	
14095	17401956	0	0	0	0	1	128	0	1	490	334	47	50	2364	0	0	0	1	
14096	17401990	0	0	0	0	1	128	0	1	490	334	47	50	2363	0	0	0	1	
14097	17402023	0	0	0	0	1	128	0	1	490	334	47	50	2354	0	0	0	1	
14098	17402057	0	0	0	0	1	128	0	1	490	334	47	50	2352	0	0	0	1	
14099	17402090	0	0	0	0	1	128	0	1	490	334	47	50	2319	0	0	0	1	
14100	17402123	0	0	0	0	1	128	0	1	490	334	47	50	2324	0	0	0	1	
14101	17402157	0	0	0	0	1	128	0	1	490	334	47	50	2317	0	0	0	1	
14102	17402190	0	0	0	0	1	128	0	1	490	334	47	50	2308	0	0	0	1	
14103	17402223	0	0	0	0	1	128	0	1	490	334	47	50	2312	0	0	0	1	
14104	17402257	0	0	0	0	1	128	0	1	490	334	46	49	2299	0	0	0	1	
14105	17402290	0	0	0	0	1	128	0	1	490	334	46	50	2302	0	0	0	1	
14106	17402323	0	0	0	0	1	128	0	1	490	334	47	49	2303	0	0	0	1	
14107	17402357	0	0	0	0	1	128	0	1	490	334	47	49	2306	0	0	0	1	
14108	17402390	0	0	0	0	1	128	0	1	490	336	47	50	2313	0	0	0	1	
14109	17402424	0	0	0	0	1	128	0	1	490	336	47	50	2316	0	0	0	1	
14110	17402457	0	0	0	0	1	128	0	1	490	336	47	50	2316	0	0	0	1	
14111	17402490	0	0	0	0	1	128	0	1	490	336	47	50	2321	0	0	0	1	
14112	17402524	0	0	0	0	1	128	0	1	490	336	47	50	2319	0	0	0	1	
14113	17402557	0	0	0	0	1	128	0	1	490	336	47	50	2328	0	0	0	1	
14114	17402590	0	0	0	0	1	128	0	1	490	336	47	50	2335	0	0	0	1	
14115	17402624	0	0	0	0	1	128	0	1	490	336	47	50	2341	0	0	0	1	
14116	17402657	0	0	0	0	1	128	0	1	490	336	47	50	2351	0	0	0	1	
14117	17402691	0	0	0	0	1	128	0	1	490	336	47	50	2361	0	0	0	1	
14118	17402724	0	0	0	0	1	128	0	1	490	334	47	50	2367	0	0	0	1	
14119	17402757	0	0	0	0	1	128	0	1	490	334	47	50	2372	0	0	0	1	
14120	17402791	0	0	0	0	1	128	0	1	490	334	47	50	2376	0	0	0	1	
14121	17402824	0	0	0	0	1	128	0	1	490	334	47	50	2384	0	0	0	1	
14122	17402857	0	0	0	0	1	128	0	1	490	334	48	50	2395	0	0	0	1	
14123	17402891	0	0	0	0	1	128	0	1	490	334	48	50	2400	0	0	0	1	
14124	17402924	0	0	0	0	1	128	0	1	490	334	48	50	2400	0	0	0	1	
14125	17402957	0	0	0	0	1	128	0	1	490	334	48	50	2399	0	0	0	1	
14126	17402991	0	0	0	0	1	128	0	1	490	334	48	50	2404	0	0	0	1	
14127	17403024	0	0	0	0	1	128	0	1	490	334	48	50	2404	0	0	0	1	
14128	17403058	0	0	0	0	1	128	0	1	490	334	47	50	2390	0	0	0	1	
14129	17403091	0	0	0	0	1	128	0	1	490	334	47	50	2375	0	0	0	1	
14130	17403124	0	0	0	0	1	128	0	1	490	334	47	50	2372	0	0	0	1	
14131	17403158	0	0	0	0	1	128	0	1	490	334	47	50	2344	0	0	0	1	
14132	17403191	0	0	0	0	1	128	0	1	490	334	47	50	2335	0	0	0	1	
14133	17403224	0	0	0	0	1	128	0	1	490	334	47	50	2322	0	0	0	1	
14134	17403258	0	0	0	0	1	128	0	1	490	334	47	50	2314	0	0	0	1	
14135	17403291	0	0	0	0	1	128	0	1	490	334	47	50	2305	0	0	0	1	
14136	17403325	0	0	0	0	1	128	0	1	490	334	46	50	2298	0	0	0	1	
14137	17403358	0	0	0	0	1	128	0	1	490	334	46	50	2291	0	0	0	1	
14138	17403391	0	0	0	0	1	128	0	1	490	334	46	50	2286	0	0	0	1	
14139	17403425	0	0	0	0	1	128	0	1	490	334	46	50	2284	0	0	0	1	
14140	17403458	0	0	0	0	1	128	0	1	490	334	46	50	2293	0	0	0	1	
14141	17403491	0	0	0	0	1	128	0	1	490	334	46	50	2281	0	0	0	1	
14142	17403525	0	0	0	0	1	128	0	1	490	336	46	50	2289	0	0	0	1	
14143	17403558	0	0	0	0	1	128	0	1	490	336	46	50	2289	0	0	0	1	
14144	17403591	0	0	0	0	1	128	0	1	494	346	38	43	1616	0	0	0	1	
14145	17403625	0	0	0	0	1	128	0	1	490	336	46	50	2281	0	0	0	1	
14146	17403658	0	0	0	0	1	128	0	1	490	336	46	49	2275	0	0	0	1	
14147	17403692	0	0	0	0	1	128	0	1	490	336	46	50	2269	0	0	0	1	
14148	17403725	0	0	0	0	1	128	0	1	490	336	46	50	2264	0	0	0	1	
14149	17403758	0	0	0	0	1	128	0	1	490	336	46	50	2266	0	0	0	1	
14150	17403792	0	0	0	0	1	128	0	1	490	336	46	50	2261	0	0	0	1	
14151	17403825	0	0	0	0	1	128	0	1	490	336	46	50	2268	0	0	0	1	
14152	17403858	0	0	0	0	1	128	0	1	490	336	46	50	2263	0	0	0	1	
14153	17403892	0	0	0	0	1	128	0	1	490	336	45	50	2253	0	0	0	1	
14154	17403925	0	0	0	0	1	128	0	1	490	336	46	49	2257	0	0	0	1	
14155	17403958	0	0	0	0	1	128	0	1	490	336	46	50	2263	0	0	0	1	
14156	17403992	0	0	0	0	1	128	0	1	490	336	46	50	2260	0	0	0	1	
14157	17404025	0	0	0	0	1	128	0	1	490	336	46	50	2264	0	0	0	1	
14158	17404059	0	0	0	0	1	128	0	1	490	336	46	50	2263	0	0	0	1	
14159	17404092	0	0	0	0	1	128	0	1	490	336	46	49	2266	0	0	0	1	
14160	17404125	0	0	0	0	1	128	0	1	490	336	45	50	2259	0	0	0	1	
14161	17404159	0	0	0	0	1	128	0	1	490	336	46	50	2260	0	0	0	1	
14162	17404192	0	0	0	0	1	128	0	1	490	336	46	50	2261	0	0	0	1	
14163	17404225	0	0	0	0	1	128	0	1	490	336	46	49	2256	0	0	0	1	
14164	17404259	0	0	0	0	1	128	0	1	490	336	46	49	2250	0	0	0	1	
14165	17404292	0	0	0	0	1	128	0	1	490	336	46	49	2244	0	0	0	1	
14166	17404326	0	0	0	0	1	128	0	1	490	336	45	49	2242	0	0	0	1	
14167	17404359	0	0	0	0	1	128	0	1	490	336	45	49	2221	0	0	0	1	
14168	17404392	0	0	0	0	1	128	0	1	484	342	46	49	2261	0	0	0	1	
14169	17404426	0	0	0	0	1	128	0	1	484	342	46	49	2226	0	0	0	1	
14170	17404459	0	0	0	0	1	128	0	1	484	342	46	48	2214	0	0	0	1	
14171	17404492	0	0	0	0	1	128	0	1	484	342	46	48	2198	0	0	0	1	
14172	17404526	0	0	0	0	1	128	0	1	484	342	45	48	2184	0	0	0	1	
14173	17404559	0	0	0	0	1	128	0	1	484	342	45	48	2170	0	0	0	1	
14174	17404593	0	0	0	0	1	128	0	1	484	340	45	48	2163	0	0	0	1	
14175	17404626	0	0	0	0	1	128	0	1	484	342	45	48	2173	0	0	0	1	
14176	17404659	0	0	0	0	1	128	0	1	484	340	45	48	2174	0	0	0	1	
14177	17404693	0	0	0	0	1	128	0	1	484	340	46	48	2192	0	0	0	1	
14178	17404726	0	0	0	0	1	128	0	1	484	340	46	48	2198	0	0	0	1	
14179	17404759	0	0	0	0	1	128	0	1	484	340	46	48	2222	0	0	0	1	
14180	17404793	0	0	0	0	1	128	0	1	484	340	46	49	2239	0	0	0	1	
14181	17404826	0	0	0	0	1	128	0	1	484	340	46	49	2252	0	0	0	1	
14182	17404859	0	0	0	0	1	128	0	1	484	340	46	49	2260	0	0	0	1	
14183	17404893	0	0	0	0	1	128	0	1	484	340	46	49	2271	0	0	0	1	
14184	17404926	0	0	0	0	1	128	0	1	484	340	47	49	2292	0	0	0	1	
14185	17404960	0	0	0	0	1	128	0	1	484	340	47	49	2303	0	0	0	1	
14186	17404993	0	0	0	0	1	128	0	1	484	340	47	49	2307	0	0	0	1	
14187	17405026	0	0	0	0	1	128	0	1	482	340	47	49	2312	0	0	0	1	
14188	17405060	0	0	0	0	1	128	0	1	488	336	47	49	2292	0	0	0	1	
14189	17405093	0	0	0	0	1	128	0	1	492	332	45	49	2226	0	0	0	1	
14190	17405126	0	0	0	0	1	128	0	1	492	332	45	49	2229	0	0	0	1	
14191	17405160	0	0	0	0	1	128	0	1	492	332	45	49	2228	0	0	0	1	
